0.008763373481513119	0.0	0.0
0.026290120649546365	0.0	0.0
0.043816868432600686	0.03550094	0.18841693
0.06134361724069026	0.13480023	0.3671515
0.07887036748382949	0.13707814	0.37024066
0.0963971195720331	0.14872831	0.3856531
0.11392387391531617	0.08901493	0.2983537
0.1314506309236943	0.041894093	0.20468047
0.1489773910071836	0.03783258	0.19450599
0.16650415457580078	0.15979113	0.39973882
0.18403092203956356	0.23156334	0.4812103
0.20155769380849	0.2546866	0.50466484
0.2190844702925996	0.2410763	0.49099523
0.2366112519019124	0.1938198	0.4402497
0.2541380390464497	0.19463612	0.44117585
0.27166483213623416	0.20532244	0.4531252
0.28919163158128947	0.17036374	0.41275144
0.3067184377916406	0.20189531	0.44932762
0.324245251177314	0.18923801	0.43501496
0.34177207214833777	0.21207988	0.4605213
0.3592989011147415	0.18947104	0.4352827
0.37682573848655654	0.14361393	0.3789643
0.39435258467381573	0.10224064	0.3197509
0.41187944008655414	0.13484025	0.367206
0.42940630513480854	0.16602239	0.40745845
0.446933180228618	0.16007991	0.40009987
0.4644600657780234	0.14117229	0.37572902
0.48198696219306775	0.10092746	0.31769082
0.49951386988379676	0.096884735	0.3112631
0.5170407892602581	0.11076302	0.3328108
0.5345677207325025	0.12077807	0.34753138
0.5520946647105822	0.13966991	0.37372437
0.5696216216045534	0.14323293	0.37846127
0.5871485918244737	0.14259316	0.3776151
0.6046755757804043	0.15893163	0.3986623
0.6222025738824094	0.19007747	0.43597874
0.6397295865405557	0.16846988	0.41045082
0.6572566141649129	0.18540083	0.43058196
0.6747836571655547	0.20268781	0.45020863
0.6923107159525568	0.21495157	0.4636287
0.7098377909359992	0.23077375	0.48038915
0.7273648825259653	0.21290125	0.46141222
0.7448919911325411	0.18898909	0.43472874
0.762419117165817	0.17515586	0.41851628
0.7799462610358868	0.1677425	0.4095638
0.7974734231528482	0.171891	0.4145974
0.8150006039268024	0.16087213	0.40108868
0.8325278037678551	0.1780087	0.4219108
0.8500550230861152	0.20764878	0.45568496
0.8675822622916969	0.1945458	0.44107348
0.8851095217947171	0.20712337	0.45510808
0.9026368020052984	0.1969776	0.44382158
0.9201641033335665	0.16283855	0.4035326
0.9376914261896523	0.18732002	0.43280482
0.9552187709836915	0.20856032	0.45668405
0.9727461381258234	0.22644812	0.47586566
0.990273528026193	0.19942461	0.44656983
1.0078009410949496	0.24362166	0.49358046
1.0253283777422473	0.24673608	0.49672535
1.0428558383782454	0.26262507	0.5124696
1.0603833234131086	0.25677466	0.50672936
1.0779108332570058	0.28194055	0.53098077
1.0954383683201119	0.2775845	0.52686286
1.112965929012607	0.33018088	0.5746137
1.1304935157446763	0.43672192	0.6608494
1.1480211289265108	0.48755333	0.6982502
1.1655487689683062	1.3543454	1.1637635
1.1830764362802655	1.6635138	1.2897727
1.200604131272596	2.0980139	1.4484522
1.2181318543555117	2.5133057	1.5853409
1.235659605939232	2.4820092	1.5754393
1.253187386433982	4.184287	2.045553
1.270715196249994	6.5792823	2.5650113
1.2882430357975057	11.921912	3.4528122
1.3057709054867608	16.596422	4.0738707
1.3232988057280106	22.547064	4.748375
1.3408267369315112	27.63218	5.256632
1.358354699507526	31.42088	5.605433
1.3758826938663256	35.565315	5.9636664
1.3934107204181858	37.908733	6.1570067
1.410938779573391	38.347157	6.192508
1.4284668717422309	38.631866	6.2154536
1.4459949973350033	37.87806	6.1545153
1.4635231567620117	38.23461	6.1834145
1.4810513504335687	37.76787	6.145557
1.4985795787599925	37.046223	6.0865607
1.5161078421516088	36.047962	6.0039954
1.5336361410187505	34.923725	5.90963
1.5511644757717598	34.55286	5.878168
1.5686928468209842	35.532455	5.960911
1.58622125457678	36.316933	6.0263534
1.6037496994495108	37.70272	6.140254
1.621278181849548	37.42041	6.1172223
1.6388067021872719	37.89143	6.1556015
1.6563352608730693	37.1209	6.0926924
1.673863858317336	36.27821	6.0231395
1.6913924949304753	35.624123	5.9685946
1.7089211711228998	34.318516	5.8582006
1.7264498873050296	33.373276	5.776961
1.7439786438872935	32.40754	5.692762
1.7615074412801288	31.744823	5.6342545
1.779036279893981	31.646503	5.6255226
1.796565160139305	30.783144	5.548256
1.814094082426564	30.014427	5.4785423
1.8316230471662298	29.021807	5.387189
1.849152054768784	28.210512	5.311357
1.8666811056447168	28.027636	5.294113
1.8842102002045273	27.476133	5.2417684
1.901739338858724	26.693342	5.16656
1.9192685220178245	25.696238	5.0691457
1.9367977500923557	25.051336	5.005131
1.9543270234928547	24.843624	4.984338
1.971856342629867	24.278385	4.92731
1.9893857079139496	23.7112	4.869415
2.006915119755667	22.902308	4.7856355
2.0244445785655945	22.504225	4.7438617
2.0419740847543175	22.173613	4.7088866
2.0595036387324317	21.787966	4.667758
2.0770332409105414	21.291689	4.6142917
2.094562891699263	20.842398	4.5653477
2.1120925915092217	20.40635	4.5173388
2.129622340751053	19.95258	4.466831
2.1471521398354043	187.90889	13.707986
2.1646819891729323	444.33093	21.079159
2.182211889174303	440.54266	20.989109
2.1997418402501974	453.20026	21.2885
2.2172718428113023	433.04288	20.809683
2.234801897268317	321.15448	17.920784
2.2523320040319548	17.235374	4.151551
2.269862163512935	16.7623	4.0941787
2.287392376121992	16.46495	4.0577025
2.304922642269869	16.385456	4.0478954
2.322452962367322	16.188797	4.0235305
2.3399833368251164	15.804891	3.9755366
2.357513766054032	15.52874	3.9406521
2.3750442504648586	15.187403	3.8971019
2.3925747904683963	15.079611	3.8832474
2.410105386475459	14.989145	3.8715818
2.4276360388968707	14.630373	3.8249671
2.445166748143469	14.359077	3.7893374
2.4626975146261025	13.949219	3.7348652
2.4802283387556323	13.633387	3.6923416
2.4977592209429305	13.265144	3.6421347
2.5152901615988825	12.881999	3.5891502
2.5328211611343865	12.66727	3.5591109
2.5503522199603523	12.604691	3.5503085
2.5678833384877024	12.495083	3.5348384
2.5854145171273712	12.324535	3.5106318
2.6029457562903064	12.155828	3.486521
2.620477056387469	12.205469	3.4936326
2.6380084178298326	12.034721	3.4691095
2.655539841028383	11.706724	3.421509
2.673071326394119	11.472227	3.3870676
2.6906028743380523	11.120262	3.3347056
2.708134485271211	11.104532	3.3323464
2.7256661596046325	10.973819	3.3126755
2.743197897749369	10.743059	3.2776606
2.760729700116486	10.613181	3.2577877
2.778261567117063	10.481911	3.237578
2.795793499162193	10.400543	3.2249873
2.8133254966629817	10.1096	3.1795597
2.830857560030551	9.872808	3.1421025
2.8483896896760337	9.78759	3.1285124
2.865921886010578	9.6391945	3.1047053
2.883454149445347	9.507089	3.0833566
2.9009864803915177	9.353976	3.058427
2.91851887926028	9.224205	3.0371377
2.9360513464628384	9.140285	3.0232904
2.953583882410413	8.964574	2.9940898
2.9711164875142373	8.855019	2.9757383
2.9886491621855606	8.919856	2.9866128
3.0061819068356455	8.888236	2.9813144
3.023714721875769	8.930426	2.9883819
3.041247607717225	8.785951	2.9641104
3.0587805647713213	8.487937	2.9134064
3.0763135934493806	8.119399	2.8494558
3.0938466941627407	7.928064	2.8156817
3.1113798673227544	7.9944844	2.827452
3.1289131133407904	7.9781795	2.824567
3.1464464326282315	7.978827	2.8246818
3.1639798255964786	7.861053	2.803757
3.1815132926569443	7.7328467	2.7807996
3.1990468342210603	7.647108	2.7653406
3.216580450700272	7.5830545	2.7537346
3.2341141425060416	7.4636326	2.731965
3.251647910049847	7.2939916	2.7007391
3.2691817537431813	7.2571945	2.693918
3.286715673997555	7.1800733	2.679566
3.3042496712244938	7.182257	2.6799734
3.32178374583554	7.1088195	2.6662369
3.339317898242251	6.974904	2.6410043
3.3568521288562034	6.853223	2.617866
3.3743864380889876	6.7358856	2.5953584
3.3919208263522127	6.7474384	2.5975833
3.4094552940575023	6.64619	2.5780206
3.4269898416164972	6.652305	2.5792062
3.444524469440858	6.6495867	2.5786793
3.4620591779422587	6.651151	2.5789826
3.479593967532391	6.627446	2.5743828
3.4971288386229658	6.6112466	2.5712345
3.5146637916257086	6.5900354	2.5671065
3.5321988269523628	6.616977	2.5723486
3.5497339450146903	6.5328712	2.5559483
3.5672691462244708	6.4540534	2.540483
3.5848044309934988	6.268288	2.503655
3.60233979973359	6.2563453	2.5012686
3.619875252856575	6.206839	2.4913528
3.6374107907743034	6.21103	2.4921937
3.6549464138986427	6.274155	2.5048263
3.6724821226414788	6.311516	2.512273
3.690017917414714	6.3857045	2.5269952
3.7075537986302702	6.381964	2.526255
3.7250897667000857	6.3084574	2.5116642
3.7426258220361235	6.3843713	2.5267313
3.7601619650503553	6.765705	2.6010969
3.777698196154779	7.4239464	2.7246919
3.7952345157614067	8.455554	2.9078436
3.8127709242822716	9.269709	3.0446196
3.830307422129425	11.35756	3.3700979
3.847844009714936	30.078604	5.4843965
3.8653806874508954	97.49275	9.873842
3.882917455749409	96.78282	9.837826
3.900454315022606	96.66477	9.831824
3.917991265682631	41.371887	6.4320984
3.9355283081416506	11.038288	3.322392
3.9530654428118495	8.917347	2.9861927
3.970602670105433	7.639032	2.7638798
3.9881399904346244	6.714221	2.5911813
4.005677404211669	6.5225167	2.553922
4.023214911848827	6.3642554	2.5227475
4.0407525137583855	6.3785915	2.5255873
4.058290210352644	6.412691	2.532329
4.075828002043927	6.398616	2.5295486
4.0933658892445814	6.4290414	2.5355554
4.110903872366966	6.3906217	2.527968
4.128441951823468	6.2879767	2.5075839
4.145980128026488	6.232164	2.4964302
4.163518401388452	6.1159906	2.473053
4.181056772321807	6.0709276	2.4639254
4.1985952412390155	6.057639	2.4612272
4.216133808552567	6.1439466	2.4786985
4.233672474674966	6.277804	2.5055547
4.251211240018741	6.525736	2.554552
4.268750104996445	6.7772126	2.603308
4.286289070020643	7.8000746	2.7928615
4.303828135503928	9.406046	3.0669277
4.3213673018589125	29.536133	5.4347157
4.3389065694982305	90.71132	9.524249
4.356445938834537	165.88419	12.879603
4.3739854102805085	171.8739	13.110068
4.391524984248844	172.7026	13.141636
4.409064661152262	136.79768	11.696054
4.426604441403504	96.88283	9.842908
4.444144325415337	75.78482	8.705448
4.461684313600543	21.863409	4.6758323
4.47922440637193	22.151154	4.706501
4.496764604142329	20.332281	4.509133
4.5143049073245916	18.562267	4.308395
4.531845316331589	16.416113	4.05168
4.5493858315762195	13.613568	3.689657
4.566926453471405	11.266963	3.3566296
4.584467182430081	9.275367	3.0455487
4.602008018865218	8.216379	2.8664227
4.619548963189798	7.4879923	2.7364197
4.637090015816834	6.980429	2.6420503
4.654631177159353	6.7111254	2.590584
4.672172447630417	6.3936887	2.5285745
4.689713827643102	6.2476883	2.4995377
4.7072553176105085	5.9880414	2.4470475
4.724796917945764	5.928025	2.4347534
4.742338629062015	5.830431	2.4146285
4.759880451372434	5.8243747	2.4133742
4.777422385290215	5.7926984	2.4068024
4.794964431228581	5.708238	2.3891919
4.812506589600768	5.699155	2.3872902
4.830048860820047	5.6852646	2.3843794
4.847591245299709	5.7620707	2.4004314
4.8651337434530655	5.6769724	2.38264
4.882676355693457	5.5695252	2.3599842
4.900219082434242	5.515267	2.3484604
4.917761924088813	5.502136	2.3456633
4.935304881070575	5.5250263	2.3505375
4.952847953792969	5.537826	2.3532586
4.970391142669449	5.4816213	2.3412862
4.9879344481135055	5.445328	2.3335228
5.005477870538642	5.3431787	2.3115318
5.023021410358394	5.326655	2.3079548
5.040565067986324	5.3915277	2.3219664
5.05810884383601	5.449594	2.3344367
5.075652738321066	5.4822474	2.34142
5.09319675185512	5.466013	2.3379507
5.110740884851836	5.423597	2.3288617
5.128285137724894	5.4045525	2.3247693
5.145829510888007	5.329363	2.3085413
5.163374004754908	5.2778964	2.2973673
5.1809186197393595	5.3682756	2.316954
5.198463356255145	5.411044	2.3261652
5.216008214716077	5.4475513	2.333999
5.233553195535998	5.404446	2.3247464
5.251098299128764	5.3573194	2.3145883
5.268643525908272	5.3528395	2.3136203
5.286188876288432	5.351973	2.3134332
5.3037343506831895	5.3453727	2.3120062
5.32127994950651	5.315058	2.305441
5.3388256731723915	5.269501	2.2955394
5.356371522094851	5.232164	2.2873924
5.373917496687938	5.186473	2.2773829
5.391463597365729	5.199554	2.280253
5.40900982454232	5.2063684	2.2817469
5.426556178631843	5.185083	2.2770777
5.444102660048449	5.2287784	2.2866523
5.4616492692063225	5.2539845	2.2921572
5.479196006519669	5.2982655	2.3017962
5.496742872402727	5.1617856	2.2719564
5.514289867269756	5.1192026	2.2625656
5.531836991535049	5.0830755	2.2545676
5.549384245612924	5.1976867	2.2798436
5.566931629917724	5.228021	2.2864866
5.584479144863822	5.2344203	2.2878857
5.6020267908656205	5.185247	2.2771137
5.619574568337545	5.1708784	2.2739565
5.637122477694054	5.219639	2.284653
5.654670519349629	5.2546234	2.2922966
5.672218693718784	5.2154884	2.2837443
5.689767001216059	5.2239046	2.2855864
5.707315442256021	5.1586475	2.2712655
5.724864017253266	5.205503	2.281557
5.7424127266224225	5.1767993	2.275258
5.75996157077814	5.209759	2.2824898
5.777510550135105	5.259641	2.2933908
5.795059665108022	5.2778673	2.297361
5.812608916111639	5.2396274	2.2890232
5.830158303560715	5.250418	2.2913792
5.847707827870055	5.2429185	2.289742
5.86525748945448	5.3546195	2.3140051
5.8828072887288485	5.511234	2.3476017
5.900357226108044	5.555288	2.3569658
5.917907302006979	5.652378	2.377473
5.9354575168406	6.206033	2.4911911
5.9530078710238765	6.7709107	2.6020973
5.970558364971812	7.260849	2.6945963
5.988108999099438	7.5897036	2.7549417
6.005659773821818	8.144618	2.8538778
6.023210689554039	7.9117317	2.8127801
6.040761746711227	8.282364	2.8779097
6.058312945708531	7.6307974	2.76239
6.075864286961132	7.2261453	2.688149
6.093415770884244	6.657054	2.5801268
6.1109673978931065	6.1610875	2.482154
6.128519168402993	5.6098313	2.3685083
6.146071082829204	5.4189415	2.327862
6.163623141587075	5.3004575	2.3022723
6.181175345091969	5.275932	2.2969396
6.198727693759281	5.3183885	2.306163
6.216280188004435	5.349832	2.3129704
6.233832828242885	5.3245263	2.3074934
6.251385614890126	5.325588	2.3077235
6.268938548361669	5.251234	2.291557
6.286491629073067	5.1540823	2.2702603
6.304044857439898	5.1377716	2.2666652
6.321598233877777	5.065981	2.2507734
6.339151758802344	4.9864817	2.2330432
6.356705432629277	5.0026245	2.2366548
6.37425925577428	5.0503902	2.2473073
6.391813228653095	5.0438323	2.2458477
6.409367351681486	5.023187	2.2412467
6.426921625275259	4.9358506	2.2216775
6.44447604985025	4.931149	2.220619
6.46203062582232	5.011715	2.238686
6.47958535360737	5.085384	2.2550795
6.497140233621328	5.1161246	2.2618852
6.514695266280161	5.1221876	2.263225
6.532250451999859	5.1447716	2.268209
6.549805791196454	5.1558332	2.270646
6.567361284286002	5.103659	2.2591279
6.584916931684597	5.129107	2.264753
6.602472733808367	5.149735	2.2693028
6.6200286910734665	5.093841	2.256954
6.637584803896092	5.0365763	2.2442317
6.655141072692462	5.002052	2.2365267
6.672697497878842	4.9765973	2.2308288
6.690254079871514	5.0226865	2.2411351
6.707810819086808	5.0124097	2.238841
6.725367715941078	5.021216	2.240807
6.742924770850719	5.016554	2.2397666
6.760481984232151	5.0175905	2.2399979
6.778039356501836	5.092148	2.2565787
6.795596888076266	5.0780287	2.2534482
6.813154579371963	5.074138	2.2525847
6.830712430805492	4.9842653	2.2325468
6.84827044279344	4.974811	2.2304285
6.865828615752445	4.9376483	2.222082
6.883386950099159	4.9517255	2.2252474
6.900945446250287	5.0195923	2.2404447
6.918504104622553	5.1093025	2.2603767
6.936062925632727	5.116767	2.2620273
6.953621909697607	5.0913415	2.2564
6.971181057234028	5.0967984	2.257609
6.988740368658859	5.1376433	2.266637
7.006299844389007	5.162742	2.2721667
7.023859484841407	5.239382	2.2889695
7.041419290433036	5.3819118	2.3198948
7.058979261580902	5.468107	2.3383985
7.0765393987020495	5.763875	2.4008071
7.094099702213559	6.1777353	2.485505
7.111660172532549	6.6392345	2.5766711
7.129220810076164	6.977292	2.6414564
7.146781615261595	7.5660305	2.7506418
7.16434258850606	7.7265344	2.7796645
7.181903730226821	8.155478	2.8557796
7.1994650408411704	8.189182	2.8616748
7.217026520766437	8.283704	2.8781424
7.234588170419983	8.516153	2.9182448
7.252149990219215	8.463766	2.9092553
7.269711980581568	8.335506	2.8871276
7.2872741419245175	8.088466	2.8440228
7.304836474665574	7.690021	2.7730887
7.322398979222286	7.4436665	2.7283084
7.339961656012233	7.2150536	2.6860852
7.357524505453039	6.936322	2.6336899
7.375087527962357	6.6697106	2.5825782
7.392650723957886	6.3545055	2.5208144
7.410214093857353	6.0456157	2.4587834
7.427777638078528	5.761356	2.4002824
7.445341357039213	5.612534	2.3690786
7.4629052511572525	5.3992667	2.3236322
7.480469320850524	5.274605	2.296651
7.498033566536948	5.260809	2.2936454
7.5155979886344735	5.2436934	2.2899113
7.5331625875610975	5.277405	2.2972603
7.550727363734844	5.2332773	2.2876358
7.568292317573788	5.2332325	2.287626
7.585857449496025	5.235455	2.2881117
7.603422759919705	5.208386	2.282189
7.620988249263007	5.178157	2.2755563
7.638553917944147	5.1603117	2.271632
7.656119766381391	5.122806	2.2633617
7.673685794993023	5.113378	2.261278
7.691252004197388	5.1558166	2.2706423
7.70881839441285	5.1595445	2.2714632
7.726384966057826	5.1974497	2.2797916
7.743951719550762	5.202311	2.2808576
7.761518655310149	5.189855	2.2781253
7.779085773754511	5.2247343	2.2857678
7.796653075302419	5.251048	2.2915165
7.814220560372475	5.2587466	2.2931957
7.831788229383323	5.270174	2.295686
7.8493560827536495	5.2899547	2.2999902
7.866924120902174	5.373697	2.3181236
7.884492344247663	5.4534197	2.3352559
7.9020607532089135	5.464246	2.3375726
7.919629348204771	5.41115	2.3261878
7.937198129654115	5.3318534	2.3090806
7.954767097975865	5.3124046	2.3048654
7.972336253588986	5.30308	2.3028417
7.989905596912472	5.3259163	2.3077946
8.007475128365371	5.3743167	2.3182573
8.025044848366756	5.4330997	2.3309011
8.042614757335754	5.5567975	2.357286
8.060184855691523	5.5780416	2.3617878
8.07775514385327	5.72621	2.39295
8.095325622240228	5.8773966	2.4243343
8.112896291271687	5.977796	2.4449532
8.130467151366968	6.0207148	2.4537144
8.148038202945436	6.0319552	2.456004
8.165609446426497	5.991691	2.447793
8.183180882229594	5.9825897	2.4459333
8.200752510774217	6.0107884	2.451691
8.218324332479893	6.047411	2.4591484
8.235896347766193	6.110381	2.4719186
8.253468557052724	6.118928	2.4736466
8.27104096075914	6.10493	2.4708157
8.288613559305137	6.084159	2.4666088
8.306186353110448	6.1329813	2.4764857
8.32375934259485	6.2425747	2.4985144
8.341332528178162	6.2887344	2.507735
8.358905910280246	6.2729983	2.5045955
8.376479489321003	6.3077736	2.5115283
8.394053265720377	6.40324	2.5304625
8.411627239898356	6.4569287	2.5410488
8.42920141227497	6.389464	2.5277388
8.44677578327029	6.3290954	2.5157692
8.464350353304427	6.267132	2.503424
8.48192512279754	6.3079877	2.5115707
8.499500092169827	6.28982	2.5079515
8.51707526184153	6.2592616	2.5018516
8.534650632232934	6.271412	2.5042787
8.552226203764365	6.2438035	2.4987605
8.569801976856192	6.216101	2.493211
8.587377951928834	6.2281537	2.495627
8.60495412940274	6.33745	2.5174294
8.622530509698416	6.394778	2.5287898
8.6401070932364	6.5298176	2.5553508
8.657683880437283	6.598658	2.5687854
8.675260871721695	6.7368813	2.5955503
8.692838067510303	6.9311743	2.6327124
8.710415468223834	7.06985	2.6589189
8.727993074283043	7.2481613	2.692241
8.745570886108737	7.1918855	2.6817691
8.763148904121765	7.239964	2.6907182
8.78072712874302	7.2028313	2.683809
8.798305560393441	7.4085016	2.7218564
8.815884199494006	7.5769033	2.7526176
8.833463046465745	7.7965183	2.7922246
8.851042101729728	8.007026	2.8296688
8.86862136570707	8.278449	2.8772295
8.886200838818924	8.415871	2.901012
8.903780521486505	8.58287	2.9296534
8.921360414131055	8.781263	2.9633195
8.938940517173874	8.891325	2.9818325
8.956520831036297	8.969569	2.9949238
8.97410135613971	9.130063	3.0215995
8.99168209290554	9.213861	3.0354342
9.009263041755265	9.437569	3.0720625
9.026844203110405	9.653996	3.107088
9.044425577392525	9.865163	3.1408856
9.062007165023239	9.905102	3.147237
9.079588966424197	10.152579	3.1863112
9.097170982017108	10.222078	3.1971986
9.11475321222372	11.222728	3.350034
9.132335657465825	12.196534	3.4923537
9.149918318165264	12.281463	3.5044918
9.167501194743924	12.743417	3.5697923
9.18508428762374	12.384743	3.5191963
9.202667597226693	12.333812	3.5119526
9.220251123974803	12.035883	3.469277
9.237834868290143	11.816538	3.437519
9.255418830594836	11.559791	3.399969
9.273003011311046	11.109656	3.333115
9.290587410860985	10.935793	3.306931
9.308172029666911	10.362741	3.2191212
9.32575686815113	10.095072	3.1772742
9.343341926735997	8.84832	2.9746125
9.360927205843916	8.568884	2.9272656
9.378512705897327	8.429611	2.9033792
9.396098427318728	8.26402	2.8747208
9.413684370530664	8.193604	2.8624473
9.431270535955722	8.063007	2.8395436
9.448856924016539	7.9083347	2.8121762
9.466443535135806	7.725022	2.7793922
9.484030369736251	7.674065	2.7702103
9.501617428240658	7.7138915	2.7773893
9.519204711071852	7.791664	2.7913551
9.536792218652714	7.808472	2.7943645
9.55437995140617	7.8388524	2.7997952
9.571967909755191	7.8260136	2.7975013
9.589556094122802	7.8930864	2.8094637
9.60714450493207	7.9331784	2.8165898
9.624733142606116	8.028998	2.8335488
9.642322007568108	8.048087	2.836915
9.659911100241267	8.07199	2.8411248
9.677500421048851	8.040409	2.8355615
9.695089970414175	8.031224	2.8339415
9.712679748760609	8.04525	2.836415
9.730269756511557	8.062612	2.8394737
9.747859994090492	8.165766	2.8575804
9.765450461920915	8.216583	2.8664584
9.78304116042639	8.343914	2.8885834
9.800632090030527	8.361245	2.8915818
9.81822325115699	8.3894825	2.8964603
9.835814644229481	8.298326	2.8806815
9.853406269671762	8.263257	2.8745883
9.870998127907646	8.265532	2.8749838
9.888590219360985	8.329711	2.886124
9.906182544455698	8.340915	2.8880641
9.923775103615734	8.35068	2.8897543
9.941367897265108	8.346683	2.8890626
9.958960925827878	8.375144	2.893984
9.97655418972816	8.385763	2.8958182
9.994147689390106	8.449974	2.906884
10.011741425237934	8.478538	2.9117928
10.029335397695904	8.421809	2.9020352
10.04692960718833	8.381297	2.895047
10.06452405413958	8.397122	2.897779
10.082118738974064	8.37837	2.8945415
10.099713662116246	8.305116	2.8818598
10.117308823990651	8.266627	2.8751743
10.134904225021844	8.263746	2.8746731
10.152499865634445	8.266717	2.8751898
10.170095746253125	8.219664	2.8669956
10.18769186730261	8.203097	2.864105
10.205288229207675	8.248853	2.8720815
10.222884832393145	8.261416	2.874268
10.2404816772839	8.121039	2.8497438
10.258078764304868	8.025994	2.8330185
10.275676093881035	8.025	2.832843
10.293273666437438	8.079413	2.8424308
10.310871482399158	8.223505	2.8676655
10.32846954219134	8.222612	2.8675098
10.346067846239173	8.180883	2.8602242
10.363666394967908	8.074163	2.8415072
10.38126518880283	8.024486	2.8327522
10.398864228169298	8.151216	2.8550334
10.416463513492713	8.255005	2.8731525
10.434063045198531	8.2557125	2.8732755
10.451662823712262	8.270711	2.8758843
10.469262849459467	8.253809	2.8729444
10.486863122865758	8.1558485	2.8558447
10.504463644356806	8.081183	2.8427422
10.522064414358338	7.9930105	2.8271914
10.539665433296118	7.918743	2.814026
10.557266701595987	7.8728795	2.8058653
10.574868219683818	7.776815	2.7886941
10.592469987985552	7.6987033	2.7746537
10.610072006927185	7.595534	2.7559996
10.627674276934751	7.566125	2.750659
10.64527679843435	7.418955	2.7237759
10.662879571852143	7.3444138	2.710058
10.680482597614331	7.240431	2.690805
10.698085876147173	7.115249	2.6674423
10.715689407876988	6.9997706	2.645708
10.733293193230146	6.8629136	2.6197164
10.750897232633072	6.7993727	2.6075606
10.76850152651225	6.709337	2.5902388
10.786106075294207	6.6296215	2.574805
10.803710879405534	6.523965	2.5542054
10.821315939272877	6.45964	2.541582
10.83892125532294	6.4257126	2.534899
10.856526827982472	6.393496	2.5285363
10.874132657678285	6.3538566	2.5206857
10.891738744837243	6.318068	2.5135767
10.909345089886271	6.2486343	2.4997268
10.926951693252343	6.1031384	2.470453
10.944558555362494	6.005483	2.4506087
10.96216567664381	5.896023	2.4281728
10.979773057523436	5.8793206	2.424731
10.997380698428573	5.881493	2.425179
11.014988599786477	5.8445415	2.4175487
11.032596762024461	5.830034	2.4145463
11.050205185569892	5.7882204	2.405872
11.067813870850198	5.7231383	2.3923082
11.085422818292859	5.6330457	2.3734038
11.10303202832541	5.4741797	2.3396964
11.120641501375454	5.3839765	2.3203397
11.138251237870636	5.3044615	2.3031416
11.155861238238671	5.2797017	2.2977602
11.173471502907317	5.169624	2.2736807
11.191082032304402	5.0576997	2.248933
11.208692826857805	5.0651293	2.2505841
11.226303886995465	5.046942	2.24654
11.243915213145371	5.0419383	2.2454262
11.261526805735578	4.970907	2.2295532
11.279138665194196	4.9202905	2.2181728
11.296750791949393	4.8470383	2.2015991
11.314363186429393	4.803001	2.191575
11.331975849062479	4.7873807	2.1880083
11.34958878027699	4.799013	2.190665
11.36720198050133	4.7766924	2.1855645
11.384815450163948	4.6752	2.1622212
11.402429189693366	4.6130323	2.147797
11.420043199518153	4.531889	2.1288233
11.437657480066942	63.474293	7.9670753
11.455272031768422	85.11426	9.225739
11.472886855051353	107.49965	10.368204
11.490501950344528	99.10433	9.955116
11.508117318076819	84.46943	9.190725
11.52573295867715	45.835682	6.7702055
11.543348872574514	4.121951	2.030259
11.560965060197946	4.0883017	2.021955
11.57858152197655	4.0858493	2.0213485
11.59619825833949	4.0654297	2.0162911
11.613815269715985	4.04224	2.0105324
11.631432556535323	38.57072	6.210533
11.649050119226837	83.10261	9.116063
11.666667958219929	93.446655	9.666781
11.68428607394406	107.69306	10.377527
11.701904466828756	82.49978	9.082939
11.719523137303586	65.38141	8.085877
11.737142085798196	4.6477833	2.1558719
11.754761312742286	3.7345948	1.93251
11.772380818565619	3.6696332	1.9156287
11.790000603698015	3.6261294	1.9042399
11.80762066856935	3.5886583	1.8943754
11.825241013609572	3.5533926	1.8850445
11.842861639248683	3.5363169	1.8805097
11.860482545916748	3.5157092	1.8750224
11.878103734043883	3.4981935	1.8703458
11.895725204060282	3.4401286	1.8547584
11.91334695639619	3.4195166	1.8491935
11.930968991481919	3.4163527	1.8483379
11.948591309747824	3.385986	1.8401049
11.966213911624347	3.3569877	1.8322084
11.98383679754198	3.3374815	1.8268775
12.001459967931268	3.3108258	1.8195674
12.019083423222835	3.2793612	1.8109007
12.036707163847352	3.249966	1.8027662
12.05433119023556	3.2331617	1.7980995
12.071955502818259	3.1934865	1.7870328
12.089580102026313	3.2084785	1.7912226
12.107204988290643	3.1872933	1.7852992
12.12483016204224	3.1870234	1.7852236
12.142455623712152	3.1518445	1.7753435
12.16008137373149	3.1508443	1.7750617
12.177707412531431	3.1197057	1.7662688
12.19533374054321	3.1223834	1.7670267
12.212960358198126	3.1087208	1.7631565
12.230587265927545	3.0541391	1.7476095
12.248214464162889	2.993365	1.7301344
12.265841953335649	2.9892676	1.7289499
12.283469733877375	3.0181274	1.7372758
12.301097806219685	3.0392828	1.7433538
12.31872617079425	2.9792836	1.7260602
12.336354828032825	2.95447	1.7188572
12.353983778367205	2.9689028	1.7230505
12.371613022229262	2.995282	1.7306883
12.389242560050928	2.989207	1.7289324
12.406872392264201	3.0126915	1.7357106
12.424502519301143	3.0032792	1.7329972
12.442132941593874	2.9663477	1.7223089
12.459763659574586	2.9043167	1.7042056
12.477394673675532	2.8541741	1.6894301
12.49502598432903	2.825412	1.6808962
12.51265759196746	2.8272784	1.6814513
12.530289497023267	2.8449624	1.6867017
12.547921699928967	2.8260615	1.6810894
12.565554201117134	2.7651978	1.6628884
12.583187001020404	2.764288	1.6626148
12.600820100071486	2.808449	1.6758428
12.618453498703152	2.8558283	1.6899196
12.636087197348235	2.8673978	1.6933392
12.65372119643964	2.8508096	1.688434
12.671355496410326	2.8648272	1.69258
12.68899009769333	2.8740394	1.6952993
12.706625000721749	2.8815148	1.6975025
12.724260205928752	2.9281487	1.7111834
12.741895713747551	2.974997	1.724818
12.759531524611454	3.0152907	1.7364593
12.777167638953818	3.001422	1.7324612
12.794804057208072	2.9618757	1.7210101
12.812440779807702	2.9860542	1.7280203
12.830077807186271	3.1573842	1.7769029
12.847715139777405	3.2411103	1.8003083
12.865352778014795	3.478489	1.8650707
12.882990722332197	3.6219037	1.9031299
12.90062897316344	3.6705477	1.9158673
12.918267530942412	3.7002525	1.923604
12.935906396103071	3.595555	1.8961949
12.953545569079449	3.7509258	1.9367307
12.971185050305628	3.5871813	1.8939855
12.988824840215775	3.6192143	1.9024233
13.006464939244115	3.6171086	1.9018698
13.024105347824943	3.4314637	1.852421
13.041746066392617	3.5199902	1.8761637
13.05938709538157	3.376788	1.8376038
13.077028435226296	3.3951328	1.8425887
13.094670086361363	3.2910073	1.8141134
13.112312049221401	3.1853685	1.7847601
13.129954324241112	3.096305	1.759632
13.147596911855258	2.9370317	1.7137771
13.165239812498685	2.9021356	1.7035656
13.182883026606293	2.8240514	1.6804914
13.200526554613058	2.78313	1.6682715
13.218170396954017	2.7848682	1.6687925
13.235814554064284	2.7921205	1.6709639
13.253459026379034	2.7494352	1.6581421
13.271103814333523	2.7141802	1.6474769
13.288748918363058	2.687421	1.6393355
13.306394338903031	2.6832554	1.6380645
13.32404007638889	2.6474273	1.6270916
13.341686131256164	2.6935546	1.6412052
13.359332503940449	2.6888733	1.6397784
13.376979194877402	2.7174542	1.6484703
13.394626204502751	2.756349	1.6602256
13.412273533252307	2.761715	1.6618408
13.429921181561937	2.7668316	1.6633795
13.447569149867581	2.7698734	1.6642936
13.465217438605247	2.779652	1.6672288
13.482866048211022	2.7409656	1.6555861
13.500514979121052	2.7098103	1.6461501
13.518164231771568	2.6914825	1.6405739
13.535813806598844	2.6595716	1.6308193
13.553463704039254	2.6734366	1.6350647
13.571113924529229	2.6760957	1.6358776
13.588764468505275	2.7140353	1.6474329
13.606415336403956	2.7292259	1.6520369
13.624066528661917	2.7535381	1.6593789
13.641718045715882	2.7669246	1.6634076
13.659369888002635	2.8473294	1.6874032
13.67702205595903	2.8997881	1.7028764
13.694674550021993	3.0148473	1.7363316
13.712327370628532	3.061914	1.7498325
13.729980518215713	3.1275387	1.7684848
13.747633993220681	3.188557	1.7856531
13.765287796080647	3.2533495	1.8037044
13.7829419272329	3.3493521	1.8301235
13.800596387114801	3.354005	1.8313943
13.818251176163775	3.3320136	1.8253804
13.835906294817324	3.3246098	1.8233513
13.853561743513023	3.374014	1.8368489
13.871217522688525	3.4805884	1.8656335
13.888873632781538	3.5466425	1.8832532
13.906530074229858	3.5503516	1.8842376
13.92418684747135	3.5253906	1.8776023
13.941843952943948	3.4592402	1.8599033
13.959501391085665	3.4327743	1.8527747
13.977159162334578	3.3781662	1.8379788
13.994817267128846	3.3619053	1.83355
14.012475705906693	3.2873697	1.8131105
14.030134479106424	3.2175193	1.7937444
14.047793587166414	3.1270745	1.7683536
14.065453030525108	3.0932376	1.7587602
14.083112809621026	3.0368886	1.7426671
14.100772924892766	2.957172	1.719643
14.118433376778997	2.9286096	1.7113181
14.136094165718458	2.8529088	1.6890556
14.153755292149969	2.7859569	1.6691186
14.171416756512416	2.7151475	1.6477704
14.189078559244768	2.6316137	1.6222249
14.20674070078606	2.5604503	1.6001407
14.224403181575408	2.5058603	1.5829909
14.242066002051999	2.4820662	1.5754575
14.259729162655093	2.4889889	1.5776529
14.277392663824022	2.4627903	1.569328
14.295056505998208	2.443591	1.563199
14.312720689617128	2.4093516	1.5522087
14.330385215120348	2.407701	1.5516769
14.348050082947497	2.3852365	1.5444211
14.3657152935383	2.3751388	1.5411485
14.383380847332528	2.3777175	1.5419849
14.401046744770051	2.4028804	1.5501227
14.418712986290798	2.4258366	1.5575098
14.436379572334793	2.3696156	1.5393555
14.454046503342123	2.3866076	1.5448649
14.471713779752946	2.394839	1.5475267
14.489381402007504	2.4000437	1.5492074
14.507049370546113	2.364363	1.5376486
14.524717685809168	2.3647766	1.537783
14.542386348237134	2.384022	1.5440278
14.560055358270553	2.415533	1.5541985
14.577724716350051	2.4475725	1.564472
14.595394422916325	2.4702764	1.5717113
14.61306447841015	2.4966054	1.580065
14.63073488327237	2.4685376	1.571158
14.648405637943917	2.5130937	1.585274
14.6660767428658	2.5276792	1.5898677
14.683748198479094	2.5485344	1.596413
14.701420005224954	2.5312588	1.590993
14.719092163544628	2.5826478	1.6070619
14.73676467387942	2.6319437	1.6223266
14.754437536670727	2.6647398	1.6324031
14.772110752360014	2.6300337	1.6217378
14.78978432138882	2.6197102	1.6185519
14.807458244198777	2.631215	1.622102
14.82513252123159	2.6965659	1.6421224
14.842807152929028	2.7502744	1.6583952
14.860482139732962	2.7655728	1.6630012
14.87815748208531	2.6899378	1.640103
14.8958331804281	2.6829545	1.6379727
14.91350923520342	2.6505396	1.6280478
14.931185646853438	2.6666026	1.6329736
14.948862415820408	2.6746774	1.635444
14.966539542546656	2.6534073	1.6289283
14.98421702747459	2.6001399	1.612495
15.001894871046696	2.5780315	1.6056249
15.019573073705542	2.6078846	1.6148946
15.037251635893766	2.6533341	1.6289058
15.054930558054092	2.693003	1.6410371
15.072609840629323	2.7361524	1.6541319
15.090289484062351	2.909653	1.7057705
15.107969488796124	3.2300205	1.7972258
15.125649855273691	3.6871455	1.9201941
15.14333058393817	4.1460433	2.0361836
15.161011675232768	5.127677	2.2644374
15.17869312960076	6.467458	2.5431197
15.196374947485506	8.305064	2.8818507
15.214057129330447	11.352926	3.3694103
15.231739675579114	15.908659	3.988566
15.249422586675102	20.803972	4.561137
15.267105863062092	23.773083	4.875765
15.284789505183847	23.996351	4.8986073
15.302473513484218	21.870495	4.67659
15.320157888407127	18.309542	4.278965
15.337842630396578	14.202623	3.7686367
15.355527739896656	11.060752	3.3257709
15.37321321735153	8.733438	2.955239
15.39089906320545	6.5715227	2.5634983
15.408585277902748	5.017623	2.240005
15.42627186188783	3.8725903	1.9678898
15.443958815605198	3.2833295	1.811996
15.461646139499424	2.9672682	1.722576
15.479333834015168	2.8264208	1.6811962
15.497021899597165	2.796453	1.6722598
15.514710336690234	2.7294567	1.6521068
15.53239914573928	2.6480217	1.6272743
15.550088327189297	2.5811486	1.6065954
15.567777881485336	2.5476773	1.5961446
15.58546780907256	2.4942794	1.5793288
15.6031581103962	2.4805818	1.5749862
15.620848785901568	2.464037	1.5697252
15.638539836034063	2.473954	1.5728807
15.656231261239173	2.4444091	1.5634606
15.673923061962451	2.447359	1.5644038
15.691615238649552	2.4415822	1.5625563
15.709307791746202	2.4238899	1.5568846
15.727000721698221	2.401211	1.5495842
15.744694028951498	2.3987808	1.5487998
15.76238771395202	2.4345164	1.5602937
15.780081777145844	2.446918	1.5642627
15.797776218979125	2.4435933	1.5631996
15.815471039898094	2.4176812	1.5548894
15.833166240349064	2.3941278	1.547297
15.850861820778437	2.3816805	1.5432694
15.868557781632699	2.3797147	1.5426325
15.886254123358412	2.3684978	1.5389925
15.903950846402232	2.3445706	1.5311991
15.921647951210897	2.3192809	1.5229186
15.939345438231225	2.327578	1.5256402
15.957043307910133	2.3477998	1.5322531
15.974741560694602	2.381093	1.543079
15.992440197031714	2.4231174	1.5566366
16.01013921736862	2.4176905	1.5548924
16.02783862215259	2.4446347	1.5635327
16.045538411830933	2.465089	1.5700603
16.06323858685107	2.4605646	1.5686187
16.080939147660512	2.4146664	1.5539197
16.09864009470684	2.4383054	1.5615075
16.11634142843774	2.4699814	1.5716175
16.134043149300954	2.44555	1.5638254
16.15174525774433	2.3813124	1.5431502
16.169447754215817	2.394219	1.5473263
16.18715063916342	2.4280596	1.5582232
16.204853913035244	2.4716148	1.572137
16.222557576279478	2.476654	1.5737389
16.240261629344403	22.452911	4.7384505
16.257966072678386	43.00945	6.558159
16.275670906729868	38.131954	6.1751075
16.293376131947387	2.5663443	1.6019814
16.31108174877957	2.5914583	1.6098007
16.328787757675133	2.6292214	1.6214874
16.34649415908287	2.624976	1.6201777
16.364200953451657	2.626644	1.6206924
16.38190814123048	2.6370735	1.6239069
16.39961572286839	2.667207	1.6331586
16.41732369881455	2.734764	1.6537123
16.43503206951817	2.7713192	1.6647279
16.45274083542859	2.7883878	1.6698467
16.47044999699522	2.8103442	1.6764082
16.488159554667558	2.8323123	1.6829475
16.505869508895184	2.805208	1.6748755
16.523579860127786	2.829911	1.6822339
16.541290608815117	2.8987472	1.7025708
16.559001755407035	3.0087864	1.7345854
16.57671330035348	3.0759385	1.7538353
16.59442524410448	3.1151507	1.764979
16.61213758711015	3.1167324	1.765427
16.629850329820705	3.1542275	1.7760144
16.647563472686436	3.2026064	1.7895827
16.665277016157724	3.320662	1.8222684
16.682990960685053	3.3887172	1.8408469
16.70070530671898	3.4257932	1.8508898
16.718420054710155	3.4544375	1.8586117
16.736135205109335	3.5343184	1.8799783
16.753850758367335	3.5994966	1.897234
16.771566714935087	3.693878	1.9219464
16.789283075263597	3.7307432	1.9315132
16.80699983980398	3.784506	1.9453807
16.82471700900741	3.8503015	1.9622185
16.84243458332518	3.9293637	1.9822623
16.860152563208665	3.9570613	1.9892364
16.87787094910932	3.9729333	1.9932219
16.89558974147871	4.036169	2.009022
16.913308940768466	4.136441	2.0338242
16.931028547430333	4.199393	2.049242
16.94874856191613	4.256704	2.063178
16.966468984677785	4.35155	2.086037
16.98418981616729	4.4508705	2.1097085
17.00191105683676	4.4913983	2.119292
17.019632707138374	4.495696	2.1203055
17.03735476752442	4.4743576	2.1152678
17.05507723844728	4.5041	2.1222866
17.072800120359403	4.565546	2.1367137
17.090523413713353	4.6252356	2.1506362
17.108247118961785	4.632143	2.1522415
17.125971236557437	4.6354356	2.153006
17.143695766953133	4.6379256	2.1535845
17.161420710601806	4.678557	2.1629972
17.179146067956477	4.695417	2.166891
17.19687183947025	4.7148623	2.1713734
17.21459802559634	4.694296	2.1666324
17.232324626788028	4.6536403	2.1572297
17.25005164349871	4.6866927	2.1648772
17.267779076181863	4.662957	2.159388
17.285506925291074	4.6479096	2.1559012
17.30323519127999	4.6160088	2.14849
17.320963874602384	4.623816	2.150306
17.33869297571211	4.6046886	2.1458538
17.356422495063114	4.5664268	2.13692
17.37415243310944	4.559763	2.1353602
17.391882790305218	4.5439005	2.1316426
17.40961356710468	4.5469146	2.1323495
17.42734476396215	4.509758	2.123619
17.445076381332044	4.5007434	2.1214955
17.462808419668868	4.5386643	2.130414
17.48054087942723	4.6827946	2.1639767
17.498273761061835	5.04233	2.2455132
17.51600706502747	5.5875044	2.3637903
17.533740791779024	6.3030977	2.510597
17.551474941771485	7.677783	2.7708812
17.56920951545993	8.755584	2.9589837
17.586944513299528	10.850646	3.2940319
17.60467993574556	12.377671	3.5181916
17.622415783253373	13.88537	3.7263079
17.64015205627843	15.099763	3.8858414
17.657888755276293	16.09641	4.0120335
17.675625880702604	16.557407	4.0690794
17.69336343301311	16.496744	4.0616183
17.71110141266366	15.771792	3.9713717
17.728839820110178	14.977451	3.8700712
17.746578655808705	14.207127	3.7692342
17.764317920215372	12.853599	3.5851915
17.7820576137864	11.440204	3.382337
17.79979773697811	9.472395	3.0777256
17.81753829024692	7.633821	2.762937
17.835279274049356	5.9820633	2.4458256
17.85302068884201	4.9693394	2.2292016
17.870762535081607	4.297734	2.0730977
17.888504813224934	3.9781098	1.99452
17.90624752372891	3.7361655	1.9329163
17.923990667050536	3.5784833	1.891688
17.941734243646895	3.4711645	1.8631061
17.959478253975185	3.495434	1.869608
17.9772226984927	3.4913979	1.8685282
17.994967577656833	3.4572034	1.8593557
18.01271289192506	3.4317563	1.8525
18.030458641754965	3.4147923	1.8479156
18.04820482760425	3.3922021	1.8417932
18.06595144993067	3.3681805	1.8352604
18.083698509192125	3.2900314	1.8138443
18.101446005846576	3.232193	1.7978301
18.119193940352105	3.1870518	1.7852316
18.136942313166887	3.2415574	1.8004326
18.1546911247492	3.260506	1.8056871
18.1724403755574	3.225947	1.7960922
18.19019006604997	3.1647186	1.7789656
18.207940196685467	3.1174772	1.7656379
18.225690767922575	3.0948207	1.7592102
18.243441780220046	3.091315	1.7582136
18.261193234036764	3.1232297	1.7672662
18.278945129831676	3.097843	1.760069
18.29669746806386	3.0751302	1.7536049
18.314450249192483	3.0857413	1.7566278
18.3322034736768	3.090544	1.7579943
18.349957141976184	3.0823812	1.7556711
18.3677112545501	3.0412521	1.7439187
18.385465811858108	3.0800815	1.7550161
18.403220814359884	3.1453354	1.7735094
18.420976262515172	3.1415136	1.7724315
18.43873215678387	3.0567472	1.7483556
18.456488497625923	3.0353386	1.7422223
18.474245285501407	3.1751232	1.7818875
18.492002520870486	3.2864509	1.8128572
18.50976020419343	3.3782065	1.8379898
18.527518335930615	3.685573	1.9197847
18.545276916542516	4.2792034	2.0686235
18.563035946489688	4.5095716	2.1235752
18.580795426232832	4.981396	2.2319043
18.598555356232698	4.847113	2.201616
18.616315736950185	5.135888	2.26625
18.63407656884626	4.7817564	2.1867228
18.65183785238201	4.992143	2.2343104
18.669599588018617	4.7875643	2.1880503
18.68736177621737	4.750458	2.1795545
18.705124417439652	4.666647	2.1602423
18.72288751214696	4.4304614	2.104866
18.740651060800886	4.632627	2.1523538
18.758415063863115	4.4084415	2.099629
18.77617952179546	4.6050024	2.145927
18.793944435059814	4.3393593	2.083113
18.811709804118184	4.3569164	2.0873227
18.829475629432675	4.330106	2.0808907
18.8472419114655	4.0267653	2.0066803
18.86500865067897	4.048797	2.0121622
18.88277584753551	3.6815426	1.9187347
18.90054350249763	3.7365913	1.9330264
18.918311616027957	3.4674804	1.8621172
18.936080188589226	3.4235318	1.8502789
18.953849220644265	3.10954	1.7633888
18.971618712656007	2.9332564	1.7126752
18.9893886650875	2.8372645	1.6844182
19.007159078401887	8.005479	2.8293955
19.024929953062408	32.860676	5.7324233
19.042701289532435	32.821667	5.7290196
19.060473088275405	25.327862	5.0326796
19.07824534975489	2.598568	1.6120074
19.096018074434568	2.585603	1.6079811
19.113791262778197	2.6088288	1.6151869
19.13156491524966	2.5785036	1.605772
19.149339032312945	2.5508258	1.5971305
19.167113614432136	2.556033	1.5987598
19.184888662071433	2.5448828	1.5952688
19.202664175695123	2.5871558	1.6084638
19.220440155767623	2.5669866	1.6021818
19.238216602753447	2.5594072	1.5998148
19.2559935171172	2.5134697	1.5853926
19.27377089932361	2.4866238	1.5769032
19.291548749837514	2.5099542	1.5842835
19.309327069123835	2.5564282	1.5988834
19.32710585764763	2.5741165	1.6044053
19.344885115874032	2.559791	1.5999347
19.362664844268313	2.5398326	1.5936853
19.380445043295822	2.4814136	1.5752504
19.39822571342203	2.440499	1.5622097
19.41600685511252	2.3980086	1.5485505
19.43378846883297	2.4416883	1.5625902
19.451570555049173	2.4708333	1.5718884
19.469353114227037	2.5139	1.5855284
19.48713614683254	2.4728677	1.5725354
19.50491965333182	2.4657083	1.5702574
19.52270363419109	2.4657974	1.5702858
19.540488089876686	2.4538088	1.5664638
19.55827302085503	2.4214673	1.5561064
19.576058427592674	2.457269	1.5675678
19.593844310556282	2.520144	1.5874962
19.611630670212598	2.5389557	1.5934101
19.629417507028506	2.5389688	1.5934142
19.64720482147098	2.5203483	1.5875605
19.6649926140071	2.4735458	1.572751
19.682780885104084	2.455377	1.5669643
19.70056963522921	2.4514337	1.5657055
19.718358864849908	2.4850116	1.5763919
19.7361485744337	2.4824054	1.5755651
19.753938764448215	2.533394	1.591664
19.771729435361202	2.545735	1.5955359
19.789520587640506	2.5686135	1.6026895
19.807312221754092	2.5275784	1.589836
19.825104338170043	2.5322735	1.5913119
19.842896937356517	2.52753	1.5898207
19.860690019781824	2.4732165	1.5726464
19.87848358591436	2.4825432	1.5756088
19.896277636222635	2.5140882	1.5855876
19.914072171175278	2.5488274	1.5965047
19.931867191241015	2.514518	1.5857232
19.94966269688869	2.4704685	1.5717725
19.967458688587264	2.4551399	1.5668886
19.985255166805807	2.4634397	1.5695349
20.00305213201348	2.4552014	1.5669082
20.020849584679578	2.4467626	1.564213
20.038647525273507	2.4585443	1.5679746
20.05644595426477	2.4472897	1.5643816
20.07424487212299	2.4392567	1.5618119
20.092044279317903	2.4123275	1.553167
20.109844176319353	2.4284704	1.558355
20.127644563597304	2.42947	1.5586758
20.145445441621817	2.413738	1.5536209
20.16324681086307	2.3819973	1.543372
20.181048671791373	2.3436286	1.5308914
20.198851024877122	2.3199787	1.5231476
20.216653870590836	2.3379412	1.5290327
20.234457209403146	2.3542464	1.5343554
20.252261041784802	2.3645577	1.5377119
20.270065368206662	2.3351429	1.5281174
20.287870189139685	2.3569376	1.5352321
20.305675505054968	2.366445	1.5383254
20.323481316423702	2.3435585	1.5308685
20.341287623717207	2.3457527	1.531585
20.359094427406884	2.3898208	1.5459045
20.376901727964288	2.4111166	1.552777
20.39470952586107	2.4327428	1.5597253
20.41251782156899	2.4409811	1.562364
20.430326615559935	2.4073298	1.5515572
20.448135908305886	2.3612447	1.5366342
20.465945700278965	2.3015213	1.5170766
20.483755991951384	2.281686	1.5105251
20.50156678379548	2.281595	1.510495
20.519378076283708	2.2905402	1.5134531
20.537189869888635	2.3537295	1.534187
20.55500216508294	2.3990273	1.5488794
20.572814962339415	2.428095	1.5582346
20.59062826213098	2.403672	1.550378
20.60844206493066	2.381152	1.5430982
20.626256371211593	2.3181062	1.5225328
20.644071181447032	2.2988334	1.5161904
20.66188649611036	2.3262255	1.5251969
20.67970231567506	2.3385615	1.5292356
20.697518640614742	2.3397195	1.5296142
20.715335471403122	2.3320522	1.5271058
20.73315280851404	2.3232162	1.52421
20.750970652421447	2.3153195	1.5216174
20.768789003599412	2.330832	1.5267062
20.786607862522136	2.2961967	1.5153207
20.8044272296639	2.2551663	1.5017211
20.82224710549913	2.249349	1.499783
20.84006749050237	2.2855394	1.5118
20.857888385148268	3.8446789	1.9607853
20.8757097899116	45.947144	6.7784324
20.893531705267254	64.760414	8.047385
20.911354131690224	83.817085	9.155168
20.92917706965566	69.094864	8.312332
20.94700051963877	50.13202	7.0803967
20.96482448211493	29.377886	5.420137
20.982648957559622	4.1413684	2.0350351
21.00047394644843	2.2906895	1.5135024
21.01829944925707	2.3057268	1.518462
21.036125466461375	2.2930205	1.5142722
21.053951998537297	2.2508843	1.5002947
21.071779045960906	2.223297	1.4910724
21.089606609208378	2.2323813	1.4941156
21.10743468875603	2.252617	1.500872
21.12526328508028	2.2733512	1.5077636
21.143092398657675	2.2535546	1.5011843
21.16092202996488	2.2345707	1.494848
21.17875217947867	2.194095	1.4812478
21.19658284767596	2.1826847	1.4773911
21.21441403503377	2.201066	1.4835991
21.232245742029225	2.198233	1.4826438
21.2500779691396	2.1592257	1.4694304
21.26791071684227	2.1379435	1.4621708
21.28574398561475	2.1442401	1.4643224
21.30357777593465	2.1420636	1.463579
21.321412088279704	2.1460752	1.4649489
21.339246923127792	2.1505542	1.4664768
21.357082280956888	2.1280975	1.4588001
21.3749181622451	2.0922875	1.4464742
21.392754567470647	2.1091602	1.4522948
21.41059149711187	2.1509242	1.4666029
21.42842895164726	2.160875	1.4699916
21.446266931555378	2.1733406	1.4742254
21.464105437314945	2.1830258	1.4775066
21.481944469404798	2.1625206	1.4705511
21.49978402830388	2.1264398	1.4582317
21.51762411449127	2.090507	1.4458586
21.53546472844617	2.0758972	1.4407974
21.553305870647876	2.076142	1.4408824
21.571147541575865	2.0948007	1.4473426
21.58898974170967	2.0912595	1.4461187
21.60683247152899	2.1174684	1.4551524
21.62467573151363	2.0825388	1.4431005
21.642519522143523	2.0726402	1.4396667
21.660363843898722	2.089739	1.445593
21.6782086972594	2.0853846	1.4440861
21.696054082705864	2.094438	1.4472173
21.713900000718535	2.0787766	1.4417963
21.73174645177795	2.056353	1.433999
21.749593436364794	2.0206618	1.4214998
21.767440954959845	2.02148	1.4217876
21.785289008044032	2.0388126	1.4278699
21.803137596098388	2.0432465	1.4294218
21.820986719604086	2.0517116	1.4323797
21.838836379042412	2.0476542	1.4309627
21.85668657489478	2.0207317	1.4215244
21.87453730764273	2.0071654	1.4167447
21.892388577767914	2.0078425	1.4169836
21.91024038575213	1.9888525	1.4102669
21.928092732077285	1.9955597	1.4126428
21.945945617225426	2.0208583	1.421569
21.963799041678694	2.0111852	1.4181626
21.981653005919398	31.302475	5.5948615
21.999507510429943	78.091896	8.836962
22.01736255569286	73.08031	8.548702
22.035218142190818	4.167845	2.04153
22.05307427040661	2.0263507	1.4234995
22.07093094082315	2.0199645	1.4212545
22.088788153923474	2.0074687	1.4168516
22.106645910190746	1.9802699	1.4072206
22.12450421010827	1.981885	1.4077944
22.142363054159464	2.0214653	1.4217825
22.16022244282787	2.0029888	1.4152699
22.178082376597164	1.9725143	1.4044622
22.195942855951145	1.931587	1.3898154
22.213803881373742	1.9357928	1.3913277
22.231665453349002	1.9548861	1.3981724
22.24952757236111	1.967942	1.4028336
22.26739023889438	1.9661659	1.4022003
22.28525345343323	1.9477342	1.3956125
22.30311721646225	1.9475951	1.3955626
22.320981528466113	1.9267355	1.388069
22.33884638992964	1.9430406	1.39393
22.356711801337788	1.9223155	1.3864759
22.37457776317561	1.9382046	1.3921942
22.392444275928337	1.9519718	1.3971298
22.410311340081282	1.9713187	1.4040365
22.428178956119904	1.935308	1.3911535
22.446047124529805	1.9484334	1.3958629
22.46391584579669	1.9937334	1.4119962
22.481785120406414	2.0212984	1.4217237
22.49965494884496	1.9803787	1.4072593
22.51752533159841	1.9531552	1.3975533
22.53539626915302	1.9354275	1.3911965
22.553267761995137	1.9162512	1.3842872
22.571139810611264	1.9077219	1.381203
22.589012415488025	1.9206504	1.3858753
22.60688557711216	1.9253117	1.387556
22.624759295970566	1.9684666	1.4030205
22.642633572550263	1.9985733	1.413709
22.660508407338362	1.9977368	1.4134132
22.67838380082217	1.9688929	1.4031725
22.696259753489077	1.9537239	1.3977567
22.714136265826614	1.9389853	1.3924745
22.73201333832246	1.9467646	1.3952651
22.74989097146439	1.9280097	1.3885279
22.76776916574035	1.907215	1.3810196
22.785647921638393	1.8949594	1.3765752
22.803527239646712	1.9202821	1.3857424
22.82140712025363	1.9575533	1.3991259
22.839287563947593	1.9698844	1.4035257
22.85716857121719	1.958377	1.3994203
22.875050142551135	1.9093397	1.3817886
22.892932278438277	1.8698919	1.3674399
22.910814979367604	1.8687545	1.367024
22.928698245828222	1.8581715	1.3631476
22.946582078309387	1.8282598	1.3521316
22.96446647730047	1.8042367	1.3432188
22.98235144329098	1.8377559	1.3556386
23.000236976770562	1.9023584	1.3792601
23.018123078229	1.9235027	1.386904
23.03600974815619	1.9167662	1.3844732
23.053896987042194	1.9074062	1.3810887
23.071784795377173	1.8681871	1.3668164
23.08967317365145	1.8497107	1.3600407
23.10756212235546	1.8776348	1.3702681
23.125451641979787	1.9216646	1.3862412
23.143341733015134	1.9340621	1.3907056
23.161232395952357	1.9461021	1.3950276
23.179123631282426	1.9291729	1.3889467
23.197015439496468	1.9074852	1.3811173
23.214907821085717	1.9209651	1.3859888
23.23280077654157	1.9106737	1.3822712
23.250694306355538	1.8979114	1.377647
23.268588411019277	1.8979044	1.3776445
23.28648309102458	1.8983772	1.3778161
23.304378346863356	1.8925868	1.3757132
23.322274179027676	1.8765768	1.369882
23.340170588009723	1.9124966	1.3829304
23.358067574301852	1.9323429	1.3900874
23.37596513839651	1.9620972	1.4007487
23.39386328078629	1.8800812	1.3711605
23.411762001963947	1.8407958	1.3567593
23.429661302422353	1.8746736	1.3691872
23.4475611826545	1.9001684	1.378466
23.46546164315356	1.9015229	1.3789572
23.48336268441279	1.8947803	1.3765101
23.501264306925638	1.9127961	1.3830388
23.51916651118564	1.949609	1.396284
23.537069297686497	1.9277331	1.3884283
23.554972666922037	1.9163814	1.3843342
23.57287661938623	1.9163388	1.384319
23.59078115557318	1.9153728	1.3839699
23.608686275977128	1.8942297	1.3763101
23.62659198109246	1.9111073	1.382428
23.6444982714137	1.9391248	1.3925246
23.66240514743549	1.9239435	1.3870629
23.68031260965263	1.8980975	1.3777146
23.698220658560068	1.8973976	1.3774606
23.716129294652845	1.932191	1.3900328
23.7340385184262	1.9309523	1.389587
23.75194833037546	1.9126117	1.382972
23.769858730996123	1.8997761	1.3783237
23.78776972078382	1.9044173	1.3800063
23.80568130023431	1.9145745	1.3836815
23.823593469843495	1.8727376	1.3684801
23.841506230107424	1.8983436	1.3778039
23.859419581522275	1.9154335	1.3839918
23.87733352458438	1.9502957	1.3965299
23.89524805979019	1.9388322	1.3924196
23.913163187636318	1.9214745	1.3861727
23.931078908619508	1.8972256	1.3773981
23.948995223236633	1.9262155	1.3878816
23.966912131984735	2.0213041	1.4217257
23.98482963536096	2.0817425	1.4428245
24.002747733862616	2.0698683	1.4387037
24.020666427987155	2.043264	1.4294279
24.038585718232156	2.086675	1.4445328
24.056505605095353	2.0896392	1.4455584
24.074426089074617	2.0515022	1.4323066
24.092347170667946	2.0095308	1.4175792
24.110268850373515	2.0549016	1.4334928
24.128191128689586	2.0738633	1.4400914
24.146114006114626	2.0680904	1.4380857
24.164037483147187	2.0712392	1.43918
24.181961560286005	2.0944934	1.4472364
24.199886238029926	2.0695446	1.4385911
24.21781151687797	2.055969	1.4338651
24.235737397329274	2.031745	1.4253929
24.253663879883135	2.0138555	1.4191037
24.271590965038975	2.0146534	1.4193848
24.289518653296376	2.0492969	1.4315366
24.30744694515505	2.0881362	1.4450384
24.32537584111486	2.0259995	1.4233761
24.34330534167581	1.9935462	1.41193
24.361235447338046	2.010307	1.417853
24.379166158601876	2.0206451	1.421494
24.39709747596772	2.0249875	1.4230205
24.41502939993615	2.0234146	1.4224678
24.432961931007917	1.9787699	1.4066876
24.450895069683856	1.9592588	1.3997352
24.468828816465	1.9172862	1.3846611
24.4867631718525	1.9508759	1.3967376
24.504698136347656	1.9236592	1.3869604
24.52263371045192	1.9024346	1.3792877
24.540569894666874	1.8728471	1.36852
24.558506689494266	1.8829472	1.3722053
24.57644409543597	1.8810961	1.3715305
24.594382112994012	1.9062827	1.380682
24.61232074267057	1.910876	1.3823444
24.630259984967953	1.956302	1.3986787
24.64819984038863	1.9466513	1.3952245
24.66614030943522	1.970353	1.4036926
24.684081392610462	1.9620513	1.4007324
24.702023090417274	1.942853	1.3938626
24.7199654033587	1.9655569	1.4019831
24.737908331937927	1.9793881	1.4069073
24.755851876658305	2.0370648	1.4272578
24.773796038023324	2.0098977	1.4177086
24.79174081653661	2.0241144	1.4227138
24.809686212701962	2.0515454	1.4323217
24.827632227023294	2.0854611	1.4441125
24.8455788600047	2.0753267	1.4405994
24.8635261121504	2.062565	1.4361633
24.88147398396475	2.0290504	1.4244474
24.899422475952303	2.0567155	1.4341253
24.917371588617698	2.0771785	1.441242
24.935321322465768	2.1476367	1.4654818
24.953271678001478	2.2459025	1.4986335
24.97122265572994	2.4492495	1.5650078
24.989174256156414	2.7624822	1.6620717
25.00712647978632	3.1916864	1.7865292
25.02507932712521	3.724665	1.9299392
25.043032798678798	4.288014	2.070752
25.060986894952933	4.922603	2.218694
25.078941616453637	5.613361	2.3692532
25.096896963687055	6.4073753	2.5312793
25.114852937159508	7.449822	2.7294362
25.132809537377444	7.9095664	2.812395
25.150766764847468	8.008693	2.8299634
25.168724620076347	7.5360804	2.7451923
25.186683103570985	6.6527066	2.5792842
25.204642215838426	5.595322	2.3654432
25.222601957385894	4.301102	2.0739098
25.24056232872074	3.2785368	1.810673
25.25852333035048	2.6479492	1.6272521
25.276484962782778	2.2722325	1.5073926
25.294447226525435	2.108682	1.4521301
25.312410122086423	2.0271945	1.4237958
25.330373649973843	1.9951274	1.4124898
25.348337810695988	1.9670562	1.4025178
25.366302604761245	1.9228597	1.3866721
25.384268032678207	1.9386004	1.3923364
25.40223409495558	1.9398878	1.3927985
25.420200792102257	1.8734592	1.3687437
25.438168124627246	1.8405292	1.3566611
25.45613609303974	1.8655657	1.3658571
25.474104697849057	1.8781474	1.3704551
25.492073939564698	1.9025757	1.3793389
25.510043818696285	1.8996774	1.3782878
25.528014335753614	1.9053284	1.3803363
25.54598549124664	1.8915076	1.3753209
25.56395728568544	1.9002666	1.3785017
25.58192971958028	1.8952478	1.37668
25.59990279344156	1.8709295	1.3678192
25.617876507779833	1.8384157	1.3558819
25.635850863105826	1.841501	1.3570192
25.653825859930386	1.8579507	1.3630667
25.671801498764548	1.8275766	1.3518789
25.68977778011949	1.8258275	1.3512318
25.707754704506524	1.8290182	1.352412
25.725732272437153	1.8402414	1.356555
25.743710484423012	1.8621306	1.3645991
25.761689340975888	1.8667548	1.3662924
25.77966884260774	1.7961559	1.3402075
25.797648989830662	1.7597204	1.3265445
25.815629783156922	1.7716686	1.3310404
25.83361122309895	1.8051382	1.3435544
25.85159331016929	1.8365217	1.3551832
25.869576044880695	1.8109173	1.3457032
25.887559427746034	1.7725314	1.3313645
25.90554345927836	1.7627501	1.3276861
25.92352813999086	1.8232646	1.3502831
25.94151347039689	1.8468874	1.3590024
25.959499451009965	1.8724761	1.3683845
25.97748608234374	1.8543506	1.3617454
25.995473364912062	1.8533802	1.361389
26.013461299228904	1.8604424	1.3639803
26.03144988580839	1.8725328	1.3684052
26.04943912516483	1.8735261	1.3687681
26.067429017812675	1.8396065	1.356321
26.085419564266537	1.78018	1.3342339
26.103410765041186	1.7533355	1.3241358
26.12140262065155	1.7904662	1.338083
26.139395131612723	1.7762339	1.3327543
26.157388298439948	1.7444686	1.3207833
26.17538212164861	1.742099	1.319886
26.193376601754295	1.7812209	1.3346239
26.211371739272714	1.8217664	1.3497282
26.229367534719746	1.836603	1.3552133
26.247363988611433	1.8453302	1.3584293
26.26536110146397	1.8097838	1.3452821
26.283358873793727	1.8192976	1.3488134
26.301357306117204	1.8529582	1.3612341
26.319356398951104	1.8262712	1.351396
26.33735615281224	1.7943764	1.3395433
26.35535656821762	1.8121006	1.3461429
26.373357645684404	1.8743213	1.3690586
26.39135938572991	1.8593887	1.363594
26.409361788871614	1.8057733	1.3437907
26.427364855627165	1.8045647	1.3433409
26.445368586514352	1.8259968	1.3512945
26.46337298205115	1.8142971	1.3469584
26.48137804275568	1.8193069	1.3488169
26.499383769146217	1.8578206	1.363019
26.517390161741215	1.856645	1.3625876
26.53539722105928	1.7950404	1.3397912
26.553404947619182	1.7637575	1.3280653
26.571413341939856	1.7674252	1.3294455
26.589422404540397	1.8058636	1.3438243
26.60743213594006	1.8013345	1.342138
26.62544253665827	1.8011811	1.3420808
26.64345360721459	1.7974437	1.3406878
26.66146534812879	1.8622077	1.3646272
26.679477759920758	1.8616636	1.3644279
26.69749084311057	1.7861114	1.3364547
26.71550459821847	1.7411039	1.3195089
26.733519025764842	1.7956616	1.3400229
26.751534126270258	1.8123616	1.3462398
26.769549900255434	1.796677	1.3404018
26.787566348241267	1.8350759	1.3546497
26.80558347074881	1.834105	1.3542913
26.823601268299267	1.8466656	1.3589208
26.841619741414036	1.8237917	1.3504783
26.85963889061465	1.817095	1.3479967
26.877658716422832	1.7674545	1.3294564
26.89567921936045	1.7895643	1.3377459
26.913700399949544	1.7806443	1.3344078
26.93172225871233	1.7593238	1.326395
26.949744796171174	1.7613548	1.3271605
26.967768012848605	1.7965142	1.3403411
26.98579190926733	1.8162291	1.3476754
27.003816485950225	1.812458	1.3462756
27.021841743420318	1.8058474	1.3438182
27.039867682200814	1.8020829	1.3424168
27.057894302815072	1.7700983	1.3304504
27.07592160578664	1.7940341	1.3394156
27.0939495916392	1.8152194	1.3473008
27.111978260896635	1.7983698	1.3410331
27.13000761408296	1.7778568	1.3333629
27.148037651722397	1.8005282	1.3418376
27.166068374339304	1.8026468	1.3426268
27.184099782458215	1.8213147	1.349561
27.20213187660384	1.7967943	1.3404455
27.22016465730105	1.7919451	1.3386356
27.23819812507487	1.7856115	1.3362677
27.256232280450533	1.8260379	1.3513097
27.274267123953383	1.8286269	1.3522673
27.292302656108987	1.8139533	1.3468308
27.31033887744306	1.8290844	1.3524364
27.32837578848146	1.8603985	1.3639643
27.34641338975026	1.8506808	1.3603973
27.364451681775673	1.8055239	1.3436978
27.382490665084074	1.7836814	1.3355453
27.400530340202046	1.7848257	1.3359737
27.41857070765629	1.7937019	1.3392916
27.436611767973726	1.8168266	1.347897
27.454653521681404	1.8523524	1.3610115
27.472695969306564	1.8019024	1.3423495
27.490739111376627	1.8041409	1.3431832
27.508782948419153	1.8027056	1.3426487
27.526827480961902	1.8436676	1.3578172
27.54487270953279	1.8353783	1.3547614
27.562918634659898	1.8752254	1.3693887
27.580965256871508	1.8418185	1.3571361
27.599012576696026	1.8021913	1.3424572
27.617060594662068	1.78094	1.3345187
27.63510931129842	1.8081543	1.3446763
27.65315872713401	1.8315375	1.3533431
27.67120884269797	1.7959961	1.3401477
27.68925965851958	1.831592	1.3533632
27.707311175128307	1.8421273	1.3572499
27.725363393053787	1.8327602	1.3537947
27.74341631282583	1.8275636	1.3518741
27.7614699349744	1.9026062	1.37935
27.77952426002968	2.1160583	1.4546678
27.797579288521973	2.1618671	1.4703289
27.815635020981784	2.5801535	1.6062856
27.83369145793979	2.6509922	1.6281868
27.85174859992682	2.4804642	1.5749489
27.869806447473923	2.3284063	1.5259117
27.887865001112267	2.0417569	1.4289006
27.905924261373233	1.952459	1.3973042
27.92398422878836	1.8978299	1.3776175
27.94204490388936	1.8813438	1.3716209
27.96010628720813	1.8783332	1.370523
27.978168379276728	1.889532	1.3746024
27.9962311806274	1.8275484	1.3518685
28.014294691792568	1.801813	1.3423163
28.0323589133048	1.8568517	1.3626635
28.050423845696887	1.8791199	1.3708099
28.068489489501758	1.8732799	1.3686782
28.086555845252523	1.8443056	1.3580521
28.104622913482487	1.8267326	1.3515668
28.122690694725115	1.8504654	1.3603182
28.14075918951405	1.9128863	1.3830713
28.15882839838312	1.9292289	1.3889668
28.176898321866304	1.9260467	1.3878208
28.1949689604978	1.8972232	1.3773973
28.213040314811945	1.8727058	1.3684684
28.23111238534327	1.8852888	1.3730582
28.249185172626493	1.9448016	1.3945614
28.267258677196473	1.9650809	1.4018134
28.285332899588294	1.9615546	1.4005551
28.303407840337172	1.9056112	1.3804388
28.321483499978545	1.8675406	1.3665799
28.33955987904799	1.8753977	1.3694516
28.357636978081285	1.9053726	1.3803524
28.37571479761439	1.9369042	1.3917271
28.393793338183425	1.9043884	1.3799958
28.41187260032469	1.9140941	1.3835078
28.429952584574686	1.9396341	1.3927075
28.448033291470065	1.9473008	1.3954571
28.46611472154769	1.9493945	1.3962072
28.484196875344566	1.9341512	1.3907377
28.502279753397914	1.9451696	1.3946934
28.52036335624511	1.9525225	1.397327
28.538447684423716	1.9570148	1.3989334
28.556532738471482	1.986849	1.4095563
28.574618518926325	2.024668	1.4229083
28.59270502632635	2.0234287	1.4224727
28.61079226120985	2.023063	1.4223442
28.628880224115274	1.9434885	1.3940905
28.646968915581287	1.9595358	1.3998343
28.66505833614671	2.0744336	1.4402894
28.68314848635055	2.0991569	1.4488467
28.701239366732004	2.0624666	1.4361291
28.71933097783044	2.0491457	1.4314837
28.737423320185403	2.078681	1.4417632
28.75551639433665	2.090011	1.4456869
28.773610200824074	2.0986085	1.4486575
28.791704740187793	2.152172	1.4670283
28.80980001296809	2.1973429	1.4823437
28.827896019705413	2.253116	1.5010383
28.845992760940433	2.234001	1.4946575
28.86409023721397	2.1934605	1.4810336
28.88218844906704	2.1732101	1.4741812
28.900287397040845	2.1777577	1.4757228
28.918387081676755	2.2119007	1.487246
28.936487503516343	2.2271888	1.4923769
28.954588663101365	2.2991297	1.5162882
28.97269056097374	2.4092486	1.5521754
28.990793197675597	2.445146	1.5636963
29.00889657374923	2.4162076	1.5544155
29.027000689737125	2.328795	1.526039
29.04510554618196	2.3432486	1.5307673
29.06321114362659	2.3708239	1.539748
29.08131748261405	2.400803	1.5494525
29.099424563687567	2.4474154	1.5644218
29.11753238739057	2.5125554	1.5851042
29.13564095426663	2.5248213	1.5889686
29.15375026485954	2.5009053	1.5814251
29.171860319713275	2.596654	1.6114136
29.18997111937199	2.6921763	1.6407853
29.20808266438002	2.651157	1.6282374
29.226194955281898	2.6422596	1.6255028
29.244307992622335	2.7429547	1.6561868
29.26242177694624	2.8099854	1.6763011
29.2805363087987	2.844779	1.6866473
29.29865158872498	2.8491626	1.6879463
29.316767617270557	2.8218105	1.6798246
29.334884394981064	2.8816848	1.6975526
29.353001922402367	2.9475389	1.7168398
29.37112020008047	2.983252	1.7272093
29.389239228561596	3.065487	1.7508532
29.407359008392152	3.2857242	1.8126566
29.42547954011872	3.6791563	1.9181126
29.44360082428809	4.3316736	2.0812674
29.46172286144722	5.381038	2.3197064
29.479845652143283	6.7673473	2.6014125
29.497969196923606	8.676668	2.9456184
29.516093496335728	11.0693	3.3270557
29.5342185509274	13.667235	3.6969223
29.55234436124651	15.847512	3.9808934
29.570470927841175	17.257795	4.15425
29.588598251259686	16.919527	4.113335
29.60672633205055	15.709165	3.9634788
29.624855170762405	13.878535	3.7253907
29.642984767944146	11.350952	3.3691175
29.66111512414481	8.782737	2.9635682
29.67924623991366	6.5367174	2.5567005
29.697378115800138	5.0614057	2.2497568
29.71551075235387	4.2054524	2.05072
29.733644150124675	3.7775378	1.9435889
29.751778309662576	3.5530186	1.8849453
29.769913231517766	3.425844	1.8509035
29.78804891624066	3.3166277	1.8211612
29.806185364381818	3.2748525	1.8096553
29.82432257649206	3.2489607	1.8024874
29.842460553122333	3.2977147	1.8159611
29.86059929482382	3.3265567	1.8238851
29.878738802147872	3.3713067	1.8361118
29.896879075646048	3.3943675	1.8423809
29.915020115870114	3.392035	1.8417478
29.933161923371976	3.3439243	1.82864
29.951304498703777	3.3049812	1.8179607
29.969447842417857	3.3023276	1.8172307
29.987591955066733	3.288906	1.8135341
30.005736837203123	3.2242692	1.795625
30.023882489379943	3.162346	1.7782986
30.04202891215028	3.1281152	1.7686478
30.060176106067455	3.140107	1.7720346
30.078324071684946	3.1164012	1.7653332
30.09647280955646	3.0753846	1.7536775
30.114622320235863	3.061392	1.7496834
30.132772604277257	3.0347018	1.7420396
30.1509236622349	3.0448642	1.7449539
30.16907549466328	3.0622327	1.7499236
30.18722810211705	3.0600064	1.7492874
30.205381485151097	3.033395	1.7416644
30.22353564432045	3.050729	1.7466336
30.241690580180403	3.0196397	1.7377111
30.25984629328638	2.9821374	1.7268866
30.278002784194037	2.9375286	1.713922
30.296160053459246	2.9374945	1.713912
30.314318101638033	2.873839	1.69524
30.332476929286646	2.8942125	1.7012385
30.35063653696153	2.9259593	1.7105436
30.368796925219307	2.879904	1.697028
30.386958094616844	2.8319943	1.682853
30.40512004571115	2.8923826	1.7007006
30.423282779059463	2.932839	1.7125534
30.441446295219233	2.8939788	1.7011698
30.459610594748067	2.848757	1.6878262
30.47777567820382	2.838075	1.6846586
30.495941546144504	2.8696477	1.6940035
30.51410819912835	2.8379645	1.684626
30.532275637713795	2.7649765	1.6628219
30.55044386245946	2.7864616	1.6692698
30.56861287392416	2.8553135	1.6897674
30.586782672666956	2.823118	1.6802137
30.604953259247047	2.7453277	1.656903
30.623124634223885	2.7723505	1.6650378
30.641296798157075	2.8134031	1.6773202
30.659469751606462	2.7854316	1.6689613
30.677643495132074	2.7533436	1.6593202
30.695818029294152	2.7341194	1.6535172
30.713993354653116	2.7274752	1.6515069
30.73216947176962	2.669542	1.6338733
30.75034638120448	2.6496341	1.6277697
30.768524083518756	2.6698477	1.6339669
30.786702579273673	2.6981769	1.6426128
30.80488186903069	2.7306943	1.6524812
30.82306195335144	2.8789072	1.6967343
30.841242832797782	3.111193	1.7638574
30.85942450793176	3.3683906	1.8353176
30.877606979315637	3.7456162	1.9353595
30.895790247511883	4.065001	2.0161848
30.913974313083134	4.389008	2.094996
30.932159176592283	4.6550183	2.1575491
30.95034483860237	4.703255	2.168699
30.968531299676698	4.496191	2.1204224
30.98671856037873	4.16184	2.0400589
31.00490662127215	3.8458848	1.9610927
31.023095482920848	3.5063097	1.8725142
31.04128514588892	3.1016579	1.7611524
31.059475610740662	2.75095	1.6585988
31.07766687804056	2.5842483	1.6075597
31.09585894835335	2.5398777	1.5936993
31.11405182224393	2.4860983	1.5767366
31.132245500277417	2.4644656	1.5698617
31.15043998301914	2.5155303	1.5860424
31.168635271034628	2.519797	1.5873868
31.18683136488964	2.4724011	1.5723871
31.20502826515008	2.3917608	1.5465319
31.223225972382135	2.343024	1.530694
31.241424487152155	2.3686721	1.5390491
31.259623810026692	2.4219258	1.5562538
31.27782394157253	2.4659321	1.5703287
31.296024882356644	2.4073596	1.5515668
31.314226632946237	2.393253	1.5470142
31.332429193908684	2.4073284	1.5515567
31.350632565811598	2.3787386	1.542316
31.368836749222787	2.4048522	1.5507586
31.387041744710295	2.490393	1.5780979
31.40524755284232	2.559061	1.5997065
31.423454174187317	2.5132205	1.585314
31.441661609313922	2.464593	1.5699022
31.459869858791002	2.3582695	1.5356658
31.478078923187628	2.306439	1.5186964
31.496288803073064	2.379763	1.542648
31.514499499016807	2.4565282	1.5673316
31.532711011588546	2.3784468	1.5422214
31.550923341358178	2.3024764	1.5173913
31.56913648889584	2.3432941	1.5307822
31.587350454771844	2.3393564	1.5294955
31.605565239556732	2.3414733	1.5301874
31.62378084382127	2.317696	1.5223981
31.641997268136382	2.3081646	1.5192645
31.660214513073274	2.296474	1.5154121
31.67843257920331	2.272848	1.5075967
31.6966514670981	2.2707574	1.5069033
31.71487117732944	2.288942	1.512925
31.733091710469346	2.2752943	1.5084078
31.751313067090052	2.2819178	1.5106018
31.769535247764008	2.3455453	1.5315173
31.787758253063878	2.3216302	1.5236896
31.805982083562526	2.2584815	1.5028245
31.824206739833024	2.221726	1.4905455
31.84243222244869	2.222059	1.4906572
31.860658531983013	2.2329502	1.494306
31.878885669009737	2.2362354	1.4954047
31.897113634102784	2.2271764	1.4923728
31.91534242783632	2.2286737	1.4928743
31.933572050784694	2.246376	1.4987916
31.951802503522508	2.2639005	1.5046264
31.970033786624548	2.2047231	1.484831
31.988265900665834	2.175239	1.4748691
32.006498846221575	2.138773	1.4624544
32.02473262386724	2.1011436	1.4495322
32.04296723417845	2.1483502	1.4657252
32.0612026777311	2.147634	1.4654808
32.07943895510129	2.1639771	1.4710463
32.097676066865304	2.1867619	1.4787704
32.115914013599685	2.2060921	1.485292
32.13415279588115	2.2666144	1.505528
32.152392414286666	2.1542664	1.467742
32.1706328693934	2.1323056	1.4602417
32.18887416177875	2.1663616	1.4718565
32.20711629202032	2.187488	1.479016
32.225359260695924	2.1987596	1.4828215
32.243603068383614	2.2813294	1.510407
32.26184771566166	2.2822053	1.510697
32.28009320310852	2.2004707	1.4833983
32.2983395313029	2.0985906	1.4486513
32.31658670082372	2.0971663	1.4481596
32.33483471225012	2.1050642	1.4508839
32.35308356616143	2.1334682	1.4606396
32.371333263137245	2.0705001	1.4389232
32.38958380375734	2.158717	1.4692572
32.407835188601744	2.1220994	1.4567428
32.42608741825067	1.9880203	1.4099717
32.444340493284585	2.0376453	1.4274611
32.46259441428416	2.1537693	1.4675726
32.48084918183028	2.0663123	1.4374673
32.49910479650405	1.9594922	1.3998187
32.51736125888683	1.9521235	1.3971841
32.53561856956014	2.06792	1.4380264
32.5538767291058	2.1812334	1.4769
32.572135738105764	2.1322207	1.4602126
32.59039559714228	2.0645435	1.436852
32.608656306797776	2.0676897	1.4379463
32.62691786765491	2.081248	1.4426532
32.645180280296586	2.029219	1.4245065
32.663443545305896	2.107749	1.4518088
32.68170766326619	2.1713738	1.4735582
32.69997263476099	2.0840697	1.4436307
32.7182384603741	2.0045388	1.4158174
32.7365051406895	2.0755517	1.4406775
32.75477267629144	2.0998306	1.4490793
32.77304106776434	2.1092427	1.4523232
32.79131031569289	2.1982408	1.4826466
32.809580420661966	2.2481525	1.499384
32.827851383256714	2.0692039	1.4384727
32.84612320406245	1.944522	1.3944612
32.86439588366476	1.941678	1.3934411
32.88266942264945	1.9989952	1.4138583
32.9009438216025	2.0379727	1.4275758
32.9192190811102	1.989593	1.4105294
32.937495201758985	1.9889635	1.4103062
32.95577218413556	1.9939702	1.41208
32.974050028826866	1.9751462	1.405399
32.992328736420035	2.007963	1.417026
33.010608307502444	2.0057824	1.4162564
33.02888874266169	2.0902302	1.4457629
33.047170042485604	2.118858	1.4556298
33.06545220756225	2.086035	1.4443113
33.083735238479896	2.027935	1.4240558
33.10201913582707	1.9863254	1.4093705
33.12030390019248	1.9533838	1.3976351
33.138589532165135	1.9071369	1.3809913
33.15687603233419	1.9265606	1.388006
33.17516340128909	1.9236847	1.3869696
33.19345163961947	1.8889489	1.3743904
33.211740747915215	1.8458592	1.358624
33.23003072676643	1.9373044	1.3918709
33.248321576763466	2.0044422	1.4157833
33.266613298496885	1.9972373	1.4132365
33.28490589255747	1.8110464	1.3457512
33.30319935953626	1.8015562	1.3422207
33.32149370002451	1.8456551	1.3585489
33.339788914613706	1.871512	1.3680322
33.358085003895575	1.8679208	1.366719
33.376381968462034	1.8562365	1.3624377
33.39467980890529	1.7889409	1.337513
33.41297852581774	1.8006774	1.3418932
33.43127811979204	1.8534485	1.3614142
33.44957859142105	1.9382982	1.3922278
33.467879941297866	1.9740635	1.4050137
33.486182170015844	2.0339463	1.4261649
33.50448527816853	1.9899802	1.4106666
33.522789266349754	1.9495149	1.3962502
33.541094135153514	1.9278464	1.3884691
33.55939988517411	1.9117384	1.3826563
33.57770651700602	1.9346642	1.3909221
33.59601403124398	1.9771042	1.4060954
33.61432242848296	2.027248	1.4238145
33.632631709318154	2.0016363	1.414792
33.650941874344994	1.9309175	1.3895745
33.66925292415916	1.881463	1.3716643
33.68756485935654	1.8684863	1.3669258
33.70587768053328	1.9337317	1.3905869
33.724191388285746	2.0543065	1.4332852
33.74250598321054	2.061408	1.4357605
33.760821465904506	2.0123334	1.4185674
33.77913783696474	1.9710735	1.4039493
33.79745509698852	1.9878932	1.4099267
33.815773246573414	2.0519211	1.4324528
33.8340922863172	2.0599232	1.4352432
33.852412216817896	1.9770659	1.4060818
33.87073303867377	1.9637637	1.4013436
33.889054752483304	1.9777156	1.4063128
33.907377358845245	1.9894038	1.4104623
33.92570085835853	1.9739032	1.4049567
33.94402525162239	1.857956	1.3630686
33.96235053923627	1.7975509	1.3407278
33.980676721799824	1.7893	1.3376472
33.999003799912984	1.8607527	1.3640941
34.01733177417592	1.961323	1.4004724
34.03566064518901	1.9259883	1.3877999
34.0539904135529	1.8788931	1.3707272
34.07232107986846	1.8764718	1.3698437
34.090652644736785	1.7899989	1.3379084
34.108985108759235	1.8226128	1.3500417
34.12731847253742	1.9060183	1.3805861
34.14565273667313	2.0385616	1.427782
34.16398790176847	2.1567662	1.4685932
34.18232396842574	1.9775784	1.406264
34.20066093724749	1.8156036	1.3474433
34.21899880883651	1.830561	1.3529823
34.23733758379583	1.9183779	1.3850552
34.25567726272874	2.06106	1.4356393
34.27401784623872	1.9858704	1.4092091
34.29235933492957	1.8289404	1.3523833
34.31070172940526	1.9063962	1.380723
34.32904503027003	1.9703103	1.4036775
34.347389238128386	1.9148688	1.3837879
34.36573435358502	1.9158185	1.384131
34.38408037724492	1.9271736	1.3882267
34.402427309713296	1.9794976	1.4069462
34.42077515159559	1.9433658	1.3940465
34.43912390349752	1.7808597	1.3344885
34.45747356602499	1.8179507	1.348314
34.47582413978423	1.9762657	1.4057971
34.49417562538163	1.8464845	1.3588542
34.51252802342388	1.7735391	1.3317429
34.53088133451789	1.7669619	1.3292712
34.54923555927084	1.8060707	1.3439013
34.567590698290104	1.8961902	1.3770223
34.58594675218336	1.9393305	1.3925985
34.6043037215585	2.0463324	1.4305007
34.62266160702365	2.1518052	1.4669032
34.641020409187234	2.1320064	1.4601392
34.65938012865785	2.058699	1.4348167
34.677740766044394	1.8957102	1.376848
34.69610232195598	1.8047655	1.3434156
34.714464797002016	1.8769072	1.3700026
34.73282819179208	1.8961276	1.3769995
34.751192506936064	1.8019352	1.3423618
34.76955774304408	1.827345	1.3517933
34.7879239007265	1.9774204	1.4062078
34.80629098059391	2.0112195	1.4181747
34.824658983257194	2.0143778	1.4192878
34.843027909327446	2.0211842	1.4216835
34.86139775941603	2.0664895	1.437529
34.879768534134534	2.0706904	1.4389894
34.89814023409483	2.0428624	1.4292874
34.91651285990901	1.783915	1.3356328
34.93488641218944	1.6498368	1.2844597
34.95326089154871	1.8558557	1.3622979
34.97163629859967	2.0962627	1.4478476
34.99001263395542	2.0062432	1.4164191
35.00838989822934	1.9501435	1.3964753
35.02676809203499	1.9641664	1.4014872
35.04514721598624	1.9474351	1.3955053
35.063527270697215	1.8647829	1.3655705
35.081908256782256	1.9051437	1.3802694
35.10029017485597	1.7935447	1.3392328
35.11867302553321	1.9680395	1.4028683
35.137056809429104	1.9616507	1.4005895
35.155441527159006	1.8639436	1.3652632
35.173827179338524	1.9469291	1.395324
35.19221376658354	2.0449297	1.4300104
35.21060128951017	1.941262	1.3932918
35.2289897487348	1.959455	1.3998053
35.24737914487405	1.9431416	1.3939661
35.26576947854479	2.1011717	1.4495419
35.28416075036418	2.0394123	1.42808
35.30255296094958	1.8114173	1.3458891
35.32094611091867	1.8332866	1.3539891
35.33934020088932	2.0388348	1.4278778
35.35773523147969	2.2712667	1.5070722
35.3761312033082	2.3463118	1.5317675
35.394528116993506	1.9981908	1.4135737
35.41292597315452	1.8986745	1.377924
35.431324772410434	1.9095054	1.3818486
35.449724515380666	1.9394344	1.3926358
35.46812520268491	1.6574968	1.287438
35.486526834943106	1.600218	1.2649972
35.504929412775454	1.8937279	1.3761278
35.52333293680242	1.9138244	1.3834105
35.54173740764471	1.878849	1.3707111
35.560142825923286	1.8870361	1.3736943
35.5785491922594	1.886068	1.3733419
35.59695650727454	1.6410298	1.2810268
35.61536477159042	1.1889042	1.0903689
