0.008763373481513119	0.051685803	0.22734512
0.026290120649546365	0.18429624	0.4292974
0.043816868432600686	0.3201403	0.5658094
0.06134361724069026	0.36850333	0.60704476
0.07887036748382949	0.35993066	0.5999422
0.0963971195720331	0.34955266	0.5912298
0.11392387391531617	0.2785793	0.5278061
0.1314506309236943	0.18438587	0.42940176
0.1489773910071836	0.08227727	0.28684014
0.16650415457580078	0.05397448	0.23232408
0.18403092203956356	0.072459534	0.2691831
0.20155769380849	0.105751045	0.32519385
0.2190844702925996	0.14067885	0.3750718
0.2366112519019124	0.17238043	0.41518724
0.2541380390464497	0.14523529	0.38109747
0.27166483213623416	0.1271096	0.35652435
0.28919163158128947	0.14041688	0.3747224
0.3067184377916406	0.1275224	0.35710278
0.324245251177314	0.12671934	0.3559766
0.34177207214833777	0.09761987	0.3124418
0.3592989011147415	0.12115674	0.34807578
0.37682573848655654	0.14825012	0.38503262
0.39435258467381573	0.19990796	0.44711068
0.41187944008655414	0.19178917	0.4379374
0.42940630513480854	0.19838434	0.44540358
0.446933180228618	0.17480254	0.41809395
0.4644600657780234	0.1647906	0.40594408
0.48198696219306775	0.13140905	0.36250386
0.49951386988379676	0.101053715	0.31788948
0.5170407892602581	0.08572522	0.29278868
0.5345677207325025	0.09428977	0.3070664
0.5520946647105822	0.11932896	0.34544024
0.5696216216045534	0.14171192	0.37644643
0.5871485918244737	0.1400734	0.37426382
0.6046755757804043	0.12603417	0.35501292
0.6222025738824094	0.15211532	0.39001963
0.6397295865405557	0.1551135	0.39384452
0.6572566141649129	0.14723368	0.3837104
0.6747836571655547	0.117971435	0.3434697
0.6923107159525568	0.13767828	0.37105024
0.7098377909359992	0.1671221	0.4088057
0.7273648825259653	0.18791169	0.43348783
0.7448919911325411	0.18822594	0.43385014
0.762419117165817	0.14803155	0.38474867
0.7799462610358868	0.1555666	0.3944193
0.7974734231528482	0.14803715	0.38475597
0.8150006039268024	0.15714312	0.39641282
0.8325278037678551	0.16388546	0.40482768
0.8500550230861152	0.16474846	0.40589216
0.8675822622916969	0.17939916	0.42355537
0.8851095217947171	0.2211456	0.47026122
0.9026368020052984	0.24146493	0.49139082
0.9201641033335665	0.22105566	0.47016555
0.9376914261896523	0.19801173	0.4449851
0.9552187709836915	0.18940409	0.4352058
0.9727461381258234	0.18396965	0.42891684
0.990273528026193	0.19883874	0.44591337
1.0078009410949496	0.2069037	0.45486668
1.0253283777422473	0.2258586	0.47524583
1.0428558383782454	0.22974914	0.47932154
1.0603833234131086	0.26200405	0.5118633
1.0779108332570058	0.27912813	0.5283258
1.0954383683201119	0.30489144	0.55216974
1.112965929012607	0.37235874	0.610212
1.1304935157446763	0.48985767	0.6998983
1.1480211289265108	0.5340674	0.73079914
1.1655487689683062	1.2479287	1.1171073
1.1830764362802655	1.4820117	1.217379
1.200604131272596	1.9701867	1.4036334
1.2181318543555117	2.5175207	1.5866697
1.235659605939232	2.5015888	1.5816412
1.253187386433982	3.9289331	1.9821537
1.270715196249994	6.1699424	2.4839368
1.2882430357975057	11.777703	3.431866
1.3057709054867608	16.687696	4.0850577
1.3232988057280106	22.458029	4.7389903
1.3408267369315112	27.33815	5.2285895
1.358354699507526	30.932785	5.561725
1.3758826938663256	34.8807	5.905988
1.3934107204181858	36.85802	6.0710807
1.410938779573391	37.50016	6.1237373
1.4284668717422309	38.226986	6.1827974
1.4459949973350033	37.549023	6.1277256
1.4635231567620117	37.568653	6.1293273
1.4810513504335687	36.606575	6.050337
1.4985795787599925	36.04922	6.0041003
1.5161078421516088	35.966934	5.997244
1.5336361410187505	35.28376	5.9400134
1.5511644757717598	35.39856	5.949669
1.5686928468209842	35.87529	5.9895983
1.58622125457678	36.157635	6.013122
1.6037496994495108	37.55632	6.128321
1.621278181849548	37.576176	6.129941
1.6388067021872719	38.045094	6.1680703
1.6563352608730693	37.611885	6.132853
1.673863858317336	36.44898	6.037299
1.6913924949304753	35.971176	5.9975977
1.7089211711228998	34.883167	5.9061975
1.7264498873050296	34.279305	5.854853
1.7439786438872935	32.973297	5.742238
1.7615074412801288	31.925625	5.6502767
1.779036279893981	30.922571	5.5608068
1.796565160139305	30.056528	5.4823833
1.814094082426564	29.729412	5.4524684
1.8316230471662298	29.258507	5.4091134
1.849152054768784	28.39617	5.3288054
1.8666811056447168	27.741735	5.267042
1.8842102002045273	26.838547	5.1805935
1.901739338858724	26.394104	5.1375194
1.9192685220178245	25.742603	5.073717
1.9367977500923557	24.986284	4.998628
1.9543270234928547	24.530434	4.952821
1.971856342629867	23.934198	4.892259
1.9893857079139496	23.314625	4.828522
2.006915119755667	22.760427	4.770789
2.0244445785655945	22.264816	4.7185607
2.0419740847543175	21.937252	4.683722
2.0595036387324317	21.638561	4.6517267
2.0770332409105414	21.236399	4.608297
2.094562891699263	20.759743	4.556286
2.1120925915092217	20.154755	4.4894047
2.129622340751053	19.780827	4.447564
2.1471521398354043	188.0421	13.712844
2.1646819891729323	444.522	21.08369
2.182211889174303	440.80875	20.995445
2.1997418402501974	453.05798	21.285158
2.2172718428113023	432.94263	20.807274
2.234801897268317	320.7635	17.909872
2.2523320040319548	17.310957	4.1606436
2.269862163512935	16.993273	4.1222897
2.287392376121992	16.789557	4.097506
2.304922642269869	16.382135	4.047485
2.322452962367322	15.980571	3.9975705
2.3399833368251164	15.623869	3.952704
2.357513766054032	15.350716	3.917999
2.3750442504648586	15.229033	3.9024394
2.3925747904683963	14.964207	3.8683598
2.410105386475459	14.632906	3.825298
2.4276360388968707	14.188314	3.766738
2.445166748143469	14.156896	3.7625651
2.4626975146261025	13.858886	3.7227523
2.4802283387556323	13.78707	3.7130945
2.4977592209429305	13.510603	3.6756773
2.5152901615988825	13.272714	3.6431735
2.5328211611343865	13.028725	3.6095324
2.5503522199603523	12.768385	3.5732877
2.5678833384877024	12.582963	3.5472472
2.5854145171273712	12.4657135	3.5306818
2.6029457562903064	12.17257	3.4889212
2.620477056387469	11.960196	3.4583516
2.6380084178298326	11.746276	3.427284
2.655539841028383	11.61065	3.4074404
2.673071326394119	11.499539	3.391097
2.6906028743380523	11.306293	3.362483
2.708134485271211	11.237012	3.3521652
2.7256661596046325	11.019142	3.3195093
2.743197897749369	10.730269	3.275709
2.760729700116486	10.564104	3.2502468
2.778261567117063	10.376995	3.2213345
2.795793499162193	10.190494	3.1922553
2.8133254966629817	9.909308	3.1479053
2.830857560030551	9.665356	3.1089156
2.8483896896760337	9.651004	3.1066065
2.865921886010578	9.710024	3.116091
2.883454149445347	9.715357	3.1169467
2.9009864803915177	9.560131	3.0919461
2.91851887926028	9.342554	3.056559
2.9360513464628384	9.164264	3.0272534
2.953583882410413	9.076354	3.012699
2.9711164875142373	8.971265	2.995207
2.9886491621855606	8.855954	2.9758956
3.0061819068356455	8.644715	2.9401896
3.023714721875769	8.485042	2.9129095
3.041247607717225	8.297518	2.8805413
3.0587805647713213	8.054902	2.838116
3.0763135934493806	8.045646	2.8364847
3.0938466941627407	8.078394	2.8422515
3.1113798673227544	8.13315	2.851868
3.1289131133407904	8.103809	2.846719
3.1464464326282315	7.939001	2.8176234
3.1639798255964786	7.75362	2.7845323
3.1815132926569443	7.6003046	2.756865
3.1990468342210603	7.4373164	2.7271445
3.216580450700272	7.308595	2.7034414
3.2341141425060416	7.238468	2.6904402
3.251647910049847	7.2323885	2.68931
3.2691817537431813	7.2260447	2.6881304
3.286715673997555	7.1623616	2.6762588
3.3042496712244938	7.0768375	2.6602325
3.32178374583554	6.9960585	2.6450064
3.339317898242251	6.9099865	2.6286852
3.3568521288562034	6.865189	2.6201506
3.3743864380889876	6.7830215	2.6044235
3.3919208263522127	6.730412	2.5943038
3.4094552940575023	6.5597954	2.5612097
3.4269898416164972	6.452595	2.540196
3.444524469440858	6.3494515	2.5198119
3.4620591779422587	6.459012	2.5414586
3.479593967532391	6.538139	2.5569785
3.4971288386229658	6.5212393	2.5536718
3.5146637916257086	6.362906	2.52248
3.5321988269523628	6.3650827	2.5229115
3.5497339450146903	6.289358	2.5078592
3.5672691462244708	6.334978	2.5169382
3.5848044309934988	6.301047	2.5101886
3.60233979973359	6.204422	2.4908676
3.619875252856575	6.0906825	2.4679308
3.6374107907743034	6.0788765	2.4655378
3.6549464138986427	6.1882086	2.487611
3.6724821226414788	6.220796	2.4941523
3.690017917414714	6.3760037	2.525075
3.7075537986302702	6.4018955	2.5301967
3.7250897667000857	6.5088234	2.5512395
3.7426258220361235	6.6888614	2.5862832
3.7601619650503553	7.0004053	2.645828
3.777698196154779	7.408068	2.7217767
3.7952345157614067	8.542334	2.922727
3.8127709242822716	9.294504	3.048689
3.830307422129425	11.43109	3.3809896
3.847844009714936	30.044464	5.481283
3.8653806874508954	97.497635	9.874089
3.882917455749409	96.798546	9.838625
3.900454315022606	96.52664	9.824798
3.917991265682631	41.11969	6.4124637
3.9355283081416506	10.821346	3.2895815
3.9530654428118495	8.81521	2.969042
3.970602670105433	7.739611	2.7820156
3.9881399904346244	6.7872725	2.6052394
4.005677404211669	6.574015	2.5639842
4.023214911848827	6.3462124	2.519169
4.0407525137583855	6.3668303	2.523258
4.058290210352644	6.4168377	2.5331478
4.075828002043927	6.35436	2.5207856
4.0933658892445814	6.312151	2.5123994
4.110903872366966	6.2742486	2.5048451
4.128441951823468	6.2658978	2.5031776
4.145980128026488	6.294271	2.5088387
4.163518401388452	6.3414493	2.5182235
4.181056772321807	6.2682595	2.5036492
4.1985952412390155	6.2456245	2.4991248
4.216133808552567	6.23904	2.497807
4.233672474674966	6.3178625	2.513536
4.251211240018741	6.426064	2.5349681
4.268750104996445	6.6282024	2.5745296
4.286289070020643	7.45899	2.731115
4.303828135503928	9.1149235	3.019093
4.3213673018589125	29.486954	5.430189
4.3389065694982305	90.67008	9.522084
4.356445938834537	165.90727	12.8805
4.3739854102805085	171.53598	13.097175
4.391524984248844	172.42162	13.130941
4.409064661152262	136.71347	11.692453
4.426604441403504	97.03211	9.850488
4.444144325415337	76.11329	8.724293
4.461684313600543	22.030611	4.693678
4.47922440637193	22.400656	4.732933
4.496764604142329	20.678835	4.5473986
4.5143049073245916	18.91403	4.349026
4.531845316331589	16.679066	4.084001
4.5493858315762195	13.691116	3.700151
4.566926453471405	11.297634	3.3611953
4.584467182430081	9.258196	3.0427284
4.602008018865218	8.1641	2.8572888
4.619548963189798	7.417033	2.723423
4.637090015816834	6.887176	2.624343
4.654631177159353	6.6923466	2.586957
4.672172447630417	6.4735813	2.5443234
4.689713827643102	6.3404784	2.5180306
4.7072553176105085	6.0781875	2.465398
4.724796917945764	5.8885655	2.4266367
4.742338629062015	5.836849	2.4159572
4.759880451372434	5.787209	2.4056618
4.777422385290215	5.7592907	2.3998523
4.794964431228581	5.743688	2.3965993
4.812506589600768	5.6093497	2.3684065
4.830048860820047	5.530558	2.351714
4.847591245299709	5.4660254	2.3379533
4.8651337434530655	5.533337	2.3523047
4.882676355693457	5.5807986	2.3623714
4.900219082434242	5.5707817	2.3602502
4.917761924088813	5.484919	2.3419905
4.935304881070575	5.4335423	2.330996
4.952847953792969	5.4132004	2.3266284
4.970391142669449	5.384652	2.3204854
4.9879344481135055	5.398274	2.3234186
5.005477870538642	5.3761797	2.318659
5.023021410358394	5.4077706	2.3254614
5.040565067986324	5.3939962	2.3224978
5.05810884383601	5.407092	2.3253155
5.075652738321066	5.41369	2.3267338
5.09319675185512	5.3915825	2.321978
5.110740884851836	5.342585	2.3114033
5.128285137724894	5.309807	2.3043017
5.145829510888007	5.307828	2.3038723
5.163374004754908	5.332371	2.3091927
5.1809186197393595	5.3424416	2.3113723
5.198463356255145	5.3431168	2.3115182
5.216008214716077	5.3129106	2.3049753
5.233553195535998	5.2803807	2.2979078
5.251098299128764	5.2854176	2.2990036
5.268643525908272	5.3499002	2.3129852
5.286188876288432	5.3921256	2.3220952
5.3037343506831895	5.3767443	2.3187807
5.32127994950651	5.329071	2.308478
5.3388256731723915	5.242912	2.2897406
5.356371522094851	5.184871	2.2770312
5.373917496687938	5.226382	2.286128
5.391463597365729	5.221817	2.2851295
5.40900982454232	5.235506	2.288123
5.426556178631843	5.2075276	2.2820008
5.444102660048449	5.207253	2.2819407
5.4616492692063225	5.2485075	2.2909622
5.479196006519669	5.2733526	2.2963781
5.496742872402727	5.272944	2.2962892
5.514289867269756	5.2116914	2.282913
5.531836991535049	5.154838	2.2704268
5.549384245612924	5.1433535	2.2678962
5.566931629917724	5.101744	2.2587042
5.584479144863822	5.098579	2.2580032
5.6020267908656205	5.089732	2.2560434
5.619574568337545	5.157594	2.2710338
5.637122477694054	5.2634087	2.294212
5.654670519349629	5.264936	2.294545
5.672218693718784	5.193343	2.2788908
5.689767001216059	5.1394215	2.2670293
5.707315442256021	5.140402	2.2672455
5.724864017253266	5.1672935	2.273168
5.7424127266224225	5.2134256	2.2832928
5.75996157077814	5.1964154	2.2795649
5.777510550135105	5.1760764	2.2750993
5.795059665108022	5.1615224	2.2718985
5.812608916111639	5.1184306	2.262395
5.830158303560715	5.2766232	2.29709
5.847707827870055	5.369476	2.317213
5.86525748945448	5.5024886	2.3457384
5.8828072887288485	5.6188207	2.3704052
5.900357226108044	5.6538296	2.3777783
5.917907302006979	5.6549783	2.3780198
5.9354575168406	6.1566563	2.481261
5.9530078710238765	6.736963	2.595566
5.970558364971812	7.306822	2.7031133
5.988108999099438	7.636327	2.7633905
6.005659773821818	8.17379	2.858984
6.023210689554039	7.9396725	2.8177423
6.040761746711227	8.304304	2.8817189
6.058312945708531	7.65018	2.7658958
6.075864286961132	7.214198	2.685926
6.093415770884244	6.5971017	2.5684824
6.1109673978931065	6.1164093	2.4731376
6.128519168402993	5.5364823	2.352973
6.146071082829204	5.369001	2.3171105
6.163623141587075	5.2525625	2.291847
6.181175345091969	5.1828284	2.2765827
6.198727693759281	5.141979	2.2675934
6.216280188004435	5.1088734	2.2602818
6.233832828242885	5.112799	2.26115
6.251385614890126	5.1542387	2.270295
6.268938548361669	5.1645775	2.2725706
6.286491629073067	5.127871	2.2644804
6.304044857439898	5.0898423	2.256068
6.321598233877777	5.00473	2.2371254
6.339151758802344	5.021819	2.2409415
6.356705432629277	5.013917	2.2391777
6.37425925577428	4.993336	2.2345774
6.391813228653095	4.9829454	2.2322512
6.409367351681486	4.9559956	2.2262065
6.426921625275259	4.9708843	2.229548
6.44447604985025	4.9592795	2.226944
6.46203062582232	4.9410515	2.2228477
6.47958535360737	4.8826437	2.2096705
6.497140233621328	4.8931017	2.2120357
6.514695266280161	4.9092917	2.215692
6.532250451999859	4.9113235	2.2161505
6.549805791196454	4.96532	2.2282999
6.567361284286002	5.0524526	2.247766
6.584916931684597	5.068533	2.2513402
6.602472733808367	5.003969	2.2369554
6.6200286910734665	4.9190474	2.2178926
6.637584803896092	4.9590163	2.2268848
6.655141072692462	4.9433227	2.2233584
6.672697497878842	4.953534	2.2256536
6.690254079871514	4.923088	2.2188034
6.707810819086808	4.912824	2.216489
6.725367715941078	4.8968625	2.2128856
6.742924770850719	4.907439	2.215274
6.760481984232151	4.958933	2.2268662
6.778039356501836	5.005685	2.2373388
6.795596888076266	5.072883	2.2523062
6.813154579371963	5.022263	2.2410407
6.830712430805492	5.0307565	2.2429347
6.84827044279344	5.05906	2.2492354
6.865828615752445	5.0875964	2.2555702
6.883386950099159	5.125467	2.2639494
6.900945446250287	5.1176543	2.2622232
6.918504104622553	5.112653	2.2611177
6.936062925632727	5.068446	2.251321
6.953621909697607	4.996196	2.235217
6.971181057234028	5.0008464	2.2362573
6.988740368658859	5.1059275	2.25963
7.006299844389007	5.212306	2.2830474
7.023859484841407	5.263999	2.2943406
7.041419290433036	5.33236	2.3091903
7.058979261580902	5.3982444	2.3234122
7.0765393987020495	5.67905	2.3830757
7.094099702213559	6.0556145	2.460816
7.111660172532549	6.4636106	2.5423632
7.129220810076164	6.884988	2.623926
7.146781615261595	7.4840236	2.7356944
7.16434258850606	7.69357	2.7737286
7.181903730226821	8.121148	2.849763
7.1994650408411704	8.1704	2.858391
7.217026520766437	8.338996	2.887732
7.234588170419983	8.559933	2.9257362
7.252149990219215	8.57387	2.928117
7.269711980581568	8.471386	2.9105647
7.2872741419245175	8.224866	2.8679028
7.304836474665574	7.819255	2.796293
7.322398979222286	7.4711685	2.7333438
7.339961656012233	7.1904635	2.681504
7.357524505453039	6.832045	2.6138182
7.375087527962357	6.531615	2.5557024
7.392650723957886	6.233894	2.4967766
7.410214093857353	5.9445343	2.4381416
7.427777638078528	5.736231	2.395043
7.445341357039213	5.5585065	2.3576486
7.4629052511572525	5.422895	2.328711
7.480469320850524	5.3552485	2.314141
7.498033566536948	5.2488427	2.2910352
7.5155979886344735	5.1176257	2.262217
7.5331625875610975	5.06895	2.251433
7.550727363734844	5.044066	2.2459
7.568292317573788	5.137448	2.266594
7.585857449496025	5.13315	2.2656457
7.603422759919705	5.124218	2.2636735
7.620988249263007	5.153845	2.2702081
7.638553917944147	5.1891685	2.2779746
7.656119766381391	5.2345366	2.287911
7.673685794993023	5.233759	2.287741
7.691252004197388	5.2514358	2.2916012
7.70881839441285	5.1784186	2.2756138
7.726384966057826	5.1825166	2.276514
7.743951719550762	5.149725	2.2693005
7.761518655310149	5.174632	2.2747817
7.779085773754511	5.1511664	2.269618
7.796653075302419	5.201553	2.2806914
7.814220560372475	5.221353	2.285028
7.831788229383323	5.226746	2.2862077
7.8493560827536495	5.3022346	2.302658
7.866924120902174	5.3793454	2.3193417
7.884492344247663	5.50523	2.3463225
7.9020607532089135	5.4866905	2.3423686
7.919629348204771	5.3965054	2.3230379
7.937198129654115	5.393986	2.3224957
7.954767097975865	5.3938437	2.322465
7.972336253588986	5.445809	2.3336258
7.989905596912472	5.4477353	2.3340385
8.007475128365371	5.4325485	2.330783
8.025044848366756	5.4609175	2.3368607
8.042614757335754	5.597921	2.3659925
8.060184855691523	5.6437182	2.3756511
8.07775514385327	5.756376	2.3992448
8.095325622240228	5.765668	2.4011805
8.112896291271687	5.8208733	2.4126487
8.130467151366968	5.889141	2.4267552
8.148038202945436	5.8667865	2.4221451
8.165609446426497	5.8400626	2.4166222
8.183180882229594	5.8997154	2.428933
8.200752510774217	5.9196258	2.4330282
8.218324332479893	5.9382854	2.4368598
8.235896347766193	5.9407535	2.437366
8.253468557052724	6.003278	2.4501588
8.27104096075914	6.0341077	2.456442
8.288613559305137	6.087398	2.4672654
8.306186353110448	6.154232	2.4807725
8.32375934259485	6.210251	2.4920375
8.341332528178162	6.2594047	2.5018802
8.358905910280246	6.303028	2.5105832
8.376479489321003	6.29811	2.5096035
8.394053265720377	6.2946653	2.508917
8.411627239898356	6.24119	2.4982374
8.42920141227497	6.2262936	2.4952543
8.44677578327029	6.228813	2.495759
8.464350353304427	6.2614174	2.5022824
8.48192512279754	6.264286	2.5028555
8.499500092169827	6.2785873	2.5057108
8.51707526184153	6.281698	2.5063317
8.534650632232934	6.2127867	2.4925463
8.552226203764365	6.1458535	2.4790833
8.569801976856192	6.113729	2.4725957
8.587377951928834	6.1326447	2.4764178
8.60495412940274	6.2246456	2.494924
8.622530509698416	6.289142	2.5078163
8.6401070932364	6.501191	2.5497434
8.657683880437283	6.579957	2.5651426
8.675260871721695	6.6978145	2.5880136
8.692838067510303	6.8783774	2.6226661
8.710415468223834	7.063213	2.6576705
8.727993074283043	7.1977615	2.6828644
8.745570886108737	7.124297	2.669138
8.763148904121765	7.132915	2.6707518
8.78072712874302	7.113576	2.6671288
8.798305560393441	7.381255	2.7168465
8.815884199494006	7.5219812	2.742623
8.833463046465745	7.731077	2.7804816
8.851042101729728	7.8525677	2.8022432
8.86862136570707	8.115045	2.8486917
8.886200838818924	8.287806	2.878855
8.903780521486505	8.292263	2.879629
8.921360414131055	8.501307	2.9157
8.938940517173874	8.627801	2.937312
8.956520831036297	8.749398	2.9579382
8.97410135613971	8.955137	2.9925134
8.99168209290554	9.066511	3.0110648
9.009263041755265	9.377806	3.0623202
9.026844203110405	9.660672	3.1081622
9.044425577392525	9.884587	3.1439764
9.062007165023239	9.970491	3.1576085
9.079588966424197	10.29244	3.2081833
9.097170982017108	10.5014515	3.2405944
9.11475321222372	11.351456	3.3691921
9.132335657465825	12.098767	3.4783282
9.149918318165264	12.062506	3.4731119
9.167501194743924	12.716106	3.565965
9.18508428762374	12.455148	3.529185
9.202667597226693	12.468682	3.5311022
9.220251123974803	12.114036	3.4805224
9.237834868290143	11.799999	3.4351127
9.255418830594836	11.565048	3.4007423
9.273003011311046	11.083134	3.329134
9.290587410860985	10.969124	3.3119667
9.308172029666911	10.42906	3.2294054
9.32575686815113	10.137545	3.1839511
9.343341926735997	8.80634	2.967548
9.360927205843916	8.468491	2.910067
9.378512705897327	8.189316	2.8616982
9.396098427318728	7.936026	2.8170953
9.413684370530664	7.8930635	2.8094597
9.431270535955722	7.822538	2.79688
9.448856924016539	7.787465	2.790603
9.466443535135806	7.660924	2.7678375
9.484030369736251	7.6653934	2.7686446
9.501617428240658	7.691799	2.7734094
9.519204711071852	7.7929864	2.7915921
9.536792218652714	7.874616	2.8061748
9.55437995140617	7.8464484	2.8011513
9.571967909755191	7.824953	2.7973118
9.589556094122802	7.836425	2.7993615
9.60714450493207	7.819151	2.7962744
9.624733142606116	7.8878717	2.8085356
9.642322007568108	7.961945	2.821692
9.659911100241267	7.991272	2.8268838
9.677500421048851	7.982794	2.825384
9.695089970414175	8.005597	2.8294163
9.712679748760609	8.01993	2.831948
9.730269756511557	8.060877	2.8391683
9.747859994090492	8.071001	2.8409507
9.765450461920915	8.099872	2.8460274
9.78304116042639	8.225767	2.8680599
9.800632090030527	8.383032	2.8953466
9.81822325115699	8.429247	2.9033165
9.835814644229481	8.347285	2.8891668
9.853406269671762	8.2582655	2.8737197
9.870998127907646	8.23973	2.870493
9.888590219360985	8.26794	2.8754025
9.906182544455698	8.291772	2.8795438
9.923775103615734	8.253095	2.87282
9.941367897265108	8.251247	2.8724985
9.958960925827878	8.31773	2.8840475
9.97655418972816	8.310735	2.8828344
9.994147689390106	8.28928	2.879111
10.011741425237934	8.2448845	2.8713906
10.029335397695904	8.200633	2.8636746
10.04692960718833	8.24333	2.87112
10.06452405413958	8.247017	2.871762
10.082118738974064	8.236403	2.8699136
10.099713662116246	8.155315	2.8557513
10.117308823990651	8.193686	2.8624613
10.134904225021844	8.234657	2.8696094
10.152499865634445	8.290657	2.8793502
10.170095746253125	8.305712	2.8819633
10.18769186730261	8.226345	2.8681605
10.205288229207675	8.252542	2.8727238
10.222884832393145	8.214985	2.8661795
10.2404816772839	8.178174	2.8597507
10.258078764304868	8.170535	2.858415
10.275676093881035	8.056364	2.8383734
10.293273666437438	8.016808	2.8313968
10.310871482399158	8.051228	2.8374686
10.32846954219134	8.087327	2.8438227
10.346067846239173	8.10547	2.8470106
10.363666394967908	8.118041	2.8492177
10.38126518880283	8.127644	2.8509023
10.398864228169298	8.241409	2.8707855
10.416463513492713	8.275584	2.8767316
10.434063045198531	8.227554	2.8683715
10.451662823712262	8.151793	2.8551345
10.469262849459467	8.191256	2.862037
10.486863122865758	8.124118	2.8502839
10.504463644356806	8.097567	2.8456223
10.522064414358338	7.9647217	2.8221838
10.539665433296118	7.878317	2.806834
10.557266701595987	7.8836074	2.8077762
10.574868219683818	7.8159304	2.7956986
10.592469987985552	7.763326	2.7862747
10.610072006927185	7.6601415	2.7676961
10.627674276934751	7.623102	2.7609966
10.64527679843435	7.4179597	2.7235932
10.662879571852143	7.2418013	2.6910596
10.680482597614331	7.0798016	2.6607897
10.698085876147173	7.0413446	2.6535532
10.715689407876988	7.0023665	2.6461985
10.733293193230146	6.926401	2.6318057
10.750897232633072	6.7416058	2.5964603
10.76850152651225	6.6672187	2.5820959
10.786106075294207	6.6222024	2.573364
10.803710879405534	6.560132	2.5612755
10.821315939272877	6.4674373	2.5431156
10.83892125532294	6.350658	2.5200512
10.856526827982472	6.3299894	2.515947
10.874132657678285	6.348805	2.5196836
10.891738744837243	6.356695	2.5212488
10.909345089886271	6.2374635	2.4974914
10.926951693252343	6.0722556	2.4641948
10.944558555362494	5.9447074	2.438177
10.96216567664381	5.825176	2.4135401
10.979773057523436	5.797677	2.4078367
10.997380698428573	5.762742	2.400571
11.014988599786477	5.756483	2.3992672
11.032596762024461	5.7272086	2.3931587
11.050205185569892	5.6786323	2.382988
11.067813870850198	5.6675587	2.3806634
11.085422818292859	5.58072	2.3623548
11.10303202832541	5.454523	2.3354921
11.120641501375454	5.3682694	2.3169527
11.138251237870636	5.268438	2.2953079
11.155861238238671	5.27025	2.2957025
11.173471502907317	5.223375	2.2854705
11.191082032304402	5.1459584	2.2684705
11.208692826857805	5.0309806	2.2429848
11.226303886995465	5.015107	2.2394435
11.243915213145371	4.9694705	2.2292309
11.261526805735578	4.9166255	2.2173464
11.279138665194196	4.8126016	2.1937642
11.296750791949393	4.825288	2.1966538
11.314363186429393	4.8001523	2.190925
11.331975849062479	4.7908387	2.1887984
11.34958878027699	4.6688313	2.1607478
11.36720198050133	4.569758	2.1376991
11.384815450163948	4.467972	2.1137578
11.402429189693366	4.4063425	2.099129
11.420043199518153	4.4050612	2.0988238
11.437657480066942	63.45868	7.9660954
11.455272031768422	85.21252	9.231063
11.472886855051353	107.620766	10.3740425
11.490501950344528	99.21381	9.960613
11.508117318076819	84.51764	9.193348
11.52573295867715	45.913265	6.775933
11.543348872574514	4.1771407	2.0438054
11.560965060197946	4.1452894	2.0359983
11.57858152197655	4.110401	2.0274124
11.59619825833949	4.041031	2.0102315
11.613815269715985	3.981423	1.9953504
11.631432556535323	38.517483	6.2062454
11.649050119226837	83.095726	9.115685
11.666667958219929	93.53085	9.671135
11.68428607394406	107.75664	10.3805895
11.701904466828756	82.59659	9.088266
11.719523137303586	65.43022	8.088895
11.737142085798196	4.6894917	2.1655235
11.754761312742286	3.8194206	1.9543338
11.772380818565619	3.7755883	1.9430873
11.790000603698015	3.6874435	1.9202718
11.80762066856935	3.6294274	1.9051056
11.825241013609572	3.5915287	1.8951329
11.842861639248683	3.5241554	1.8772734
11.860482545916748	3.4546986	1.8586819
11.878103734043883	3.4730716	1.8636179
11.895725204060282	3.488164	1.8676627
11.91334695639619	3.46088	1.860344
11.930968991481919	3.404257	1.8450629
11.948591309747824	3.336468	1.8266001
11.966213911624347	3.3240929	1.8232095
11.98383679754198	3.2958572	1.8154496
12.001459967931268	3.304301	1.8177737
12.019083423222835	3.283002	1.8119056
12.036707163847352	3.28403	1.8121892
12.05433119023556	3.3157334	1.8209156
12.071955502818259	3.3299253	1.8248082
12.089580102026313	3.2339435	1.7983168
12.107204988290643	3.137286	1.7712386
12.12483016204224	3.1000407	1.7606932
12.142455623712152	3.1454692	1.773547
12.16008137373149	3.1511388	1.7751447
12.177707412531431	3.0972147	1.7598906
12.19533374054321	3.0705814	1.7523074
12.212960358198126	3.0636475	1.7503278
12.230587265927545	3.0361073	1.742443
12.248214464162889	2.9988892	1.7317301
12.265841953335649	2.9900644	1.7291802
12.283469733877375	3.0344985	1.7419811
12.301097806219685	3.031935	1.7412453
12.31872617079425	3.020132	1.7378527
12.336354828032825	2.984611	1.7276027
12.353983778367205	2.9435349	1.7156733
12.371613022229262	2.9555016	1.7191572
12.389242560050928	2.9180052	1.708217
12.406872392264201	2.8758965	1.6958468
12.424502519301143	2.8691697	1.6938623
12.442132941593874	2.841181	1.6855804
12.459763659574586	2.8733428	1.6950938
12.477394673675532	2.8671608	1.6932693
12.49502598432903	2.859698	1.6910641
12.51265759196746	2.8309681	1.6825482
12.530289497023267	2.8245225	1.6806315
12.547921699928967	2.7834952	1.668381
12.565554201117134	2.809388	1.6761229
12.583187001020404	2.7615268	1.6617842
12.600820100071486	2.7648256	1.6627765
12.618453498703152	2.774999	1.6658328
12.636087197348235	2.7994254	1.6731484
12.65372119643964	2.8050187	1.674819
12.671355496410326	2.7994742	1.6731629
12.68899009769333	2.8283732	1.6817768
12.706625000721749	2.8571599	1.6903136
12.724260205928752	2.914706	1.707251
12.741895713747551	2.9465318	1.7165464
12.759531524611454	2.9688473	1.7230343
12.777167638953818	2.956496	1.7194464
12.794804057208072	2.959501	1.72032
12.812440779807702	3.0008976	1.7323099
12.830077807186271	3.1742926	1.7816545
12.847715139777405	3.2215564	1.7948694
12.865352778014795	3.4690294	1.8625331
12.882990722332197	3.5773985	1.8914012
12.90062897316344	3.6828754	1.9190819
12.918267530942412	3.786238	1.9458258
12.935906396103071	3.6793778	1.9181705
12.953545569079449	3.892814	1.9730215
12.971185050305628	3.6791599	1.9181136
12.988824840215775	3.6368213	1.9070451
13.006464939244115	3.5648415	1.8880788
13.024105347824943	3.386945	1.8403654
13.041746066392617	3.5235689	1.8771172
13.05938709538157	3.3530707	1.8311392
13.077028435226296	3.407954	1.8460644
13.094670086361363	3.327222	1.8240675
13.112312049221401	3.2320576	1.7977924
13.129954324241112	3.1204011	1.7664657
13.147596911855258	2.9175959	1.7080971
13.165239812498685	2.894814	1.7014153
13.182883026606293	2.837031	1.6843488
13.200526554613058	2.7544456	1.6596522
13.218170396954017	2.7480776	1.6577327
13.235814554064284	2.7290888	1.6519954
13.253459026379034	2.7543898	1.6596354
13.271103814333523	2.7216694	1.6497483
13.288748918363058	2.7103631	1.6463181
13.306394338903031	2.6964917	1.6420997
13.32404007638889	2.6857743	1.6388332
13.341686131256164	2.706516	1.6451492
13.359332503940449	2.6524704	1.6286407
13.376979194877402	2.6474314	1.627093
13.394626204502751	2.6658628	1.632747
13.412273533252307	2.7119772	1.6468081
13.429921181561937	2.713533	1.6472805
13.447569149867581	2.731821	1.6528221
13.465217438605247	2.7089028	1.6458745
13.482866048211022	2.6789565	1.6367518
13.500514979121052	2.659818	1.6308948
13.518164231771568	2.6167347	1.6176325
13.535813806598844	2.6672535	1.6331729
13.553463704039254	2.6899073	1.6400937
13.571113924529229	2.7297635	1.6521996
13.588764468505275	2.7086477	1.645797
13.606415336403956	2.7132697	1.6472006
13.624066528661917	2.739332	1.6550927
13.641718045715882	2.7936218	1.6714131
13.659369888002635	2.838892	1.6849012
13.67702205595903	2.8877995	1.6993526
13.694674550021993	2.9646676	1.721821
13.712327370628532	3.0511532	1.746755
13.729980518215713	3.1103868	1.7636288
13.747633993220681	3.1672845	1.7796866
13.765287796080647	3.202765	1.7896271
13.7829419272329	3.2640176	1.8066592
13.800596387114801	3.2710793	1.8086126
13.818251176163775	3.3145204	1.8205824
13.835906294817324	3.3893237	1.8410116
13.853561743513023	3.4636507	1.8610886
13.871217522688525	3.4990284	1.870569
13.888873632781538	3.5113194	1.8738515
13.906530074229858	3.530725	1.8790224
13.92418684747135	3.594752	1.8959831
13.941843952943948	3.6063168	1.8990304
13.959501391085665	3.533752	1.8798276
13.977159162334578	3.4313843	1.8523996
13.994817267128846	3.374612	1.8370117
14.012475705906693	3.273457	1.8092698
14.030134479106424	3.2079837	1.7910845
14.047793587166414	3.118122	1.7658205
14.065453030525108	3.0616524	1.7497578
14.083112809621026	2.9997199	1.73197
14.100772924892766	2.9574025	1.71971
14.118433376778997	2.9347587	1.7131138
14.136094165718458	2.8790998	1.696791
14.153755292149969	2.8123488	1.6770059
14.171416756512416	2.745496	1.6569538
14.189078559244768	2.6580064	1.6303394
14.20674070078606	2.6000218	1.6124583
14.224403181575408	2.5493577	1.5966707
14.242066002051999	2.5035367	1.5822568
14.259729162655093	2.4679115	1.5709587
14.277392663824022	2.4271662	1.5579365
14.295056505998208	2.416158	1.5543995
14.312720689617128	2.39367	1.5471491
14.330385215120348	2.3819854	1.5433682
14.348050082947497	2.372099	1.540162
14.3657152935383	2.3877125	1.5452225
14.383380847332528	2.3983123	1.5486486
14.401046744770051	2.4105692	1.5526007
14.418712986290798	2.3953748	1.5476998
14.436379572334793	2.3951418	1.5476246
14.454046503342123	2.3995962	1.549063
14.471713779752946	2.3989134	1.5488425
14.489381402007504	2.391324	1.5463907
14.507049370546113	2.3762498	1.5415089
14.524717685809168	2.4050498	1.5508223
14.542386348237134	2.3898427	1.5459117
14.560055358270553	2.3838956	1.5439869
14.577724716350051	2.3771892	1.5418136
14.595394422916325	2.3663445	1.5382928
14.61306447841015	2.4234102	1.5567306
14.63073488327237	2.4748416	1.5731629
14.648405637943917	2.5317857	1.5911586
14.6660767428658	2.5092704	1.5840677
14.683748198479094	2.5452008	1.5953685
14.701420005224954	2.624589	1.6200583
14.719092163544628	2.7061796	1.645047
14.73676467387942	2.7448714	1.6567653
14.754437536670727	2.7157123	1.6479418
14.772110752360014	2.6661649	1.6328396
14.78978432138882	2.6419818	1.6254175
14.807458244198777	2.6644225	1.6323059
14.82513252123159	2.6951077	1.6416783
14.842807152929028	2.6966105	1.642136
14.860482139732962	2.6676257	1.6332867
14.87815748208531	2.647381	1.6270775
14.8958331804281	2.6790006	1.6367652
14.91350923520342	2.663829	1.6321241
14.931185646853438	2.6944923	1.6414909
14.948862415820408	2.6657896	1.6327246
14.966539542546656	2.6861107	1.6389358
14.98421702747459	2.6530817	1.6288283
15.001894871046696	2.6663752	1.6329039
15.019573073705542	2.6439114	1.6260109
15.037251635893766	2.622035	1.6192698
15.054930558054092	2.6494975	1.6277277
15.072609840629323	2.7363315	1.654186
15.090289484062351	2.936384	1.713588
15.107969488796124	3.2369876	1.799163
15.125649855273691	3.6267483	1.9044024
15.14333058393817	4.104183	2.0258784
15.161011675232768	4.989596	2.2337403
15.17869312960076	6.3355355	2.517049
15.196374947485506	8.164681	2.8573906
15.214057129330447	11.225683	3.350475
15.231739675579114	15.742768	3.9677157
15.249422586675102	20.783686	4.5589128
15.267105863062092	23.959063	4.8947997
15.284789505183847	24.299536	4.9294558
15.302473513484218	22.150179	4.7063975
15.320157888407127	18.517637	4.3032126
15.337842630396578	14.457419	3.8022914
15.355527739896656	11.309429	3.3629494
15.37321321735153	8.882243	2.9803092
15.39089906320545	6.4909124	2.5477269
15.408585277902748	4.896842	2.2128808
15.42627186188783	3.7849975	1.945507
15.443958815605198	3.2275283	1.7965323
15.461646139499424	2.9454372	1.7162277
15.479333834015168	2.7783294	1.6668321
15.497021899597165	2.7258236	1.6510068
15.514710336690234	2.679195	1.6368246
15.53239914573928	2.6426084	1.6256101
15.550088327189297	2.612785	1.6164112
15.567777881485336	2.5465305	1.5957853
15.58546780907256	2.5013928	1.5815792
15.6031581103962	2.443085	1.563037
15.620848785901568	2.450341	1.5653565
15.638539836034063	2.4496744	1.5651436
15.656231261239173	2.4428573	1.5629642
15.673923061962451	2.4285588	1.5583833
15.691615238649552	2.420346	1.5557461
15.709307791746202	2.4461672	1.5640228
15.727000721698221	2.4364848	1.5609243
15.744694028951498	2.4117498	1.5529809
15.76238771395202	2.3915474	1.5464629
15.780081777145844	2.386789	1.5449237
15.797776218979125	2.3622768	1.53697
15.815471039898094	2.3129613	1.5208423
15.833166240349064	2.3073335	1.518991
15.850861820778437	2.3582437	1.5356574
15.868557781632699	2.379896	1.5426911
15.886254123358412	2.4000893	1.5492221
15.903950846402232	2.3722434	1.5402089
15.921647951210897	2.3576558	1.535466
15.939345438231225	2.3726342	1.5403358
15.957043307910133	2.3893375	1.5457482
15.974741560694602	2.4099603	1.5524046
15.992440197031714	2.4015687	1.5496995
16.01013921736862	2.3648322	1.537801
16.02783862215259	2.361801	1.5368152
16.045538411830933	2.3517535	1.5335428
16.06323858685107	2.3540485	1.5342909
16.080939147660512	2.329453	1.5262545
16.09864009470684	2.3576512	1.5354645
16.11634142843774	2.3885932	1.5455074
16.134043149300954	2.4180458	1.5550066
16.15174525774433	2.3943508	1.547369
16.169447754215817	2.3788595	1.5423552
16.18715063916342	2.3953953	1.5477065
16.204853913035244	2.4376225	1.5612887
16.222557576279478	2.4513438	1.5656768
16.240261629344403	22.42413	4.735412
16.257966072678386	42.943615	6.553138
16.275670906729868	38.090485	6.171749
16.293376131947387	2.528377	1.5900872
16.31108174877957	2.523357	1.5885078
16.328787757675133	2.5328836	1.5915036
16.34649415908287	2.5611851	1.6003703
16.364200953451657	2.6154084	1.6172224
16.38190814123048	2.651769	1.6284252
16.39961572286839	2.6563828	1.6298413
16.41732369881455	2.6562316	1.629795
16.43503206951817	2.6566746	1.6299309
16.45274083542859	2.6914713	1.6405704
16.47044999699522	2.7396467	1.6551878
16.488159554667558	2.8132951	1.677288
16.505869508895184	2.8500273	1.6882024
16.523579860127786	2.883232	1.6980083
16.541290608815117	2.9108968	1.706135
16.559001755407035	2.949177	1.7173169
16.57671330035348	3.0080135	1.7343626
16.59442524410448	3.0731108	1.753029
16.61213758711015	3.1722226	1.7810735
16.629850329820705	3.2437742	1.801048
16.647563472686436	3.354354	1.8314896
16.665277016157724	3.3778284	1.8378869
16.682990960685053	3.4229684	1.8501266
16.70070530671898	3.4012008	1.8442345
16.718420054710155	3.447649	1.8567846
16.736135205109335	3.4844098	1.8666574
16.753850758367335	3.5507333	1.884339
16.771566714935087	3.638771	1.9075563
16.789283075263597	3.6869886	1.9201533
16.80699983980398	3.7107067	1.9263195
16.82471700900741	3.7737029	1.942602
16.84243458332518	3.883763	1.9707265
16.860152563208665	3.9757588	1.9939305
16.87787094910932	4.043866	2.0109367
16.89558974147871	4.086333	2.021468
16.913308940768466	4.1554775	2.0384989
16.931028547430333	4.178034	2.044024
16.94874856191613	4.2529907	2.062278
16.966468984677785	4.3251877	2.0797086
16.98418981616729	4.413925	2.1009343
17.00191105683676	4.4418454	2.1075685
17.019632707138374	4.4633603	2.1126666
17.03735476752442	4.535918	2.1297696
17.05507723844728	4.5819716	2.140554
17.072800120359403	4.6181273	2.1489828
17.090523413713353	4.6106462	2.1472416
17.108247118961785	4.6281037	2.1513028
17.125971236557437	4.672955	2.161702
17.143695766953133	4.6896925	2.1655698
17.161420710601806	4.6451826	2.1552687
17.179146067956477	4.5837975	2.1409805
17.19687183947025	4.5895295	2.1423187
17.21459802559634	4.658721	2.158407
17.232324626788028	4.6925607	2.1662319
17.25005164349871	4.677606	2.1627774
17.267779076181863	4.6528506	2.1570468
17.285506925291074	4.665538	2.1599855
17.30323519127999	4.6473713	2.1557763
17.320963874602384	4.631798	2.1521611
17.33869297571211	4.6232595	2.1501765
17.356422495063114	4.6085305	2.1467488
17.37415243310944	4.529678	2.128304
17.391882790305218	4.497754	2.120791
17.40961356710468	4.473994	2.1151817
17.42734476396215	4.493691	2.1198328
17.445076381332044	4.4728684	2.1149156
17.462808419668868	4.531481	2.1287274
17.48054087942723	4.685742	2.1646574
17.498273761061835	4.994688	2.23488
17.51600706502747	5.4773192	2.3403673
17.533740791779024	6.2156825	2.493127
17.551474941771485	7.6352196	2.76319
17.56920951545993	8.738264	2.9560554
17.586944513299528	10.903363	3.3020241
17.60467993574556	12.534352	3.5403888
17.622415783253373	14.249282	3.774822
17.64015205627843	15.600009	3.9496846
17.657888755276293	16.623806	4.07723
17.675625880702604	17.087637	4.1337194
17.69336343301311	16.90651	4.1117525
17.71110141266366	16.126348	4.0157623
17.728839820110178	15.092542	3.884912
17.746578655808705	14.174807	3.7649446
17.764317920215372	12.786255	3.5757873
17.7820576137864	11.349947	3.3689682
17.79979773697811	9.429785	3.0707955
17.81753829024692	7.6303535	2.7623096
17.835279274049356	6.001423	2.4497802
17.85302068884201	4.909378	2.2157116
17.870762535081607	4.1936736	2.047846
17.888504813224934	3.8401968	1.959642
17.90624752372891	3.6842833	1.9194487
17.923990667050536	3.6222067	1.9032096
17.941734243646895	3.5493426	1.8839699
17.959478253975185	3.4968214	1.869979
17.9772226984927	3.4939106	1.8692005
17.994967577656833	3.458304	1.8596516
18.01271289192506	3.453234	1.8582879
18.030458641754965	3.3884046	1.840762
18.04820482760425	3.3941174	1.842313
18.06595144993067	3.329339	1.8246477
18.083698509192125	3.3063304	1.8183317
18.101446005846576	3.2820811	1.8116515
18.119193940352105	3.2645164	1.8067973
18.136942313166887	3.239304	1.7998067
18.1546911247492	3.188071	1.785517
18.1724403755574	3.191203	1.7863939
18.19019006604997	3.1563215	1.7766039
18.207940196685467	3.1889985	1.7857767
18.225690767922575	3.1762178	1.7821946
18.243441780220046	3.127669	1.7685218
18.261193234036764	3.0792885	1.7547902
18.278945129831676	3.0391016	1.7433019
18.29669746806386	3.0058076	1.7337265
18.314450249192483	2.996674	1.7310904
18.3322034736768	2.973772	1.7244629
18.349957141976184	2.9906309	1.729344
18.3677112545501	3.0495048	1.7462832
18.385465811858108	3.0925114	1.7585537
18.403220814359884	3.1182773	1.7658645
18.420976262515172	3.1073823	1.7627769
18.43873215678387	3.1312168	1.7695245
18.456488497625923	3.1223307	1.7670118
18.474245285501407	3.1950588	1.7874727
18.492002520870486	3.2512672	1.803127
18.50976020419343	3.3501124	1.8303312
18.527518335930615	3.6701865	1.915773
18.545276916542516	4.28064	2.0689707
18.563035946489688	4.435217	2.1059954
18.580795426232832	4.885569	2.2103324
18.598555356232698	4.7478733	2.1789615
18.616315736950185	5.057701	2.2489333
18.63407656884626	4.680984	2.1635582
18.65183785238201	4.90192	2.214028
18.669599588018617	4.690665	2.1657944
18.68736177621737	4.697616	2.1673985
18.705124417439652	4.6571093	2.1580336
18.72288751214696	4.4687896	2.1139512
18.740651060800886	4.5634713	2.1362283
18.758415063863115	4.219928	2.0542462
18.77617952179546	4.37731	2.0922022
18.793944435059814	4.1693783	2.0419056
18.811709804118184	4.238003	2.058641
18.829475629432675	4.155956	2.0386162
18.8472419114655	3.9429247	1.9856799
18.86500865067897	4.09061	2.0225255
18.88277584753551	3.7753325	1.9430214
18.90054350249763	3.8137488	1.9528822
18.918311616027957	3.455485	1.8588935
18.936080188589226	3.369534	1.8356291
18.953849220644265	3.0681162	1.7516038
18.971618712656007	2.9047318	1.7043273
18.9893886650875	2.846697	1.6872158
19.007159078401887	8.044298	2.8362472
19.024929953062408	32.914093	5.7370806
19.042701289532435	32.8241	5.7292323
19.060473088275405	25.358704	5.0357428
19.07824534975489	2.625461	1.6203275
19.096018074434568	2.6006713	1.6126597
19.113791262778197	2.5710585	1.6034521
19.13156491524966	2.5393453	1.5935323
19.149339032312945	2.5659826	1.6018685
19.167113614432136	2.5571349	1.5991044
19.184888662071433	2.5549111	1.5984089
19.202664175695123	2.5594532	1.5998291
19.220440155767623	2.5434315	1.594814
19.238216602753447	2.5429223	1.5946543
19.2559935171172	2.504899	1.5826873
19.27377089932361	2.517181	1.5865626
19.291548749837514	2.475333	1.5733191
19.309327069123835	2.4508417	1.5655165
19.32710585764763	2.428694	1.5584267
19.344885115874032	2.4517112	1.5657941
19.362664844268313	2.4886599	1.5775487
19.380445043295822	2.5074046	1.5834786
19.39822571342203	2.4950287	1.579566
19.41600685511252	2.4939835	1.5792351
19.43378846883297	2.5084207	1.5837995
19.451570555049173	2.4922845	1.5786971
19.469353114227037	2.5025134	1.5819335
19.48713614683254	2.5020664	1.5817921
19.50491965333182	2.507193	1.5834118
19.52270363419109	2.5008986	1.5814229
19.540488089876686	2.4848514	1.5763412
19.55827302085503	2.4632258	1.5694667
19.576058427592674	2.4446166	1.563527
19.593844310556282	2.4605837	1.5686247
19.611630670212598	2.4866986	1.576927
19.629417507028506	2.5111432	1.5846587
19.64720482147098	2.5322008	1.591289
19.6649926140071	2.5072029	1.5834149
19.682780885104084	2.510004	1.5842992
19.70056963522921	2.5080378	1.5836786
19.718358864849908	2.5072322	1.5834242
19.7361485744337	2.475565	1.5733929
19.753938764448215	2.491387	1.5784128
19.771729435361202	2.5081303	1.5837078
19.789520587640506	2.4966974	1.5800941
19.807312221754092	2.4848804	1.5763503
19.825104338170043	2.4948528	1.5795103
19.842896937356517	2.4948175	1.5794991
19.860690019781824	2.485484	1.5765418
19.87848358591436	2.469712	1.5715318
19.896277636222635	2.4520395	1.5658989
19.914072171175278	2.4505951	1.5654377
19.931867191241015	2.4347348	1.5603637
19.94966269688869	2.457409	1.5676125
19.967458688587264	2.4483275	1.5647132
19.985255166805807	2.4371297	1.5611309
20.00305213201348	2.4095905	1.5522856
20.020849584679578	2.4255414	1.557415
20.038647525273507	2.4483654	1.5647254
20.05644595426477	2.4503279	1.5653523
20.07424487212299	2.465725	1.5702627
20.092044279317903	2.4710324	1.5719517
20.109844176319353	2.4363253	1.5608733
20.127644563597304	2.40759	1.551641
20.145445441621817	2.3791988	1.5424652
20.16324681086307	2.405541	1.5509807
20.181048671791373	2.4189804	1.5553071
20.198851024877122	2.4213428	1.5560665
20.216653870590836	2.3851106	1.5443803
20.234457209403146	2.363929	1.5375074
20.252261041784802	2.3354652	1.5282229
20.270065368206662	2.3412228	1.5301055
20.287870189139685	2.3351088	1.5281062
20.305675505054968	2.322416	1.5239475
20.323481316423702	2.316622	1.5220454
20.341287623717207	2.3217914	1.5237426
20.359094427406884	2.3214593	1.5236336
20.376901727964288	2.3246276	1.524673
20.39470952586107	2.3117669	1.5204495
20.41251782156899	2.3176284	1.522376
20.430326615559935	2.388097	1.5453469
20.448135908305886	2.4096851	1.5523161
20.465945700278965	2.3795938	1.5425932
20.483755991951384	2.3206651	1.5233729
20.50156678379548	2.2960782	1.5152816
20.519378076283708	2.2699134	1.5066231
20.537189869888635	2.266805	1.5055913
20.55500216508294	2.3022473	1.5173159
20.572814962339415	2.3154721	1.5216676
20.59062826213098	2.3018613	1.5171887
20.60844206493066	2.2992127	1.5163155
20.626256371211593	2.3210976	1.5235149
20.644071181447032	2.331893	1.5270537
20.66188649611036	2.3343062	1.5278437
20.67970231567506	2.3328424	1.5273645
20.697518640614742	2.3349857	1.528066
20.715335471403122	2.3122816	1.5206188
20.73315280851404	2.2873685	1.5124049
20.750970652421447	2.2619026	1.5039623
20.768789003599412	2.280093	1.5099977
20.786607862522136	2.2897453	1.5131904
20.8044272296639	2.3186731	1.522719
20.82224710549913	2.316093	1.5218716
20.84006749050237	2.3287086	1.5260108
20.857888385148268	3.8671477	1.9665065
20.8757097899116	45.939762	6.777888
20.893531705267254	64.75699	8.047173
20.911354131690224	83.77758	9.153009
20.92917706965566	69.0121	8.307352
20.94700051963877	50.05353	7.074852
20.96482448211493	29.351845	5.417734
20.982648957559622	4.1074924	2.026695
21.00047394644843	2.2531261	1.5010417
21.01829944925707	2.250636	1.5002121
21.036125466461375	2.2568946	1.5022964
21.053951998537297	2.2460363	1.4986782
21.071779045960906	2.234563	1.4948455
21.089606609208378	2.2181418	1.4893427
21.10743468875603	2.2246919	1.4915401
21.12526328508028	2.2326808	1.4942157
21.143092398657675	2.243998	1.497998
21.16092202996488	2.2278576	1.4926009
21.17875217947867	2.223801	1.4912413
21.19658284767596	2.226036	1.4919907
21.21441403503377	2.214774	1.4882116
21.232245742029225	2.1525629	1.4671615
21.2500779691396	2.1605031	1.469865
21.26791071684227	2.1597815	1.4696195
21.28574398561475	2.1431706	1.4639572
21.30357777593465	2.1268845	1.4583842
21.321412088279704	2.152701	1.4672085
21.339246923127792	2.189983	1.4798591
21.357082280956888	2.1806283	1.4766951
21.3749181622451	2.1627223	1.4706197
21.392754567470647	2.1303263	1.4595637
21.41059149711187	2.1302488	1.4595371
21.42842895164726	2.1802435	1.4765648
21.446266931555378	2.189482	1.4796898
21.464105437314945	2.1473637	1.4653885
21.481944469404798	2.0929484	1.4467026
21.49978402830388	2.091385	1.4461621
21.51762411449127	2.095558	1.4476042
21.53546472844617	2.0872192	1.4447212
21.553305870647876	2.086316	1.4444085
21.571147541575865	2.0826414	1.443136
21.58898974170967	2.1047616	1.4507797
21.60683247152899	2.0687973	1.4383315
21.62467573151363	2.0510325	1.4321426
21.642519522143523	2.038469	1.4277496
21.660363843898722	2.062222	1.4360439
21.6782086972594	2.0575514	1.4344168
21.696054082705864	2.0459971	1.4303836
21.713900000718535	2.0555758	1.433728
21.73174645177795	2.0476954	1.4309771
21.749593436364794	2.0282118	1.424153
21.767440954959845	2.005345	1.416102
21.785289008044032	2.010385	1.4178804
21.803137596098388	1.9918296	1.411322
21.820986719604086	2.0010328	1.4145787
21.838836379042412	2.00792	1.4170109
21.85668657489478	2.0122998	1.4185555
21.87453730764273	2.0052128	1.4160553
21.892388577767914	2.0070672	1.41671
21.91024038575213	2.011639	1.4183227
21.928092732077285	2.0248184	1.4229611
21.945945617225426	2.0542653	1.4332708
21.963799041678694	2.0651608	1.4370667
21.981653005919398	31.378067	5.601613
21.999507510429943	78.13637	8.839478
22.01736255569286	73.07094	8.548154
22.035218142190818	4.2073536	2.0511835
22.05307427040661	2.0326872	1.4257234
22.07093094082315	1.990263	1.4107668
22.088788153923474	1.9410124	1.3932022
22.106645910190746	1.9199232	1.385613
22.12450421010827	1.9342556	1.3907752
22.142363054159464	1.9405757	1.3930454
22.16022244282787	1.9278167	1.3884584
22.178082376597164	1.918946	1.3852602
22.195942855951145	1.9565483	1.3987668
22.213803881373742	1.9733474	1.4047588
22.231665453349002	1.9896873	1.4105628
22.24952757236111	1.9891363	1.4103675
22.26739023889438	1.997817	1.4134415
22.28525345343323	1.9893919	1.4104581
22.30311721646225	1.9848269	1.4088389
22.320981528466113	1.9562677	1.3986664
22.33884638992964	1.9622918	1.4008182
22.356711801337788	1.9639928	1.4014252
22.37457776317561	1.9615985	1.4005708
22.392444275928337	1.9540645	1.3978785
22.410311340081282	1.9659542	1.4021249
22.428178956119904	1.971624	1.4041452
22.446047124529805	1.9708846	1.4038819
22.46391584579669	1.9726094	1.4044962
22.481785120406414	1.9521072	1.3971783
22.49965494884496	1.9496062	1.396283
22.51752533159841	1.95748	1.3990997
22.53539626915302	1.9901123	1.4107134
22.553267761995137	1.9905736	1.4108769
22.571139810611264	1.9945482	1.4122847
22.589012415488025	1.9770029	1.4060594
22.60688557711216	1.9683588	1.4029821
22.624759295970566	1.9282185	1.3886031
22.642633572550263	1.9316347	1.3898326
22.660508407338362	1.9373034	1.3918705
22.67838380082217	1.938024	1.3921293
22.696259753489077	1.9491076	1.3961045
22.714136265826614	1.9421439	1.3936082
22.73201333832246	1.9470977	1.3953844
22.74989097146439	1.9572333	1.3990115
22.76776916574035	1.9504703	1.3965924
22.785647921638393	1.9410629	1.3932203
22.803527239646712	1.9032208	1.3795726
22.82140712025363	1.8713446	1.367971
22.839287563947593	1.8759807	1.3696644
22.85716857121719	1.9256939	1.3876938
22.875050142551135	1.9443086	1.3943846
22.892932278438277	1.9129647	1.3830997
22.910814979367604	1.9258319	1.3877435
22.928698245828222	1.92027	1.385738
22.946582078309387	1.9420173	1.3935628
22.96446647730047	1.9364884	1.3915777
22.98235144329098	1.9553382	1.3983341
23.000236976770562	1.9129006	1.3830764
23.018123078229	1.8968419	1.3772588
23.03600974815619	1.8673532	1.3665113
23.053896987042194	1.8975337	1.37751
23.071784795377173	1.8844912	1.3727677
23.08967317365145	1.8767391	1.3699412
23.10756212235546	1.8844242	1.3727434
23.125451641979787	1.9196712	1.385522
23.143341733015134	1.9206669	1.3858813
23.161232395952357	1.8847665	1.372868
23.179123631282426	1.8700824	1.3675096
23.197015439496468	1.9083769	1.3814402
23.214907821085717	1.9455172	1.394818
23.23280077654157	1.963531	1.4012605
23.250694306355538	1.933596	1.390538
23.268588411019277	1.9048004	1.3801451
23.28648309102458	1.8559754	1.3623419
23.304378346863356	1.8547367	1.3618872
23.322274179027676	1.9102597	1.3821214
23.340170588009723	1.9543133	1.3979676
23.358067574301852	1.9806268	1.4073474
23.37596513839651	1.9827467	1.4081004
23.39386328078629	1.9835808	1.4083966
23.411762001963947	1.95192	1.3971113
23.429661302422353	1.9170892	1.3845899
23.4475611826545	1.9131775	1.3831766
23.46546164315356	1.8971398	1.377367
23.48336268441279	1.9092786	1.3817664
23.501264306925638	1.929908	1.3892113
23.51916651118564	1.9338967	1.3906461
23.537069297686497	1.9480594	1.395729
23.554972666922037	1.9338163	1.3906173
23.57287661938623	1.9331149	1.390365
23.59078115557318	1.9331264	1.3903692
23.608686275977128	1.9618014	1.4006432
23.62659198109246	1.9128661	1.383064
23.6444982714137	1.8875239	1.3738718
23.66240514743549	1.8955901	1.3768044
23.68031260965263	1.9284272	1.3886782
23.698220658560068	1.92811	1.388564
23.716129294652845	1.9148297	1.3837737
23.7340385184262	1.9486316	1.395934
23.75194833037546	1.9594697	1.3998106
23.769858730996123	1.9794481	1.4069285
23.78776972078382	1.9633316	1.4011893
23.80568130023431	1.9551673	1.398273
23.823593469843495	1.9331859	1.3903905
23.841506230107424	1.8927764	1.3757821
23.859419581522275	1.8352731	1.3547225
23.87733352458438	1.8172159	1.3480415
23.89524805979019	1.8599323	1.3637934
23.913163187636318	1.8758572	1.3696194
23.931078908619508	1.8675843	1.3665959
23.948995223236633	1.8680074	1.3667507
23.966912131984735	1.9147538	1.3837463
23.98482963536096	1.9782599	1.4065063
24.002747733862616	1.993164	1.4117945
24.020666427987155	2.006304	1.4164406
24.038585718232156	1.9967741	1.4130726
24.056505605095353	2.0283263	1.4241931
24.074426089074617	2.1077871	1.451822
24.092347170667946	2.1275682	1.4586186
24.110268850373515	2.0690763	1.4384284
24.128191128689586	2.039433	1.4280872
24.146114006114626	2.0379732	1.427576
24.164037483147187	2.0383098	1.4276938
24.181961560286005	2.0223362	1.4220887
24.199886238029926	2.0108178	1.418033
24.21781151687797	2.0297265	1.4246848
24.235737397329274	2.020527	1.4214524
24.253663879883135	2.0496018	1.431643
24.271590965038975	2.0636163	1.4365293
24.289518653296376	2.0287178	1.4243306
24.30744694515505	2.0034306	1.4154259
24.32537584111486	1.9968461	1.4130981
24.34330534167581	2.0428135	1.4292703
24.361235447338046	2.0522304	1.4325608
24.379166158601876	2.0555637	1.4337237
24.39709747596772	2.017117	1.4202524
24.41502939993615	1.9795855	1.4069774
24.432961931007917	1.9595176	1.3998277
24.450895069683856	1.9529105	1.3974657
24.468828816465	1.9330666	1.3903476
24.4867631718525	1.9116052	1.3826082
24.504698136347656	1.924071	1.3871088
24.52263371045192	1.9249853	1.3874384
24.540569894666874	1.9414791	1.3933697
24.558506689494266	1.9327191	1.3902227
24.57644409543597	1.9165316	1.3843886
24.594382112994012	1.9383335	1.3922404
24.61232074267057	1.9260664	1.387828
24.630259984967953	1.926452	1.3879669
24.64819984038863	1.9289168	1.3888545
24.66614030943522	1.9271002	1.3882003
24.684081392610462	1.9140359	1.3834869
24.702023090417274	1.9094079	1.3818133
24.7199654033587	1.9577084	1.3991814
24.737908331937927	1.9990821	1.413889
24.755851876658305	2.0044382	1.4157819
24.773796038023324	1.9968019	1.4130824
24.79174081653661	1.9996477	1.414089
24.809686212701962	2.0466652	1.4306171
24.827632227023294	2.05796	1.4345592
24.8455788600047	2.0649307	1.4369867
24.8635261121504	2.0952759	1.4475068
24.88147398396475	2.105891	1.4511689
24.899422475952303	2.09416	1.4471213
24.917371588617698	2.0901773	1.4457445
24.935321322465768	2.1158102	1.4545825
24.953271678001478	2.2043939	1.4847201
24.97122265572994	2.4480011	1.5646089
24.989174256156414	2.762523	1.6620839
25.00712647978632	3.1951478	1.7874976
25.02507932712521	3.7193477	1.9285611
25.043032798678798	4.311214	2.0763464
25.060986894952933	4.963775	2.2279532
25.078941616453637	5.660476	2.3791754
25.096896963687055	6.569219	2.5630488
25.114852937159508	7.7371864	2.7815797
25.132809537377444	8.220276	2.8671024
25.150766764847468	8.218194	2.8667393
25.168724620076347	7.626953	2.761694
25.186683103570985	6.6413407	2.5770798
25.204642215838426	5.4946933	2.3440762
25.222601957385894	4.181139	2.0447834
25.24056232872074	3.1485693	1.7744209
25.25852333035048	2.5908792	1.6096208
25.276484962782778	2.235893	1.4952903
25.294447226525435	2.0652976	1.4371144
25.312410122086423	1.964548	1.4016234
25.330373649973843	1.9065788	1.3807892
25.348337810695988	1.8976356	1.3775469
25.366302604761245	1.9125276	1.3829416
25.384268032678207	1.9523536	1.3972665
25.40223409495558	1.9451951	1.3947026
25.420200792102257	1.891718	1.3753974
25.438168124627246	1.8687626	1.3670269
25.45613609303974	1.9073576	1.3810712
25.474104697849057	1.9185766	1.385127
25.492073939564698	1.9157761	1.3841157
25.510043818696285	1.9259315	1.3877794
25.528014335753614	1.8981601	1.3777373
25.54598549124664	1.902049	1.3791479
25.56395728568544	1.8981948	1.3777499
25.58192971958028	1.8687521	1.3670231
25.59990279344156	1.824024	1.3505644
25.617876507779833	1.8166944	1.347848
25.635850863105826	1.8827771	1.3721433
25.653825859930386	1.9198341	1.3855808
25.671801498764548	1.8993636	1.3781741
25.68977778011949	1.8587861	1.363373
25.707754704506524	1.8527855	1.3611706
25.725732272437153	1.8639781	1.3652759
25.743710484423012	1.8218676	1.3497658
25.761689340975888	1.845127	1.3583546
25.77966884260774	1.8581318	1.3631331
25.797648989830662	1.8814776	1.3716697
25.815629783156922	1.8646448	1.36552
25.83361122309895	1.8496742	1.3600273
25.85159331016929	1.842313	1.3573183
25.869576044880695	1.8532871	1.3613548
25.887559427746034	1.8663995	1.3661623
25.90554345927836	1.8901595	1.3748307
25.92352813999086	1.9075091	1.381126
25.94151347039689	1.9133581	1.3832419
25.959499451009965	1.9043379	1.3799775
25.97748608234374	1.8860309	1.3733284
25.995473364912062	1.88576	1.3732297
26.013461299228904	1.848823	1.3597143
26.03144988580839	1.8093863	1.3451343
26.04943912516483	1.820408	1.3492249
26.067429017812675	1.803159	1.3428175
26.085419564266537	1.7835336	1.33549
26.103410765041186	1.8053225	1.3436229
26.12140262065155	1.8495524	1.3599825
26.139395131612723	1.840137	1.3565165
26.157388298439948	1.7979152	1.3408636
26.17538212164861	1.7957871	1.3400698
26.193376601754295	1.8304808	1.3529526
26.211371739272714	1.8116716	1.3459835
26.229367534719746	1.8038665	1.343081
26.247363988611433	1.799349	1.3413981
26.26536110146397	1.8435696	1.3577812
26.283358873793727	1.8645091	1.3654703
26.301357306117204	1.8695112	1.3673007
26.319356398951104	1.8366226	1.3552206
26.33735615281224	1.8233215	1.3503042
26.35535656821762	1.7970393	1.340537
26.373357645684404	1.8022022	1.3424612
26.39135938572991	1.772478	1.3313445
26.409361788871614	1.7902584	1.3380054
26.427364855627165	1.7960749	1.3401772
26.445368586514352	1.7758374	1.3326055
26.46337298205115	1.7636077	1.3280089
26.48137804275568	1.7901416	1.3379617
26.499383769146217	1.7817335	1.3348159
26.517390161741215	1.7672168	1.329367
26.53539722105928	1.7705173	1.3306079
26.553404947619182	1.8114208	1.3458903
26.571413341939856	1.823118	1.3502289
26.589422404540397	1.8117604	1.3460165
26.60743213594006	1.7541206	1.3244321
26.62544253665827	1.746646	1.3216074
26.64345360721459	1.7967232	1.340419
26.66146534812879	1.7839451	1.3356441
26.679477759920758	1.755268	1.3248652
26.69749084311057	1.7546002	1.3246132
26.71550459821847	1.7937428	1.3393068
26.733519025764842	1.7978791	1.3408501
26.751534126270258	1.777422	1.3331999
26.769549900255434	1.779776	1.3340825
26.787566348241267	1.782699	1.3351775
26.80558347074881	1.7674018	1.3294367
26.823601268299267	1.8042296	1.3432162
26.841619741414036	1.8414189	1.3569889
26.85963889061465	1.8852586	1.3730472
26.877658716422832	1.8939986	1.3762262
26.89567921936045	1.8479431	1.3593907
26.913700399949544	1.8257352	1.3511977
26.93172225871233	1.7805964	1.3343899
26.949744796171174	1.769324	1.3301594
26.967768012848605	1.7780555	1.3334374
26.98579190926733	1.788367	1.3372984
27.003816485950225	1.8317153	1.3534088
27.021841743420318	1.8249278	1.3508989
27.039867682200814	1.7787682	1.3337047
27.057894302815072	1.7706519	1.3306584
27.07592160578664	1.8110702	1.3457601
27.0939495916392	1.8142104	1.3469263
27.111978260896635	1.7754159	1.3324473
27.13000761408296	1.7838129	1.3355945
27.148037651722397	1.7373782	1.3180964
27.166068374339304	1.7318113	1.315983
27.184099782458215	1.7789894	1.3337877
27.20213187660384	1.8164837	1.3477699
27.22016465730105	1.8340564	1.3542733
27.23819812507487	1.8352419	1.354711
27.256232280450533	1.8479314	1.3593864
27.274267123953383	1.8555535	1.362187
27.292302656108987	1.8448046	1.3582358
27.31033887744306	1.8578538	1.3630311
27.32837578848146	1.8263419	1.3514222
27.34641338975026	1.8442602	1.3580354
27.364451681775673	1.8689644	1.3671007
27.382490665084074	1.8420715	1.3572294
27.400530340202046	1.818228	1.3484168
27.41857070765629	1.8320849	1.3535453
27.436611767973726	1.8037922	1.3430533
27.454653521681404	1.7510663	1.3232787
27.472695969306564	1.7645901	1.3283788
27.490739111376627	1.7688166	1.3299687
27.508782948419153	1.7899706	1.3378979
27.526827480961902	1.823975	1.3505461
27.54487270953279	1.8693951	1.3672583
27.562918634659898	1.835	1.3546218
27.580965256871508	1.8310909	1.3531781
27.599012576696026	1.8640035	1.3652852
27.617060594662068	1.8396056	1.3563206
27.63510931129842	1.838148	1.3557832
27.65315872713401	1.8471074	1.3590833
27.67120884269797	1.8704374	1.3676393
27.68925965851958	1.8667718	1.3662986
27.707311175128307	1.8496915	1.3600336
27.725363393053787	1.8604281	1.3639752
27.74341631282583	1.8393351	1.3562208
27.7614699349744	1.8079157	1.3445876
27.77952426002968	1.990473	1.4108412
27.797579288521973	2.0506039	1.431993
27.815635020981784	2.505691	1.5829375
27.83369145793979	2.5621445	1.60067
27.85174859992682	2.3859746	1.5446601
27.869806447473923	2.2249773	1.4916358
27.887865001112267	1.9691687	1.4032707
27.905924261373233	1.8953416	1.3767141
27.92398422878836	1.8474169	1.3591971
27.94204490388936	1.8754534	1.3694719
27.96010628720813	1.9255412	1.3876387
27.978168379276728	1.9080708	1.3813294
27.9962311806274	1.8477074	1.359304
28.014294691792568	1.8294083	1.3525562
28.0323589133048	1.8233346	1.350309
28.050423845696887	1.8656133	1.3658745
28.068489489501758	1.9602367	1.4000845
28.086555845252523	1.95847	1.3994534
28.104622913482487	1.8928789	1.3758193
28.122690694725115	1.841753	1.357112
28.14075918951405	1.8414681	1.357007
28.15882839838312	1.8178949	1.3482933
28.176898321866304	1.8634402	1.3650788
28.1949689604978	1.8930936	1.3758974
28.213040314811945	1.8654938	1.3658308
28.23111238534327	1.81282	1.34641
28.249185172626493	1.8222979	1.3499252
28.267258677196473	1.8590859	1.363483
28.285332899588294	1.9179155	1.3848883
28.303407840337172	1.9428933	1.393877
28.321483499978545	1.9353868	1.3911818
28.33955987904799	1.9358124	1.3913348
28.357636978081285	1.9152839	1.3839378
28.37571479761439	1.9031085	1.379532
28.393793338183425	1.9004772	1.378578
28.41187260032469	1.9340165	1.3906893
28.429952584574686	1.9388168	1.392414
28.448033291470065	1.9034424	1.379653
28.46611472154769	1.8909351	1.3751128
28.484196875344566	1.9402304	1.3929216
28.502279753397914	1.9375687	1.3919657
28.52036335624511	1.9390408	1.3924944
28.538447684423716	1.9380753	1.3921478
28.556532738471482	1.983682	1.4084325
28.574618518926325	2.0640895	1.4366939
28.59270502632635	2.0368707	1.4271898
28.61079226120985	1.9949995	1.4124445
28.628880224115274	1.9924935	1.4115571
28.646968915581287	2.018756	1.4208293
28.66505833614671	2.023852	1.4226216
28.68314848635055	2.0276577	1.4239584
28.701239366732004	2.0504217	1.4319293
28.71933097783044	2.0723255	1.4395574
28.737423320185403	2.0466464	1.4306105
28.75551639433665	2.069022	1.4384096
28.773610200824074	2.138454	1.4623454
28.791704740187793	2.1613374	1.4701488
28.80980001296809	2.1647382	1.4713049
28.827896019705413	2.128215	1.4588404
28.845992760940433	2.1324806	1.4603015
28.86409023721397	2.1172318	1.4550711
28.88218844906704	2.1282766	1.4588614
28.900287397040845	2.1464381	1.4650728
28.918387081676755	2.1474113	1.4654049
28.936487503516343	2.1624787	1.4705368
28.954588663101365	2.2342331	1.4947351
28.97269056097374	2.2940238	1.5146035
28.990793197675597	2.3159254	1.5218165
29.00889657374923	2.368576	1.5390179
29.027000689737125	2.371376	1.5399272
29.04510554618196	2.345542	1.5315162
29.06321114362659	2.4233348	1.5567064
29.08131748261405	2.467257	1.5707505
29.099424563687567	2.4472058	1.5643548
29.11753238739057	2.5004156	1.5812702
29.13564095426663	2.6077838	1.6148634
29.15375026485954	2.6297646	1.6216549
29.171860319713275	2.6175973	1.6178991
29.18997111937199	2.562319	1.6007246
29.20808266438002	2.607491	1.6147728
29.226194955281898	2.7362993	1.6541764
29.244307992622335	2.8270724	1.68139
29.26242177694624	2.846683	1.6872116
29.2805363087987	2.857967	1.6905522
29.29865158872498	2.9367917	1.713707
29.316767617270557	2.995993	1.7308936
29.334884394981064	2.9493594	1.7173699
29.353001922402367	2.983088	1.7271619
29.37112020008047	3.0374112	1.742817
29.389239228561596	3.10409	1.7618427
29.407359008392152	3.2997818	1.8165301
29.42547954011872	3.7032855	1.9243922
29.44360082428809	4.382319	2.0933988
29.46172286144722	5.408919	2.3257082
29.479845652143283	6.884231	2.623782
29.497969196923606	8.888008	2.9812763
29.516093496335728	11.382576	3.3738074
29.5342185509274	14.145198	3.7610102
29.55234436124651	16.392706	4.0487905
29.570470927841175	17.804398	4.219526
29.588598251259686	17.73371	4.211141
29.60672633205055	16.450546	4.0559273
29.624855170762405	14.246852	3.7745001
29.642984767944146	11.56881	3.4012954
29.66111512414481	8.811393	2.968399
29.67924623991366	6.611708	2.571324
29.697378115800138	5.1688	2.2734995
29.71551075235387	4.2904983	2.0713518
29.733644150124675	3.8522544	1.9627161
29.751778309662576	3.5634081	1.8876991
29.769913231517766	3.444465	1.855927
29.78804891624066	3.3547122	1.8315873
29.806185364381818	3.2978833	1.8160075
29.82432257649206	3.2695491	1.8081895
29.842460553122333	3.2678456	1.8077184
29.86059929482382	3.2980669	1.816058
29.878738802147872	3.254571	1.8040429
29.896879075646048	3.2692857	1.8081166
29.915020115870114	3.325476	1.8235887
29.933161923371976	3.275594	1.8098602
29.951304498703777	3.241809	1.8005024
29.969447842417857	3.228542	1.7968144
29.987591955066733	3.2286558	1.796846
30.005736837203123	3.2131243	1.792519
30.023882489379943	3.124663	1.7676717
30.04202891215028	3.0379527	1.7429724
30.060176106067455	3.1056957	1.7622985
30.078324071684946	3.1273983	1.7684451
30.09647280955646	3.145306	1.773501
30.114622320235863	3.1195672	1.7662296
30.132772604277257	3.092109	1.7584393
30.1509236622349	3.1017363	1.7611747
30.16907549466328	3.097409	1.7599458
30.18722810211705	3.0424504	1.7442621
30.205381485151097	2.998056	1.7314895
30.22353564432045	2.9755735	1.7249851
30.241690580180403	2.9913507	1.7295521
30.25984629328638	2.9924984	1.7298839
30.278002784194037	2.949132	1.7173036
30.296160053459246	2.8938859	1.7011425
30.314318101638033	2.9112866	1.7062492
30.332476929286646	2.9397159	1.7145599
30.35063653696153	2.9506364	1.7177416
30.368796925219307	2.9399993	1.7146426
30.386958094616844	2.9381201	1.7140945
30.40512004571115	2.9398215	1.7145908
30.423282779059463	2.8774562	1.6963066
30.441446295219233	2.8796568	1.6969552
30.459610594748067	2.8781667	1.696516
30.47777567820382	2.7984533	1.6728579
30.495941546144504	2.805492	1.6749603
30.51410819912835	2.819054	1.6790038
30.532275637713795	2.7983382	1.6728234
30.55044386245946	2.71887	1.6488996
30.56861287392416	2.775319	1.6659288
30.586782672666956	2.8422558	1.6858991
30.604953259247047	2.8273346	1.681468
30.623124634223885	2.7876532	1.6696267
30.641296798157075	2.7839222	1.668509
30.659469751606462	2.7614617	1.6617646
30.677643495132074	2.7417285	1.6558166
30.695818029294152	2.6871831	1.639263
30.713993354653116	2.6661592	1.6328378
30.73216947176962	2.7017229	1.6436919
30.75034638120448	2.7130501	1.647134
30.768524083518756	2.721742	1.6497703
30.786702579273673	2.7142994	1.6475132
30.80488186903069	2.7839499	1.6685172
30.82306195335144	2.9324949	1.7124529
30.841242832797782	3.182112	1.7838476
30.85942450793176	3.411622	1.8470577
30.877606979315637	3.6621253	1.913668
30.895790247511883	4.043699	2.010895
30.913974313083134	4.49651	2.1204977
30.932159176592283	4.8207474	2.19562
30.95034483860237	4.8493	2.2021127
30.968531299676698	4.5635667	2.1362505
30.98671856037873	4.1852083	2.0457783
31.00490662127215	3.8450756	1.9608865
31.023095482920848	3.4880085	1.8676211
31.04128514588892	3.0866802	1.7568951
31.059475610740662	2.79018	1.6703832
31.07766687804056	2.6046975	1.6139075
31.09585894835335	2.5269933	1.589652
31.11405182224393	2.482502	1.5755957
31.132245500277417	2.424784	1.5571718
31.15043998301914	2.4752617	1.5732964
31.168635271034628	2.5079103	1.5836383
31.18683136488964	2.449493	1.5650856
31.20502826515008	2.4137554	1.5536265
31.223225972382135	2.421574	1.5561408
31.241424487152155	2.4002593	1.5492771
31.259623810026692	2.3874316	1.5451316
31.27782394157253	2.3830297	1.5437065
31.296024882356644	2.316617	1.5220437
31.314226632946237	2.3499336	1.5329493
31.332429193908684	2.4050322	1.5508167
31.350632565811598	2.4579668	1.5677904
31.368836749222787	2.4594803	1.5682731
31.387041744710295	2.4919407	1.5785882
31.40524755284232	2.470989	1.5719379
31.423454174187317	2.4919026	1.5785761
31.441661609313922	2.48595	1.5766896
31.459869858791002	2.4507823	1.5654975
31.478078923187628	2.4014564	1.5496633
31.496288803073064	2.3765035	1.5415912
31.514499499016807	2.3382359	1.5291291
31.532711011588546	2.3275223	1.5256219
31.550923341358178	2.3577995	1.5355128
31.56913648889584	2.3279946	1.5257767
31.587350454771844	2.2922223	1.5140086
31.605565239556732	2.2659004	1.5052907
31.62378084382127	2.3382056	1.5291193
31.641997268136382	2.4048862	1.5507696
31.660214513073274	2.3882935	1.5454105
31.67843257920331	2.3847594	1.5442666
31.6966514670981	2.4263022	1.5576591
31.71487117732944	2.3899589	1.5459492
31.733091710469346	2.2869267	1.5122588
31.751313067090052	2.2930033	1.5142666
31.769535247764008	2.2711532	1.5070345
31.787758253063878	2.2594903	1.5031601
31.805982083562526	2.342163	1.5304127
31.824206739833024	2.374761	1.541026
31.84243222244869	2.27817	1.5093608
31.860658531983013	2.2526128	1.5008707
31.878885669009737	2.2095897	1.4864689
31.897113634102784	2.2091897	1.4863343
31.91534242783632	2.2384756	1.4961536
31.933572050784694	2.3326747	1.5273097
31.951802503522508	2.373097	1.540486
31.970033786624548	2.3297386	1.5263481
31.988265900665834	2.2354455	1.4951407
32.006498846221575	2.1683276	1.4725242
32.02473262386724	2.128284	1.458864
32.04296723417845	2.1226792	1.4569417
32.0612026777311	2.0218816	1.4219289
32.07943895510129	1.9718424	1.4042231
32.097676066865304	1.9254105	1.3875916
32.115914013599685	2.006951	1.416669
32.13415279588115	2.133949	1.4608042
32.152392414286666	2.1587656	1.4692738
32.1706328693934	2.1333618	1.4606032
32.18887416177875	2.1418946	1.4635212
32.20711629202032	2.0802162	1.4422954
32.225359260695924	2.013327	1.4189175
32.243603068383614	1.9993725	1.4139917
32.26184771566166	2.0354724	1.4266999
32.28009320310852	2.0057127	1.4162319
32.2983395313029	2.0639527	1.4366463
32.31658670082372	2.1637948	1.4709843
32.33483471225012	2.1549108	1.4679614
32.35308356616143	2.0928657	1.446674
32.371333263137245	2.054585	1.4333824
32.38958380375734	2.0311644	1.4251893
32.407835188601744	2.0268419	1.423672
32.42608741825067	2.016797	1.4201398
32.444340493284585	2.0278382	1.4240218
32.46259441428416	2.1352854	1.4612616
32.48084918183028	2.1821246	1.4772016
32.49910479650405	2.1640563	1.4710732
32.51736125888683	2.056497	1.4340492
32.53561856956014	2.0563822	1.4340091
32.5538767291058	2.0702493	1.4388361
32.572135738105764	2.036822	1.4271728
32.59039559714228	2.011298	1.4182024
32.608656306797776	1.9661874	1.402208
32.62691786765491	1.986847	1.4095557
32.645180280296586	2.0434666	1.4294987
32.663443545305896	2.0201418	1.421317
32.68170766326619	1.9826071	1.4080508
32.69997263476099	1.9428135	1.3938484
32.7182384603741	1.9778123	1.4063472
32.7365051406895	1.9842409	1.4086308
32.75477267629144	2.0000117	1.4142177
32.77304106776434	1.9743606	1.4051194
32.79131031569289	1.9682447	1.4029415
32.809580420661966	1.9713348	1.4040424
32.827851383256714	1.9584742	1.399455
32.84612320406245	1.9229628	1.3867093
32.86439588366476	1.932843	1.3902673
32.88266942264945	1.9263953	1.3879465
32.9009438216025	1.9373412	1.3918841
32.9192190811102	2.0192275	1.4209952
32.937495201758985	2.033108	1.425871
32.95577218413556	2.055441	1.4336809
32.974050028826866	2.0325205	1.4256649
32.992328736420035	1.9835886	1.4083993
33.010608307502444	1.910975	1.3823801
33.02888874266169	1.9236811	1.3869684
33.047170042485604	1.932908	1.3902906
33.06545220756225	1.9176171	1.3847805
33.083735238479896	1.9031163	1.3795348
33.10201913582707	1.8931717	1.3759258
33.12030390019248	1.9572526	1.3990184
33.138589532165135	1.9675163	1.4026818
33.15687603233419	1.9891486	1.4103718
33.17516340128909	1.9082224	1.3813843
33.19345163961947	1.8410977	1.3568705
33.211740747915215	1.7878588	1.3371084
33.23003072676643	1.8257704	1.3512107
33.248321576763466	1.9331276	1.3903697
33.266613298496885	2.003749	1.4155384
33.28490589255747	2.0151699	1.4195668
33.30319935953626	2.0163105	1.4199685
33.32149370002451	1.9357845	1.3913248
33.339788914613706	1.8723091	1.3683234
33.358085003895575	1.9326931	1.3902134
33.376381968462034	1.9599439	1.39998
33.39467980890529	2.0278718	1.4240336
33.41297852581774	2.0100777	1.417772
33.43127811979204	1.9205346	1.3858335
33.44957859142105	1.924439	1.3872415
33.467879941297866	1.9546314	1.3980813
33.486182170015844	1.9229376	1.3867003
33.50448527816853	1.8691245	1.3671592
33.522789266349754	1.9777863	1.4063379
33.541094135153514	2.0414617	1.4287972
33.55939988517411	2.088253	1.4450788
33.57770651700602	2.0338223	1.4261215
33.59601403124398	1.953791	1.3977808
33.61432242848296	1.8845583	1.3727921
33.632631709318154	1.8625705	1.3647603
33.650941874344994	1.8567296	1.3626187
33.66925292415916	1.8075604	1.3444555
33.68756485935654	1.8688108	1.3670446
33.70587768053328	1.8418635	1.3571527
33.724191388285746	1.7657746	1.3288245
33.74250598321054	1.7821957	1.3349891
33.760821465904506	1.8764327	1.3698294
33.77913783696474	1.8964396	1.3771127
33.79745509698852	1.9147195	1.3837339
33.815773246573414	1.874237	1.3690277
33.8340922863172	1.8879981	1.3740444
33.852412216817896	1.9329617	1.3903099
33.87073303867377	1.8989987	1.3780416
33.889054752483304	1.9663643	1.4022712
33.907377358845245	1.9644408	1.4015851
33.92570085835853	1.8579593	1.3630698
33.94402525162239	1.8358651	1.354941
33.96235053923627	1.8341317	1.3543012
33.980676721799824	1.9831561	1.4082458
33.999003799912984	2.1445122	1.4644153
34.01733177417592	2.1446722	1.4644699
34.03566064518901	1.9928491	1.4116831
34.0539904135529	1.8873516	1.3738092
34.07232107986846	1.9214928	1.3861792
34.090652644736785	1.9295169	1.3890705
34.108985108759235	1.8967243	1.3772161
34.12731847253742	1.865434	1.365809
34.14565273667313	1.8985072	1.3778633
34.16398790176847	1.9707304	1.4038271
34.18232396842574	1.9855165	1.4090836
34.20066093724749	1.9277267	1.388426
34.21899880883651	1.9358654	1.3913538
34.23733758379583	1.9482534	1.3957984
34.25567726272874	2.0460052	1.4303864
34.27401784623872	2.0333652	1.4259611
34.29235933492957	2.016195	1.4199278
34.31070172940526	2.0356784	1.426772
34.32904503027003	2.086621	1.4445142
34.347389238128386	2.0477188	1.4309852
34.36573435358502	1.9941347	1.4121383
34.38408037724492	1.9357301	1.3913052
34.402427309713296	1.9443651	1.3944049
34.42077515159559	2.0554411	1.433681
34.43912390349752	2.1320422	1.4601514
34.45747356602499	2.099194	1.4488596
34.47582413978423	2.004234	1.4157097
34.49417562538163	1.9149567	1.3838196
34.51252802342388	1.7741923	1.3319881
34.53088133451789	1.7940645	1.339427
34.54923555927084	2.0244696	1.4228386
34.567590698290104	1.9834133	1.4083371
34.58594675218336	1.9868029	1.4095399
34.6043037215585	2.118422	1.45548
34.62266160702365	2.14837	1.4657319
34.641020409187234	1.9585899	1.3994963
34.65938012865785	1.8643807	1.3654233
34.677740766044394	1.8474102	1.3591946
34.69610232195598	1.7812696	1.334642
34.714464797002016	1.9227337	1.3866267
34.73282819179208	1.991746	1.4112923
34.751192506936064	2.0723486	1.4395654
34.76955774304408	2.180524	1.4766598
34.7879239007265	2.1569393	1.4686522
34.80629098059391	2.083745	1.4435183
34.824658983257194	2.0725257	1.4396269
34.843027909327446	2.1597366	1.4696043
34.86139775941603	2.0850422	1.4439676
34.879768534134534	2.0122433	1.4185356
34.89814023409483	1.8486801	1.3596618
34.91651285990901	1.7440858	1.3206384
34.93488641218944	1.8928759	1.3758183
34.95326089154871	2.1587224	1.4692591
34.97163629859967	2.39173	1.5465219
34.99001263395542	2.2187715	1.4895542
35.00838989822934	2.032752	1.4257461
35.02676809203499	1.9969941	1.4131504
35.04514721598624	1.9523381	1.3972609
35.063527270697215	1.9739367	1.4049686
35.081908256782256	2.0391498	1.427988
35.10029017485597	2.0253515	1.4231485
35.11867302553321	2.1635914	1.4709152
35.137056809429104	2.0789683	1.4418628
35.155441527159006	1.8567994	1.3626442
35.173827179338524	1.6675183	1.2913243
35.19221376658354	1.7811438	1.334595
35.21060128951017	2.0147579	1.4194217
35.2289897487348	1.957644	1.3991584
35.24737914487405	1.7870246	1.3367964
35.26576947854479	1.7481097	1.322161
35.28416075036418	1.8410486	1.3568524
35.30255296094958	1.8254609	1.3510962
35.32094611091867	1.8731656	1.3686364
35.33934020088932	2.4384067	1.5615399
35.35773523147969	2.6844578	1.6384315
35.3761312033082	2.580626	1.6064327
35.394528116993506	2.4594152	1.5682523
35.41292597315452	2.243882	1.4979593
35.431324772410434	1.9015193	1.3789558
35.449724515380666	1.7335194	1.3166318
35.46812520268491	1.9024949	1.3793095
35.486526834943106	2.0469084	1.4307021
35.504929412775454	2.011231	1.4181788
35.52333293680242	1.8726398	1.3684443
35.54173740764471	1.7096474	1.3075348
35.560142825923286	1.9261427	1.3878554
35.5785491922594	1.7762048	1.3327433
35.59695650727454	1.04659	1.0230298
35.61536477159042	1.9727423	1.4045434
