0.008763373481513119	0.3822274	0.6182454
0.026290120649546365	0.3681276	0.6067352
0.043816868432600686	0.31194657	0.55852175
0.06134361724069026	0.18110608	0.4255656
0.07887036748382949	0.1035044	0.321721
0.0963971195720331	0.053553443	0.23141617
0.11392387391531617	0.017343313	0.131694
0.1314506309236943	0.08643285	0.29399464
0.1489773910071836	0.1265578	0.35574964
0.16650415457580078	0.12927984	0.35955507
0.18403092203956356	0.11710789	0.3422103
0.20155769380849	0.11866206	0.3444736
0.2190844702925996	0.09598399	0.30981284
0.2366112519019124	0.09205214	0.30340096
0.2541380390464497	0.09206954	0.30342963
0.27166483213623416	0.11092889	0.3330599
0.28919163158128947	0.10088733	0.31762767
0.3067184377916406	0.12806234	0.35785797
0.324245251177314	0.13419467	0.3663259
0.34177207214833777	0.17973186	0.42394796
0.3592989011147415	0.1795522	0.423736
0.37682573848655654	0.15605508	0.39503807
0.39435258467381573	0.14382404	0.3792414
0.41187944008655414	0.1697315	0.41198483
0.42940630513480854	0.20303379	0.4505927
0.446933180228618	0.26058605	0.5104763
0.4644600657780234	0.23994425	0.48984104
0.48198696219306775	0.22676484	0.47619832
0.49951386988379676	0.20562702	0.45346117
0.5170407892602581	0.19690031	0.4437345
0.5345677207325025	0.138635	0.3723372
0.5520946647105822	0.10554459	0.32487628
0.5696216216045534	0.09902251	0.31467843
0.5871485918244737	0.14557153	0.38153836
0.6046755757804043	0.19237939	0.43861073
0.6222025738824094	0.24183793	0.4917702
0.6397295865405557	0.21830605	0.46723232
0.6572566141649129	0.2280755	0.4775725
0.6747836571655547	0.22073802	0.46982765
0.6923107159525568	0.21972892	0.4687525
0.7098377909359992	0.20611581	0.4539998
0.7273648825259653	0.18865913	0.4343491
0.7448919911325411	0.19565807	0.44233254
0.762419117165817	0.23255861	0.4822433
0.7799462610358868	0.22659682	0.47602186
0.7974734231528482	0.23439685	0.4841455
0.8150006039268024	0.19508444	0.44168365
0.8325278037678551	0.19725709	0.44413635
0.8500550230861152	0.1964133	0.4431854
0.8675822622916969	0.20117778	0.44852847
0.8851095217947171	0.21801183	0.46691737
0.9026368020052984	0.20627129	0.454171
0.9201641033335665	0.2323792	0.48205724
0.9376914261896523	0.2438173	0.4937786
0.9552187709836915	0.29415423	0.5423599
0.9727461381258234	0.29456264	0.54273623
0.990273528026193	0.25130403	0.50130236
1.0078009410949496	0.2194968	0.46850485
1.0253283777422473	0.20495848	0.4527234
1.0428558383782454	0.25629607	0.50625694
1.0603833234131086	0.26760077	0.51730144
1.0779108332570058	0.3414956	0.5843763
1.0954383683201119	0.32603726	0.5709967
1.112965929012607	0.35363585	0.5946729
1.1304935157446763	0.45618713	0.6754163
1.1480211289265108	0.5252517	0.7247425
1.1655487689683062	1.4218409	1.1924098
1.1830764362802655	1.6606591	1.2886657
1.200604131272596	2.047493	1.4309063
1.2181318543555117	2.329971	1.5264243
1.235659605939232	2.4086523	1.5519834
1.253187386433982	4.0746126	2.018567
1.270715196249994	6.453152	2.5403056
1.2882430357975057	12.145271	3.4850066
1.3057709054867608	16.996439	4.122674
1.3232988057280106	22.92812	4.7883315
1.3408267369315112	27.794392	5.2720385
1.358354699507526	31.436996	5.6068707
1.3758826938663256	35.11997	5.9262104
1.3934107204181858	36.867676	6.0718756
1.410938779573391	37.023872	6.0847244
1.4284668717422309	37.71883	6.141566
1.4459949973350033	37.526493	6.125887
1.4635231567620117	37.229404	6.10159
1.4810513504335687	36.303566	6.025244
1.4985795787599925	35.480915	5.956586
1.5161078421516088	35.03046	5.9186535
1.5336361410187505	34.423897	5.867188
1.5511644757717598	34.59966	5.8821473
1.5686928468209842	35.259827	5.937999
1.58622125457678	36.004868	6.000406
1.6037496994495108	37.437412	6.118612
1.621278181849548	37.302902	6.10761
1.6388067021872719	38.018665	6.165928
1.6563352608730693	37.343464	6.11093
1.673863858317336	36.63387	6.052592
1.6913924949304753	35.91523	5.992932
1.7089211711228998	34.59894	5.8820868
1.7264498873050296	33.53413	5.790866
1.7439786438872935	32.74572	5.722388
1.7615074412801288	32.02061	5.6586757
1.779036279893981	31.253183	5.5904546
1.796565160139305	30.509176	5.5235114
1.814094082426564	29.583384	5.4390607
1.8316230471662298	28.547844	5.343018
1.849152054768784	27.570108	5.250725
1.8666811056447168	27.075954	5.203456
1.8842102002045273	26.165508	5.1152234
1.901739338858724	25.65028	5.0646105
1.9192685220178245	25.099104	5.0099006
1.9367977500923557	24.429253	4.942596
1.9543270234928547	24.133059	4.912541
1.971856342629867	23.613821	4.8594055
1.9893857079139496	23.204576	4.817113
2.006915119755667	22.757528	4.770485
2.0244445785655945	22.108421	4.701959
2.0419740847543175	21.821644	4.6713643
2.0595036387324317	21.27677	4.6126747
2.0770332409105414	20.588373	4.5374413
2.094562891699263	20.291925	4.504656
2.1120925915092217	19.6744	4.4355836
2.129622340751053	19.406246	4.405252
2.1471521398354043	187.70868	13.700682
2.1646819891729323	444.15042	21.074877
2.182211889174303	440.2109	20.981203
2.1997418402501974	452.36603	21.268898
2.2172718428113023	432.38467	20.793861
2.234801897268317	320.58365	17.90485
2.2523320040319548	17.186562	4.145668
2.269862163512935	16.947643	4.1167517
2.287392376121992	16.457886	4.056832
2.304922642269869	16.107876	4.0134616
2.322452962367322	15.581844	3.9473846
2.3399833368251164	15.240562	3.9039164
2.357513766054032	15.101165	3.8860216
2.3750442504648586	14.786349	3.8453023
2.3925747904683963	14.483089	3.8056655
2.410105386475459	14.18904	3.7668343
2.4276360388968707	14.117087	3.7572713
2.445166748143469	14.092037	3.7539363
2.4626975146261025	13.899308	3.7281775
2.4802283387556323	13.443161	3.6664917
2.4977592209429305	13.166223	3.628529
2.5152901615988825	12.890265	3.5903015
2.5328211611343865	12.830668	3.5819921
2.5503522199603523	12.441067	3.5271897
2.5678833384877024	12.178006	3.4897
2.5854145171273712	11.871265	3.4454703
2.6029457562903064	11.723058	3.4238951
2.620477056387469	11.684995	3.418332
2.6380084178298326	11.6635895	3.4151998
2.655539841028383	11.543747	3.397609
2.673071326394119	11.368322	3.3716943
2.6906028743380523	11.116651	3.3341641
2.708134485271211	10.859206	3.295331
2.7256661596046325	10.651009	3.2635882
2.743197897749369	10.449984	3.2326434
2.760729700116486	10.365738	3.2195866
2.778261567117063	10.162408	3.187853
2.795793499162193	10.077188	3.1744585
2.8133254966629817	10.038567	3.1683698
2.830857560030551	9.849878	3.1384516
2.8483896896760337	9.793926	3.129525
2.865921886010578	9.515274	3.084684
2.883454149445347	9.401127	3.0661256
2.9009864803915177	9.220903	3.0365942
2.91851887926028	9.0953665	3.0158525
2.9360513464628384	9.168521	3.0279565
2.953583882410413	9.014137	3.0023553
2.9711164875142373	8.8515835	2.975161
2.9886491621855606	8.720685	2.9530807
3.0061819068356455	8.64319	2.9399304
3.023714721875769	8.598191	2.9322672
3.041247607717225	8.5209055	2.919059
3.0587805647713213	8.342487	2.8883364
3.0763135934493806	8.255881	2.8733048
3.0938466941627407	8.082247	2.8429294
3.1113798673227544	7.9189897	2.81407
3.1289131133407904	7.6930933	2.7736425
3.1464464326282315	7.531487	2.7443554
3.1639798255964786	7.4598427	2.7312713
3.1815132926569443	7.5112143	2.7406595
3.1990468342210603	7.414073	2.7228796
3.216580450700272	7.4778657	2.7345686
3.2341141425060416	7.4376235	2.7272007
3.251647910049847	7.3419776	2.7096083
3.2691817537431813	7.245244	2.691699
3.286715673997555	7.0412955	2.653544
3.3042496712244938	6.945838	2.6354957
3.32178374583554	6.7564836	2.5993237
3.339317898242251	6.8004003	2.6077578
3.3568521288562034	6.8116775	2.609919
3.3743864380889876	6.8804793	2.6230667
3.3919208263522127	6.799328	2.607552
3.4094552940575023	6.6908317	2.5866642
3.4269898416164972	6.5967627	2.5684164
3.444524469440858	6.563724	2.5619767
3.4620591779422587	6.5227647	2.5539703
3.479593967532391	6.4675636	2.5431404
3.4971288386229658	6.418	2.5333772
3.5146637916257086	6.3723574	2.5243528
3.5321988269523628	6.3400493	2.5179455
3.5497339450146903	6.300722	2.510124
3.5672691462244708	6.329074	2.5157652
3.5848044309934988	6.297061	2.5093946
3.60233979973359	6.219577	2.493908
3.619875252856575	6.208183	2.4916224
3.6374107907743034	6.2406645	2.4981322
3.6549464138986427	6.2667365	2.503345
3.6724821226414788	6.282923	2.506576
3.690017917414714	6.295565	2.5090964
3.7075537986302702	6.25533	2.5010657
3.7250897667000857	6.2287087	2.495738
3.7426258220361235	6.3092074	2.5118136
3.7601619650503553	6.646986	2.5781748
3.777698196154779	7.263858	2.6951544
3.7952345157614067	8.206871	2.8647637
3.8127709242822716	9.06661	3.0110812
3.830307422129425	11.219381	3.3495345
3.847844009714936	30.098875	5.486244
3.8653806874508954	97.71518	9.885098
3.882917455749409	96.98961	9.8483305
3.900454315022606	96.74547	9.835927
3.917991265682631	41.250263	6.422637
3.9355283081416506	10.875107	3.2977426
3.9530654428118495	8.646898	2.9405608
3.970602670105433	7.318414	2.7052567
3.9881399904346244	6.52042	2.5535114
4.005677404211669	6.4579735	2.5412543
4.023214911848827	6.522164	2.5538528
4.0407525137583855	6.4683566	2.5432963
4.058290210352644	6.370741	2.5240326
4.075828002043927	6.248993	2.4997985
4.0933658892445814	6.283829	2.5067568
4.110903872366966	6.204596	2.4909027
4.128441951823468	6.158315	2.4815953
4.145980128026488	6.124384	2.4747493
4.163518401388452	6.075791	2.464912
4.181056772321807	6.1271973	2.4753177
4.1985952412390155	6.1449637	2.4789038
4.216133808552567	6.2297287	2.4959424
4.233672474674966	6.3117695	2.5123236
4.251211240018741	6.447794	2.5392506
4.268750104996445	6.627364	2.5743668
4.286289070020643	7.603656	2.7574728
4.303828135503928	9.192128	3.0318522
4.3213673018589125	29.374643	5.419838
4.3389065694982305	90.48479	9.512349
4.356445938834537	165.67125	12.871334
4.3739854102805085	171.5897	13.099225
4.391524984248844	172.4219	13.130952
4.409064661152262	136.54434	11.685219
4.426604441403504	96.79875	9.838635
4.444144325415337	75.612274	8.695532
4.461684313600543	21.658928	4.6539154
4.47922440637193	21.924719	4.682384
4.496764604142329	20.206873	4.4952054
4.5143049073245916	18.416765	4.291476
4.531845316331589	16.206383	4.0257154
4.5493858315762195	13.427864	3.664405
4.566926453471405	11.225369	3.3504283
4.584467182430081	9.352527	3.05819
4.602008018865218	8.151049	2.855004
4.619548963189798	7.4167895	2.7233784
4.637090015816834	6.969479	2.6399772
4.654631177159353	6.663171	2.581312
4.672172447630417	6.3707886	2.5240421
4.689713827643102	6.244989	2.4989977
4.7072553176105085	6.0610876	2.4619277
4.724796917945764	5.956296	2.4405525
4.742338629062015	5.8157477	2.411586
4.759880451372434	5.747547	2.3974042
4.777422385290215	5.6903386	2.385443
4.794964431228581	5.6104035	2.368629
4.812506589600768	5.6633806	2.3797858
4.830048860820047	5.545641	2.3549185
4.847591245299709	5.5414352	2.3540254
4.8651337434530655	5.449085	2.3343275
4.882676355693457	5.4569006	2.336001
4.900219082434242	5.463491	2.3374112
4.917761924088813	5.4778714	2.3404853
4.935304881070575	5.4534345	2.335259
4.952847953792969	5.5186157	2.3491733
4.970391142669449	5.5288167	2.3513436
4.9879344481135055	5.539744	2.353666
5.005477870538642	5.4788733	2.3406992
5.023021410358394	5.428565	2.3299282
5.040565067986324	5.4939237	2.3439121
5.05810884383601	5.482404	2.3414536
5.075652738321066	5.489514	2.342971
5.09319675185512	5.4613037	2.3369431
5.110740884851836	5.406017	2.3250842
5.128285137724894	5.3686	2.317024
5.145829510888007	5.344015	2.3117125
5.163374004754908	5.2819967	2.2982595
5.1809186197393595	5.2756534	2.296879
5.198463356255145	5.2290826	2.2867188
5.216008214716077	5.221067	2.2849655
5.233553195535998	5.209234	2.2823746
5.251098299128764	5.275001	2.296737
5.268643525908272	5.2533865	2.2920268
5.286188876288432	5.282253	2.2983153
5.3037343506831895	5.3257575	2.3077602
5.32127994950651	5.335935	2.3099644
5.3388256731723915	5.32393	2.3073642
5.356371522094851	5.2856164	2.2990468
5.373917496687938	5.1878242	2.2776797
5.391463597365729	5.1366944	2.2664278
5.40900982454232	5.102831	2.2589447
5.426556178631843	5.099814	2.2582767
5.444102660048449	5.0832934	2.254616
5.4616492692063225	5.073412	2.2524235
5.479196006519669	5.074626	2.252693
5.496742872402727	5.002309	2.2365842
5.514289867269756	4.965741	2.2283943
5.531836991535049	4.988918	2.2335885
5.549384245612924	5.0265737	2.2420022
5.566931629917724	5.140354	2.2672348
5.584479144863822	5.122016	2.2631872
5.6020267908656205	5.0890646	2.2558956
5.619574568337545	5.1217337	2.2631247
5.637122477694054	5.1891646	2.277974
5.654670519349629	5.271838	2.2960484
5.672218693718784	5.235322	2.2880826
5.689767001216059	5.2139907	2.2834165
5.707315442256021	5.1394367	2.2670326
5.724864017253266	5.1488543	2.2691088
5.7424127266224225	5.1150117	2.261639
5.75996157077814	5.1865463	2.277399
5.777510550135105	5.2011113	2.2805946
5.795059665108022	5.2475967	2.2907634
5.812608916111639	5.217277	2.284136
5.830158303560715	5.3349786	2.3097572
5.847707827870055	5.3104105	2.3044329
5.86525748945448	5.33098	2.3088915
5.8828072887288485	5.3435836	2.3116193
5.900357226108044	5.4500995	2.334545
5.917907302006979	5.535812	2.3528306
5.9354575168406	6.116955	2.4732478
5.9530078710238765	6.630483	2.5749724
5.970558364971812	7.1218457	2.6686788
5.988108999099438	7.4510374	2.7296588
6.005659773821818	8.010643	2.830308
6.023210689554039	7.8226547	2.796901
6.040761746711227	8.217702	2.8666534
6.058312945708531	7.5919833	2.7553554
6.075864286961132	7.0852394	2.6618114
6.093415770884244	6.438124	2.537346
6.1109673978931065	5.9561954	2.4405317
6.128519168402993	5.45478	2.335547
6.146071082829204	5.377182	2.318875
6.163623141587075	5.226643	2.2861853
6.181175345091969	5.247566	2.2907567
6.198727693759281	5.2059546	2.281656
6.216280188004435	5.1680837	2.273342
6.233832828242885	5.117069	2.2620938
6.251385614890126	5.0669084	2.2509794
6.268938548361669	5.040648	2.2451386
6.286491629073067	5.061283	2.2497296
6.304044857439898	5.0822043	2.2543745
6.321598233877777	4.9911385	2.2340856
6.339151758802344	4.961821	2.2275145
6.356705432629277	4.8630047	2.2052221
6.37425925577428	4.9044223	2.214593
6.391813228653095	4.8842564	2.2100353
6.409367351681486	4.9323907	2.2208986
6.426921625275259	4.8823767	2.20961
6.44447604985025	4.901431	2.2139175
6.46203062582232	4.9194403	2.217981
6.47958535360737	5.004688	2.2371159
6.497140233621328	5.0216613	2.2409062
6.514695266280161	4.9826975	2.2321956
6.532250451999859	4.996017	2.2351773
6.549805791196454	5.0025706	2.2366426
6.567361284286002	5.037395	2.244414
6.584916931684597	4.9787517	2.2313116
6.602472733808367	4.9526954	2.2254653
6.6200286910734665	4.8648047	2.2056303
6.637584803896092	4.902619	2.2141857
6.655141072692462	4.9366393	2.221855
6.672697497878842	5.009021	2.238084
6.690254079871514	5.042856	2.2456305
6.707810819086808	5.027033	2.2421045
6.725367715941078	4.9044657	2.2146027
6.742924770850719	4.85131	2.202569
6.760481984232151	4.867035	2.2061357
6.778039356501836	4.8923087	2.2118564
6.795596888076266	4.9506645	2.225009
6.813154579371963	4.929804	2.2203162
6.830712430805492	4.8900733	2.211351
6.84827044279344	4.8987226	2.2133057
6.865828615752445	4.9553885	2.2260702
6.883386950099159	5.0484905	2.2468846
6.900945446250287	5.0600095	2.2494464
6.918504104622553	5.05056	2.2473452
6.936062925632727	5.0359564	2.2440937
6.953621909697607	5.0405517	2.2451172
6.971181057234028	5.079664	2.2538111
6.988740368658859	5.0679073	2.2512014
7.006299844389007	5.1791825	2.2757816
7.023859484841407	5.2642694	2.2943995
7.041419290433036	5.422482	2.3286223
7.058979261580902	5.5620985	2.3584101
7.0765393987020495	5.647211	2.3763862
7.094099702213559	6.0129347	2.4521286
7.111660172532549	6.363515	2.522601
7.129220810076164	6.7699585	2.6019144
7.146781615261595	7.4780664	2.7346053
7.16434258850606	7.6645174	2.7684865
7.181903730226821	8.142122	2.8534405
7.1994650408411704	8.184161	2.8607974
7.217026520766437	8.263009	2.874545
7.234588170419983	8.4862175	2.9131112
7.252149990219215	8.39874	2.898058
7.269711980581568	8.275164	2.8766584
7.2872741419245175	8.085673	2.8435318
7.304836474665574	7.6820865	2.7716577
7.322398979222286	7.346287	2.7104034
7.339961656012233	7.092408	2.6631575
7.357524505453039	6.826814	2.6128173
7.375087527962357	6.5604463	2.5613368
7.392650723957886	6.2232814	2.4946506
7.410214093857353	5.903382	2.4296875
7.427777638078528	5.6961637	2.3866637
7.445341357039213	5.5216126	2.349811
7.4629052511572525	5.3863907	2.32086
7.480469320850524	5.2881308	2.2995937
7.498033566536948	5.191779	2.2785475
7.5155979886344735	5.111255	2.2608085
7.5331625875610975	5.1050982	2.2594464
7.550727363734844	5.139306	2.2670038
7.568292317573788	5.192745	2.2787595
7.585857449496025	5.208468	2.2822068
7.603422759919705	5.149373	2.269223
7.620988249263007	5.179684	2.275892
7.638553917944147	5.170247	2.2738178
7.656119766381391	5.161729	2.2719438
7.673685794993023	5.1406646	2.2673035
7.691252004197388	5.0776253	2.2533586
7.70881839441285	5.0195575	2.2404368
7.726384966057826	5.076004	2.2529988
7.743951719550762	5.114625	2.2615538
7.761518655310149	5.192739	2.2787583
7.779085773754511	5.209554	2.2824447
7.796653075302419	5.2241187	2.285633
7.814220560372475	5.2441278	2.2900062
7.831788229383323	5.2449207	2.2901793
7.8493560827536495	5.3022723	2.3026664
7.866924120902174	5.321463	2.3068297
7.884492344247663	5.366375	2.3165438
7.9020607532089135	5.3483014	2.3126395
7.919629348204771	5.3699307	2.317311
7.937198129654115	5.4154744	2.3271172
7.954767097975865	5.3823743	2.3199944
7.972336253588986	5.3014026	2.3024776
7.989905596912472	5.26006	2.293482
8.007475128365371	5.3019667	2.3026
8.025044848366756	5.441324	2.3326647
8.042614757335754	5.634543	2.3737192
8.060184855691523	5.700172	2.3875034
8.07775514385327	5.8514132	2.4189694
8.095325622240228	5.9140353	2.431879
8.112896291271687	5.9383183	2.4368665
8.130467151366968	5.970967	2.443556
8.148038202945436	5.97756	2.4449048
8.165609446426497	5.9791217	2.4452243
8.183180882229594	6.061142	2.4619386
8.200752510774217	6.053919	2.4604712
8.218324332479893	6.0962906	2.4690669
8.235896347766193	6.027524	2.4551017
8.253468557052724	6.045894	2.45884
8.27104096075914	5.957955	2.4408922
8.288613559305137	5.976947	2.4447794
8.306186353110448	5.9502025	2.4393036
8.32375934259485	6.019003	2.4533656
8.341332528178162	6.08542	2.4668643
8.358905910280246	6.1648436	2.4829104
8.376479489321003	6.2148757	2.4929652
8.394053265720377	6.2575088	2.5015013
8.411627239898356	6.234543	2.4969068
8.42920141227497	6.168339	2.483614
8.44677578327029	6.1032686	2.4704795
8.464350353304427	6.059545	2.4616144
8.48192512279754	6.0794616	2.4656565
8.499500092169827	6.045141	2.4586868
8.51707526184153	6.022854	2.4541504
8.534650632232934	6.0426774	2.458186
8.552226203764365	6.076038	2.464962
8.569801976856192	6.16995	2.4839385
8.587377951928834	6.243556	2.4987109
8.60495412940274	6.344419	2.5188131
8.622530509698416	6.430533	2.5358496
8.6401070932364	6.5442476	2.5581727
8.657683880437283	6.5770316	2.5645723
8.675260871721695	6.7140603	2.5911503
8.692838067510303	6.9135613	2.6293652
8.710415468223834	7.0381713	2.6529553
8.727993074283043	7.1337776	2.6709132
8.745570886108737	7.081282	2.661068
8.763148904121765	7.100466	2.66467
8.78072712874302	7.1032877	2.6651993
8.798305560393441	7.36709	2.7142384
8.815884199494006	7.542781	2.7464123
8.833463046465745	7.807225	2.7941413
8.851042101729728	7.941783	2.818117
8.86862136570707	8.140537	2.8531628
8.886200838818924	8.233216	2.869358
8.903780521486505	8.361172	2.8915691
8.921360414131055	8.542738	2.9227962
8.938940517173874	8.666371	2.94387
8.956520831036297	8.771757	2.9617152
8.97410135613971	8.944718	2.9907722
8.99168209290554	9.082498	3.0137181
9.009263041755265	9.31888	3.052684
9.026844203110405	9.516111	3.0848196
9.044425577392525	9.65516	3.1072752
9.062007165023239	9.700127	3.1145027
9.079588966424197	9.910353	3.1480713
9.097170982017108	9.987919	3.1603668
9.11475321222372	10.940801	3.307688
9.132335657465825	11.830714	3.4395804
9.149918318165264	11.953258	3.4573483
9.167501194743924	12.497017	3.535112
9.18508428762374	12.215402	3.4950538
9.202667597226693	12.253121	3.5004458
9.220251123974803	11.960005	3.458324
9.237834868290143	11.71533	3.4227664
9.255418830594836	11.440569	3.382391
9.273003011311046	10.943037	3.308026
9.290587410860985	10.67443	3.2671747
9.308172029666911	10.133866	3.1833735
9.32575686815113	9.917022	3.1491303
9.343341926735997	8.7035	2.9501696
9.360927205843916	8.467172	2.9098406
9.378512705897327	8.273937	2.8764453
9.396098427318728	8.138509	2.8528073
9.413684370530664	8.1259165	2.8505993
9.431270535955722	8.06327	2.8395896
9.448856924016539	7.978783	2.824674
9.466443535135806	7.7859006	2.7903228
9.484030369736251	7.713959	2.7774014
9.501617428240658	7.660609	2.7677805
9.519204711071852	7.7574253	2.7852154
9.536792218652714	7.85303	2.802326
9.55437995140617	7.9573593	2.8208792
9.571967909755191	7.933071	2.8165708
9.589556094122802	7.9014263	2.8109477
9.60714450493207	7.86249	2.8040133
9.624733142606116	7.8387995	2.7997856
9.642322007568108	7.8594084	2.8034637
9.659911100241267	7.8744793	2.8061502
9.677500421048851	7.9529705	2.8201013
9.695089970414175	7.9916973	2.8269591
9.712679748760609	8.05095	2.8374195
9.730269756511557	8.128262	2.8510106
9.747859994090492	8.125435	2.850515
9.765450461920915	8.093091	2.8448358
9.78304116042639	8.105706	2.847052
9.800632090030527	8.123741	2.8502178
9.81822325115699	8.1195755	2.8494868
9.835814644229481	8.089787	2.844255
9.853406269671762	8.082644	2.8429992
9.870998127907646	8.124394	2.8503323
9.888590219360985	8.101164	2.8462543
9.906182544455698	8.085184	2.8434458
9.923775103615734	8.112489	2.848243
9.941367897265108	8.17564	2.8593075
9.958960925827878	8.175647	2.8593087
9.97655418972816	8.18752	2.8613844
9.994147689390106	8.194203	2.862552
10.011741425237934	8.219199	2.8669145
10.029335397695904	8.213456	2.865913
10.04692960718833	8.1977	2.8631625
10.06452405413958	8.180099	2.8600872
10.082118738974064	8.156175	2.8559017
10.099713662116246	8.179722	2.8600214
10.117308823990651	8.181963	2.860413
10.134904225021844	8.169891	2.858302
10.152499865634445	8.111568	2.8480816
10.170095746253125	8.076786	2.8419688
10.18769186730261	8.16201	2.856923
10.205288229207675	8.178583	2.8598223
10.222884832393145	8.179733	2.8600233
10.2404816772839	8.11588	2.8488383
10.258078764304868	8.084362	2.8433013
10.275676093881035	8.071958	2.841119
10.293273666437438	8.043417	2.8360918
10.310871482399158	8.112762	2.8482912
10.32846954219134	8.133816	2.8519845
10.346067846239173	8.214959	2.866175
10.363666394967908	8.1868105	2.8612604
10.38126518880283	8.182836	2.8605657
10.398864228169298	8.170267	2.858368
10.416463513492713	8.144425	2.853844
10.434063045198531	8.127838	2.8509364
10.451662823712262	8.143454	2.8536737
10.469262849459467	8.2008095	2.8637056
10.486863122865758	8.028989	2.833547
10.504463644356806	7.944036	2.8185167
10.522064414358338	7.836063	2.7992969
10.539665433296118	7.7630873	2.7862318
10.557266701595987	7.756081	2.784974
10.574868219683818	7.720216	2.7785277
10.592469987985552	7.6101403	2.7586484
10.610072006927185	7.463211	2.7318878
10.627674276934751	7.4189997	2.723784
10.64527679843435	7.349481	2.7109926
10.662879571852143	7.2644267	2.69526
10.680482597614331	7.125271	2.6693203
10.698085876147173	7.042553	2.653781
10.715689407876988	6.934396	2.6333241
10.733293193230146	6.842312	2.6157813
10.750897232633072	6.7157097	2.5914686
10.76850152651225	6.636149	2.5760725
10.786106075294207	6.5179133	2.5530205
10.803710879405534	6.413672	2.532523
10.821315939272877	6.370098	2.5239053
10.83892125532294	6.335057	2.516954
10.856526827982472	6.274069	2.5048091
10.874132657678285	6.2374544	2.4974897
10.891738744837243	6.130436	2.4759717
10.909345089886271	6.077896	2.465339
10.926951693252343	6.0218015	2.4539359
10.944558555362494	5.9900274	2.4474533
10.96216567664381	5.9784665	2.4450903
10.979773057523436	5.9151874	2.4321158
10.997380698428573	5.88123	2.4251246
11.014988599786477	5.802185	2.4087725
11.032596762024461	5.6969314	2.3868246
11.050205185569892	5.6042724	2.3673344
11.067813870850198	5.5744104	2.361019
11.085422818292859	5.52077	2.3496318
11.10303202832541	5.4764385	2.3401792
11.120641501375454	5.4071965	2.325338
11.138251237870636	5.3336577	2.3094714
11.155861238238671	5.2805247	2.2979393
11.173471502907317	5.196457	2.279574
11.191082032304402	5.149294	2.2692056
11.208692826857805	5.135928	2.2662587
11.226303886995465	5.078196	2.2534852
11.243915213145371	5.0255766	2.2417798
11.261526805735578	4.933345	2.2211134
11.279138665194196	4.898813	2.2133262
11.296750791949393	4.85745	2.2039623
11.314363186429393	4.794527	2.1896408
11.331975849062479	4.710405	2.1703467
11.34958878027699	4.61618	2.1485298
11.36720198050133	4.4964905	2.120493
11.384815450163948	4.4914355	2.1193006
11.402429189693366	4.485902	2.1179948
11.420043199518153	4.5042453	2.1223207
11.437657480066942	63.44071	7.9649677
11.455272031768422	85.134	9.226809
11.472886855051353	107.52399	10.369377
11.490501950344528	99.108696	9.955335
11.508117318076819	84.420235	9.188048
11.52573295867715	45.81898	6.768972
11.543348872574514	4.1011395	2.025127
11.560965060197946	4.1165752	2.0289345
11.57858152197655	4.0810595	2.0201633
11.59619825833949	4.0438943	2.0109437
11.613815269715985	4.03208	2.008004
11.631432556535323	38.534542	6.2076197
11.649050119226837	82.994354	9.110124
11.666667958219929	93.35035	9.6617985
11.68428607394406	107.63847	10.374896
11.701904466828756	82.46939	9.081266
11.719523137303586	65.345116	8.083632
11.737142085798196	4.525662	2.1273603
11.754761312742286	3.6480353	1.909983
11.772380818565619	3.6401968	1.90793
11.790000603698015	3.6232183	1.9034753
11.80762066856935	3.604155	1.8984612
11.825241013609572	3.5695968	1.8893377
11.842861639248683	3.5310264	1.8791026
11.860482545916748	3.4843543	1.8666425
11.878103734043883	3.4524622	1.8580803
11.895725204060282	3.392048	1.8417513
11.91334695639619	3.3440075	1.8286628
11.930968991481919	3.3134508	1.8202887
11.948591309747824	3.325729	1.8236581
11.966213911624347	3.3117359	1.8198175
11.98383679754198	3.2996109	1.8164831
12.001459967931268	3.3109481	1.819601
12.019083423222835	3.2848144	1.8124057
12.036707163847352	3.2254648	1.7959579
12.05433119023556	3.1757898	1.7820746
12.071955502818259	3.125567	1.7679273
12.089580102026313	3.0989048	1.7603706
12.107204988290643	3.1584802	1.7772113
12.12483016204224	3.194088	1.7872012
12.142455623712152	3.159144	1.7773981
12.16008137373149	3.1147242	1.7648581
12.177707412531431	3.0858066	1.7566464
12.19533374054321	3.0443614	1.7448099
12.212960358198126	2.990483	1.7293013
12.230587265927545	2.9617655	1.720978
12.248214464162889	2.9766366	1.7252932
12.265841953335649	2.9743068	1.7246178
12.283469733877375	2.9769564	1.7253859
12.301097806219685	2.9667773	1.7224336
12.31872617079425	2.9584274	1.720008
12.336354828032825	2.9210725	1.7091146
12.353983778367205	2.8950765	1.7014924
12.371613022229262	2.8904393	1.7001292
12.389242560050928	2.8738093	1.6952313
12.406872392264201	2.860879	1.6914133
12.424502519301143	2.860656	1.6913474
12.442132941593874	2.8596349	1.6910455
12.459763659574586	2.8904471	1.7001315
12.477394673675532	2.868916	1.6937875
12.49502598432903	2.8425102	1.6859746
12.51265759196746	2.7995899	1.6731975
12.530289497023267	2.7713692	1.664743
12.547921699928967	2.7440188	1.656508
12.565554201117134	2.7460272	1.6571141
12.583187001020404	2.763339	1.6623294
12.600820100071486	2.772977	1.6652259
12.618453498703152	2.7466626	1.6573058
12.636087197348235	2.7213802	1.6496606
12.65372119643964	2.7132413	1.647192
12.671355496410326	2.752988	1.6592131
12.68899009769333	2.786555	1.6692978
12.706625000721749	2.8264363	1.6812009
12.724260205928752	2.9047902	1.7043445
12.741895713747551	2.9171286	1.7079604
12.759531524611454	2.946391	1.7165055
12.777167638953818	2.9308505	1.7119727
12.794804057208072	2.9577992	1.7198254
12.812440779807702	3.0121362	1.7355506
12.830077807186271	3.1740708	1.7815922
12.847715139777405	3.2339494	1.7983185
12.865352778014795	3.4595084	1.8599753
12.882990722332197	3.5596087	1.8866925
12.90062897316344	3.6172304	1.9019018
12.918267530942412	3.6658142	1.9146316
12.935906396103071	3.5478373	1.8835703
12.953545569079449	3.7193325	1.928557
12.971185050305628	3.568424	1.8890272
12.988824840215775	3.5777051	1.8914822
13.006464939244115	3.5832312	1.8929424
13.024105347824943	3.4591787	1.8598868
13.041746066392617	3.5584848	1.8863946
13.05938709538157	3.364871	1.8343585
13.077028435226296	3.328069	1.8242996
13.094670086361363	3.2105672	1.7918056
13.112312049221401	3.112392	1.7641972
13.129954324241112	3.0112522	1.735296
13.147596911855258	2.871032	1.694412
13.165239812498685	2.8289478	1.6819476
13.182883026606293	2.7822464	1.6680067
13.200526554613058	2.7132046	1.6471808
13.218170396954017	2.689042	1.6398299
13.235814554064284	2.6705747	1.6341892
13.253459026379034	2.665756	1.6327143
13.271103814333523	2.6466603	1.626856
13.288748918363058	2.6244633	1.6200196
13.306394338903031	2.6424716	1.625568
13.32404007638889	2.641314	1.625212
13.341686131256164	2.6895578	1.6399871
13.359332503940449	2.6639237	1.6321532
13.376979194877402	2.649664	1.6277789
13.394626204502751	2.690119	1.6401582
13.412273533252307	2.7111204	1.646548
13.429921181561937	2.7316751	1.652778
13.447569149867581	2.7447224	1.6567204
13.465217438605247	2.7298102	1.6522137
13.482866048211022	2.6925638	1.6409034
13.500514979121052	2.6231728	1.6196212
13.518164231771568	2.6133928	1.6165992
13.535813806598844	2.6123865	1.6162878
13.553463704039254	2.691192	1.6404853
13.571113924529229	2.7041817	1.6444396
13.588764468505275	2.7182934	1.6487248
13.606415336403956	2.6977015	1.6424681
13.624066528661917	2.7296004	1.6521503
13.641718045715882	2.7787538	1.6669594
13.659369888002635	2.844744	1.6866369
13.67702205595903	2.8771892	1.6962279
13.694674550021993	2.9475121	1.716832
13.712327370628532	2.9774282	1.7255226
13.729980518215713	3.0521474	1.7470396
13.747633993220681	3.112332	1.7641803
13.765287796080647	3.177085	1.7824379
13.7829419272329	3.2194462	1.7942815
13.800596387114801	3.2454617	1.8015165
13.818251176163775	3.3072376	1.8185812
13.835906294817324	3.3479652	1.8297446
13.853561743513023	3.363522	1.8339907
13.871217522688525	3.3564098	1.8320507
13.888873632781538	3.387514	1.84052
13.906530074229858	3.4498148	1.8573678
13.92418684747135	3.447354	1.8567052
13.941843952943948	3.4342623	1.8531762
13.959501391085665	3.389707	1.8411157
13.977159162334578	3.3566096	1.8321053
13.994817267128846	3.3466794	1.8293931
14.012475705906693	3.2812574	1.8114241
14.030134479106424	3.2191749	1.7942059
14.047793587166414	3.1239808	1.7674787
14.065453030525108	3.0453303	1.7450875
14.083112809621026	2.9808486	1.7265134
14.100772924892766	2.91021	1.7059337
14.118433376778997	2.8894088	1.6998261
14.136094165718458	2.8487175	1.6878144
14.153755292149969	2.8099096	1.6762785
14.171416756512416	2.701122	1.643509
14.189078559244768	2.6038127	1.6136334
14.20674070078606	2.5265043	1.5894982
14.224403181575408	2.5095603	1.5841591
14.242066002051999	2.5001807	1.581196
14.259729162655093	2.4996834	1.5810387
14.277392663824022	2.4592264	1.5681921
14.295056505998208	2.4383183	1.5615115
14.312720689617128	2.405002	1.5508069
14.330385215120348	2.4109497	1.5527233
14.348050082947497	2.3830209	1.5437037
14.3657152935383	2.3615074	1.5367197
14.383380847332528	2.3166842	1.5220658
14.401046744770051	2.3348396	1.5280182
14.418712986290798	2.353051	1.5339657
14.436379572334793	2.369501	1.5393184
14.454046503342123	2.386774	1.5449188
14.471713779752946	2.3725045	1.5402936
14.489381402007504	2.3715155	1.5399725
14.507049370546113	2.3726678	1.5403466
14.524717685809168	2.370581	1.539669
14.542386348237134	2.389472	1.5457917
14.560055358270553	2.381809	1.543311
14.577724716350051	2.426273	1.5576499
14.595394422916325	2.4319854	1.5594825
14.61306447841015	2.489212	1.5777237
14.63073488327237	2.4949837	1.5795517
14.648405637943917	2.463679	1.5696111
14.6660767428658	2.4082942	1.551868
14.683748198479094	2.4325018	1.5596479
14.701420005224954	2.4749727	1.5732046
14.719092163544628	2.5676951	1.6024029
14.73676467387942	2.595374	1.6110165
14.754437536670727	2.603307	1.6134766
14.772110752360014	2.5922468	1.6100456
14.78978432138882	2.5939934	1.610588
14.807458244198777	2.6664531	1.6329278
14.82513252123159	2.6470482	1.6269752
14.842807152929028	2.6773942	1.6362745
14.860482139732962	2.656638	1.6299196
14.87815748208531	2.6605644	1.6311237
14.8958331804281	2.629803	1.6216667
14.91350923520342	2.584838	1.6077431
14.931185646853438	2.613883	1.6167507
14.948862415820408	2.5763102	1.6050888
14.966539542546656	2.581695	1.6067654
14.98421702747459	2.5455415	1.5954753
15.001894871046696	2.579933	1.6062169
15.019573073705542	2.6434085	1.6258563
15.037251635893766	2.708688	1.6458092
15.054930558054092	2.7562523	1.6601964
15.072609840629323	2.7710285	1.6646407
15.090289484062351	2.8733342	1.6950912
15.107969488796124	3.1797025	1.783172
15.125649855273691	3.6669116	1.9149182
15.14333058393817	4.1769886	2.0437682
15.161011675232768	5.1197567	2.262688
15.17869312960076	6.4038124	2.5305755
15.196374947485506	8.149113	2.854665
15.214057129330447	11.161135	3.3408284
15.231739675579114	15.655741	3.9567337
15.249422586675102	20.50901	4.5286875
15.267105863062092	23.435795	4.841053
15.284789505183847	23.660112	4.8641663
15.302473513484218	21.545952	4.641762
15.320157888407127	17.992271	4.2417297
15.337842630396578	13.976946	3.7385755
15.355527739896656	10.851382	3.2941437
15.37321321735153	8.502527	2.9159093
15.39089906320545	6.271918	2.5043797
15.408585277902748	4.785013	2.1874673
15.42627186188783	3.7576602	1.9384685
15.443958815605198	3.254795	1.804105
15.461646139499424	2.9430974	1.7155458
15.479333834015168	2.7795036	1.6671844
15.497021899597165	2.6831107	1.6380204
15.514710336690234	2.6064506	1.6144506
15.53239914573928	2.5315518	1.5910851
15.550088327189297	2.54027	1.5938225
15.567777881485336	2.5408885	1.5940164
15.58546780907256	2.5093322	1.5840871
15.6031581103962	2.479998	1.574801
15.620848785901568	2.4684126	1.5711182
15.638539836034063	2.4584095	1.5679317
15.656231261239173	2.4303973	1.5589732
15.673923061962451	2.431165	1.5592194
15.691615238649552	2.4386244	1.5616095
15.709307791746202	2.426323	1.5576658
15.727000721698221	2.386262	1.5447531
15.744694028951498	2.324037	1.5244793
15.76238771395202	2.3023448	1.5173479
15.780081777145844	2.3197627	1.5230768
15.797776218979125	2.326368	1.5252436
15.815471039898094	2.3373964	1.5288546
15.833166240349064	2.3272336	1.5255274
15.850861820778437	2.3315744	1.5269494
15.868557781632699	2.31373	1.521095
15.886254123358412	2.3050377	1.5182351
15.903950846402232	2.3257809	1.5250511
15.921647951210897	2.3377728	1.5289778
15.939345438231225	2.3331494	1.527465
15.957043307910133	2.3401198	1.529745
15.974741560694602	2.3629766	1.5371976
15.992440197031714	2.355362	1.5347189
16.01013921736862	2.3434298	1.5308266
16.02783862215259	2.3339543	1.5277284
16.045538411830933	2.3530993	1.5339816
16.06323858685107	2.3402336	1.5297822
16.080939147660512	2.3826025	1.5435681
16.09864009470684	2.3893328	1.5457467
16.11634142843774	2.3614283	1.5366939
16.134043149300954	2.3512375	1.5333745
16.15174525774433	2.357568	1.5354375
16.169447754215817	2.3898957	1.5459287
16.18715063916342	2.4177282	1.5549046
16.204853913035244	2.431483	1.5593213
16.222557576279478	2.4579396	1.5677818
16.240261629344403	22.434206	4.736476
16.257966072678386	42.955364	6.554034
16.275670906729868	38.057316	6.169061
16.293376131947387	2.4837413	1.575989
16.31108174877957	2.5372036	1.5928602
16.328787757675133	2.5653346	1.6016662
16.34649415908287	2.5936534	1.6104823
16.364200953451657	2.5890245	1.6090446
16.38190814123048	2.5936244	1.6104733
16.39961572286839	2.579559	1.6061006
16.41732369881455	2.6375737	1.6240609
16.43503206951817	2.721982	1.649843
16.45274083542859	2.7519548	1.6589017
16.47044999699522	2.7380972	1.6547197
16.488159554667558	2.7275064	1.6515164
16.505869508895184	2.8126943	1.6771089
16.523579860127786	2.8726025	1.6948754
16.541290608815117	2.8962352	1.7018329
16.559001755407035	2.9154348	1.7074645
16.57671330035348	2.9492319	1.7173327
16.59442524410448	2.9985163	1.7316225
16.61213758711015	3.1070313	1.7626773
16.629850329820705	3.2529817	1.8036025
16.647563472686436	3.380915	1.8387264
16.665277016157724	3.4107978	1.8468345
16.682990960685053	3.3857653	1.840045
16.70070530671898	3.3846903	1.8397528
16.718420054710155	3.4130573	1.8474462
16.736135205109335	3.4606838	1.8602914
16.753850758367335	3.5002882	1.8709058
16.771566714935087	3.5729897	1.8902353
16.789283075263597	3.6211686	1.9029368
16.80699983980398	3.7310922	1.9316036
16.82471700900741	3.7989705	1.9490948
16.84243458332518	3.906918	1.9765925
16.860152563208665	3.945165	1.986244
16.87787094910932	3.9785755	1.9946367
16.89558974147871	4.0253735	2.0063334
16.913308940768466	4.118856	2.0294964
16.931028547430333	4.198706	2.0490744
16.94874856191613	4.2208314	2.0544662
16.966468984677785	4.2159514	2.0532782
16.98418981616729	4.2567434	2.0631876
17.00191105683676	4.3055415	2.0749798
17.019632707138374	4.3713565	2.0907788
17.03735476752442	4.4541693	2.1104903
17.05507723844728	4.531901	2.1288261
17.072800120359403	4.5679336	2.1372724
17.090523413713353	4.584088	2.1410482
17.108247118961785	4.555416	2.1343422
17.125971236557437	4.5551686	2.134284
17.143695766953133	4.6074777	2.1465037
17.161420710601806	4.617342	2.1488001
17.179146067956477	4.6772995	2.1627066
17.19687183947025	4.6994076	2.1678116
17.21459802559634	4.721772	2.1729639
17.232324626788028	4.645394	2.1553175
17.25005164349871	4.583952	2.1410165
17.267779076181863	4.5774865	2.139506
17.285506925291074	4.6052475	2.145984
17.30323519127999	4.617924	2.1489356
17.320963874602384	4.569421	2.1376204
17.33869297571211	4.5429688	2.1314242
17.356422495063114	4.510016	2.1236799
17.37415243310944	4.4481955	2.1090746
17.391882790305218	4.379775	2.0927913
17.40961356710468	4.3860393	2.0942874
17.42734476396215	4.436841	2.106381
17.445076381332044	4.4971285	2.1206434
17.462808419668868	4.589607	2.1423368
17.48054087942723	4.71266	2.1708663
17.498273761061835	5.011191	2.238569
17.51600706502747	5.453412	2.3352542
17.533740791779024	6.156387	2.4812067
17.551474941771485	7.596014	2.7560868
17.56920951545993	8.660035	2.9427938
17.586944513299528	10.784989	3.2840507
17.60467993574556	12.319924	3.509975
17.622415783253373	13.843416	3.7206743
17.64015205627843	15.0090275	3.8741486
17.657888755276293	15.888844	3.9860811
17.675625880702604	16.308931	4.0384316
17.69336343301311	16.112116	4.01399
17.71110141266366	15.503565	3.9374566
17.728839820110178	14.670778	3.8302453
17.746578655808705	13.903395	3.7287257
17.764317920215372	12.6151	3.5517743
17.7820576137864	11.347353	3.3685832
17.79979773697811	9.471468	3.077575
17.81753829024692	7.583516	2.7538185
17.835279274049356	5.8202753	2.4125247
17.85302068884201	4.788436	2.1882496
17.870762535081607	4.210807	2.052025
17.888504813224934	3.925926	1.981395
17.90624752372891	3.7072709	1.9254274
17.923990667050536	3.56588	1.8883538
17.941734243646895	3.477443	1.8647903
17.959478253975185	3.4606156	1.860273
17.9772226984927	3.4720573	1.8633457
17.994967577656833	3.4265487	1.8510939
18.01271289192506	3.3757195	1.8373132
18.030458641754965	3.3125505	1.8200413
18.04820482760425	3.2596676	1.805455
18.06595144993067	3.261538	1.8059729
18.083698509192125	3.2535799	1.8037683
18.101446005846576	3.2676811	1.8076729
18.119193940352105	3.2112856	1.792006
18.136942313166887	3.1669977	1.779606
18.1546911247492	3.150452	1.7749512
18.1724403755574	3.1815076	1.783678
18.19019006604997	3.149235	1.7746084
18.207940196685467	3.105968	1.7623757
18.225690767922575	3.0541706	1.7476186
18.243441780220046	3.015693	1.736575
18.261193234036764	3.0200129	1.7378184
18.278945129831676	2.9928198	1.7299768
18.29669746806386	3.021649	1.7382891
18.314450249192483	3.0167143	1.7368691
18.3322034736768	3.0221624	1.7384368
18.349957141976184	3.000379	1.7321602
18.3677112545501	2.990843	1.7294054
18.385465811858108	2.9966626	1.7310871
18.403220814359884	3.0496104	1.7463133
18.420976262515172	3.0854928	1.7565571
18.43873215678387	3.0995667	1.7605586
18.456488497625923	3.15609	1.7765387
18.474245285501407	3.2269366	1.7963676
18.492002520870486	3.2029407	1.7896762
18.50976020419343	3.242356	1.8006543
18.527518335930615	3.57777	1.8914994
18.545276916542516	4.209914	2.0518076
18.563035946489688	4.4147596	2.1011329
18.580795426232832	4.849787	2.2022233
18.598555356232698	4.7431026	2.1778665
18.616315736950185	5.049257	2.247055
18.63407656884626	4.666893	2.1602993
18.65183785238201	4.864817	2.2056332
18.669599588018617	4.661439	2.1590366
18.68736177621737	4.6763887	2.1624959
18.705124417439652	4.6595645	2.1586025
18.72288751214696	4.47257	2.114845
18.740651060800886	4.5967646	2.1440067
18.758415063863115	4.2891665	2.0710304
18.77617952179546	4.4381948	2.1067023
18.793944435059814	4.1658683	2.041046
18.811709804118184	4.191722	2.0473695
18.829475629432675	4.1347675	2.0334127
18.8472419114655	3.9553375	1.988803
18.86500865067897	4.110962	2.0275507
18.88277584753551	3.814114	1.9529757
18.90054350249763	3.7864397	1.9458776
18.918311616027957	3.4292512	1.8518238
18.936080188589226	3.3256197	1.8236282
18.953849220644265	3.0327764	1.7414868
18.971618712656007	2.8491485	1.6879421
18.9893886650875	2.7977703	1.6726537
19.007159078401887	7.9733863	2.8237185
19.024929953062408	32.844883	5.7310457
19.042701289532435	32.79454	5.7266517
19.060473088275405	25.370886	5.036952
19.07824534975489	2.628481	1.6212591
19.096018074434568	2.6054416	1.614138
19.113791262778197	2.5683355	1.6026027
19.13156491524966	2.5398085	1.5936776
19.149339032312945	2.5592787	1.5997746
19.167113614432136	2.5517192	1.5974102
19.184888662071433	2.5604591	1.6001434
19.202664175695123	2.5071232	1.5833898
19.220440155767623	2.4824677	1.5755849
19.238216602753447	2.4998798	1.5811008
19.2559935171172	2.4946945	1.5794601
19.27377089932361	2.49882	1.5807656
19.291548749837514	2.504467	1.5825508
19.309327069123835	2.4976008	1.58038
19.32710585764763	2.5179944	1.5868189
19.344885115874032	2.5058222	1.5829788
19.362664844268313	2.4894567	1.5778012
19.380445043295822	2.4501178	1.5652852
19.39822571342203	2.4566815	1.5673804
19.41600685511252	2.4526596	1.5660969
19.43378846883297	2.4692018	1.5713694
19.451570555049173	2.443105	1.5630435
19.469353114227037	2.434824	1.5603923
19.48713614683254	2.4688606	1.5712608
19.50491965333182	2.4845808	1.5762553
19.52270363419109	2.4712982	1.5720364
19.540488089876686	2.4577658	1.5677264
19.55827302085503	2.4812486	1.5751979
19.576058427592674	2.4849327	1.5763669
19.593844310556282	2.4905064	1.5781338
19.611630670212598	2.453088	1.5662338
19.629417507028506	2.4586167	1.5679977
19.64720482147098	2.4530723	1.5662287
19.6649926140071	2.466182	1.5704082
19.682780885104084	2.4678755	1.5709473
19.70056963522921	2.4789305	1.5744619
19.718358864849908	2.4965253	1.5800396
19.7361485744337	2.51294	1.5852255
19.753938764448215	2.4921482	1.5786539
19.771729435361202	2.4739623	1.5728835
19.789520587640506	2.478261	1.5742494
19.807312221754092	2.5014603	1.5816005
19.825104338170043	2.5283113	1.5900664
19.842896937356517	2.5032055	1.5821521
19.860690019781824	2.4653947	1.5701575
19.87848358591436	2.4714694	1.5720907
19.896277636222635	2.4942997	1.5793352
19.914072171175278	2.5191183	1.5871731
19.931867191241015	2.4883451	1.577449
19.94966269688869	2.4508944	1.5655333
19.967458688587264	2.4315429	1.5593405
19.985255166805807	2.444829	1.5635949
20.00305213201348	2.4431303	1.5630516
20.020849584679578	2.4258618	1.5575179
20.038647525273507	2.4593737	1.5682391
20.05644595426477	2.4700134	1.5716276
20.07424487212299	2.4611616	1.568809
20.092044279317903	2.4411278	1.5624108
20.109844176319353	2.4363096	1.5608683
20.127644563597304	2.4286692	1.5584189
20.145445441621817	2.4146984	1.5539299
20.16324681086307	2.3630753	1.5372298
20.181048671791373	2.3519933	1.533621
20.198851024877122	2.376344	1.5415394
20.216653870590836	2.3981733	1.5486037
20.234457209403146	2.3807528	1.5429689
20.252261041784802	2.3808024	1.5429848
20.270065368206662	2.3835773	1.5438838
20.287870189139685	2.3715441	1.5399818
20.305675505054968	2.3395116	1.5295463
20.323481316423702	2.3354628	1.5282221
20.341287623717207	2.3191001	1.5228592
20.359094427406884	2.284902	1.5115893
20.376901727964288	2.249145	1.499715
20.39470952586107	2.2543745	1.5014575
20.41251782156899	2.315289	1.5216074
20.430326615559935	2.3593957	1.5360324
20.448135908305886	2.338308	1.5291528
20.465945700278965	2.305211	1.5182922
20.483755991951384	2.2407336	1.4969081
20.50156678379548	2.2456326	1.4985435
20.519378076283708	2.297738	1.5158292
20.537189869888635	2.3431737	1.5307429
20.55500216508294	2.3295422	1.5262837
20.572814962339415	2.2959154	1.5152278
20.59062826213098	2.2710853	1.507012
20.60844206493066	2.259514	1.503168
20.626256371211593	2.2932184	1.5143377
20.644071181447032	2.3015645	1.5170908
20.66188649611036	2.2950404	1.5149391
20.67970231567506	2.2534935	1.5011641
20.697518640614742	2.2451346	1.4983773
20.715335471403122	2.2719948	1.5073137
20.73315280851404	2.2998588	1.5165285
20.750970652421447	2.317135	1.5222139
20.768789003599412	2.3032122	1.5176338
20.786607862522136	2.2652686	1.5050809
20.8044272296639	2.2528615	1.5009536
20.82224710549913	2.2496288	1.4998763
20.84006749050237	2.2638228	1.5046005
20.857888385148268	3.8345482	1.9582002
20.8757097899116	45.93767	6.7777333
20.893531705267254	64.76188	8.047477
20.911354131690224	83.74534	9.151248
20.92917706965566	69.005356	8.306946
20.94700051963877	50.10459	7.0784597
20.96482448211493	29.396484	5.4218526
20.982648957559622	4.161763	2.04004
21.00047394644843	2.265409	1.5051275
21.01829944925707	2.2544954	1.5014977
21.036125466461375	2.1981673	1.4826218
21.053951998537297	2.1842048	1.4779055
21.071779045960906	2.1800544	1.4765007
21.089606609208378	2.2105076	1.4867775
21.10743468875603	2.2066789	1.4854895
21.12526328508028	2.1714435	1.4735818
21.143092398657675	2.1792054	1.4762132
21.16092202996488	2.1543086	1.4677563
21.17875217947867	2.128054	1.458785
21.19658284767596	2.1345208	1.461
21.21441403503377	2.1945212	1.4813917
21.232245742029225	2.2014904	1.483742
21.2500779691396	2.1969068	1.4821966
21.26791071684227	2.1926155	1.4807483
21.28574398561475	2.1981773	1.4826251
21.30357777593465	2.1899216	1.4798384
21.321412088279704	2.1514173	1.466771
21.339246923127792	2.1384919	1.4623584
21.357082280956888	2.126652	1.4583045
21.3749181622451	2.10692	1.4515233
21.392754567470647	2.0725596	1.4396387
21.41059149711187	2.09231	1.446482
21.42842895164726	2.1108472	1.4528755
21.446266931555378	2.1299608	1.4594386
21.464105437314945	2.1238515	1.457344
21.481944469404798	2.090399	1.4458213
21.49978402830388	2.065112	1.4370497
21.51762411449127	2.095017	1.4474174
21.53546472844617	2.1157277	1.4545541
21.553305870647876	2.10161	1.4496931
21.571147541575865	2.0763464	1.4409533
21.58898974170967	2.079437	1.4420253
21.60683247152899	2.056652	1.4341033
21.62467573151363	2.0260744	1.4234024
21.642519522143523	2.0379856	1.4275804
21.660363843898722	2.0686305	1.4382734
21.6782086972594	2.0689166	1.4383729
21.696054082705864	2.0455937	1.4302425
21.713900000718535	1.9983845	1.4136423
21.73174645177795	1.9953192	1.4125577
21.749593436364794	2.0201764	1.4213291
21.767440954959845	2.0467045	1.4306308
21.785289008044032	2.0126116	1.4186654
21.803137596098388	1.9996512	1.4140903
21.820986719604086	1.9702281	1.4036481
21.838836379042412	1.9932102	1.411811
21.85668657489478	1.9999844	1.414208
21.87453730764273	2.0228024	1.4222525
21.892388577767914	2.011357	1.4182233
21.91024038575213	1.9920198	1.4113894
21.928092732077285	1.9834957	1.4083663
21.945945617225426	1.9581432	1.3993367
21.963799041678694	1.9768693	1.4060118
21.981653005919398	31.30706	5.595271
21.999507510429943	78.102264	8.837548
22.01736255569286	73.04689	8.546747
22.035218142190818	4.1441317	2.0357141
22.05307427040661	1.9429833	1.3939093
22.07093094082315	1.9354854	1.3912172
22.088788153923474	1.9428205	1.3938509
22.106645910190746	1.9821297	1.4078813
22.12450421010827	1.9912384	1.4111124
22.142363054159464	1.9518142	1.3970734
22.16022244282787	1.9609805	1.4003501
22.178082376597164	1.9942967	1.4121957
22.195942855951145	2.0545292	1.4333628
22.213803881373742	2.0145068	1.4193332
22.231665453349002	1.9249614	1.3874298
22.24952757236111	1.8897105	1.3746674
22.26739023889438	1.9098657	1.3819789
22.28525345343323	1.9317592	1.3898774
22.30311721646225	1.9140254	1.383483
22.320981528466113	1.9225998	1.3865784
22.33884638992964	1.945942	1.3949703
22.356711801337788	1.9648005	1.4017134
22.37457776317561	1.9454029	1.3947769
22.392444275928337	1.9468851	1.3953083
22.410311340081282	1.9409584	1.3931829
22.428178956119904	1.9399501	1.392821
22.446047124529805	1.9394083	1.3926264
22.46391584579669	1.960794	1.4002836
22.481785120406414	1.9457843	1.3949138
22.49965494884496	1.934975	1.3910338
22.51752533159841	1.8946514	1.3764634
22.53539626915302	1.8734128	1.3687267
22.553267761995137	1.8950886	1.3766222
22.571139810611264	1.9106735	1.3822712
22.589012415488025	1.9263593	1.3879335
22.60688557711216	1.8935113	1.3760492
22.624759295970566	1.90468	1.3801014
22.642633572550263	1.8836523	1.3724622
22.660508407338362	1.8910518	1.3751552
22.67838380082217	1.9118339	1.3826908
22.696259753489077	1.9102432	1.3821155
22.714136265826614	1.8797399	1.371036
22.73201333832246	1.8788519	1.3707122
22.74989097146439	1.9131932	1.3831823
22.76776916574035	1.9669026	1.4024631
22.785647921638393	1.949101	1.3961021
22.803527239646712	1.929043	1.3888999
22.82140712025363	1.9179891	1.3849149
22.839287563947593	1.9400191	1.3928457
22.85716857121719	1.9562093	1.3986455
22.875050142551135	1.9824684	1.4080015
22.892932278438277	1.9602387	1.4000852
22.910814979367604	1.9422355	1.3936411
22.928698245828222	1.885062	1.3729756
22.946582078309387	1.8638302	1.3652216
22.96446647730047	1.8742983	1.3690501
22.98235144329098	1.9659877	1.4021368
23.000236976770562	1.9810938	1.4075134
23.018123078229	1.9530908	1.3975302
23.03600974815619	1.8686067	1.36697
23.053896987042194	1.8386738	1.355977
23.071784795377173	1.8646417	1.3655188
23.08967317365145	1.8552657	1.3620814
23.10756212235546	1.8998	1.3783323
23.125451641979787	1.925224	1.3875244
23.143341733015134	1.9261492	1.3878578
23.161232395952357	1.9105842	1.3822389
23.179123631282426	1.941621	1.3934206
23.197015439496468	1.9498276	1.3963623
23.214907821085717	1.9385035	1.3923016
23.23280077654157	1.8960342	1.3769656
23.250694306355538	1.8619403	1.3645294
23.268588411019277	1.8787118	1.3706611
23.28648309102458	1.8983157	1.3777938
23.304378346863356	1.9303089	1.3893555
23.322274179027676	1.9334158	1.3904732
23.340170588009723	1.9246317	1.387311
23.358067574301852	1.897278	1.3774171
23.37596513839651	1.8751097	1.3693465
23.39386328078629	1.9011891	1.3788362
23.411762001963947	1.9124134	1.3829004
23.429661302422353	1.8654714	1.3658226
23.4475611826545	1.8578802	1.3630408
23.46546164315356	1.8713934	1.3679888
23.48336268441279	1.9057488	1.3804886
23.501264306925638	1.8906838	1.3750213
23.51916651118564	1.8927139	1.3757594
23.537069297686497	1.920788	1.3859249
23.554972666922037	1.9185413	1.3851142
23.57287661938623	1.9362183	1.3914806
23.59078115557318	1.9343736	1.3908176
23.608686275977128	1.933433	1.3904794
23.62659198109246	1.9078927	1.3812649
23.6444982714137	1.9153016	1.3839442
23.66240514743549	1.9014863	1.3789439
23.68031260965263	1.9141048	1.3835118
23.698220658560068	1.8839614	1.3725748
23.716129294652845	1.8829403	1.3722028
23.7340385184262	1.8777456	1.3703086
23.75194833037546	1.8579782	1.3630768
23.769858730996123	1.8340199	1.35426
23.78776972078382	1.8400664	1.3564905
23.80568130023431	1.88118	1.3715612
23.823593469843495	1.9041861	1.3799225
23.841506230107424	1.9051927	1.3802872
23.859419581522275	1.8748926	1.3692672
23.87733352458438	1.8527211	1.3611469
23.89524805979019	1.8312559	1.353239
23.913163187636318	1.8356601	1.3548653
23.931078908619508	1.8763849	1.369812
23.948995223236633	1.955748	1.3984805
23.966912131984735	1.96784	1.4027972
23.98482963536096	1.9927119	1.4116344
24.002747733862616	2.002136	1.4149685
24.020666427987155	2.0449336	1.4300117
24.038585718232156	2.0285838	1.4242836
24.056505605095353	1.9947779	1.412366
24.074426089074617	1.9936453	1.411965
24.092347170667946	2.0128467	1.4187483
24.110268850373515	2.0303512	1.4249039
24.128191128689586	2.0610385	1.4356318
24.146114006114626	2.0203266	1.421382
24.164037483147187	1.98354	1.408382
24.181961560286005	1.9404862	1.3930134
24.199886238029926	1.9423996	1.3937
24.21781151687797	1.958585	1.3994945
24.235737397329274	1.948757	1.3959789
24.253663879883135	1.9653208	1.401899
24.271590965038975	1.980116	1.407166
24.289518653296376	1.997969	1.4134953
24.30744694515505	2.0128076	1.4187346
24.32537584111486	2.011697	1.4183431
24.34330534167581	1.9742266	1.4050717
24.361235447338046	1.9823956	1.4079757
24.379166158601876	2.018166	1.4206218
24.39709747596772	2.0061622	1.4163905
24.41502939993615	1.9157455	1.3841046
24.432961931007917	1.8721452	1.3682636
24.450895069683856	1.9195498	1.3854781
24.468828816465	1.9498663	1.3963761
24.4867631718525	1.9757355	1.4056087
24.504698136347656	1.9936271	1.4119586
24.52263371045192	1.9987777	1.4137814
24.540569894666874	1.9859762	1.4092467
24.558506689494266	1.955814	1.3985043
24.57644409543597	1.9187427	1.3851869
24.594382112994012	1.9375693	1.391966
24.61232074267057	1.9578816	1.3992432
24.630259984967953	1.921873	1.3863163
24.64819984038863	1.8639673	1.3652719
24.66614030943522	1.878453	1.3705667
24.684081392610462	1.9175056	1.3847402
24.702023090417274	1.9498731	1.3963785
24.7199654033587	1.9733111	1.4047459
24.737908331937927	1.9798659	1.4070771
24.755851876658305	1.9766514	1.4059343
24.773796038023324	1.9946266	1.4123125
24.79174081653661	2.0077703	1.4169581
24.809686212701962	2.0033948	1.4154133
24.827632227023294	2.00955	1.417586
24.8455788600047	2.062767	1.4362336
24.8635261121504	2.09344	1.4468725
24.88147398396475	2.1112885	1.4530274
24.899422475952303	2.0952475	1.447497
24.917371588617698	2.1389084	1.4625007
24.935321322465768	2.1633942	1.4708481
24.953271678001478	2.1925867	1.4807385
24.97122265572994	2.36714	1.5385513
24.989174256156414	2.6864433	1.6390374
25.00712647978632	3.1908162	1.7862855
25.02507932712521	3.6920629	1.9214741
25.043032798678798	4.1492915	2.0369809
25.060986894952933	4.724837	2.1736689
25.078941616453637	5.435023	2.3313136
25.096896963687055	6.390754	2.5279942
25.114852937159508	7.498563	2.7383504
25.132809537377444	7.9108405	2.8126216
25.150766764847468	7.9722433	2.8235161
25.168724620076347	7.4732723	2.7337286
25.186683103570985	6.566851	2.5625868
25.204642215838426	5.475068	2.3398864
25.222601957385894	4.1816607	2.044911
25.24056232872074	3.1962895	1.787817
25.25852333035048	2.5953465	1.6110079
25.276484962782778	2.266822	1.5055969
25.294447226525435	2.0935686	1.4469169
25.312410122086423	1.9708153	1.4038574
25.330373649973843	1.9126477	1.3829851
25.348337810695988	1.887203	1.3737551
25.366302604761245	1.8992198	1.3781219
25.384268032678207	1.911696	1.382641
25.40223409495558	1.903823	1.3797909
25.420200792102257	1.8697633	1.3673929
25.438168124627246	1.8493065	1.3598921
25.45613609303974	1.8549585	1.3619686
25.474104697849057	1.8546636	1.3618604
25.492073939564698	1.8407868	1.356756
25.510043818696285	1.8546798	1.3618664
25.528014335753614	1.849699	1.3600364
25.54598549124664	1.8141135	1.3468903
25.56395728568544	1.7967244	1.3404195
25.58192971958028	1.768333	1.3297868
25.59990279344156	1.7927401	1.3389324
25.617876507779833	1.7874593	1.336959
25.635850863105826	1.7636775	1.3280352
25.653825859930386	1.791388	1.3384274
25.671801498764548	1.8624744	1.364725
25.68977778011949	1.9123071	1.382862
25.707754704506524	1.9358305	1.3913412
25.725732272437153	1.9262782	1.3879043
25.743710484423012	1.8965311	1.377146
25.761689340975888	1.8363184	1.3551083
25.77966884260774	1.7770873	1.3330743
25.797648989830662	1.7639581	1.3281409
25.815629783156922	1.8127508	1.3463844
25.83361122309895	1.8267058	1.3515568
25.85159331016929	1.8434724	1.3577453
25.869576044880695	1.8335922	1.354102
25.887559427746034	1.8234311	1.3503448
25.90554345927836	1.8154389	1.3473822
25.92352813999086	1.814971	1.3472086
25.94151347039689	1.8370125	1.3553643
25.959499451009965	1.8148468	1.3471625
25.97748608234374	1.8041227	1.3431764
25.995473364912062	1.826162	1.3513556
26.013461299228904	1.8221328	1.349864
26.03144988580839	1.8406302	1.3566983
26.04943912516483	1.8118672	1.3460562
26.067429017812675	1.7507498	1.323159
26.085419564266537	1.7355489	1.3174024
26.103410765041186	1.7777358	1.3333176
26.12140262065155	1.8088613	1.3449391
26.139395131612723	1.76849	1.3298458
26.157388298439948	1.7511148	1.3232969
26.17538212164861	1.7780545	1.3334371
26.193376601754295	1.829502	1.3525908
26.211371739272714	1.802749	1.342665
26.229367534719746	1.7654835	1.328715
26.247363988611433	1.7661332	1.3289595
26.26536110146397	1.8087966	1.3449152
26.283358873793727	1.807588	1.3444657
26.301357306117204	1.7577752	1.3258111
26.319356398951104	1.7370957	1.3179892
26.33735615281224	1.7788979	1.3337533
26.35535656821762	1.8329406	1.3538613
26.373357645684404	1.8633085	1.3650306
26.39135938572991	1.848604	1.3596338
26.409361788871614	1.8493632	1.359913
26.427364855627165	1.8308768	1.353099
26.445368586514352	1.8371804	1.3554263
26.46337298205115	1.8043704	1.3432685
26.48137804275568	1.7398144	1.3190203
26.499383769146217	1.7229991	1.3126307
26.517390161741215	1.7729274	1.3315132
26.53539722105928	1.7794908	1.3339756
26.553404947619182	1.7566103	1.3253717
26.571413341939856	1.7378782	1.3182861
26.589422404540397	1.7571504	1.3255755
26.60743213594006	1.8192172	1.3487836
26.62544253665827	1.7956821	1.3400307
26.64345360721459	1.7580172	1.3259025
26.66146534812879	1.7583337	1.3260218
26.679477759920758	1.803013	1.3427632
26.69749084311057	1.8019675	1.3423738
26.71550459821847	1.7412627	1.3195691
26.733519025764842	1.7525204	1.323828
26.751534126270258	1.7807993	1.3344659
26.769549900255434	1.7806313	1.3344029
26.787566348241267	1.7555968	1.3249893
26.80558347074881	1.7651702	1.3285971
26.823601268299267	1.7667911	1.329207
26.841619741414036	1.7362349	1.3176627
26.85963889061465	1.7740027	1.3319169
26.877658716422832	1.8080488	1.344637
26.89567921936045	1.761308	1.3271428
26.913700399949544	1.7479287	1.3220925
26.93172225871233	1.7799952	1.3341646
26.949744796171174	1.7991021	1.3413061
26.967768012848605	1.8179687	1.3483207
26.98579190926733	1.8399268	1.356439
27.003816485950225	1.8291756	1.3524702
27.021841743420318	1.8206959	1.3493316
27.039867682200814	1.817193	1.3480331
27.057894302815072	1.8528923	1.3612099
27.07592160578664	1.8252836	1.3510306
27.0939495916392	1.7679757	1.3296524
27.111978260896635	1.7852421	1.3361295
27.13000761408296	1.8204372	1.3492358
27.148037651722397	1.8184494	1.348499
27.166068374339304	1.7844422	1.3358301
27.184099782458215	1.7446975	1.3208699
27.20213187660384	1.6992893	1.3035679
27.22016465730105	1.7066832	1.3064009
27.23819812507487	1.7508231	1.3231868
27.256232280450533	1.7799124	1.3341335
27.274267123953383	1.7921104	1.3386973
27.292302656108987	1.8220667	1.3498394
27.31033887744306	1.8138763	1.3468022
27.32837578848146	1.7702274	1.3304989
27.34641338975026	1.71984	1.3114268
27.364451681775673	1.7402428	1.3191826
27.382490665084074	1.8040415	1.3431461
27.400530340202046	1.8032296	1.3428439
27.41857070765629	1.787651	1.3370306
27.436611767973726	1.7934608	1.3392016
27.454653521681404	1.8143088	1.3469628
27.472695969306564	1.8091093	1.3450314
27.490739111376627	1.8175156	1.3481526
27.508782948419153	1.7825989	1.33514
27.526827480961902	1.7652916	1.3286427
27.54487270953279	1.754149	1.3244429
27.562918634659898	1.7321094	1.3160963
27.580965256871508	1.7296648	1.3151672
27.599012576696026	1.7318028	1.3159798
27.617060594662068	1.7728872	1.3314981
27.63510931129842	1.7650747	1.3285612
27.65315872713401	1.7849983	1.3360382
27.67120884269797	1.803476	1.3429356
27.68925965851958	1.824336	1.3506799
27.707311175128307	1.8433698	1.3577076
27.725363393053787	1.8301805	1.3528416
27.74341631282583	1.8439598	1.3579248
27.7614699349744	1.8563372	1.3624747
27.77952426002968	2.0442576	1.4297754
27.797579288521973	2.1209626	1.4563525
27.815635020981784	2.6016428	1.6129609
27.83369145793979	2.6296027	1.6216049
27.85174859992682	2.4992278	1.5808946
27.869806447473923	2.366193	1.5382435
27.887865001112267	2.0663147	1.4374682
27.905924261373233	1.9776775	1.4062992
27.92398422878836	1.8899809	1.3747658
27.94204490388936	1.825388	1.3510692
27.96010628720813	1.8472275	1.3591274
27.978168379276728	1.8424197	1.3573576
27.9962311806274	1.7956101	1.3400037
28.014294691792568	1.8338797	1.3542081
28.0323589133048	1.8303268	1.3528957
28.050423845696887	1.822394	1.3499608
28.068489489501758	1.8239791	1.3505477
28.086555845252523	1.7809187	1.3345107
28.104622913482487	1.755385	1.3249094
28.122690694725115	1.7808317	1.334478
28.14075918951405	1.8020774	1.3424147
28.15882839838312	1.8663667	1.3661504
28.176898321866304	1.8849585	1.3729379
28.1949689604978	1.8738736	1.368895
28.213040314811945	1.8957403	1.3768588
28.23111238534327	1.9204018	1.3857856
28.249185172626493	1.9033538	1.3796209
28.267258677196473	1.8533418	1.361375
28.285332899588294	1.8522788	1.3609846
28.303407840337172	1.8507501	1.3604227
28.321483499978545	1.9105741	1.3822352
28.33955987904799	1.9555972	1.3984267
28.357636978081285	1.965483	1.4019568
28.37571479761439	1.9021235	1.379175
28.393793338183425	1.8451536	1.3583643
28.41187260032469	1.8896303	1.3746382
28.429952584574686	1.9242669	1.3871795
28.448033291470065	1.9467887	1.3952737
28.46611472154769	1.9762987	1.4058089
28.484196875344566	1.9792194	1.4068474
28.502279753397914	1.94585	1.3949373
28.52036335624511	1.9484622	1.3958733
28.538447684423716	1.9606711	1.4002396
28.556532738471482	1.9822642	1.4079291
28.574618518926325	1.9437237	1.3941749
28.59270502632635	1.946099	1.3950266
28.61079226120985	1.9574754	1.399098
28.628880224115274	2.0269988	1.423727
28.646968915581287	2.105897	1.4511709
28.66505833614671	2.0727208	1.4396946
28.68314848635055	1.9988048	1.413791
28.701239366732004	1.9960393	1.4128126
28.71933097783044	2.0490594	1.4314536
28.737423320185403	2.0986612	1.4486756
28.75551639433665	2.1238146	1.4573313
28.773610200824074	2.0855887	1.4441568
28.791704740187793	2.087688	1.4448833
28.80980001296809	2.123609	1.4572608
28.827896019705413	2.1400502	1.462891
28.845992760940433	2.1729045	1.4740775
28.86409023721397	2.168475	1.4725742
28.88218844906704	2.1931157	1.4809172
28.900287397040845	2.2079709	1.4859242
28.918387081676755	2.2252915	1.4917411
28.936487503516343	2.2656097	1.5051943
28.954588663101365	2.2056844	1.4851546
28.97269056097374	2.197428	1.4823724
28.990793197675597	2.2624612	1.504148
29.00889657374923	2.3036022	1.5177622
29.027000689737125	2.309113	1.5195765
29.04510554618196	2.3708868	1.5397685
29.06321114362659	2.3559432	1.5349082
29.08131748261405	2.4220858	1.5563052
29.099424563687567	2.487	1.5770226
29.11753238739057	2.4987967	1.5807582
29.13564095426663	2.5147078	1.585783
29.15375026485954	2.5112467	1.5846914
29.171860319713275	2.4780536	1.5741835
29.18997111937199	2.5553327	1.5985408
29.20808266438002	2.641379	1.625232
29.226194955281898	2.760881	1.6615899
29.244307992622335	2.8147285	1.6777153
29.26242177694624	2.8654077	1.6927515
29.2805363087987	2.879151	1.6968062
29.29865158872498	2.8879557	1.6993986
29.316767617270557	2.854613	1.68956
29.334884394981064	2.8391984	1.6849921
29.353001922402367	2.8886817	1.6996123
29.37112020008047	3.0208147	1.7380491
29.389239228561596	3.191662	1.7865224
29.407359008392152	3.2939472	1.8149235
29.42547954011872	3.6008525	1.8975912
29.44360082428809	4.241287	2.0594385
29.46172286144722	5.312921	2.3049774
29.479845652143283	6.7974987	2.6072013
29.497969196923606	8.742817	2.9568255
29.516093496335728	11.014359	3.3187888
29.5342185509274	13.481684	3.6717412
29.55234436124651	15.636123	3.9542537
29.570470927841175	17.047604	4.1288743
29.588598251259686	16.89238	4.110034
29.60672633205055	15.683357	3.9602218
29.624855170762405	13.571857	3.6840003
29.642984767944146	11.042969	3.3230963
29.66111512414481	8.612252	2.934664
29.67924623991366	6.4398227	2.5376806
29.697378115800138	5.008925	2.2380629
29.71551075235387	4.218071	2.0537944
29.733644150124675	3.7563376	1.9381274
29.751778309662576	3.5255024	1.8776321
29.769913231517766	3.4471376	1.8566469
29.78804891624066	3.3491707	1.830074
29.806185364381818	3.2536502	1.8037877
29.82432257649206	3.2127647	1.7924187
29.842460553122333	3.225932	1.796088
29.86059929482382	3.239986	1.7999961
29.878738802147872	3.3101532	1.8193827
29.896879075646048	3.305947	1.8182263
29.915020115870114	3.2472878	1.8020233
29.933161923371976	3.2481084	1.802251
29.951304498703777	3.3297284	1.8247544
29.969447842417857	3.2849483	1.8124427
29.987591955066733	3.17975	1.7831854
30.005736837203123	3.1923125	1.7867044
30.023882489379943	3.2161129	1.7933524
30.04202891215028	3.2316349	1.7976749
30.060176106067455	3.187236	1.7852832
30.078324071684946	3.133825	1.7702613
30.09647280955646	3.1053371	1.7621967
30.114622320235863	3.0793812	1.7548165
30.132772604277257	3.0925975	1.7585783
30.1509236622349	3.0869238	1.7569643
30.16907549466328	3.0629816	1.7501376
30.18722810211705	3.0909941	1.7581223
30.205381485151097	3.0992413	1.7604662
30.22353564432045	3.0811367	1.7553167
30.241690580180403	3.057004	1.7484291
30.25984629328638	3.0560107	1.748145
30.278002784194037	2.9812942	1.7266425
30.296160053459246	2.8733485	1.6950954
30.314318101638033	2.8111434	1.6766465
30.332476929286646	2.8242636	1.6805545
30.35063653696153	2.888975	1.6996984
30.368796925219307	2.9126418	1.7066463
30.386958094616844	2.920159	1.7088473
30.40512004571115	2.9142454	1.7071161
30.423282779059463	2.8499763	1.6881872
30.441446295219233	2.7704442	1.6644651
30.459610594748067	2.6980858	1.642585
30.47777567820382	2.6842296	1.6383618
30.495941546144504	2.7135055	1.6472721
30.51410819912835	2.7292252	1.6520367
30.532275637713795	2.7891302	1.670069
30.55044386245946	2.8358653	1.6840028
30.56861287392416	2.867401	1.6933402
30.586782672666956	2.8754704	1.6957211
30.604953259247047	2.8867583	1.6990463
30.623124634223885	2.851243	1.6885624
30.641296798157075	2.809705	1.6762174
30.659469751606462	2.7603605	1.6614332
30.677643495132074	2.7368631	1.6543467
30.695818029294152	2.650994	1.6281873
30.713993354653116	2.5517542	1.5974212
30.73216947176962	2.5900524	1.6093639
30.75034638120448	2.6990864	1.6428896
30.768524083518756	2.670314	1.6341096
30.786702579273673	2.5959377	1.6111914
30.80488186903069	2.6463501	1.6267606
30.82306195335144	2.7879376	1.6697118
30.841242832797782	3.0252595	1.7393273
30.85942450793176	3.3321164	1.8254086
30.877606979315637	3.685178	1.9196818
30.895790247511883	4.053632	2.0133634
30.913974313083134	4.3863745	2.0943673
30.932159176592283	4.6313214	2.1520505
30.95034483860237	4.623541	2.150242
30.968531299676698	4.3286233	2.0805345
30.98671856037873	4.078638	2.019564
31.00490662127215	3.8073294	1.9512379
31.023095482920848	3.367596	1.835101
31.04128514588892	2.9611478	1.7207986
31.059475610740662	2.6572447	1.6301057
31.07766687804056	2.5371041	1.592829
31.09585894835335	2.4817698	1.5753634
31.11405182224393	2.4348063	1.5603867
31.132245500277417	2.373318	1.5405576
31.15043998301914	2.3592713	1.5359919
31.168635271034628	2.3780212	1.5420834
31.18683136488964	2.4494855	1.5650833
31.20502826515008	2.4049737	1.5507978
31.223225972382135	2.3040724	1.5179172
31.241424487152155	2.2763793	1.5087675
31.259623810026692	2.3566039	1.5351233
31.27782394157253	2.409444	1.5522385
31.296024882356644	2.4272702	1.5579699
31.314226632946237	2.489879	1.577935
31.332429193908684	2.4890947	1.5776865
31.350632565811598	2.4288323	1.5584711
31.368836749222787	2.3996665	1.5490857
31.387041744710295	2.4050508	1.5508226
31.40524755284232	2.4223363	1.5563856
31.423454174187317	2.4730604	1.5725967
31.441661609313922	2.5179336	1.5867999
31.459869858791002	2.553788	1.5980575
31.478078923187628	2.5221798	1.5881373
31.496288803073064	2.4163501	1.5544614
31.514499499016807	2.377795	1.5420101
31.532711011588546	2.3991697	1.5489253
31.550923341358178	2.3879924	1.545313
31.56913648889584	2.345784	1.5315952
31.587350454771844	2.34801	1.5323218
31.605565239556732	2.3083944	1.5193402
31.62378084382127	2.3042846	1.517987
31.641997268136382	2.2589808	1.5029906
31.660214513073274	2.2407007	1.496897
31.67843257920331	2.2565382	1.5021778
31.6966514670981	2.2599552	1.5033147
31.71487117732944	2.2296956	1.4932165
31.733091710469346	2.2844548	1.5114413
31.751313067090052	2.3336856	1.5276406
31.769535247764008	2.3410397	1.5300456
31.787758253063878	2.3200731	1.5231786
31.805982083562526	2.3268971	1.5254171
31.824206739833024	2.2777035	1.5092063
31.84243222244869	2.2337134	1.4945613
31.860658531983013	2.2184074	1.4894319
31.878885669009737	2.1929095	1.4808476
31.897113634102784	2.2231665	1.4910287
31.91534242783632	2.2232018	1.4910405
31.933572050784694	2.2627597	1.5042472
31.951802503522508	2.25532	1.5017723
31.970033786624548	2.2088833	1.4862312
31.988265900665834	2.1837072	1.4777372
32.006498846221575	2.2049067	1.4848928
32.02473262386724	2.1395888	1.4627334
32.04296723417845	2.1343834	1.4609529
32.0612026777311	2.1841135	1.4778746
32.07943895510129	2.1324065	1.4602761
32.097676066865304	2.0526793	1.4327174
32.115914013599685	2.0541825	1.433242
32.13415279588115	2.0541923	1.4332454
32.152392414286666	2.0218365	1.421913
32.1706328693934	2.061057	1.4356382
32.18887416177875	2.1250818	1.457766
32.20711629202032	2.2146156	1.4881585
32.225359260695924	2.2300887	1.4933481
32.243603068383614	2.108858	1.4521908
32.26184771566166	2.060008	1.4352728
32.28009320310852	2.0638216	1.4366007
32.2983395313029	2.0344827	1.426353
32.31658670082372	2.0094402	1.4175472
32.33483471225012	2.0087588	1.4173069
32.35308356616143	2.0268826	1.4236863
32.371333263137245	2.0635335	1.4365004
32.38958380375734	2.1247194	1.4576417
32.407835188601744	2.0873451	1.4447647
32.42608741825067	2.0912213	1.4461056
32.444340493284585	2.0729976	1.4397908
32.46259441428416	2.0982244	1.448525
32.48084918183028	2.0497468	1.4316937
32.49910479650405	2.0599055	1.435237
32.51736125888683	2.0293064	1.4245373
32.53561856956014	1.9865552	1.4094521
32.5538767291058	1.9726038	1.4044942
32.572135738105764	1.8832852	1.3723284
32.59039559714228	1.784439	1.3358289
32.608656306797776	1.8147341	1.3471206
32.62691786765491	1.918885	1.3852383
32.645180280296586	1.9339898	1.3906796
32.663443545305896	1.9331281	1.3903698
32.68170766326619	1.9745493	1.4051865
32.69997263476099	1.9970219	1.4131602
32.7182384603741	2.0386035	1.4277967
32.7365051406895	2.032642	1.4257075
32.75477267629144	1.9765215	1.4058882
32.77304106776434	1.9649353	1.4017615
32.79131031569289	1.9329233	1.3902961
32.809580420661966	1.8514776	1.3606901
32.827851383256714	1.857555	1.3629215
32.84612320406245	1.8780357	1.3704144
32.86439588366476	1.8533126	1.3613642
32.88266942264945	1.8561724	1.3624142
32.9009438216025	1.9276296	1.388391
32.9192190811102	1.9727879	1.4045596
32.937495201758985	1.9774361	1.4062134
32.95577218413556	2.003731	1.4155321
32.974050028826866	2.015594	1.4197161
32.992328736420035	1.9618379	1.4006562
33.010608307502444	1.8927289	1.3757648
33.02888874266169	1.9335546	1.3905232
33.047170042485604	1.9228314	1.386662
33.06545220756225	1.9171087	1.384597
33.083735238479896	1.9115105	1.3825738
33.10201913582707	1.9674718	1.402666
33.12030390019248	2.0023751	1.415053
33.138589532165135	2.0148222	1.4194443
33.15687603233419	1.9008255	1.3787043
33.17516340128909	1.8458871	1.3586342
33.19345163961947	1.8605983	1.3640375
33.211740747915215	1.8260043	1.3512973
33.23003072676643	1.813682	1.3467301
33.248321576763466	1.8376168	1.3555872
33.266613298496885	1.8541621	1.3616762
33.28490589255747	1.8403643	1.3566003
33.30319935953626	1.9010087	1.3787707
33.32149370002451	1.9313188	1.389719
33.339788914613706	1.922111	1.3864022
33.358085003895575	1.9032443	1.3795812
33.376381968462034	1.8727825	1.3684964
33.39467980890529	1.9195668	1.3854843
33.41297852581774	1.9039882	1.3798507
33.43127811979204	1.8441339	1.357989
33.44957859142105	1.8582917	1.3631917
33.467879941297866	1.889631	1.3746386
33.486182170015844	1.9334193	1.3904746
33.50448527816853	2.0050178	1.4159865
33.522789266349754	1.977617	1.4062778
33.541094135153514	1.9211279	1.3860476
33.55939988517411	1.831629	1.3533769
33.57770651700602	1.8736187	1.368802
33.59601403124398	1.8844509	1.372753
33.61432242848296	1.9730532	1.4046541
33.632631709318154	2.0002134	1.414289
33.650941874344994	2.031641	1.4253565
33.66925292415916	1.9622736	1.4008118
33.68756485935654	1.9415165	1.3933831
33.70587768053328	1.9262238	1.3878846
33.724191388285746	1.8523986	1.3610286
33.74250598321054	1.9103715	1.3821619
33.760821465904506	1.8756905	1.3695585
33.77913783696474	1.7731665	1.331603
33.79745509698852	1.7513285	1.3233777
33.815773246573414	1.8044951	1.343315
33.8340922863172	1.78229	1.3350244
33.852412216817896	1.8468075	1.3589729
33.87073303867377	1.892724	1.375763
33.889054752483304	1.8544595	1.3617854
33.907377358845245	1.9088868	1.3816247
33.92570085835853	1.9184318	1.3850746
33.94402525162239	1.9082301	1.381387
33.96235053923627	1.8615744	1.3643953
33.980676721799824	1.8836478	1.3724605
33.999003799912984	1.9181744	1.3849818
34.01733177417592	1.8686235	1.366976
34.03566064518901	1.8373979	1.3555065
34.0539904135529	1.8332177	1.3539637
34.07232107986846	1.8746911	1.3691936
34.090652644736785	1.91232	1.3828666
34.108985108759235	1.9318566	1.3899125
34.12731847253742	1.9024881	1.3793072
34.14565273667313	1.8449023	1.3582718
34.16398790176847	1.7893813	1.3376776
34.18232396842574	1.8192767	1.3488057
34.20066093724749	1.9348403	1.3909854
34.21899880883651	1.8892661	1.3745058
34.23733758379583	1.8554739	1.3621578
34.25567726272874	1.8796152	1.3709906
34.27401784623872	2.0099652	1.4177324
34.29235933492957	2.059889	1.4352313
34.31070172940526	2.0694768	1.4385676
34.32904503027003	2.0301394	1.4248296
34.347389238128386	2.009058	1.4174124
34.36573435358502	1.9100547	1.3820473
34.38408037724492	1.923017	1.3867289
34.402427309713296	2.0332036	1.4259045
34.42077515159559	2.0214808	1.4217879
34.43912390349752	1.8964858	1.3771296
34.45747356602499	1.7402852	1.3191987
34.47582413978423	1.7410022	1.3194704
34.49417562538163	1.8119459	1.3460854
34.51252802342388	1.7149994	1.3095798
34.53088133451789	1.8145458	1.3470508
34.54923555927084	1.9644754	1.4015975
34.567590698290104	1.8969388	1.3772941
34.58594675218336	1.8819329	1.3718356
34.6043037215585	1.9769653	1.406046
34.62266160702365	2.033477	1.4260004
34.641020409187234	2.0381725	1.4276458
34.65938012865785	2.1050572	1.4508815
34.677740766044394	2.2378392	1.4959409
34.69610232195598	2.1303804	1.4595822
34.714464797002016	1.9180154	1.3849243
34.73282819179208	1.8656232	1.3658782
34.751192506936064	2.018947	1.4208965
34.76955774304408	2.1968179	1.4821666
34.7879239007265	2.1483126	1.4657123
34.80629098059391	2.1845815	1.478033
34.824658983257194	2.093224	1.4467978
34.843027909327446	1.9028676	1.3794446
34.86139775941603	1.8233957	1.3503317
34.879768534134534	1.7285671	1.3147498
34.89814023409483	1.7052143	1.3058386
34.91651285990901	1.8180547	1.3483526
34.93488641218944	1.867393	1.3665259
34.95326089154871	1.8363765	1.3551297
34.97163629859967	1.7829497	1.3352714
34.99001263395542	1.9745103	1.4051727
35.00838989822934	2.0258257	1.423315
35.02676809203499	1.9591061	1.3996807
35.04514721598624	2.0126853	1.4186914
35.063527270697215	2.0068493	1.4166331
35.081908256782256	2.0142226	1.4192331
35.10029017485597	2.0672264	1.4377853
35.11867302553321	2.1203623	1.4561464
35.137056809429104	2.1013288	1.449596
35.155441527159006	2.051905	1.4324472
35.173827179338524	2.0427184	1.429237
35.19221376658354	2.0606	1.435479
35.21060128951017	2.2661414	1.5053709
35.2289897487348	2.0561848	1.4339403
35.24737914487405	1.9331578	1.3903805
35.26576947854479	2.0531857	1.4328941
35.28416075036418	2.06564	1.4372334
35.30255296094958	1.8323215	1.3536327
35.32094611091867	1.9163015	1.3843054
35.33934020088932	2.0120711	1.4184749
35.35773523147969	1.8909259	1.3751094
35.3761312033082	1.8229458	1.3501651
35.394528116993506	1.8820523	1.3718791
35.41292597315452	1.8125163	1.3462973
35.431324772410434	1.6811037	1.2965739
35.449724515380666	1.6665206	1.2909379
35.46812520268491	1.7893217	1.3376553
35.486526834943106	1.8424957	1.3573856
35.504929412775454	1.8032583	1.3428545
35.52333293680242	1.9125617	1.382954
35.54173740764471	2.0150204	1.4195142
35.560142825923286	2.065627	1.4372289
35.5785491922594	1.6392086	1.2803158
35.59695650727454	1.2518337	1.1188537
35.61536477159042	1.7820303	1.3349271
