0.008763373481513119	0.0	0.0
0.026290120649546365	0.0	0.0
0.043816868432600686	0.060138714	0.24523196
0.06134361724069026	0.08291717	0.2879534
0.07887036748382949	0.06477313	0.25450566
0.0963971195720331	0.053553443	0.23141617
0.11392387391531617	0.06179628	0.24858858
0.1314506309236943	0.11964148	0.3458923
0.1489773910071836	0.13034788	0.36103722
0.16650415457580078	0.112972595	0.33611396
0.18403092203956356	0.12413034	0.35232136
0.20155769380849	0.14020622	0.3744412
0.2190844702925996	0.16461708	0.4057303
0.2366112519019124	0.20485714	0.45261148
0.2541380390464497	0.1853314	0.43050134
0.27166483213623416	0.15529168	0.39407066
0.28919163158128947	0.17760451	0.4214315
0.3067184377916406	0.13736713	0.3706307
0.324245251177314	0.13294062	0.36461022
0.34177207214833777	0.080061264	0.282951
0.3592989011147415	0.116340905	0.34108782
0.37682573848655654	0.12812714	0.3579485
0.39435258467381573	0.1643841	0.40544307
0.41187944008655414	0.13299526	0.36468515
0.42940630513480854	0.10228013	0.31981266
0.446933180228618	0.076350205	0.27631542
0.4644600657780234	0.08730981	0.29548234
0.48198696219306775	0.100617215	0.31720218
0.49951386988379676	0.11777643	0.34318572
0.5170407892602581	0.11026946	0.33206844
0.5345677207325025	0.12543796	0.35417223
0.5520946647105822	0.12898514	0.35914502
0.5696216216045534	0.12957752	0.35996878
0.5871485918244737	0.18611228	0.43140733
0.6046755757804043	0.23641779	0.4862281
0.6222025738824094	0.26055443	0.51044536
0.6397295865405557	0.23641911	0.48622948
0.6572566141649129	0.16296352	0.40368742
0.6747836571655547	0.1100805	0.33178383
0.6923107159525568	0.124929465	0.35345364
0.7098377909359992	0.13636778	0.3692801
0.7273648825259653	0.17656578	0.4201973
0.7448919911325411	0.14413787	0.37965494
0.762419117165817	0.16912058	0.41124272
0.7799462610358868	0.20078821	0.44809398
0.7974734231528482	0.2022074	0.4496748
0.8150006039268024	0.20267773	0.45019743
0.8325278037678551	0.16892885	0.41100955
0.8500550230861152	0.17020608	0.4125604
0.8675822622916969	0.18483584	0.42992538
0.8851095217947171	0.1946186	0.44115597
0.9026368020052984	0.22223234	0.47141525
0.9201641033335665	0.25171974	0.5017168
0.9376914261896523	0.27648935	0.5258225
0.9552187709836915	0.29487053	0.54301983
0.9727461381258234	0.24028336	0.49018705
0.990273528026193	0.2275207	0.4769913
1.0078009410949496	0.2517596	0.5017565
1.0253283777422473	0.3098032	0.5565997
1.0428558383782454	0.34645277	0.58860236
1.0603833234131086	0.33032322	0.57473755
1.0779108332570058	0.31084916	0.5575385
1.0954383683201119	0.32571444	0.570714
1.112965929012607	0.38877442	0.6235178
1.1304935157446763	0.5218084	0.72236305
1.1480211289265108	0.56014097	0.74842566
1.1655487689683062	1.3882922	1.1782581
1.1830764362802655	1.6272733	1.2756462
1.200604131272596	2.0797994	1.442151
1.2181318543555117	2.3830311	1.5437069
1.235659605939232	2.3502254	1.5330445
1.253187386433982	3.69305	1.921731
1.270715196249994	6.086267	2.467036
1.2882430357975057	11.721599	3.423682
1.3057709054867608	16.784586	4.0968995
1.3232988057280106	22.511747	4.7446547
1.3408267369315112	27.324074	5.2272434
1.358354699507526	30.569805	5.528997
1.3758826938663256	34.623783	5.8841977
1.3934107204181858	36.78608	6.0651526
1.410938779573391	37.343544	6.1109366
1.4284668717422309	38.4843	6.2035713
1.4459949973350033	38.170265	6.178209
1.4635231567620117	37.953243	6.16062
1.4810513504335687	36.876312	6.072587
1.4985795787599925	36.218964	6.0182195
1.5161078421516088	35.993515	5.9994597
1.5336361410187505	35.418385	5.9513345
1.5511644757717598	35.13039	5.9270897
1.5686928468209842	35.65693	5.971342
1.58622125457678	36.155273	6.0129256
1.6037496994495108	37.130535	6.093483
1.621278181849548	37.251175	6.103374
1.6388067021872719	37.88631	6.1551857
1.6563352608730693	37.415165	6.1167936
1.673863858317336	36.517193	6.042946
1.6913924949304753	35.737213	5.978061
1.7089211711228998	34.50578	5.874162
1.7264498873050296	33.734596	5.8081493
1.7439786438872935	33.08427	5.7518926
1.7615074412801288	32.24203	5.6782064
1.779036279893981	31.577404	5.6193776
1.796565160139305	30.628323	5.534286
1.814094082426564	29.989862	5.4763002
1.8316230471662298	29.070518	5.3917084
1.849152054768784	28.296593	5.319454
1.8666811056447168	27.63375	5.2567816
1.8842102002045273	26.904093	5.1869154
1.901739338858724	25.93765	5.092902
1.9192685220178245	25.01522	5.001522
1.9367977500923557	24.522995	4.9520698
1.9543270234928547	24.329838	4.9325285
1.971856342629867	24.109097	4.9101014
1.9893857079139496	23.711618	4.8694577
2.006915119755667	23.179726	4.8145328
2.0244445785655945	22.457256	4.738909
2.0419740847543175	22.093433	4.700365
2.0595036387324317	21.595354	4.64708
2.0770332409105414	20.877613	4.569203
2.094562891699263	20.391092	4.51565
2.1120925915092217	20.103685	4.483713
2.129622340751053	19.689432	4.437278
2.1471521398354043	187.88257	13.7070265
2.1646819891729323	444.16998	21.07534
2.182211889174303	440.64215	20.991478
2.1997418402501974	453.49014	21.295307
2.2172718428113023	433.29205	20.815668
2.234801897268317	321.0836	17.918806
2.2523320040319548	17.12927	4.1387525
2.269862163512935	16.827875	4.1021795
2.287392376121992	16.350645	4.043593
2.304922642269869	16.127281	4.0158787
2.322452962367322	15.876372	3.9845166
2.3399833368251164	15.67351	3.9589784
2.357513766054032	15.529578	3.9407585
2.3750442504648586	15.221361	3.9014564
2.3925747904683963	15.000746	3.8730795
2.410105386475459	14.799465	3.8470073
2.4276360388968707	14.478892	3.805114
2.445166748143469	14.251332	3.7750938
2.4626975146261025	13.74714	3.7077136
2.4802283387556323	13.357066	3.654732
2.4977592209429305	13.151881	3.6265523
2.5152901615988825	12.962778	3.600386
2.5328211611343865	12.823391	3.5809762
2.5503522199603523	12.605252	3.5503876
2.5678833384877024	12.411822	3.5230417
2.5854145171273712	12.119733	3.4813406
2.6029457562903064	11.859637	3.4437823
2.620477056387469	11.627106	3.4098542
2.6380084178298326	11.59156	3.404638
2.655539841028383	11.387038	3.3744686
2.673071326394119	11.327086	3.3655736
2.6906028743380523	11.231517	3.3513455
2.708134485271211	11.246517	3.3535826
2.7256661596046325	11.229243	3.3510063
2.743197897749369	10.960634	3.310685
2.760729700116486	10.64734	3.2630262
2.778261567117063	10.332687	3.21445
2.795793499162193	10.058054	3.1714435
2.8133254966629817	9.966876	3.157036
2.830857560030551	9.849135	3.1383333
2.8483896896760337	9.8681965	3.1413686
2.865921886010578	9.701705	3.114756
2.883454149445347	9.46772	3.076966
2.9009864803915177	9.305422	3.050479
2.91851887926028	9.082576	3.0137312
2.9360513464628384	9.078513	3.013057
2.953583882410413	8.877242	2.97947
2.9711164875142373	8.727673	2.9542634
2.9886491621855606	8.61595	2.9352937
3.0061819068356455	8.71236	2.951671
3.023714721875769	8.761213	2.9599347
3.041247607717225	8.68286	2.9466693
3.0587805647713213	8.490597	2.913863
3.0763135934493806	8.404782	2.8991003
3.0938466941627407	8.29283	2.8797276
3.1113798673227544	8.237858	2.8701668
3.1289131133407904	8.103771	2.8467124
3.1464464326282315	7.8373394	2.7995248
3.1639798255964786	7.648391	2.7655723
3.1815132926569443	7.6344523	2.7630513
3.1990468342210603	7.6737237	2.7701488
3.216580450700272	7.6888776	2.7728825
3.2341141425060416	7.6547985	2.7667305
3.251647910049847	7.545038	2.7468233
3.2691817537431813	7.442022	2.7280068
3.286715673997555	7.364744	2.7138062
3.3042496712244938	7.23957	2.690645
3.32178374583554	7.080166	2.6608582
3.339317898242251	7.068671	2.6586974
3.3568521288562034	6.966388	2.6393917
3.3743864380889876	6.919969	2.6305835
3.3919208263522127	6.904144	2.6275737
3.4094552940575023	6.7790713	2.6036649
3.4269898416164972	6.7321067	2.5946302
3.444524469440858	6.6200256	2.572941
3.4620591779422587	6.6173897	2.5724287
3.479593967532391	6.5596557	2.5611825
3.4971288386229658	6.367877	2.5234654
3.5146637916257086	6.3428273	2.518497
3.5321988269523628	6.265556	2.5031092
3.5497339450146903	6.355611	2.5210338
3.5672691462244708	6.3164697	2.5132587
3.5848044309934988	6.2293353	2.4958637
3.60233979973359	6.2520866	2.5004172
3.619875252856575	6.314974	2.5129611
3.6374107907743034	6.288748	2.5077376
3.6549464138986427	6.216364	2.4932637
3.6724821226414788	6.2328124	2.49656
3.690017917414714	6.3450785	2.518944
3.7075537986302702	6.3302956	2.516008
3.7250897667000857	6.3209105	2.514142
3.7426258220361235	6.481604	2.5458994
3.7601619650503553	6.7782984	2.6035166
3.777698196154779	7.377277	2.7161143
3.7952345157614067	8.473692	2.9109607
3.8127709242822716	9.240722	3.0398555
3.830307422129425	11.456349	3.384723
3.847844009714936	30.322392	5.506577
3.8653806874508954	97.81836	9.890316
3.882917455749409	97.21061	9.859544
3.900454315022606	96.91416	9.844499
3.917991265682631	41.39217	6.433675
3.9355283081416506	10.882376	3.2988446
3.9530654428118495	8.5868435	2.9303317
3.970602670105433	7.324484	2.7063785
3.9881399904346244	6.4977174	2.549062
4.005677404211669	6.465324	2.5427
4.023214911848827	6.425441	2.5348454
4.0407525137583855	6.5066614	2.5508158
4.058290210352644	6.588368	2.5667815
4.075828002043927	6.4581685	2.5412927
4.0933658892445814	6.267683	2.503534
4.110903872366966	6.1042686	2.470682
4.128441951823468	6.0668006	2.4630876
4.145980128026488	6.1280084	2.4754815
4.163518401388452	6.1880116	2.4875715
4.181056772321807	6.185385	2.4870434
4.1985952412390155	6.1359415	2.4770832
4.216133808552567	6.076596	2.4650753
4.233672474674966	6.1572585	2.4813824
4.251211240018741	6.3391876	2.5177743
4.268750104996445	6.629339	2.5747504
4.286289070020643	7.660911	2.7678351
4.303828135503928	9.3796625	3.0626235
4.3213673018589125	29.68989	5.448843
4.3389065694982305	90.81131	9.529497
4.356445938834537	165.9321	12.881463
4.3739854102805085	171.49484	13.095604
4.391524984248844	172.32567	13.127287
4.409064661152262	136.22623	11.671599
4.426604441403504	96.425545	9.819651
4.444144325415337	75.38549	8.682482
4.461684313600543	21.585018	4.645968
4.47922440637193	21.966192	4.6868105
4.496764604142329	20.390148	4.5155454
4.5143049073245916	18.69029	4.323227
4.531845316331589	16.637348	4.0788903
4.5493858315762195	13.83519	3.7195685
4.566926453471405	11.503124	3.3916256
4.584467182430081	9.364238	3.0601041
4.602008018865218	8.134435	2.852093
4.619548963189798	7.4486704	2.7292252
4.637090015816834	7.011396	2.6479042
4.654631177159353	6.780951	2.6040258
4.672172447630417	6.496993	2.54892
4.689713827643102	6.3061757	2.51121
4.7072553176105085	6.015299	2.4526107
4.724796917945764	5.8944855	2.4278562
4.742338629062015	5.8482795	2.4183216
4.759880451372434	5.821119	2.4126995
4.777422385290215	5.763905	2.4008133
4.794964431228581	5.6753097	2.3822908
4.812506589600768	5.62263	2.3712087
4.830048860820047	5.540329	2.3537903
4.847591245299709	5.6045094	2.3673844
4.8651337434530655	5.654753	2.3779726
4.882676355693457	5.6832976	2.3839667
4.900219082434242	5.6640444	2.3799253
4.917761924088813	5.7397404	2.3957756
4.935304881070575	5.6840987	2.3841348
4.952847953792969	5.689793	2.3853288
4.970391142669449	5.6498523	2.3769417
4.9879344481135055	5.5800757	2.3622184
5.005477870538642	5.5504537	2.35594
5.023021410358394	5.463612	2.3374372
5.040565067986324	5.520452	2.3495643
5.05810884383601	5.4737105	2.3395963
5.075652738321066	5.5160108	2.348619
5.09319675185512	5.4760594	2.3400981
5.110740884851836	5.5542173	2.3567388
5.128285137724894	5.550559	2.3559625
5.145829510888007	5.4884415	2.3427422
5.163374004754908	5.3705254	2.3174393
5.1809186197393595	5.3066664	2.3036203
5.198463356255145	5.284215	2.298742
5.216008214716077	5.31483	2.3053916
5.233553195535998	5.284995	2.2989118
5.251098299128764	5.2998614	2.3021429
5.268643525908272	5.3418717	2.311249
5.286188876288432	5.3898964	2.321615
5.3037343506831895	5.339709	2.310781
5.32127994950651	5.257425	2.2929075
5.3388256731723915	5.23682	2.28841
5.356371522094851	5.1917157	2.2785337
5.373917496687938	5.1621375	2.2720337
5.391463597365729	5.132092	2.265412
5.40900982454232	5.145864	2.2684498
5.426556178631843	5.191864	2.2785661
5.444102660048449	5.2108073	2.2827194
5.4616492692063225	5.147965	2.2689128
5.479196006519669	5.1710124	2.273986
5.496742872402727	5.152436	2.2698977
5.514289867269756	5.2019486	2.2807782
5.531836991535049	5.167693	2.273256
5.549384245612924	5.10476	2.2593715
5.566931629917724	5.121731	2.2631242
5.584479144863822	5.1402793	2.2672184
5.6020267908656205	5.1188006	2.2624767
5.619574568337545	5.0537868	2.2480628
5.637122477694054	5.079078	2.253681
5.654670519349629	5.131076	2.2651877
5.672218693718784	5.2085233	2.282219
5.689767001216059	5.2206225	2.2848682
5.707315442256021	5.1981473	2.2799447
5.724864017253266	5.2257333	2.2859862
5.7424127266224225	5.230752	2.2870836
5.75996157077814	5.1842666	2.2768984
5.777510550135105	5.1260777	2.2640843
5.795059665108022	5.128672	2.2646573
5.812608916111639	5.2020073	2.280791
5.830158303560715	5.445744	2.3336117
5.847707827870055	5.5529275	2.356465
5.86525748945448	5.6137133	2.3693275
5.8828072887288485	5.6566415	2.3783696
5.900357226108044	5.659732	2.379019
5.917907302006979	5.7329063	2.3943489
5.9354575168406	6.3915763	2.5281568
5.9530078710238765	6.971122	2.640288
5.970558364971812	7.48792	2.7364063
5.988108999099438	7.7376075	2.7816556
6.005659773821818	8.278394	2.8772197
6.023210689554039	8.004969	2.8293054
6.040761746711227	8.455485	2.9078317
6.058312945708531	7.8736734	2.8060067
6.075864286961132	7.419182	2.7238176
6.093415770884244	6.723383	2.5929487
6.1109673978931065	6.2131753	2.4926243
6.128519168402993	5.596721	2.365739
6.146071082829204	5.4776287	2.3404334
6.163623141587075	5.283526	2.298592
6.181175345091969	5.213158	2.2832341
6.198727693759281	5.222431	2.285264
6.216280188004435	5.2809525	2.2980323
6.233832828242885	5.268027	2.2952182
6.251385614890126	5.343654	2.3116345
6.268938548361669	5.3155823	2.3055546
6.286491629073067	5.2117677	2.2829297
6.304044857439898	5.2069955	2.2818842
6.321598233877777	5.080055	2.253898
6.339151758802344	5.0462584	2.246388
6.356705432629277	4.96881	2.2290828
6.37425925577428	4.9367776	2.2218862
6.391813228653095	5.0001836	2.236109
6.409367351681486	5.0206833	2.240688
6.426921625275259	5.0007515	2.236236
6.44447604985025	5.0128074	2.23893
6.46203062582232	4.985578	2.2328408
6.47958535360737	4.9841285	2.2325163
6.497140233621328	4.998615	2.2357583
6.514695266280161	4.97893	2.2313516
6.532250451999859	4.9109564	2.2160678
6.549805791196454	4.944805	2.2236917
6.567361284286002	4.9091005	2.2156491
6.584916931684597	4.9145327	2.2168746
6.602472733808367	4.862932	2.2052057
6.6200286910734665	4.816037	2.1945472
6.637584803896092	4.853139	2.202984
6.655141072692462	4.8838677	2.2099473
6.672697497878842	4.8752303	2.2079923
6.690254079871514	4.831303	2.1980226
6.707810819086808	4.818178	2.195035
6.725367715941078	4.8397202	2.1999364
6.742924770850719	4.9527626	2.2254803
6.760481984232151	5.0447593	2.2460542
6.778039356501836	5.0803475	2.2539625
6.795596888076266	5.025885	2.2418487
6.813154579371963	5.0313315	2.243063
6.830712430805492	5.0236154	2.2413423
6.84827044279344	5.0380993	2.244571
6.865828615752445	5.0749927	2.2527745
6.883386950099159	5.0986667	2.2580228
6.900945446250287	5.0156183	2.2395575
6.918504104622553	5.0212064	2.240805
6.936062925632727	5.012631	2.2388906
6.953621909697607	5.0471516	2.2465866
6.971181057234028	5.0884686	2.2557633
6.988740368658859	5.1331773	2.2656517
7.006299844389007	5.1606383	2.2717037
7.023859484841407	5.238619	2.2888029
7.041419290433036	5.3438535	2.3116777
7.058979261580902	5.5141964	2.3482325
7.0765393987020495	5.7123814	2.3900588
7.094099702213559	6.078782	2.4655187
7.111660172532549	6.3985643	2.5295384
7.129220810076164	6.7985706	2.6074069
7.146781615261595	7.3828545	2.717141
7.16434258850606	7.624387	2.7612293
7.181903730226821	7.967761	2.8227222
7.1994650408411704	8.142207	2.8534553
7.217026520766437	8.389673	2.8964932
7.234588170419983	8.7008705	2.9497237
7.252149990219215	8.702415	2.9499857
7.269711980581568	8.573142	2.9279928
7.2872741419245175	8.313539	2.8833208
7.304836474665574	7.8674607	2.8048995
7.322398979222286	7.495687	2.7378252
7.339961656012233	7.2171345	2.6864724
7.357524505453039	6.863256	2.6197817
7.375087527962357	6.5745044	2.5640795
7.392650723957886	6.3148303	2.5129325
7.410214093857353	5.9489894	2.439055
7.427777638078528	5.7779756	2.403742
7.445341357039213	5.626505	2.3720255
7.4629052511572525	5.5019784	2.3456297
7.480469320850524	5.443951	2.3332276
7.498033566536948	5.3641057	2.3160539
7.5155979886344735	5.2558336	2.2925606
7.5331625875610975	5.2383256	2.288739
7.550727363734844	5.1941924	2.279077
7.568292317573788	5.1730604	2.2744362
7.585857449496025	5.1412587	2.2674344
7.603422759919705	5.1063395	2.259721
7.620988249263007	5.125989	2.2640648
7.638553917944147	5.1394506	2.2670357
7.656119766381391	5.1644654	2.272546
7.673685794993023	5.1953707	2.2793355
7.691252004197388	5.2095227	2.2824378
7.70881839441285	5.2244344	2.2857022
7.726384966057826	5.181457	2.2762814
7.743951719550762	5.1662755	2.2729442
7.761518655310149	5.141588	2.267507
7.779085773754511	5.186611	2.2774134
7.796653075302419	5.282401	2.2983475
7.814220560372475	5.396574	2.3230526
7.831788229383323	5.3845873	2.3204713
7.8493560827536495	5.354501	2.3139794
7.866924120902174	5.284773	2.2988634
7.884492344247663	5.289001	2.2997828
7.9020607532089135	5.259139	2.2932813
7.919629348204771	5.326085	2.3078313
7.937198129654115	5.4079695	2.325504
7.954767097975865	5.41033	2.3260117
7.972336253588986	5.366849	2.316646
7.989905596912472	5.3007884	2.302344
8.007475128365371	5.398589	2.3234863
8.025044848366756	5.499267	2.3450515
8.042614757335754	5.614442	2.3694813
8.060184855691523	5.6122646	2.369022
8.07775514385327	5.7271366	2.3931437
8.095325622240228	5.816159	2.4116714
8.112896291271687	5.9012303	2.4292448
8.130467151366968	5.8930836	2.4275675
8.148038202945436	5.909645	2.4309762
8.165609446426497	5.8499045	2.4186575
8.183180882229594	5.9198847	2.4330814
8.200752510774217	5.964749	2.4422836
8.218324332479893	5.9825554	2.4459262
8.235896347766193	5.9976077	2.4490013
8.253468557052724	5.9316792	2.435504
8.27104096075914	5.958115	2.4409251
8.288613559305137	5.9956408	2.4485998
8.306186353110448	6.1205173	2.473968
8.32375934259485	6.1893845	2.4878473
8.341332528178162	6.267296	2.5034568
8.358905910280246	6.3083096	2.5116348
8.376479489321003	6.2908607	2.508159
8.394053265720377	6.284821	2.5069544
8.411627239898356	6.3122196	2.512413
8.42920141227497	6.3498363	2.5198882
8.44677578327029	6.384477	2.5267522
8.464350353304427	6.360376	2.5219786
8.48192512279754	6.318132	2.5135894
8.499500092169827	6.3459654	2.51912
8.51707526184153	6.3206987	2.5141
8.534650632232934	6.322348	2.514428
8.552226203764365	6.2384133	2.4976816
8.569801976856192	6.1933484	2.488644
8.587377951928834	6.1446285	2.478836
8.60495412940274	6.1725364	2.484459
8.622530509698416	6.2520366	2.5004072
8.6401070932364	6.379162	2.5257003
8.657683880437283	6.4964375	2.548811
8.675260871721695	6.664875	2.581642
8.692838067510303	6.8162484	2.6107945
8.710415468223834	7.006675	2.6470125
8.727993074283043	7.2062674	2.6844492
8.745570886108737	7.1930046	2.6819777
8.763148904121765	7.1628075	2.6763422
8.78072712874302	7.1059732	2.665703
8.798305560393441	7.333994	2.7081347
8.815884199494006	7.569397	2.7512536
8.833463046465745	7.7994065	2.7927418
8.851042101729728	8.00742	2.8297384
8.86862136570707	8.297865	2.8806014
8.886200838818924	8.409257	2.8998718
8.903780521486505	8.386262	2.8959043
8.921360414131055	8.506244	2.9165466
8.938940517173874	8.632401	2.9380949
8.956520831036297	8.727059	2.9541597
8.97410135613971	9.002724	3.000454
8.99168209290554	9.117285	3.0194843
9.009263041755265	9.4597225	3.0756662
9.026844203110405	9.751486	3.122737
9.044425577392525	9.931338	3.1514027
9.062007165023239	10.125062	3.1819901
9.079588966424197	10.354868	3.2178981
9.097170982017108	10.430316	3.2296
9.11475321222372	11.391056	3.375064
9.132335657465825	12.356081	3.5151217
9.149918318165264	12.528235	3.5395248
9.167501194743924	13.0633545	3.6143262
9.18508428762374	12.713842	3.5656476
9.202667597226693	12.6710415	3.5596406
9.220251123974803	12.320272	3.5100245
9.237834868290143	11.934115	3.4545789
9.255418830594836	11.732265	3.4252396
9.273003011311046	11.25321	3.3545804
9.290587410860985	11.058942	3.3254988
9.308172029666911	10.436374	3.2305377
9.32575686815113	10.180069	3.190622
9.343341926735997	8.816762	2.9693034
9.360927205843916	8.600586	2.9326756
9.378512705897327	8.444851	2.9060025
9.396098427318728	8.306003	2.8820136
9.413684370530664	8.182065	2.860431
9.431270535955722	8.031449	2.8339813
9.448856924016539	7.9335804	2.8166611
9.466443535135806	7.8140793	2.7953675
9.484030369736251	7.8044047	2.7936366
9.501617428240658	7.7848377	2.7901323
9.519204711071852	7.777674	2.7888482
9.536792218652714	7.7539396	2.7845898
9.55437995140617	7.7608466	2.7858295
9.571967909755191	7.810363	2.7947025
9.589556094122802	7.9176474	2.8138313
9.60714450493207	7.9566092	2.8207462
9.624733142606116	7.958473	2.8210766
9.642322007568108	7.925211	2.815175
9.659911100241267	7.8589463	2.8033812
9.677500421048851	7.95856	2.821092
9.695089970414175	8.0469265	2.8367105
9.712679748760609	8.107847	2.847428
9.730269756511557	8.169069	2.8581583
9.747859994090492	8.174606	2.8591268
9.765450461920915	8.172373	2.8587363
9.78304116042639	8.128415	2.8510375
9.800632090030527	8.123848	2.8502364
9.81822325115699	8.13766	2.8526585
9.835814644229481	8.180601	2.8601751
9.853406269671762	8.231603	2.869077
9.870998127907646	8.328495	2.8859131
9.888590219360985	8.385169	2.8957157
9.906182544455698	8.438548	2.904918
9.923775103615734	8.460752	2.9087372
9.941367897265108	8.4295635	2.903371
9.958960925827878	8.377122	2.8943257
9.97655418972816	8.320898	2.8845966
9.994147689390106	8.332307	2.8865736
10.011741425237934	8.376289	2.894182
10.029335397695904	8.375858	2.8941076
10.04692960718833	8.304	2.8816662
10.06452405413958	8.256727	2.8734522
10.082118738974064	8.304876	2.8818183
10.099713662116246	8.355379	2.8905673
10.117308823990651	8.338875	2.887711
10.134904225021844	8.327123	2.8856754
10.152499865634445	8.326566	2.8855789
10.170095746253125	8.3534355	2.8902311
10.18769186730261	8.346411	2.8890154
10.205288229207675	8.350593	2.8897393
10.222884832393145	8.354771	2.890462
10.2404816772839	8.256306	2.8733788
10.258078764304868	8.187443	2.8613708
10.275676093881035	8.08214	2.8429105
10.293273666437438	8.0173	2.8314836
10.310871482399158	8.088631	2.8440518
10.32846954219134	8.168773	2.8581064
10.346067846239173	8.247075	2.871772
10.363666394967908	8.199227	2.8634293
10.38126518880283	8.129898	2.8512976
10.398864228169298	8.166281	2.8576705
10.416463513492713	8.232499	2.8692331
10.434063045198531	8.203259	2.8641334
10.451662823712262	8.174506	2.8591094
10.469262849459467	8.181356	2.860307
10.486863122865758	8.132137	2.8516903
10.504463644356806	8.16785	2.857945
10.522064414358338	8.119902	2.849544
10.539665433296118	8.015813	2.831221
10.557266701595987	7.899538	2.8106117
10.574868219683818	7.735815	2.7813332
10.592469987985552	7.688255	2.7727702
10.610072006927185	7.5887003	2.7547596
10.627674276934751	7.5403757	2.7459745
10.64527679843435	7.499773	2.7385714
10.662879571852143	7.361667	2.7132392
10.680482597614331	7.2627645	2.6949518
10.698085876147173	7.117883	2.667936
10.715689407876988	6.992279	2.6442919
10.733293193230146	6.8900714	2.6248946
10.750897232633072	6.8074155	2.6091025
10.76850152651225	6.7548203	2.5990038
10.786106075294207	6.6975727	2.587967
10.803710879405534	6.628247	2.5745382
10.821315939272877	6.5286345	2.5551193
10.83892125532294	6.411264	2.5320473
10.856526827982472	6.311331	2.512236
10.874132657678285	6.300151	2.5100102
10.891738744837243	6.3484635	2.5196157
10.909345089886271	6.3636637	2.5226302
10.926951693252343	6.2516084	2.5003216
10.944558555362494	6.0617347	2.462059
10.96216567664381	5.891444	2.4272296
10.979773057523436	5.796382	2.4075677
10.997380698428573	5.811118	2.4106262
11.014988599786477	5.7366757	2.3951359
11.032596762024461	5.7513695	2.3982012
11.050205185569892	5.6863112	2.3845987
11.067813870850198	5.665718	2.380277
11.085422818292859	5.5847073	2.3631985
11.10303202832541	5.464091	2.3375394
11.120641501375454	5.380314	2.3195503
11.138251237870636	5.3187866	2.3062494
11.155861238238671	5.312507	2.3048878
11.173471502907317	5.220089	2.2847514
11.191082032304402	5.144812	2.2682178
11.208692826857805	5.1342683	2.2658923
11.226303886995465	5.1158624	2.2618272
11.243915213145371	5.046544	2.2464514
11.261526805735578	4.927537	2.2198057
11.279138665194196	4.8706846	2.2069628
11.296750791949393	4.824073	2.1963773
11.314363186429393	4.771325	2.1843364
11.331975849062479	4.7484303	2.1790893
11.34958878027699	4.6515102	2.156736
11.36720198050133	4.6053085	2.1459982
11.384815450163948	4.5699124	2.1377354
11.402429189693366	4.5221124	2.1265259
11.420043199518153	4.499826	2.1212792
11.437657480066942	63.459488	7.9661465
11.455272031768422	85.158676	9.228146
11.472886855051353	107.525314	10.369441
11.490501950344528	99.12027	9.955916
11.508117318076819	84.48957	9.191821
11.52573295867715	45.840233	6.7705417
11.543348872574514	4.1270237	2.0315077
11.560965060197946	4.0379343	2.0094612
11.57858152197655	4.026125	2.0065205
11.59619825833949	4.0236287	2.0058985
11.613815269715985	4.0649953	2.0161834
11.631432556535323	38.58712	6.211853
11.649050119226837	83.08663	9.115187
11.666667958219929	93.45443	9.667183
11.68428607394406	107.69511	10.377625
11.701904466828756	82.53785	9.085034
11.719523137303586	65.35264	8.084098
11.737142085798196	4.598079	2.1443133
11.754761312742286	3.6945362	1.9221176
11.772380818565619	3.6753793	1.9171278
11.790000603698015	3.6063492	1.899039
11.80762066856935	3.603245	1.8982215
11.825241013609572	3.616163	1.9016211
11.842861639248683	3.6399865	1.9078748
11.860482545916748	3.577659	1.8914701
11.878103734043883	3.5122073	1.8740884
11.895725204060282	3.4022315	1.8445139
11.91334695639619	3.3634312	1.833966
11.930968991481919	3.3591592	1.832801
11.948591309747824	3.3704627	1.835882
11.966213911624347	3.3946788	1.8424654
11.98383679754198	3.3866293	1.8402797
12.001459967931268	3.3358924	1.8264426
12.019083423222835	3.2580159	1.8049974
12.036707163847352	3.1968067	1.7879616
12.05433119023556	3.1589406	1.7773409
12.071955502818259	3.1803734	1.7833601
12.089580102026313	3.1777694	1.78263
12.107204988290643	3.1460006	1.7736969
12.12483016204224	3.122699	1.7671161
12.142455623712152	3.1360273	1.7708832
12.16008137373149	3.1528406	1.775624
12.177707412531431	3.1359358	1.7708573
12.19533374054321	3.1020327	1.7612588
12.212960358198126	3.0418372	1.7440864
12.230587265927545	3.0043066	1.7332935
12.248214464162889	2.9864619	1.7281383
12.265841953335649	2.9523	1.7182258
12.283469733877375	2.9596689	1.7203689
12.301097806219685	2.9572408	1.719663
12.31872617079425	2.9763772	1.725218
12.336354828032825	2.9762661	1.7251859
12.353983778367205	2.979791	1.7262071
12.371613022229262	2.9889097	1.7288463
12.389242560050928	2.9863827	1.7281153
12.406872392264201	2.9474554	1.7168155
12.424502519301143	2.9227443	1.7096035
12.442132941593874	2.9100068	1.7058742
12.459763659574586	2.9197695	1.7087333
12.477394673675532	2.9495072	1.717413
12.49502598432903	2.9522686	1.7182167
12.51265759196746	2.910921	1.7061422
12.530289497023267	2.8355076	1.6838965
12.547921699928967	2.8527405	1.6890057
12.565554201117134	2.8332286	1.6832197
12.583187001020404	2.8253589	1.6808804
12.600820100071486	2.8090813	1.6760315
12.618453498703152	2.7793033	1.6671243
12.636087197348235	2.7826009	1.668113
12.65372119643964	2.758201	1.6607832
12.671355496410326	2.772757	1.6651598
12.68899009769333	2.7904198	1.670455
12.706625000721749	2.796696	1.6723325
12.724260205928752	2.841482	1.6856695
12.741895713747551	2.8903732	1.7001097
12.759531524611454	2.968266	1.7228656
12.777167638953818	3.0178998	1.7372104
12.794804057208072	3.0106194	1.7351136
12.812440779807702	3.0394304	1.7433962
12.830077807186271	3.1836915	1.7842902
12.847715139777405	3.2398546	1.7999597
12.865352778014795	3.4532115	1.8582819
12.882990722332197	3.5631344	1.8876266
12.90062897316344	3.6347103	1.9064916
12.918267530942412	3.726051	1.9302982
12.935906396103071	3.5886068	1.8943619
12.953545569079449	3.770826	1.9418615
12.971185050305628	3.6118395	1.9004841
12.988824840215775	3.6661396	1.9147166
13.006464939244115	3.6387415	1.9075485
13.024105347824943	3.4794524	1.865329
13.041746066392617	3.5618107	1.887276
13.05938709538157	3.3831599	1.8393368
13.077028435226296	3.3638341	1.8340758
13.094670086361363	3.2633383	1.8064712
13.112312049221401	3.1847482	1.7845863
13.129954324241112	3.0988212	1.7603469
13.147596911855258	2.8943408	1.7012762
13.165239812498685	2.8681111	1.6935499
13.182883026606293	2.788074	1.6697527
13.200526554613058	2.7197766	1.6491746
13.218170396954017	2.6885011	1.6396649
13.235814554064284	2.6976373	1.6424485
13.253459026379034	2.7101119	1.6462418
13.271103814333523	2.6801112	1.6371045
13.288748918363058	2.6818724	1.6376423
13.306394338903031	2.6859205	1.6388779
13.32404007638889	2.6899385	1.6401032
13.341686131256164	2.6949978	1.6416448
13.359332503940449	2.645241	1.6264197
13.376979194877402	2.6554284	1.6295485
13.394626204502751	2.7162497	1.6481049
13.412273533252307	2.7733352	1.6653334
13.429921181561937	2.7865326	1.669291
13.447569149867581	2.7889118	1.6700035
13.465217438605247	2.7381694	1.6547415
13.482866048211022	2.678676	1.636666
13.500514979121052	2.628394	1.6212323
13.518164231771568	2.6462054	1.6267161
13.535813806598844	2.6974401	1.6423886
13.553463704039254	2.7193851	1.6490558
13.571113924529229	2.711762	1.6467428
13.588764468505275	2.6706383	1.6342088
13.606415336403956	2.676106	1.6358808
13.624066528661917	2.695165	1.6416957
13.641718045715882	2.7848938	1.6688001
13.659369888002635	2.8484845	1.6877455
13.67702205595903	2.8913074	1.7003845
13.694674550021993	2.957092	1.7196198
13.712327370628532	3.0231152	1.7387108
13.729980518215713	3.1142077	1.7647119
13.747633993220681	3.1658373	1.77928
13.765287796080647	3.2142222	1.7928252
13.7829419272329	3.2536361	1.8037839
13.800596387114801	3.2750363	1.8097061
13.818251176163775	3.3171628	1.821308
13.835906294817324	3.3546216	1.8315626
13.853561743513023	3.3768651	1.8376249
13.871217522688525	3.4292908	1.8518344
13.888873632781538	3.460782	1.8603177
13.906530074229858	3.5087504	1.8731658
13.92418684747135	3.5042026	1.8719516
13.941843952943948	3.4773703	1.8647709
13.959501391085665	3.4520252	1.8579626
13.977159162334578	3.4393816	1.854557
13.994817267128846	3.4356592	1.8535532
14.012475705906693	3.3303049	1.8249123
14.030134479106424	3.266967	1.8074753
14.047793587166414	3.1949492	1.7874421
14.065453030525108	3.1413882	1.7723962
14.083112809621026	3.0163968	1.7367777
14.100772924892766	2.9364254	1.7136002
14.118433376778997	2.8944037	1.7012947
14.136094165718458	2.8702958	1.6941947
14.153755292149969	2.8263369	1.6811713
14.171416756512416	2.7616777	1.6618296
14.189078559244768	2.6803741	1.6371849
14.20674070078606	2.6026983	1.613288
14.224403181575408	2.5468872	1.595897
14.242066002051999	2.5325522	1.5913994
14.259729162655093	2.5025816	1.581955
14.277392663824022	2.487427	1.5771579
14.295056505998208	2.470881	1.5719036
14.312720689617128	2.4411893	1.5624306
14.330385215120348	2.420093	1.5556648
14.348050082947497	2.4039183	1.5504575
14.3657152935383	2.3875954	1.5451846
14.383380847332528	2.384168	1.5440751
14.401046744770051	2.4162087	1.554416
14.418712986290798	2.4182518	1.5550729
14.436379572334793	2.4040658	1.550505
14.454046503342123	2.3619413	1.5368608
14.471713779752946	2.3359659	1.5283867
14.489381402007504	2.337433	1.5288666
14.507049370546113	2.3205898	1.5233482
14.524717685809168	2.3403804	1.5298302
14.542386348237134	2.3882596	1.5453995
14.560055358270553	2.4066231	1.5513295
14.577724716350051	2.4252353	1.5573167
14.595394422916325	2.3926482	1.5468187
14.61306447841015	2.4075618	1.5516319
14.63073488327237	2.4314928	1.5593245
14.648405637943917	2.4608598	1.5687128
14.6660767428658	2.4722512	1.5723394
14.683748198479094	2.4992182	1.5808916
14.701420005224954	2.5449579	1.5952924
14.719092163544628	2.612766	1.6164052
14.73676467387942	2.6441302	1.6260781
14.754437536670727	2.6905541	1.6402909
14.772110752360014	2.7051845	1.6447445
14.78978432138882	2.6968331	1.6422037
14.807458244198777	2.721248	1.6496205
14.82513252123159	2.7064872	1.6451405
14.842807152929028	2.7179363	1.6486164
14.860482139732962	2.659511	1.6308007
14.87815748208531	2.6224189	1.6193885
14.8958331804281	2.6578903	1.6303037
14.91350923520342	2.674068	1.6352577
14.931185646853438	2.7105603	1.6463779
14.948862415820408	2.657679	1.630239
14.966539542546656	2.665016	1.6324877
14.98421702747459	2.6823125	1.6377767
15.001894871046696	2.714565	1.6475937
15.019573073705542	2.6908362	1.6403768
15.037251635893766	2.6236217	1.6197598
15.054930558054092	2.6566763	1.6299313
15.072609840629323	2.7219486	1.649833
15.090289484062351	2.8658545	1.6928835
15.107969488796124	3.163125	1.7785176
15.125649855273691	3.61218	1.9005736
15.14333058393817	4.120987	2.0300214
15.161011675232768	5.13536	2.2661333
15.17869312960076	6.447267	2.539147
15.196374947485506	8.261144	2.8742206
15.214057129330447	11.267012	3.356637
15.231739675579114	16.050985	4.006368
15.249422586675102	21.200441	4.6043935
15.267105863062092	24.374025	4.9370055
15.284789505183847	24.698034	4.969712
15.302473513484218	22.589705	4.752863
15.320157888407127	19.046991	4.364286
15.337842630396578	14.814515	3.8489628
15.355527739896656	11.490089	3.3897035
15.37321321735153	8.970447	2.9950705
15.39089906320545	6.568965	2.5629992
15.408585277902748	4.925643	2.219379
15.42627186188783	3.748468	1.9360961
15.443958815605198	3.2015111	1.7892767
15.461646139499424	2.9093487	1.7056813
15.479333834015168	2.754667	1.659719
15.497021899597165	2.6974292	1.6423852
15.514710336690234	2.6340432	1.6229736
15.53239914573928	2.597992	1.6118288
15.550088327189297	2.543717	1.5949035
15.567777881485336	2.5333214	1.5916411
15.58546780907256	2.5483017	1.5963401
15.6031581103962	2.5657485	1.6017954
15.620848785901568	2.555975	1.5987417
15.638539836034063	2.53041	1.5907263
15.656231261239173	2.4819663	1.5754257
15.673923061962451	2.459034	1.5681307
15.691615238649552	2.4119534	1.5530465
15.709307791746202	2.4147549	1.5539482
15.727000721698221	2.4187963	1.555248
15.744694028951498	2.4430883	1.5630381
15.76238771395202	2.410744	1.552657
15.780081777145844	2.37987	1.5426828
15.797776218979125	2.3523448	1.5337355
15.815471039898094	2.344667	1.5312306
15.833166240349064	2.363937	1.5375099
15.850861820778437	2.3594003	1.536034
15.868557781632699	2.3565285	1.5350989
15.886254123358412	2.3297732	1.5263594
15.903950846402232	2.350436	1.5331131
15.921647951210897	2.3704119	1.5396142
15.939345438231225	2.4042172	1.5505538
15.957043307910133	2.4385822	1.561596
15.974741560694602	2.4452903	1.5637424
15.992440197031714	2.4305747	1.55903
16.01013921736862	2.3993251	1.5489755
16.02783862215259	2.3846164	1.5442203
16.045538411830933	2.3620605	1.5368997
16.06323858685107	2.329486	1.5262654
16.080939147660512	2.336284	1.5284908
16.09864009470684	2.4064152	1.5512625
16.11634142843774	2.445079	1.5636748
16.134043149300954	2.4463296	1.5640746
16.15174525774433	2.454433	1.566663
16.169447754215817	2.4675798	1.5708532
16.18715063916342	2.4906933	1.5781931
16.204853913035244	2.4413471	1.562481
16.222557576279478	2.4019325	1.549817
16.240261629344403	22.337507	4.7262573
16.257966072678386	42.88231	6.5484586
16.275670906729868	38.024803	6.1664257
16.293376131947387	2.4747286	1.573127
16.31108174877957	2.4971168	1.5802268
16.328787757675133	2.5230098	1.5883985
16.34649415908287	2.5998309	1.6123991
16.364200953451657	2.6491075	1.627608
16.38190814123048	2.6479967	1.6272666
16.39961572286839	2.6672268	1.6331646
16.41732369881455	2.68679	1.6391431
16.43503206951817	2.7462056	1.6571679
16.45274083542859	2.7914674	1.6707685
16.47044999699522	2.8433852	1.686234
16.488159554667558	2.886677	1.6990224
16.505869508895184	2.9142482	1.707117
16.523579860127786	2.9242601	1.7100468
16.541290608815117	2.951848	1.7180943
16.559001755407035	3.0616896	1.7497685
16.57671330035348	3.1141167	1.764686
16.59442524410448	3.1989102	1.7885498
16.61213758711015	3.2467918	1.8018856
16.629850329820705	3.2878652	1.8132471
16.647563472686436	3.3335855	1.8258109
16.665277016157724	3.3545961	1.8315556
16.682990960685053	3.39127	1.8415401
16.70070530671898	3.42901	1.8517586
16.718420054710155	3.4786766	1.865121
16.736135205109335	3.5402966	1.8815676
16.753850758367335	3.6171918	1.9018916
16.771566714935087	3.6670306	1.9149492
16.789283075263597	3.7251391	1.9300619
16.80699983980398	3.7821224	1.944768
16.82471700900741	3.8557594	1.9636087
16.84243458332518	3.9042356	1.9759139
16.860152563208665	3.9606633	1.9901415
16.87787094910932	4.0481567	2.0120032
16.89558974147871	4.110108	2.0273402
16.913308940768466	4.1903734	2.0470402
16.931028547430333	4.2893853	2.071083
16.94874856191613	4.402243	2.0981524
16.966468984677785	4.4262576	2.1038673
16.98418981616729	4.443764	2.108024
17.00191105683676	4.4573865	2.1112523
17.019632707138374	4.5300565	2.128393
17.03735476752442	4.5346885	2.1294808
17.05507723844728	4.5382442	2.1303155
17.072800120359403	4.51985	2.1259937
17.090523413713353	4.56123	2.1357036
17.108247118961785	4.609791	2.1470423
17.125971236557437	4.706247	2.1693885
17.143695766953133	4.7499537	2.1794388
17.161420710601806	4.734875	2.1759768
17.179146067956477	4.69053	2.1657631
17.19687183947025	4.6765065	2.1625233
17.21459802559634	4.6752796	2.1622396
17.232324626788028	4.6667957	2.160277
17.25005164349871	4.6728253	2.1616719
17.267779076181863	4.678851	2.1630652
17.285506925291074	4.6443863	2.155084
17.30323519127999	4.6276283	2.1511922
17.320963874602384	4.58403	2.1410348
17.33869297571211	4.5563927	2.1345708
17.356422495063114	4.544493	2.1317816
17.37415243310944	4.531923	2.1288314
17.391882790305218	4.5316086	2.1287575
17.40961356710468	4.4879704	2.118483
17.42734476396215	4.515505	2.1249716
17.445076381332044	4.551905	2.1335194
17.462808419668868	4.658915	2.158452
17.48054087942723	4.725905	2.1739147
17.498273761061835	4.977558	2.2310443
17.51600706502747	5.4386134	2.3320835
17.533740791779024	6.181873	2.4863372
17.551474941771485	7.589964	2.754989
17.56920951545993	8.675418	2.9454062
17.586944513299528	10.853489	3.2944634
17.60467993574556	12.555557	3.5433822
17.622415783253373	14.379373	3.7920144
17.64015205627843	15.83243	3.9789987
17.657888755276293	16.915289	4.11282
17.675625880702604	17.461796	4.1787314
17.69336343301311	17.334717	4.163498
17.71110141266366	16.399368	4.0496135
17.728839820110178	15.3071785	3.9124389
17.746578655808705	14.371608	3.7909904
17.764317920215372	12.992951	3.6045737
17.7820576137864	11.575281	3.4022465
17.79979773697811	9.525404	3.0863254
17.81753829024692	7.6047373	2.7576687
17.835279274049356	5.903636	2.42974
17.85302068884201	4.8235264	2.1962528
17.870762535081607	4.1718783	2.0425177
17.888504813224934	3.8253725	1.955856
17.90624752372891	3.6774569	1.9176697
17.923990667050536	3.6330304	1.906051
17.941734243646895	3.5503235	1.8842303
17.959478253975185	3.5080564	1.8729806
17.9772226984927	3.4659839	1.8617153
17.994967577656833	3.4131505	1.8474714
18.01271289192506	3.3449926	1.828932
18.030458641754965	3.309414	1.8191794
18.04820482760425	3.3236392	1.8230851
18.06595144993067	3.3333368	1.8257428
18.083698509192125	3.2868388	1.8129641
18.101446005846576	3.232326	1.7978671
18.119193940352105	3.2581089	1.8050232
18.136942313166887	3.2799027	1.8110502
18.1546911247492	3.259144	1.80531
18.1724403755574	3.2334704	1.7981853
18.19019006604997	3.2033737	1.7897971
18.207940196685467	3.1601634	1.7776848
18.225690767922575	3.1061738	1.762434
18.243441780220046	3.0635412	1.7502974
18.261193234036764	3.0518575	1.7469566
18.278945129831676	3.0588145	1.7489467
18.29669746806386	3.0751386	1.7536073
18.314450249192483	3.0543525	1.7476707
18.3322034736768	3.0391538	1.7433169
18.349957141976184	3.0644863	1.7505674
18.3677112545501	3.0947537	1.7591913
18.385465811858108	3.0880773	1.7572926
18.403220814359884	3.0587695	1.7489338
18.420976262515172	3.1020536	1.7612648
18.43873215678387	3.139233	1.7717881
18.456488497625923	3.1857831	1.7848762
18.474245285501407	3.2310889	1.797523
18.492002520870486	3.3016508	1.8170445
18.50976020419343	3.3519535	1.8308342
18.527518335930615	3.6318665	1.9057456
18.545276916542516	4.219052	2.054033
18.563035946489688	4.397185	2.0969465
18.580795426232832	4.8428106	2.2006388
18.598555356232698	4.7163014	2.1717048
18.616315736950185	5.0831137	2.2545762
18.63407656884626	4.774712	2.1851115
18.65183785238201	4.957235	2.2264848
18.669599588018617	4.6659837	2.1600888
18.68736177621737	4.63022	2.1517947
18.705124417439652	4.691644	2.1660204
18.72288751214696	4.50692	2.1229508
18.740651060800886	4.587519	2.1418495
18.758415063863115	4.232721	2.0573578
18.77617952179546	4.4187036	2.1020713
18.793944435059814	4.190012	2.0469518
18.811709804118184	4.241396	2.059465
18.829475629432675	4.192426	2.0475416
18.8472419114655	4.0058246	2.0014555
18.86500865067897	4.1173725	2.029131
18.88277584753551	3.833654	1.9579719
18.90054350249763	3.8189242	1.9542068
18.918311616027957	3.4367018	1.8538344
18.936080188589226	3.3077435	1.8187203
18.953849220644265	3.004559	1.7333664
18.971618712656007	2.8557405	1.6898936
18.9893886650875	2.8415668	1.6856947
19.007159078401887	8.083204	2.8430977
19.024929953062408	32.949154	5.740135
19.042701289532435	32.865646	5.7328568
19.060473088275405	25.38778	5.0386286
19.07824534975489	2.6886492	1.6397101
19.096018074434568	2.6881948	1.6395715
19.113791262778197	2.6711206	1.6343564
19.13156491524966	2.6411707	1.625168
19.149339032312945	2.6113358	1.6159627
19.167113614432136	2.6152155	1.6171628
19.184888662071433	2.5862968	1.6081967
19.202664175695123	2.5719485	1.6037296
19.220440155767623	2.5528603	1.5977672
19.238216602753447	2.5176094	1.5866976
19.2559935171172	2.5191076	1.5871696
19.27377089932361	2.521778	1.5880108
19.291548749837514	2.5247316	1.5889404
19.309327069123835	2.5281534	1.5900168
19.32710585764763	2.545428	1.5954398
19.344885115874032	2.5458322	1.5955664
19.362664844268313	2.5219216	1.588056
19.380445043295822	2.5054674	1.5828668
19.39822571342203	2.5333414	1.5916474
19.41600685511252	2.521911	1.5880525
19.43378846883297	2.4838996	1.5760392
19.451570555049173	2.4812365	1.5751941
19.469353114227037	2.5270226	1.5896611
19.48713614683254	2.5359993	1.5924821
19.50491965333182	2.503862	1.5823596
19.52270363419109	2.4645994	1.5699042
19.540488089876686	2.4568887	1.5674466
19.55827302085503	2.4992313	1.5808958
19.576058427592674	2.5110474	1.5846285
19.593844310556282	2.500381	1.5812593
19.611630670212598	2.4974394	1.580329
19.629417507028506	2.475314	1.573313
19.64720482147098	2.4796934	1.5747043
19.6649926140071	2.499844	1.5810895
19.682780885104084	2.520925	1.5877421
19.70056963522921	2.497737	1.580423
19.718358864849908	2.4812744	1.5752062
19.7361485744337	2.4451282	1.5636905
19.753938764448215	2.4592345	1.5681946
19.771729435361202	2.4547129	1.5667523
19.789520587640506	2.493328	1.5790275
19.807312221754092	2.527495	1.5898097
19.825104338170043	2.5404167	1.5938685
19.842896937356517	2.5766037	1.6051803
19.860690019781824	2.5440636	1.5950121
19.87848358591436	2.4659145	1.5703231
19.896277636222635	2.4580722	1.567824
19.914072171175278	2.464583	1.569899
19.931867191241015	2.4657478	1.57027
19.94966269688869	2.4835954	1.5759426
19.967458688587264	2.495848	1.5798253
19.985255166805807	2.4822361	1.5755113
20.00305213201348	2.4214523	1.5561017
20.020849584679578	2.4001126	1.5492297
20.038647525273507	2.3935559	1.5471121
20.05644595426477	2.415674	1.5542438
20.07424487212299	2.3971367	1.5482689
20.092044279317903	2.3925858	1.5467986
20.109844176319353	2.4118896	1.553026
20.127644563597304	2.4313238	1.5592703
20.145445441621817	2.460219	1.5685085
20.16324681086307	2.4652627	1.5701154
20.181048671791373	2.4671564	1.5707184
20.198851024877122	2.402005	1.5498403
20.216653870590836	2.371521	1.5399743
20.234457209403146	2.3600059	1.536231
20.252261041784802	2.3492894	1.5327392
20.270065368206662	2.3720753	1.5401543
20.287870189139685	2.428764	1.5584493
20.305675505054968	2.43137	1.559285
20.323481316423702	2.3977907	1.5484802
20.341287623717207	2.3855052	1.5445081
20.359094427406884	2.4083865	1.5518976
20.376901727964288	2.3858898	1.5446326
20.39470952586107	2.4199486	1.5556184
20.41251782156899	2.4120672	1.5530831
20.430326615559935	2.3710735	1.539829
20.448135908305886	2.3309512	1.5267453
20.465945700278965	2.3274589	1.5256011
20.483755991951384	2.3137279	1.5210943
20.50156678379548	2.3214352	1.5236257
20.519378076283708	2.3296404	1.5263159
20.537189869888635	2.3330855	1.5274441
20.55500216508294	2.3318262	1.5270318
20.572814962339415	2.3140535	1.5212014
20.59062826213098	2.3098495	1.5198189
20.60844206493066	2.3120615	1.5205464
20.626256371211593	2.3268728	1.5254091
20.644071181447032	2.319288	1.5229208
20.66188649611036	2.3182378	1.5225761
20.67970231567506	2.300336	1.5166858
20.697518640614742	2.3078284	1.5191538
20.715335471403122	2.3210206	1.5234896
20.73315280851404	2.3179977	1.5224972
20.750970652421447	2.330828	1.5267049
20.768789003599412	2.3221922	1.523874
20.786607862522136	2.3166351	1.5220497
20.8044272296639	2.2959166	1.5152283
20.82224710549913	2.3153248	1.5216191
20.84006749050237	2.3137922	1.5211154
20.857888385148268	3.857618	1.964082
20.8757097899116	45.94387	6.7781906
20.893531705267254	64.8048	8.050143
20.911354131690224	83.79867	9.154161
20.92917706965566	69.020805	8.307876
20.94700051963877	50.073727	7.076279
20.96482448211493	29.374208	5.419798
20.982648957559622	4.1088014	2.0270178
21.00047394644843	2.2383683	1.4961177
21.01829944925707	2.2487056	1.4995685
21.036125466461375	2.2782815	1.5093977
21.053951998537297	2.2793267	1.5097439
21.071779045960906	2.2722502	1.5073985
21.089606609208378	2.2709363	1.5069625
21.10743468875603	2.251038	1.500346
21.12526328508028	2.2443495	1.4981153
21.143092398657675	2.2276783	1.4925408
21.16092202996488	2.2596662	1.5032187
21.17875217947867	2.2754436	1.5084573
21.19658284767596	2.246387	1.4987952
21.21441403503377	2.2408378	1.4969429
21.232245742029225	2.2042408	1.4846686
21.2500779691396	2.212098	1.4873123
21.26791071684227	2.2059329	1.4852383
21.28574398561475	2.1992898	1.4830003
21.30357777593465	2.172001	1.473771
21.321412088279704	2.1487873	1.4658742
21.339246923127792	2.1345196	1.4609995
21.357082280956888	2.1457367	1.4648334
21.3749181622451	2.1517339	1.466879
21.392754567470647	2.1487033	1.4658456
21.41059149711187	2.1675954	1.4722756
21.42842895164726	2.1716032	1.473636
21.446266931555378	2.1569312	1.4686494
21.464105437314945	2.146215	1.4649966
21.481944469404798	2.1285195	1.4589447
21.49978402830388	2.1513805	1.4667585
21.51762411449127	2.125412	1.4578793
21.53546472844617	2.1120415	1.4532864
21.553305870647876	2.0853531	1.4440752
21.571147541575865	2.101513	1.4496596
21.58898974170967	2.0837781	1.4435297
21.60683247152899	2.0893302	1.4454515
21.62467573151363	2.1063974	1.4513433
21.642519522143523	2.105911	1.4511757
21.660363843898722	2.098626	1.4486635
21.6782086972594	2.0753846	1.4406195
21.696054082705864	2.0763924	1.4409692
21.713900000718535	2.084423	1.4437531
21.73174645177795	2.0305846	1.4249858
21.749593436364794	1.9826106	1.4080521
21.767440954959845	1.9746078	1.4052074
21.785289008044032	2.023349	1.4224447
21.803137596098388	2.0390484	1.4279525
21.820986719604086	2.036519	1.4270666
21.838836379042412	2.0360389	1.4268984
21.85668657489478	2.0109046	1.4180636
21.87453730764273	2.023461	1.4224842
21.892388577767914	2.0239208	1.4226457
21.91024038575213	2.040688	1.4285265
21.928092732077285	2.0010853	1.4145973
21.945945617225426	2.0048683	1.4159337
21.963799041678694	2.0023859	1.4150568
21.981653005919398	31.321392	5.596552
21.999507510429943	78.129944	8.839114
22.01736255569286	73.09138	8.54935
22.035218142190818	4.1926303	2.0475914
22.05307427040661	1.9988422	1.4138042
22.07093094082315	1.9820664	1.4078588
22.088788153923474	1.9999534	1.4141971
22.106645910190746	2.026111	1.4234152
22.12450421010827	2.0377655	1.4275032
22.142363054159464	2.0458	1.4303147
22.16022244282787	1.9956754	1.4126837
22.178082376597164	1.9778281	1.4063528
22.195942855951145	1.9757878	1.4056271
22.213803881373742	2.0331585	1.4258887
22.231665453349002	2.0242558	1.4227635
22.24952757236111	2.0218668	1.4219236
22.26739023889438	1.997942	1.4134858
22.28525345343323	1.9620891	1.4007459
22.30311721646225	1.9684813	1.4030257
22.320981528466113	1.9601723	1.4000615
22.33884638992964	1.9554958	1.3983904
22.356711801337788	1.948863	1.3960168
22.37457776317561	1.9706798	1.4038091
22.392444275928337	1.9535466	1.3976933
22.410311340081282	1.9467704	1.3952671
22.428178956119904	1.9542762	1.3979543
22.446047124529805	1.9426068	1.3937743
22.46391584579669	1.9245673	1.3872877
22.481785120406414	1.92573	1.3877068
22.49965494884496	1.9236565	1.3869594
22.51752533159841	1.908419	1.3814554
22.53539626915302	1.8942745	1.3763264
22.553267761995137	1.8855385	1.3731492
22.571139810611264	1.9175932	1.384772
22.589012415488025	1.936946	1.3917421
22.60688557711216	1.9486879	1.3959541
22.624759295970566	1.9338766	1.390639
22.642633572550263	1.9159962	1.3841951
22.660508407338362	1.9049408	1.380196
22.67838380082217	1.9028331	1.3794322
22.696259753489077	1.8980035	1.3776804
22.714136265826614	1.8809079	1.371462
22.73201333832246	1.9135281	1.3833033
22.74989097146439	1.9365507	1.3916
22.76776916574035	1.9374611	1.3919271
22.785647921638393	1.9290957	1.3889189
22.803527239646712	1.9033833	1.3796315
22.82140712025363	1.92709	1.3881967
22.839287563947593	1.9559851	1.3985654
22.85716857121719	1.9674892	1.4026722
22.875050142551135	1.951858	1.3970891
22.892932278438277	1.9595639	1.3998442
22.910814979367604	1.9682145	1.4029307
22.928698245828222	1.9686923	1.403101
22.946582078309387	1.9704512	1.4037277
22.96446647730047	1.9361264	1.3914475
22.98235144329098	1.894264	1.3763226
23.000236976770562	1.8918839	1.3754576
23.018123078229	1.9165183	1.3843837
23.03600974815619	1.9455193	1.3948188
23.053896987042194	1.9347112	1.390939
23.071784795377173	1.9080042	1.3813052
23.08967317365145	1.8970087	1.3773193
23.10756212235546	1.8827939	1.3721493
23.125451641979787	1.8824037	1.3720071
23.143341733015134	1.8859495	1.3732988
23.161232395952357	1.8885697	1.3742524
23.179123631282426	1.9072927	1.3810477
23.197015439496468	1.942576	1.3937633
23.214907821085717	1.9341747	1.3907461
23.23280077654157	1.9586399	1.3995142
23.250694306355538	1.9549977	1.3982123
23.268588411019277	1.9649348	1.4017613
23.28648309102458	1.9520929	1.3971732
23.304378346863356	1.904186	1.3799225
23.322274179027676	1.883711	1.3724835
23.340170588009723	1.8976632	1.377557
23.358067574301852	1.926135	1.3878527
23.37596513839651	1.9435115	1.3940988
23.39386328078629	1.9582597	1.3993783
23.411762001963947	1.9616201	1.4005785
23.429661302422353	1.9541466	1.397908
23.4475611826545	1.9287126	1.388781
23.46546164315356	1.9042937	1.3799615
23.48336268441279	1.9364194	1.3915528
23.501264306925638	1.9909331	1.4110043
23.51916651118564	2.0223157	1.4220815
23.537069297686497	1.9642211	1.4015068
23.554972666922037	1.915224	1.3839161
23.57287661938623	1.893927	1.3762002
23.59078115557318	1.92719	1.3882327
23.608686275977128	1.9043335	1.3799759
23.62659198109246	1.8909733	1.3751266
23.6444982714137	1.9047089	1.3801119
23.66240514743549	1.9472489	1.3954387
23.68031260965263	1.9543628	1.3979852
23.698220658560068	1.9364909	1.3915786
23.716129294652845	1.944042	1.394289
23.7340385184262	1.9369277	1.3917354
23.75194833037546	1.924567	1.3872876
23.769858730996123	1.8835497	1.3724247
23.78776972078382	1.8678097	1.3666784
23.80568130023431	1.8515998	1.360735
23.823593469843495	1.8714855	1.3680224
23.841506230107424	1.8992172	1.3781209
23.859419581522275	1.9146649	1.3837142
23.87733352458438	1.8858286	1.3732548
23.89524805979019	1.8625199	1.3647417
23.913163187636318	1.8482416	1.3595005
23.931078908619508	1.9135013	1.3832936
23.948995223236633	1.9515369	1.3969742
23.966912131984735	1.9635446	1.4012654
23.98482963536096	1.9858288	1.4091944
24.002747733862616	2.0158114	1.4197928
24.020666427987155	2.040022	1.4282933
24.038585718232156	2.0372562	1.4273249
24.056505605095353	2.0466375	1.4306074
24.074426089074617	2.0823855	1.4430473
24.092347170667946	2.0790882	1.4419044
24.110268850373515	2.0572453	1.4343101
24.128191128689586	2.0816448	1.4427906
24.146114006114626	2.1037536	1.4504322
24.164037483147187	2.1124682	1.4534333
24.181961560286005	2.0900378	1.4456964
24.199886238029926	2.054928	1.4335021
24.21781151687797	2.0284338	1.4242309
24.235737397329274	1.989119	1.4103613
24.253663879883135	2.0072258	1.4167659
24.271590965038975	2.0675988	1.4379147
24.289518653296376	2.0927258	1.4466256
24.30744694515505	2.0713074	1.4392037
24.32537584111486	2.05343	1.4329795
24.34330534167581	2.0544405	1.433332
24.361235447338046	2.0903044	1.4457885
24.379166158601876	2.0939817	1.4470596
24.39709747596772	2.0861325	1.444345
24.41502939993615	2.065511	1.4371886
24.432961931007917	2.0326676	1.4257165
24.450895069683856	1.9872409	1.4096953
24.468828816465	1.9761473	1.405755
24.4867631718525	1.973682	1.4048779
24.504698136347656	1.998146	1.4135579
24.52263371045192	2.0184379	1.4207174
24.540569894666874	2.032903	1.425799
24.558506689494266	1.9995831	1.4140662
24.57644409543597	1.9570429	1.3989435
24.594382112994012	1.9586672	1.3995239
24.61232074267057	1.9479972	1.3957067
24.630259984967953	1.9471273	1.395395
24.64819984038863	1.9412335	1.3932816
24.66614030943522	1.9655544	1.4019823
24.684081392610462	1.9781685	1.4064738
24.702023090417274	2.0211139	1.4216589
24.7199654033587	2.0157044	1.4197551
24.737908331937927	2.019076	1.420942
24.755851876658305	2.0229802	1.4223151
24.773796038023324	2.0400968	1.4283196
24.79174081653661	2.071359	1.4392216
24.809686212701962	2.0903187	1.4457934
24.827632227023294	2.1253285	1.4578507
24.8455788600047	2.1448088	1.4645165
24.8635261121504	2.1155	1.4544759
24.88147398396475	2.1058547	1.4511564
24.899422475952303	2.0953367	1.4475278
24.917371588617698	2.1383464	1.4623086
24.935321322465768	2.2151062	1.4883233
24.953271678001478	2.3057437	1.5184675
24.97122265572994	2.4384413	1.561551
24.989174256156414	2.748235	1.6577802
25.00712647978632	3.1911118	1.7863684
25.02507932712521	3.730069	1.9313387
25.043032798678798	4.2751184	2.067636
25.060986894952933	5.0025096	2.236629
25.078941616453637	5.747079	2.3973067
25.096896963687055	6.648915	2.578549
25.114852937159508	7.7097726	2.7766478
25.132809537377444	8.212105	2.865677
25.150766764847468	8.340678	2.8880231
25.168724620076347	7.902205	2.8110862
25.186683103570985	6.8435297	2.616014
25.204642215838426	5.608893	2.3683102
25.222601957385894	4.244946	2.0603266
25.24056232872074	3.217244	1.7936677
25.25852333035048	2.6109972	1.6158581
25.276484962782778	2.2333162	1.4944284
25.294447226525435	2.0814857	1.4427356
25.312410122086423	2.0210347	1.421631
25.330373649973843	1.986634	1.4094801
25.348337810695988	1.9408071	1.3931285
25.366302604761245	1.8699684	1.3674679
25.384268032678207	1.8357922	1.3549141
25.40223409495558	1.8605123	1.3640059
25.420200792102257	1.8979036	1.3776442
25.438168124627246	1.8933393	1.3759867
25.45613609303974	1.8916897	1.3753871
25.474104697849057	1.9610485	1.4003744
25.492073939564698	1.9037032	1.3797475
25.510043818696285	1.8139827	1.3468418
25.528014335753614	1.7813373	1.3346674
25.54598549124664	1.7987738	1.3411837
25.56395728568544	1.8375219	1.3555522
25.58192971958028	1.8862157	1.3733957
25.59990279344156	1.9182949	1.3850253
25.617876507779833	1.9076773	1.381187
25.635850863105826	1.8748503	1.3692517
25.653825859930386	1.8751396	1.3693573
25.671801498764548	1.8907187	1.3750341
25.68977778011949	1.8273002	1.3517767
25.707754704506524	1.7752129	1.3323711
25.725732272437153	1.7613472	1.3271575
25.743710484423012	1.8253405	1.3510517
25.761689340975888	1.8650059	1.3656522
25.77966884260774	1.8721939	1.3682814
25.797648989830662	1.8866469	1.3735527
25.815629783156922	1.8617935	1.3644755
25.83361122309895	1.8512748	1.3606156
25.85159331016929	1.8319386	1.3534913
25.869576044880695	1.834491	1.3544339
25.887559427746034	1.8183906	1.3484771
25.90554345927836	1.8765953	1.3698888
25.92352813999086	1.9039166	1.3798249
25.94151347039689	1.8984207	1.3778319
25.959499451009965	1.8492521	1.3598721
25.97748608234374	1.8353422	1.354748
25.995473364912062	1.8253648	1.3510606
26.013461299228904	1.8399636	1.3564526
26.03144988580839	1.8458292	1.358613
26.04943912516483	1.8728839	1.3685335
26.067429017812675	1.8341955	1.3543247
26.085419564266537	1.8195803	1.3489182
26.103410765041186	1.7955889	1.3399959
26.12140262065155	1.814486	1.3470286
26.139395131612723	1.8013769	1.3421538
26.157388298439948	1.8137499	1.3467554
26.17538212164861	1.8226153	1.3500427
26.193376601754295	1.8475032	1.3592288
26.211371739272714	1.8485504	1.3596141
26.229367534719746	1.8210007	1.3494446
26.247363988611433	1.7851077	1.3360792
26.26536110146397	1.7835673	1.3355026
26.283358873793727	1.7941005	1.3394403
26.301357306117204	1.8170865	1.3479935
26.319356398951104	1.8307374	1.3530475
26.33735615281224	1.8696775	1.3673615
26.35535656821762	1.8862522	1.3734089
26.373357645684404	1.891073	1.3751628
26.39135938572991	1.8526233	1.361111
26.409361788871614	1.8438537	1.3578857
26.427364855627165	1.7972876	1.3406296
26.445368586514352	1.8038826	1.343087
26.46337298205115	1.8188944	1.3486639
26.48137804275568	1.8555429	1.3621831
26.499383769146217	1.8408943	1.3567957
26.517390161741215	1.8054837	1.3436829
26.53539722105928	1.8202137	1.3491529
26.553404947619182	1.7983028	1.3410081
26.571413341939856	1.7797259	1.3340636
26.589422404540397	1.7847763	1.3359553
26.60743213594006	1.7968562	1.3404686
26.62544253665827	1.8047714	1.3434178
26.64345360721459	1.8432624	1.357668
26.66146534812879	1.8325614	1.3537213
26.679477759920758	1.8560902	1.362384
26.69749084311057	1.8513252	1.3606341
26.71550459821847	1.8600609	1.3638405
26.733519025764842	1.8620558	1.3645717
26.751534126270258	1.8276784	1.3519166
26.769549900255434	1.7860217	1.3364213
26.787566348241267	1.8008244	1.341948
26.80558347074881	1.8112464	1.3458256
26.823601268299267	1.8434653	1.3577428
26.841619741414036	1.8374977	1.3555434
26.85963889061465	1.8157684	1.3475045
26.877658716422832	1.7982556	1.3409905
26.89567921936045	1.7963059	1.3402634
26.913700399949544	1.7680615	1.3296847
26.93172225871233	1.7350795	1.3172241
26.949744796171174	1.7193829	1.3112524
26.967768012848605	1.7378364	1.3182702
26.98579190926733	1.7372018	1.3180295
27.003816485950225	1.7431943	1.3203008
27.021841743420318	1.7717385	1.3310667
27.039867682200814	1.7675376	1.3294877
27.057894302815072	1.7885019	1.3373488
27.07592160578664	1.8045087	1.34332
27.0939495916392	1.7717417	1.3310679
27.111978260896635	1.7967765	1.340439
27.13000761408296	1.7838011	1.3355901
27.148037651722397	1.7825216	1.3351111
27.166068374339304	1.7602392	1.32674
27.184099782458215	1.7635791	1.3279982
27.20213187660384	1.7773943	1.3331895
27.22016465730105	1.8261784	1.3513618
27.23819812507487	1.8552618	1.36208
27.256232280450533	1.8247217	1.3508226
27.274267123953383	1.7965529	1.3403555
27.292302656108987	1.797574	1.3407364
27.31033887744306	1.8254536	1.3510935
27.32837578848146	1.8697591	1.3673913
27.34641338975026	1.8906665	1.3750151
27.364451681775673	1.8589517	1.3634338
27.382490665084074	1.8447864	1.3582292
27.400530340202046	1.8142414	1.3469378
27.41857070765629	1.7787452	1.333696
27.436611767973726	1.7603081	1.326766
27.454653521681404	1.7641633	1.3282181
27.472695969306564	1.79354	1.3392311
27.490739111376627	1.8592529	1.3635442
27.508782948419153	1.883987	1.372584
27.526827480961902	1.899347	1.378168
27.54487270953279	1.9199814	1.385634
27.562918634659898	1.8773377	1.3701597
27.580965256871508	1.8041998	1.3432051
27.599012576696026	1.7925843	1.3388742
27.617060594662068	1.8049937	1.3435006
27.63510931129842	1.8714751	1.3680186
27.65315872713401	1.8747758	1.3692245
27.67120884269797	1.8662595	1.366111
27.68925965851958	1.7792743	1.3338944
27.707311175128307	1.7744769	1.3320949
27.725363393053787	1.81058	1.345578
27.74341631282583	1.8735616	1.3687811
27.7614699349744	1.8801796	1.3711964
27.77952426002968	2.0128555	1.4187514
27.797579288521973	2.0781193	1.4415684
27.815635020981784	2.5481663	1.5962976
27.83369145793979	2.6137083	1.6166967
27.85174859992682	2.4070468	1.551466
27.869806447473923	2.2186148	1.4895015
27.887865001112267	2.0158212	1.4197962
27.905924261373233	1.9202776	1.3857408
27.92398422878836	1.8853652	1.373086
27.94204490388936	1.8558898	1.3623104
27.96010628720813	1.8819672	1.3718481
27.978168379276728	1.8960012	1.3769536
27.9962311806274	1.8328915	1.3538432
28.014294691792568	1.8037307	1.3430305
28.0323589133048	1.8431426	1.3576239
28.050423845696887	1.8586756	1.3633325
28.068489489501758	1.8553885	1.3621265
28.086555845252523	1.8770897	1.3700693
28.104622913482487	1.8794775	1.3709403
28.122690694725115	1.8532419	1.3613383
28.14075918951405	1.8696787	1.3673619
28.15882839838312	1.9116545	1.3826259
28.176898321866304	1.9306805	1.3894893
28.1949689604978	1.9008234	1.3787035
28.213040314811945	1.9416071	1.3934157
28.23111238534327	1.9778281	1.4063528
28.249185172626493	1.974983	1.4053409
28.267258677196473	1.9403238	1.3929551
28.285332899588294	1.9370596	1.3917829
28.303407840337172	1.9437554	1.3941863
28.321483499978545	1.8988147	1.3779749
28.33955987904799	1.8880583	1.3740664
28.357636978081285	1.9293691	1.3890173
28.37571479761439	1.9499044	1.3963898
28.393793338183425	1.9585649	1.3994874
28.41187260032469	1.969024	1.4032191
28.429952584574686	1.9976509	1.4133828
28.448033291470065	1.9857812	1.4091775
28.46611472154769	2.0222037	1.4220421
28.484196875344566	2.0243282	1.4227889
28.502279753397914	2.0264966	1.4235507
28.52036335624511	1.9721223	1.4043227
28.538447684423716	1.9492656	1.3961611
28.556532738471482	1.9487704	1.3959837
28.574618518926325	1.9911095	1.4110668
28.59270502632635	2.0197575	1.4211817
28.61079226120985	2.013023	1.4188104
28.628880224115274	2.0049567	1.415965
28.646968915581287	2.018619	1.4207811
28.66505833614671	2.0448556	1.4299845
28.68314848635055	2.0423334	1.4291023
28.701239366732004	2.0471177	1.4307752
28.71933097783044	2.0305314	1.4249672
28.737423320185403	2.060965	1.4356061
28.75551639433665	2.1095755	1.4524378
28.773610200824074	2.1323898	1.4602704
28.791704740187793	2.1152217	1.4543802
28.80980001296809	2.1259558	1.4580657
28.827896019705413	2.1620705	1.4703981
28.845992760940433	2.180528	1.4766611
28.86409023721397	2.226125	1.4920205
28.88218844906704	2.2087476	1.4861856
28.900287397040845	2.2060306	1.4852712
28.918387081676755	2.2256725	1.4918687
28.936487503516343	2.2869036	1.5122511
28.954588663101365	2.3306272	1.5266392
28.97269056097374	2.3448026	1.5312748
28.990793197675597	2.3202245	1.5232283
29.00889657374923	2.2996857	1.5164715
29.027000689737125	2.304432	1.5180355
29.04510554618196	2.2606966	1.5035614
29.06321114362659	2.329544	1.5262845
29.08131748261405	2.395058	1.5475974
29.099424563687567	2.4218664	1.5562347
29.11753238739057	2.4780738	1.5741899
29.13564095426663	2.5586238	1.5995699
29.15375026485954	2.6047113	1.6139117
29.171860319713275	2.6051526	1.6140485
29.18997111937199	2.616278	1.6174912
29.20808266438002	2.7333584	1.6532872
29.226194955281898	2.8069437	1.6753936
29.244307992622335	2.8029656	1.674206
29.26242177694624	2.8440087	1.6864189
29.2805363087987	2.9267929	1.7107872
29.29865158872498	2.9616017	1.7209305
29.316767617270557	2.9789088	1.7259516
29.334884394981064	2.9960356	1.730906
29.353001922402367	3.0439854	1.7447021
29.37112020008047	3.0622096	1.749917
29.389239228561596	3.0819888	1.7555594
29.407359008392152	3.2282724	1.7967393
29.42547954011872	3.688865	1.9206418
29.44360082428809	4.3131137	2.0768037
29.46172286144722	5.4030104	2.3244376
29.479845652143283	6.952757	2.6368082
29.497969196923606	9.03757	3.0062551
29.516093496335728	11.560655	3.4000962
29.5342185509274	14.584696	3.8189914
29.55234436124651	17.090864	4.13411
29.570470927841175	18.510397	4.302371
29.588598251259686	18.141977	4.25934
29.60672633205055	16.738043	4.091215
29.624855170762405	14.644999	3.8268785
29.642984767944146	11.977029	3.4607844
29.66111512414481	9.141304	3.023459
29.67924623991366	6.7626286	2.6005054
29.697378115800138	5.126675	2.2642162
29.71551075235387	4.198641	2.0490584
29.733644150124675	3.7782388	1.9437692
29.751778309662576	3.5447977	1.8827633
29.769913231517766	3.4466338	1.8565112
29.78804891624066	3.4164834	1.8483732
29.806185364381818	3.3577538	1.8324175
29.82432257649206	3.3240561	1.8231994
29.842460553122333	3.3013792	1.8169698
29.86059929482382	3.240634	1.8001761
29.878738802147872	3.1764793	1.782268
29.896879075646048	3.2215402	1.794865
29.915020115870114	3.3406215	1.8277367
29.933161923371976	3.3606458	1.8332064
29.951304498703777	3.276495	1.8101091
29.969447842417857	3.155955	1.7765008
29.987591955066733	3.1264474	1.7681763
30.005736837203123	3.1273873	1.768442
30.023882489379943	3.1957424	1.7876639
30.04202891215028	3.151809	1.7753335
30.060176106067455	3.12903	1.7689065
30.078324071684946	3.1741674	1.7816193
30.09647280955646	3.1392179	1.7717838
30.114622320235863	3.1060193	1.7623903
30.132772604277257	3.071087	1.7524517
30.1509236622349	3.0746272	1.7534615
30.16907549466328	3.08542	1.7565364
30.18722810211705	3.0640187	1.7504339
30.205381485151097	3.0451827	1.7450452
30.22353564432045	3.0558455	1.7480977
30.241690580180403	3.056699	1.7483418
30.25984629328638	2.9398685	1.7146045
30.278002784194037	2.9098012	1.705814
30.296160053459246	2.9679074	1.7227615
30.314318101638033	3.0034504	1.7330465
30.332476929286646	2.9275277	1.711002
30.35063653696153	2.8985865	1.7025236
30.368796925219307	2.9386156	1.7142391
30.386958094616844	2.9648697	1.7218797
30.40512004571115	2.9663618	1.7223129
30.423282779059463	2.998746	1.7316887
30.441446295219233	2.9868114	1.7282394
30.459610594748067	2.9524422	1.7182672
30.47777567820382	2.9239118	1.709945
30.495941546144504	2.858939	1.6908398
30.51410819912835	2.8279545	1.6816523
30.532275637713795	2.864881	1.692596
30.55044386245946	2.8577821	1.6904976
30.56861287392416	2.8289194	1.6819391
30.586782672666956	2.8487375	1.6878203
30.604953259247047	2.8324938	1.6830014
30.623124634223885	2.791081	1.6706529
30.641296798157075	2.7633412	1.66233
30.659469751606462	2.7816281	1.6678214
30.677643495132074	2.770027	1.6643398
30.695818029294152	2.7017512	1.6437005
30.713993354653116	2.6362944	1.623667
30.73216947176962	2.6404274	1.6249392
30.75034638120448	2.67165	1.6345183
30.768524083518756	2.696484	1.6420975
30.786702579273673	2.6948068	1.6415867
30.80488186903069	2.6885078	1.639667
30.82306195335144	2.8629384	1.692022
30.841242832797782	3.080633	1.7551732
30.85942450793176	3.4449844	1.856067
30.877606979315637	3.80563	1.9508024
30.895790247511883	4.1277337	2.0316825
30.913974313083134	4.4916277	2.1193461
30.932159176592283	4.8690014	2.2065814
30.95034483860237	4.9052234	2.214774
30.968531299676698	4.6617236	2.1591024
30.98671856037873	4.3574452	2.0874496
31.00490662127215	4.002689	2.000672
31.023095482920848	3.510067	1.8735173
31.04128514588892	3.040802	1.7437896
31.059475610740662	2.7659125	1.6631033
31.07766687804056	2.639733	1.6247256
31.09585894835335	2.5228205	1.5883389
31.11405182224393	2.4428086	1.5629487
31.132245500277417	2.4265792	1.5577481
31.15043998301914	2.4865592	1.5768827
31.168635271034628	2.5101595	1.5843483
31.18683136488964	2.4573512	1.567594
31.20502826515008	2.4222531	1.5563589
31.223225972382135	2.461546	1.5689315
31.241424487152155	2.4232528	1.5566801
31.259623810026692	2.3821201	1.5434119
31.27782394157253	2.452573	1.5660692
31.296024882356644	2.4600809	1.5684645
31.314226632946237	2.3635952	1.5373988
31.332429193908684	2.319092	1.5228566
31.350632565811598	2.330726	1.5266715
31.368836749222787	2.3427022	1.5305889
31.387041744710295	2.4362917	1.5608625
31.40524755284232	2.552265	1.5975809
31.423454174187317	2.617416	1.617843
31.441661609313922	2.5543568	1.5982355
31.459869858791002	2.465046	1.5700464
31.478078923187628	2.3565273	1.5350984
31.496288803073064	2.2773874	1.5091015
31.514499499016807	2.2578444	1.5026126
31.532711011588546	2.2841535	1.5113416
31.550923341358178	2.3298898	1.5263977
31.56913648889584	2.296333	1.5153656
31.587350454771844	2.2976406	1.515797
31.605565239556732	2.321643	1.5236939
31.62378084382127	2.30052	1.5167465
31.641997268136382	2.2758832	1.5086031
31.660214513073274	2.3098512	1.5198195
31.67843257920331	2.349556	1.5328262
31.6966514670981	2.3560882	1.5349554
31.71487117732944	2.3916087	1.5464827
31.733091710469346	2.3274302	1.5255917
31.751313067090052	2.2769938	1.5089711
31.769535247764008	2.2710536	1.5070015
31.787758253063878	2.332912	1.5273873
31.805982083562526	2.3412647	1.5301192
31.824206739833024	2.339728	1.529617
31.84243222244869	2.2890265	1.5129529
31.860658531983013	2.206766	1.4855187
31.878885669009737	2.229066	1.4930056
31.897113634102784	2.25174	1.5005798
31.91534242783632	2.3134701	1.5210096
31.933572050784694	2.2817087	1.5105326
31.951802503522508	2.2837214	1.5111986
31.970033786624548	2.2698262	1.5065942
31.988265900665834	2.2405708	1.4968536
32.006498846221575	2.211591	1.4871418
32.02473262386724	2.22147	1.4904597
32.04296723417845	2.1551192	1.4680324
32.0612026777311	2.1196377	1.4558976
32.07943895510129	2.128144	1.4588159
32.097676066865304	2.1037683	1.4504373
32.115914013599685	2.0406463	1.428512
32.13415279588115	2.095139	1.4474595
32.152392414286666	2.1238732	1.4573514
32.1706328693934	2.125766	1.4580007
32.18887416177875	2.136028	1.4615157
32.20711629202032	2.1408033	1.4631485
32.225359260695924	2.0400417	1.4283003
32.243603068383614	2.0581946	1.4346409
32.26184771566166	2.1072814	1.4516479
32.28009320310852	2.118385	1.4554673
32.2983395313029	2.1092684	1.452332
32.31658670082372	2.1125746	1.4534699
32.33483471225012	2.0713916	1.439233
32.35308356616143	2.062952	1.436298
32.371333263137245	2.083514	1.4434383
32.38958380375734	2.1138391	1.4539047
32.407835188601744	2.1610625	1.4700552
32.42608741825067	2.0874193	1.4447904
32.444340493284585	1.9744961	1.4051677
32.46259441428416	2.0326312	1.4257038
32.48084918183028	2.099815	1.4490738
32.49910479650405	2.0214133	1.4217641
32.51736125888683	1.9549677	1.3982016
32.53561856956014	1.9636933	1.4013184
32.5538767291058	1.9910105	1.4110317
32.572135738105764	2.0360866	1.426915
32.59039559714228	1.9979151	1.4134762
32.608656306797776	1.983111	1.4082297
32.62691786765491	2.043078	1.4293628
32.645180280296586	2.1139798	1.4539531
32.663443545305896	2.0457857	1.4303097
32.68170766326619	2.0221894	1.422037
32.69997263476099	2.0071728	1.4167472
32.7182384603741	2.027522	1.4239109
32.7365051406895	2.0876987	1.444887
32.75477267629144	2.060315	1.4353797
32.77304106776434	2.0313292	1.4252471
32.79131031569289	2.0379188	1.427557
32.809580420661966	2.053269	1.4329232
32.827851383256714	2.0703354	1.438866
32.84612320406245	1.9988542	1.4138083
32.86439588366476	1.9520735	1.3971663
32.88266942264945	2.0039496	1.4156092
32.9009438216025	2.0281546	1.424133
32.9192190811102	1.9987949	1.4137875
32.937495201758985	1.8660699	1.3660417
32.95577218413556	1.8311652	1.3532056
32.974050028826866	1.9589607	1.3996288
32.992328736420035	2.0736132	1.4400046
33.010608307502444	1.9951761	1.412507
33.02888874266169	1.9700469	1.4035835
33.047170042485604	2.0270646	1.4237502
33.06545220756225	2.0193684	1.4210448
33.083735238479896	1.9331857	1.3903905
33.10201913582707	1.9477918	1.3956331
33.12030390019248	1.9339614	1.3906693
33.138589532165135	1.9693439	1.4033332
33.15687603233419	1.9629539	1.4010546
33.17516340128909	1.8896315	1.3746387
33.19345163961947	1.8872781	1.3737824
33.211740747915215	2.018872	1.4208702
33.23003072676643	1.9961361	1.4128468
33.248321576763466	1.9723438	1.4044015
33.266613298496885	2.015725	1.4197623
33.28490589255747	2.0132468	1.4188893
33.30319935953626	1.9765629	1.4059029
33.32149370002451	1.9132757	1.3832121
33.339788914613706	1.9959313	1.4127743
33.358085003895575	1.9680226	1.4028623
33.376381968462034	1.8743482	1.3690684
33.39467980890529	1.8127023	1.3463663
33.41297852581774	1.8012352	1.3421011
33.43127811979204	1.8067862	1.3441675
33.44957859142105	1.811762	1.3460171
33.467879941297866	1.8186412	1.3485701
33.486182170015844	1.8312838	1.3532493
33.50448527816853	1.8997214	1.3783038
33.522789266349754	1.9184207	1.3850707
33.541094135153514	1.910601	1.382245
33.55939988517411	1.9711145	1.4039638
33.57770651700602	2.101031	1.4494934
33.59601403124398	2.0033393	1.4153937
33.61432242848296	1.9494505	1.3962272
33.632631709318154	1.9762434	1.4057893
33.650941874344994	1.950574	1.3966296
33.66925292415916	1.9142226	1.3835543
33.68756485935654	1.8185769	1.3485463
33.70587768053328	1.8064826	1.3440546
33.724191388285746	1.8638699	1.3652362
33.74250598321054	2.0310364	1.4251443
33.760821465904506	2.1105146	1.452761
33.77913783696474	2.0081704	1.4170992
33.79745509698852	1.9028822	1.37945
33.815773246573414	1.8647604	1.3655623
33.8340922863172	1.8462088	1.3587526
33.852412216817896	1.8176839	1.3482151
33.87073303867377	1.7967249	1.3404197
33.889054752483304	1.832587	1.3537308
33.907377358845245	1.9216489	1.3862355
33.92570085835853	2.0280752	1.424105
33.94402525162239	2.115087	1.4543339
33.96235053923627	2.0705469	1.4389395
33.980676721799824	2.063015	1.43632
33.999003799912984	2.0275414	1.4239177
34.01733177417592	1.9834425	1.4083475
34.03566064518901	2.0356903	1.4267762
34.0539904135529	2.063475	1.43648
34.07232107986846	1.8943176	1.3763422
34.090652644736785	1.8530458	1.3612663
34.108985108759235	1.915938	1.3841741
34.12731847253742	1.9705622	1.4037671
34.14565273667313	1.9240669	1.3871074
34.16398790176847	1.8566884	1.3626035
34.18232396842574	1.9067408	1.3808478
34.20066093724749	1.9705161	1.4037508
34.21899880883651	2.03843	1.4277359
34.23733758379583	2.0703561	1.4388732
34.25567726272874	2.0064168	1.4164804
34.27401784623872	1.923592	1.3869362
34.29235933492957	1.967703	1.4027483
34.31070172940526	2.0089324	1.417368
34.32904503027003	1.9666824	1.4023845
34.347389238128386	1.9496534	1.3962998
34.36573435358502	2.0110142	1.4181024
34.38408037724492	2.0866132	1.4445114
34.402427309713296	2.0665677	1.4375561
34.42077515159559	1.9373585	1.3918903
34.43912390349752	1.9240463	1.3871
34.45747356602499	1.946389	1.3951304
34.47582413978423	2.0376863	1.4274756
34.49417562538163	2.0453048	1.4301416
34.51252802342388	1.9760249	1.4057115
34.53088133451789	1.8929986	1.3758628
34.54923555927084	1.9024843	1.3793057
34.567590698290104	1.9789432	1.4067491
34.58594675218336	2.0091164	1.417433
34.6043037215585	1.9932275	1.4118171
34.62266160702365	2.0206077	1.4214808
34.641020409187234	2.0007346	1.4144733
34.65938012865785	1.8190432	1.3487191
34.677740766044394	1.8485982	1.3596317
34.69610232195598	2.102842	1.450118
34.714464797002016	2.082171	1.442973
34.73282819179208	1.9535464	1.3976933
34.751192506936064	2.1105714	1.4527806
34.76955774304408	2.1381853	1.4622535
34.7879239007265	2.1325536	1.4603266
34.80629098059391	2.317485	1.5223289
34.824658983257194	2.2670572	1.505675
34.843027909327446	2.0705755	1.4389495
34.86139775941603	2.0453856	1.4301698
34.879768534134534	1.9433185	1.3940296
34.89814023409483	1.7750834	1.3323226
34.91651285990901	1.7160343	1.3099749
34.93488641218944	1.9180021	1.3849195
34.95326089154871	1.9815742	1.407684
34.97163629859967	1.876936	1.3700131
34.99001263395542	1.8282505	1.3521281
35.00838989822934	1.8755094	1.3694924
35.02676809203499	1.8613223	1.3643029
35.04514721598624	1.8927438	1.3757702
35.063527270697215	2.0004132	1.4143597
35.081908256782256	1.8013577	1.3421466
35.10029017485597	1.7807099	1.3344324
35.11867302553321	1.9978241	1.413444
35.137056809429104	2.0195158	1.4210967
35.155441527159006	1.9441252	1.3943189
35.173827179338524	2.1238453	1.4573419
35.19221376658354	2.167376	1.4722011
35.21060128951017	2.0747986	1.4404161
35.2289897487348	1.9667207	1.4023982
35.24737914487405	2.0263903	1.4235134
35.26576947854479	2.0655797	1.4372125
35.28416075036418	2.316307	1.5219419
35.30255296094958	2.2200935	1.4899979
35.32094611091867	1.9182441	1.3850069
35.33934020088932	2.0575335	1.4344105
35.35773523147969	2.065691	1.4372512
35.3761312033082	1.9402359	1.3929235
35.394528116993506	1.9211663	1.3860614
35.41292597315452	2.1484466	1.465758
35.431324772410434	2.148155	1.4656585
35.449724515380666	1.9826245	1.408057
35.46812520268491	2.228329	1.4927589
35.486526834943106	2.298155	1.5159667
35.504929412775454	2.0691407	1.4384508
35.52333293680242	1.8497276	1.3600469
35.54173740764471	1.9323182	1.3900785
35.560142825923286	1.959369	1.3997746
35.5785491922594	1.8637589	1.3651955
35.59695650727454	1.9879721	1.4099547
35.61536477159042	1.5075935	1.227841
