0.008763373481513119	0.0	0.0
0.026290120649546365	0.14626539	0.3824466
0.043816868432600686	0.1255995	0.3544002
0.06134361724069026	0.13924508	0.37315556
0.07887036748382949	0.123379834	0.35125464
0.0963971195720331	0.116838165	0.34181598
0.11392387391531617	0.13521814	0.3677202
0.1314506309236943	0.19642429	0.4431978
0.1489773910071836	0.18139924	0.4259099
0.16650415457580078	0.171824	0.41451657
0.18403092203956356	0.20636624	0.45427552
0.20155769380849	0.17878708	0.42283222
0.2190844702925996	0.17953561	0.42371643
0.2366112519019124	0.22832838	0.47783718
0.2541380390464497	0.20622522	0.45412028
0.27166483213623416	0.16001163	0.40001455
0.28919163158128947	0.11714035	0.34225774
0.3067184377916406	0.08092773	0.284478
0.324245251177314	0.09116536	0.301936
0.34177207214833777	0.117487065	0.34276387
0.3592989011147415	0.16570227	0.40706542
0.37682573848655654	0.22510335	0.4744506
0.39435258467381573	0.27025482	0.5198604
0.41187944008655414	0.25836444	0.5082956
0.42940630513480854	0.24322239	0.4931758
0.446933180228618	0.21399967	0.46260098
0.4644600657780234	0.20043951	0.4477047
0.48198696219306775	0.15050495	0.38794968
0.49951386988379676	0.12637427	0.3554916
0.5170407892602581	0.12082698	0.34760177
0.5345677207325025	0.13413815	0.36624876
0.5520946647105822	0.13957334	0.37359515
0.5696216216045534	0.13090484	0.36180773
0.5871485918244737	0.15690549	0.39611298
0.6046755757804043	0.15048318	0.3879216
0.6222025738824094	0.16966955	0.41190964
0.6397295865405557	0.15908064	0.39884913
0.6572566141649129	0.17827077	0.42222124
0.6747836571655547	0.20393592	0.45159265
0.6923107159525568	0.1941193	0.44058973
0.7098377909359992	0.1856136	0.43082896
0.7273648825259653	0.18061097	0.4249835
0.7448919911325411	0.16952652	0.41173598
0.762419117165817	0.16288513	0.4035903
0.7799462610358868	0.12957643	0.35996726
0.7974734231528482	0.13120133	0.36221725
0.8150006039268024	0.1626859	0.4033434
0.8325278037678551	0.1901643	0.4360783
0.8500550230861152	0.23668712	0.486505
0.8675822622916969	0.26512846	0.5149063
0.8851095217947171	0.25555062	0.50552016
0.9026368020052984	0.20323466	0.45081556
0.9201641033335665	0.18502226	0.43014213
0.9376914261896523	0.14732565	0.38383025
0.9552187709836915	0.16005707	0.40007132
0.9727461381258234	0.19892026	0.44600478
0.990273528026193	0.21887958	0.46784568
1.0078009410949496	0.24098541	0.49090263
1.0253283777422473	0.2431683	0.49312097
1.0428558383782454	0.24932976	0.4993293
1.0603833234131086	0.23712839	0.4869583
1.0779108332570058	0.3046884	0.55198586
1.0954383683201119	0.3263574	0.57127696
1.112965929012607	0.40140226	0.63356316
1.1304935157446763	0.5260254	0.7252761
1.1480211289265108	0.59278005	0.76992214
1.1655487689683062	1.4015404	1.1838667
1.1830764362802655	1.6673858	1.291273
1.200604131272596	2.0787828	1.4417984
1.2181318543555117	2.434828	1.5603936
1.235659605939232	2.4529037	1.5661749
1.253187386433982	4.0974627	2.024219
1.270715196249994	6.583663	2.565865
1.2882430357975057	12.034888	3.4691336
1.3057709054867608	16.814543	4.100554
1.3232988057280106	22.70972	4.765472
1.3408267369315112	27.620682	5.255538
1.358354699507526	31.470612	5.6098676
1.3758826938663256	35.104984	5.924946
1.3934107204181858	36.929474	6.0769625
1.410938779573391	37.158916	6.0958114
1.4284668717422309	38.191547	6.179931
1.4459949973350033	38.017982	6.1658726
1.4635231567620117	37.84892	6.1521473
1.4810513504335687	37.12896	6.0933537
1.4985795787599925	36.634403	6.052636
1.5161078421516088	36.596275	6.0494857
1.5336361410187505	35.952824	5.9960675
1.5511644757717598	36.013954	6.0011625
1.5686928468209842	36.333626	6.027738
1.58622125457678	36.864906	6.0716476
1.6037496994495108	38.066223	6.169783
1.621278181849548	38.39123	6.196066
1.6388067021872719	39.276154	6.267069
1.6563352608730693	38.503155	6.205091
1.673863858317336	37.284866	6.1061335
1.6913924949304753	36.28356	6.023584
1.7089211711228998	35.284946	5.9401135
1.7264498873050296	34.757507	5.89555
1.7439786438872935	34.101692	5.8396654
1.7615074412801288	33.27025	5.768037
1.779036279893981	32.501488	5.701008
1.796565160139305	31.305637	5.5951443
1.814094082426564	30.39343	5.513024
1.8316230471662298	29.475183	5.4291053
1.849152054768784	28.890974	5.3750324
1.8666811056447168	28.289495	5.318787
1.8842102002045273	27.404486	5.2349296
1.901739338858724	26.607338	5.1582303
1.9192685220178245	26.01913	5.100895
1.9367977500923557	25.47121	5.046901
1.9543270234928547	24.971127	4.997112
1.971856342629867	24.324175	4.9319544
1.9893857079139496	23.884317	4.8871584
2.006915119755667	23.56063	4.8539295
2.0244445785655945	22.884974	4.783824
2.0419740847543175	22.560934	4.749835
2.0595036387324317	21.852314	4.674646
2.0770332409105414	21.491455	4.6358876
2.094562891699263	20.92248	4.5741096
2.1120925915092217	20.400072	4.516644
2.129622340751053	20.087711	4.4819317
2.1471521398354043	188.07289	13.713967
2.1646819891729323	444.5029	21.083237
2.182211889174303	440.6713	20.992172
2.1997418402501974	453.00964	21.284023
2.2172718428113023	432.94122	20.80724
2.234801897268317	321.03558	17.917465
2.2523320040319548	17.677572	4.2044706
2.269862163512935	17.516315	4.18525
2.287392376121992	16.993853	4.12236
2.304922642269869	16.608538	4.0753574
2.322452962367322	16.266356	4.033157
2.3399833368251164	16.044441	4.0055513
2.357513766054032	15.7684765	3.9709542
2.3750442504648586	15.325741	3.9148104
2.3925747904683963	14.938137	3.8649886
2.410105386475459	14.542357	3.8134444
2.4276360388968707	14.196848	3.7678704
2.445166748143469	13.899672	3.7282264
2.4626975146261025	13.836116	3.719693
2.4802283387556323	13.899809	3.7282448
2.4977592209429305	13.909254	3.7295113
2.5152901615988825	13.751881	3.7083528
2.5328211611343865	13.488233	3.672633
2.5503522199603523	13.115341	3.621511
2.5678833384877024	12.790963	3.5764456
2.5854145171273712	12.51388	3.5374963
2.6029457562903064	12.296003	3.5065658
2.620477056387469	12.129495	3.4827423
2.6380084178298326	11.992421	3.4630075
2.655539841028383	11.721169	3.4236193
2.673071326394119	11.549187	3.3984094
2.6906028743380523	11.295343	3.3608546
2.708134485271211	11.182897	3.3440838
2.7256661596046325	10.999211	3.316506
2.743197897749369	10.6654625	3.265802
2.760729700116486	10.586834	3.2537415
2.778261567117063	10.494325	3.2394946
2.795793499162193	10.414102	3.2270887
2.8133254966629817	10.318702	3.2122736
2.830857560030551	10.058934	3.1715822
2.8483896896760337	9.949944	3.1543531
2.865921886010578	9.748778	3.1223035
2.883454149445347	9.655349	3.1073058
2.9009864803915177	9.483502	3.0795295
2.91851887926028	9.368202	3.060752
2.9360513464628384	9.183597	3.0304449
2.953583882410413	9.065491	3.0108953
2.9711164875142373	8.974942	2.9958208
2.9886491621855606	8.988176	2.9980288
3.0061819068356455	8.936624	2.9894185
3.023714721875769	8.866905	2.9777348
3.041247607717225	8.688541	2.9476333
3.0587805647713213	8.5743	2.9281905
3.0763135934493806	8.517306	2.9184425
3.0938466941627407	8.382404	2.8952382
3.1113798673227544	8.281731	2.8777995
3.1289131133407904	8.175524	2.8592873
3.1464464326282315	8.095637	2.8452833
3.1639798255964786	7.996886	2.8278766
3.1815132926569443	7.878251	2.8068223
3.1990468342210603	7.7318354	2.7806177
3.216580450700272	7.6097107	2.7585704
3.2341141425060416	7.4794636	2.734861
3.251647910049847	7.491051	2.7369785
3.2691817537431813	7.448067	2.7291148
3.286715673997555	7.342507	2.709706
3.3042496712244938	7.2160916	2.6862783
3.32178374583554	7.1218123	2.6686723
3.339317898242251	7.100126	2.664606
3.3568521288562034	7.0664577	2.658281
3.3743864380889876	6.908666	2.6284342
3.3919208263522127	6.8624053	2.6196194
3.4094552940575023	6.8233995	2.6121638
3.4269898416164972	6.95433	2.6371064
3.444524469440858	6.8968797	2.6261911
3.4620591779422587	6.7128434	2.5909154
3.479593967532391	6.5556107	2.5603926
3.4971288386229658	6.421774	2.534122
3.5146637916257086	6.4701686	2.5436525
3.5321988269523628	6.557676	2.560796
3.5497339450146903	6.60073	2.5691886
3.5672691462244708	6.66067	2.5808272
3.5848044309934988	6.6909127	2.58668
3.60233979973359	6.6507316	2.5789013
3.619875252856575	6.491679	2.5478773
3.6374107907743034	6.4722466	2.544061
3.6549464138986427	6.429036	2.5355544
3.6724821226414788	6.3811417	2.5260923
3.690017917414714	6.324516	2.514859
3.7075537986302702	6.371737	2.52423
3.7250897667000857	6.486726	2.546905
3.7426258220361235	6.6834707	2.5852408
3.7601619650503553	7.001777	2.6460872
3.777698196154779	7.4692926	2.7330008
3.7952345157614067	8.512933	2.9176931
3.8127709242822716	9.278932	3.046134
3.830307422129425	11.573085	3.4019237
3.847844009714936	30.355478	5.5095806
3.8653806874508954	97.75897	9.887314
3.882917455749409	97.05905	9.851855
3.900454315022606	96.79338	9.838363
3.917991265682631	41.41074	6.4351177
3.9355283081416506	11.067924	3.326849
3.9530654428118495	8.916668	2.986079
3.970602670105433	7.654829	2.7667363
3.9881399904346244	6.654352	2.5796032
4.005677404211669	6.485067	2.5465794
4.023214911848827	6.508276	2.5511322
4.0407525137583855	6.566543	2.5625267
4.058290210352644	6.5947723	2.568029
4.075828002043927	6.488545	2.5472622
4.0933658892445814	6.441281	2.537968
4.110903872366966	6.366165	2.5231261
4.128441951823468	6.271548	2.5043058
4.145980128026488	6.267751	2.5035477
4.163518401388452	6.137541	2.477406
4.181056772321807	6.1661444	2.4831722
4.1985952412390155	6.2637053	2.5027397
4.216133808552567	6.3576055	2.5214293
4.233672474674966	6.4308553	2.535913
4.251211240018741	6.6203065	2.5729957
4.268750104996445	6.8378334	2.6149251
4.286289070020643	7.7937493	2.7917287
4.303828135503928	9.358716	3.059202
4.3213673018589125	29.673615	5.447349
4.3389065694982305	90.8118	9.529523
4.356445938834537	166.05382	12.886188
4.3739854102805085	171.6571	13.101798
4.391524984248844	172.54735	13.135728
4.409064661152262	136.6493	11.68971
4.426604441403504	96.91404	9.844493
4.444144325415337	75.95543	8.715241
4.461684313600543	22.016397	4.6921635
4.47922440637193	22.513428	4.7448316
4.496764604142329	20.973682	4.5797033
4.5143049073245916	19.11248	4.3717823
4.531845316331589	16.900438	4.1110144
4.5493858315762195	13.773255	3.7112336
4.566926453471405	11.402017	3.3766873
4.584467182430081	9.371353	3.0612667
4.602008018865218	8.250409	2.8723526
4.619548963189798	7.528205	2.7437575
4.637090015816834	6.946763	2.6356714
4.654631177159353	6.787328	2.6052501
4.672172447630417	6.502131	2.5499277
4.689713827643102	6.4422755	2.538164
4.7072553176105085	6.2633953	2.5026777
4.724796917945764	6.176264	2.485209
4.742338629062015	6.019535	2.453474
4.759880451372434	5.9074836	2.4305315
4.777422385290215	5.841239	2.4168656
4.794964431228581	5.849625	2.4185998
4.812506589600768	5.830413	2.4146247
4.830048860820047	5.79985	2.4082878
4.847591245299709	5.797239	2.4077456
4.8651337434530655	5.795912	2.40747
4.882676355693457	5.72259	2.3921936
4.900219082434242	5.638084	2.374465
4.917761924088813	5.5888557	2.3640761
4.935304881070575	5.637819	2.3744092
4.952847953792969	5.638555	2.3745642
4.970391142669449	5.6148715	2.369572
4.9879344481135055	5.5987463	2.366167
5.005477870538642	5.5563745	2.3571963
5.023021410358394	5.5271683	2.3509932
5.040565067986324	5.576993	2.3615658
5.05810884383601	5.556254	2.3571708
5.075652738321066	5.614632	2.3695214
5.09319675185512	5.5087895	2.3470812
5.110740884851836	5.435261	2.3313646
5.128285137724894	5.44895	2.3342986
5.145829510888007	5.441566	2.3327165
5.163374004754908	5.4305887	2.3303623
5.1809186197393595	5.41516	2.3270497
5.198463356255145	5.4613414	2.3369513
5.216008214716077	5.524424	2.3504093
5.233553195535998	5.5211105	2.3497043
5.251098299128764	5.468958	2.3385804
5.268643525908272	5.353561	2.3137763
5.286188876288432	5.273297	2.296366
5.3037343506831895	5.235461	2.288113
5.32127994950651	5.2406855	2.2892544
5.3388256731723915	5.2880435	2.2995746
5.356371522094851	5.327787	2.3082
5.373917496687938	5.365363	2.3163254
5.391463597365729	5.349955	2.312997
5.40900982454232	5.2857995	2.2990866
5.426556178631843	5.139023	2.2669413
5.444102660048449	5.146236	2.2685316
5.4616492692063225	5.2188997	2.284491
5.479196006519669	5.3116407	2.3046997
5.496742872402727	5.378015	2.3190548
5.514289867269756	5.3693037	2.3171759
5.531836991535049	5.3266354	2.3079505
5.549384245612924	5.344383	2.3117921
5.566931629917724	5.361241	2.3154354
5.584479144863822	5.337584	2.310321
5.6020267908656205	5.305478	2.3033624
5.619574568337545	5.2856665	2.2990577
5.637122477694054	5.2649903	2.2945566
5.654670519349629	5.3701367	2.3173556
5.672218693718784	5.3338103	2.3095043
5.689767001216059	5.3287764	2.3084142
5.707315442256021	5.2433805	2.2898428
5.724864017253266	5.2128963	2.283177
5.7424127266224225	5.199383	2.2802155
5.75996157077814	5.18419	2.2768817
5.777510550135105	5.200129	2.280379
5.795059665108022	5.279921	2.297808
5.812608916111639	5.307654	2.3038347
5.830158303560715	5.4597	2.3366
5.847707827870055	5.4003854	2.323873
5.86525748945448	5.4758167	2.3400464
5.8828072887288485	5.634322	2.3736727
5.900357226108044	5.7618737	2.4003904
5.917907302006979	5.8798666	2.4248435
5.9354575168406	6.480536	2.5456896
5.9530078710238765	7.0703926	2.659021
5.970558364971812	7.6172276	2.7599325
5.988108999099438	7.9202304	2.8142903
6.005659773821818	8.541328	2.9225552
6.023210689554039	8.305076	2.8818529
6.040761746711227	8.744985	2.957192
6.058312945708531	8.055581	2.8382356
6.075864286961132	7.585664	2.7542083
6.093415770884244	6.927769	2.6320655
6.1109673978931065	6.304313	2.5108392
6.128519168402993	5.620368	2.3707316
6.146071082829204	5.4308233	2.3304126
6.163623141587075	5.3642116	2.3160768
6.181175345091969	5.365823	2.3164246
6.198727693759281	5.34769	2.3125074
6.216280188004435	5.296117	2.3013294
6.233832828242885	5.220555	2.2848535
6.251385614890126	5.2885256	2.2996795
6.268938548361669	5.3238688	2.307351
6.286491629073067	5.331594	2.3090246
6.304044857439898	5.2769065	2.2971518
6.321598233877777	5.2762766	2.2970147
6.339151758802344	5.243169	2.2897966
6.356705432629277	5.190572	2.2782826
6.37425925577428	5.080959	2.2540982
6.391813228653095	5.0248485	2.2416174
6.409367351681486	5.041092	2.2452376
6.426921625275259	5.053418	2.2479808
6.44447604985025	5.0879536	2.2556493
6.46203062582232	5.081576	2.254235
6.47958535360737	5.0903883	2.2561889
6.497140233621328	5.100297	2.2583838
6.514695266280161	5.12406	2.2636387
6.532250451999859	5.1973686	2.2797737
6.549805791196454	5.216458	2.2839565
6.567361284286002	5.180057	2.2759738
6.584916931684597	5.153791	2.2701962
6.602472733808367	5.1246357	2.2637658
6.6200286910734665	5.1288457	2.2646954
6.637584803896092	5.1138916	2.2613914
6.655141072692462	5.1056843	2.259576
6.672697497878842	5.1363697	2.266356
6.690254079871514	5.1126447	2.2611158
6.707810819086808	5.0584035	2.2490895
6.725367715941078	5.0526867	2.2478182
6.742924770850719	5.0805826	2.2540147
6.760481984232151	5.1139307	2.2614002
6.778039356501836	5.1404667	2.2672598
6.795596888076266	5.126483	2.2641737
6.813154579371963	5.1518583	2.2697706
6.830712430805492	5.1478524	2.268888
6.84827044279344	5.114256	2.261472
6.865828615752445	5.1039853	2.2592
6.883386950099159	5.038864	2.2447414
6.900945446250287	5.063405	2.2502012
6.918504104622553	5.0589643	2.2492142
6.936062925632727	5.163838	2.272408
6.953621909697607	5.200427	2.2804444
6.971181057234028	5.236308	2.2882981
6.988740368658859	5.301958	2.302598
7.006299844389007	5.265555	2.2946796
7.023859484841407	5.3474092	2.3124466
7.041419290433036	5.4035826	2.3245606
7.058979261580902	5.5438366	2.3545353
7.0765393987020495	5.821044	2.412684
7.094099702213559	6.125804	2.4750361
7.111660172532549	6.4391303	2.5375443
7.129220810076164	6.7522416	2.5985076
7.146781615261595	7.309797	2.7036636
7.16434258850606	7.6369605	2.7635052
7.181903730226821	8.150782	2.8549573
7.1994650408411704	8.27695	2.8769689
7.217026520766437	8.334368	2.8869305
7.234588170419983	8.535777	2.921605
7.252149990219215	8.496933	2.91495
7.269711980581568	8.444111	2.9058752
7.2872741419245175	8.296871	2.880429
7.304836474665574	7.9141335	2.813207
7.322398979222286	7.696671	2.7742875
7.339961656012233	7.4565825	2.7306743
7.357524505453039	7.0520177	2.6555636
7.375087527962357	6.671673	2.5829582
7.392650723957886	6.2708473	2.504166
7.410214093857353	5.9677258	2.4428928
7.427777638078528	5.7826886	2.4047222
7.445341357039213	5.593492	2.3650565
7.4629052511572525	5.41472	2.326955
7.480469320850524	5.3293266	2.3085334
7.498033566536948	5.2502565	2.291344
7.5155979886344735	5.2151203	2.2836637
7.5331625875610975	5.2517657	2.2916732
7.550727363734844	5.2854424	2.299009
7.568292317573788	5.2747955	2.2966924
7.585857449496025	5.2772856	2.2972343
7.603422759919705	5.2713113	2.2959337
7.620988249263007	5.284911	2.2988935
7.638553917944147	5.311245	2.3046138
7.656119766381391	5.289808	2.2999582
7.673685794993023	5.2861357	2.2991598
7.691252004197388	5.245091	2.2902164
7.70881839441285	5.240679	2.289253
7.726384966057826	5.2643294	2.2944126
7.743951719550762	5.271698	2.296018
7.761518655310149	5.2717175	2.2960222
7.779085773754511	5.3282294	2.3082957
7.796653075302419	5.3274198	2.3081205
7.814220560372475	5.348633	2.3127112
7.831788229383323	5.343933	2.3116949
7.8493560827536495	5.413773	2.3267517
7.866924120902174	5.4638953	2.3374977
7.884492344247663	5.4868164	2.3423955
7.9020607532089135	5.4409237	2.3325787
7.919629348204771	5.422565	2.3286402
7.937198129654115	5.3690276	2.3171163
7.954767097975865	5.3640013	2.3160315
7.972336253588986	5.408022	2.3255155
7.989905596912472	5.484644	2.3419316
8.007475128365371	5.5766015	2.3614829
8.025044848366756	5.6513586	2.3772585
8.042614757335754	5.702212	2.3879304
8.060184855691523	5.6706715	2.3813171
8.07775514385327	5.761495	2.4003115
8.095325622240228	5.7882514	2.4058785
8.112896291271687	5.8620625	2.4211698
8.130467151366968	5.9326653	2.4357064
8.148038202945436	5.97483	2.4443467
8.165609446426497	6.0499425	2.4596632
8.183180882229594	6.078669	2.4654956
8.200752510774217	6.0401287	2.4576674
8.218324332479893	6.016453	2.4528458
8.235896347766193	6.000515	2.449595
8.253468557052724	6.044519	2.4585602
8.27104096075914	6.0452657	2.458712
8.288613559305137	6.1287436	2.47563
8.306186353110448	6.194849	2.4889452
8.32375934259485	6.356288	2.521168
8.341332528178162	6.4110274	2.5320008
8.358905910280246	6.4485507	2.5393996
8.376479489321003	6.413897	2.5325673
8.394053265720377	6.4722543	2.5440626
8.411627239898356	6.4515142	2.539983
8.42920141227497	6.45592	2.5408504
8.44677578327029	6.415599	2.5329032
8.464350353304427	6.3421125	2.5183551
8.48192512279754	6.252172	2.5004344
8.499500092169827	6.252345	2.500469
8.51707526184153	6.2863417	2.5072577
8.534650632232934	6.308804	2.5117333
8.552226203764365	6.333054	2.516556
8.569801976856192	6.334462	2.5168357
8.587377951928834	6.394154	2.5286665
8.60495412940274	6.360027	2.5219095
8.622530509698416	6.3526373	2.520444
8.6401070932364	6.467529	2.5431337
8.657683880437283	6.655688	2.5798619
8.675260871721695	6.8319783	2.6138053
8.692838067510303	7.043905	2.6540356
8.710415468223834	7.1014256	2.66485
8.727993074283043	7.185412	2.6805618
8.745570886108737	7.2222366	2.687422
8.763148904121765	7.307013	2.7031488
8.78072712874302	7.3804836	2.7167046
8.798305560393441	7.612343	2.7590475
8.815884199494006	7.7307186	2.780417
8.833463046465745	7.9272456	2.8155365
8.851042101729728	8.036169	2.8348138
8.86862136570707	8.3624115	2.8917835
8.886200838818924	8.536049	2.9216518
8.903780521486505	8.543707	2.922962
8.921360414131055	8.597505	2.9321501
8.938940517173874	8.691193	2.948083
8.956520831036297	8.803277	2.9670317
8.97410135613971	9.122053	3.0202737
8.99168209290554	9.3461685	3.0571504
9.009263041755265	9.585002	3.0959654
9.026844203110405	9.84964	3.1384137
9.044425577392525	10.073675	3.1739054
9.062007165023239	10.251619	3.201815
9.079588966424197	10.565493	3.2504604
9.097170982017108	10.584717	3.253416
9.11475321222372	11.579831	3.402915
9.132335657465825	12.382533	3.5188823
9.149918318165264	12.462611	3.5302424
9.167501194743924	13.124379	3.6227584
9.18508428762374	12.894276	3.5908601
9.202667597226693	12.961929	3.600268
9.220251123974803	12.62684	3.5534265
9.237834868290143	12.269828	3.5028315
9.255418830594836	12.066062	3.4736238
9.273003011311046	11.44593	3.3831832
9.290587410860985	11.18461	3.34434
9.308172029666911	10.4804125	3.2373464
9.32575686815113	10.248572	3.2013392
9.343341926735997	8.937035	2.9894874
9.360927205843916	8.712359	2.9516706
9.378512705897327	8.543035	2.922847
9.396098427318728	8.316147	2.883773
9.413684370530664	8.217891	2.8666863
9.431270535955722	8.059618	2.8389466
9.448856924016539	7.939127	2.8176455
9.466443535135806	7.831706	2.7985187
9.484030369736251	7.8974957	2.8102484
9.501617428240658	7.915445	2.81344
9.519204711071852	7.903595	2.8113334
9.536792218652714	7.882517	2.8075821
9.55437995140617	7.9007835	2.8108332
9.571967909755191	8.004033	2.82914
9.589556094122802	8.04537	2.8364363
9.60714450493207	8.0982685	2.8457458
9.624733142606116	8.058469	2.8387442
9.642322007568108	8.059662	2.8389544
9.659911100241267	8.091303	2.8445215
9.677500421048851	8.159801	2.8565364
9.695089970414175	8.200316	2.8636196
9.712679748760609	8.248657	2.8720477
9.730269756511557	8.274937	2.8766189
9.747859994090492	8.294827	2.8800743
9.765450461920915	8.279977	2.8774948
9.78304116042639	8.297858	2.8806002
9.800632090030527	8.409358	2.8998892
9.81822325115699	8.484817	2.912871
9.835814644229481	8.525848	2.9199057
9.853406269671762	8.552929	2.924539
9.870998127907646	8.585224	2.9300554
9.888590219360985	8.630414	2.9377565
9.906182544455698	8.658012	2.94245
9.923775103615734	8.627525	2.937265
9.941367897265108	8.547445	2.9236014
9.958960925827878	8.467714	2.9099338
9.97655418972816	8.441381	2.9054055
9.994147689390106	8.420466	2.901804
10.011741425237934	8.392277	2.8969426
10.029335397695904	8.34274	2.8883803
10.04692960718833	8.318125	2.884116
10.06452405413958	8.375602	2.8940632
10.082118738974064	8.387596	2.8961346
10.099713662116246	8.385637	2.8957965
10.117308823990651	8.344812	2.8887389
10.134904225021844	8.364236	2.892099
10.152499865634445	8.372284	2.8934898
10.170095746253125	8.384813	2.8956542
10.18769186730261	8.332109	2.8865395
10.205288229207675	8.341891	2.8882332
10.222884832393145	8.3797035	2.8947718
10.2404816772839	8.369173	2.8929522
10.258078764304868	8.275207	2.8766658
10.275676093881035	8.202589	2.8640163
10.293273666437438	8.151191	2.855029
10.310871482399158	8.235956	2.8698356
10.32846954219134	8.314643	2.8835123
10.346067846239173	8.349798	2.8896017
10.363666394967908	8.353406	2.890226
10.38126518880283	8.327886	2.8858075
10.398864228169298	8.3309145	2.8863323
10.416463513492713	8.250527	2.872373
10.434063045198531	8.232436	2.8692222
10.451662823712262	8.255037	2.873158
10.469262849459467	8.3173895	2.8839884
10.486863122865758	8.247786	2.8718958
10.504463644356806	8.209757	2.8652673
10.522064414358338	8.075371	2.8417196
10.539665433296118	8.066474	2.840154
10.557266701595987	7.9819307	2.825231
10.574868219683818	7.96886	2.822917
10.592469987985552	7.8855467	2.8081214
10.610072006927185	7.8527517	2.8022761
10.627674276934751	7.764161	2.7864244
10.64527679843435	7.6557174	2.7668967
10.662879571852143	7.4994035	2.738504
10.680482597614331	7.324769	2.7064312
10.698085876147173	7.1592655	2.6756804
10.715689407876988	7.066871	2.6583588
10.733293193230146	7.0059175	2.6468694
10.750897232633072	6.875933	2.6222
10.76850152651225	6.7967157	2.6070511
10.786106075294207	6.660157	2.580728
10.803710879405534	6.6103044	2.5710511
10.821315939272877	6.498101	2.5491374
10.83892125532294	6.4680643	2.5432389
10.856526827982472	6.4115686	2.5321076
10.874132657678285	6.3868985	2.5272315
10.891738744837243	6.3065457	2.5112836
10.909345089886271	6.281128	2.506218
10.926951693252343	6.234861	2.4969704
10.944558555362494	6.1685324	2.483653
10.96216567664381	6.1033936	2.4705048
10.979773057523436	6.0638547	2.4624896
10.997380698428573	6.0247884	2.4545445
11.014988599786477	5.937859	2.4367723
11.032596762024461	5.7999525	2.408309
11.050205185569892	5.6877522	2.3849008
11.067813870850198	5.6583614	2.378731
11.085422818292859	5.6244674	2.3715959
11.10303202832541	5.603897	2.3672552
11.120641501375454	5.5167975	2.3487864
11.138251237870636	5.4358506	2.331491
11.155861238238671	5.407108	2.3253188
11.173471502907317	5.4034405	2.3245301
11.191082032304402	5.3555946	2.3142157
11.208692826857805	5.265496	2.2946668
11.226303886995465	5.132163	2.2654278
11.243915213145371	5.060198	2.2494884
11.261526805735578	4.981484	2.2319238
11.279138665194196	4.9784737	2.2312493
11.296750791949393	4.959048	2.226892
11.314363186429393	4.9489474	2.224623
11.331975849062479	4.8924985	2.2118993
11.34958878027699	4.799659	2.1908123
11.36720198050133	4.7503953	2.1795402
11.384815450163948	4.6597233	2.1586392
11.402429189693366	4.5931783	2.14317
11.420043199518153	4.5322723	2.1289134
11.437657480066942	63.462376	7.9663277
11.455272031768422	85.1883	9.229751
11.472886855051353	107.57654	10.371911
11.490501950344528	99.19671	9.959754
11.508117318076819	84.53982	9.194553
11.52573295867715	45.895325	6.7746086
11.543348872574514	4.1946745	2.0480905
11.560965060197946	4.122749	2.0304554
11.57858152197655	4.102455	2.025452
11.59619825833949	4.0925107	2.0229955
11.613815269715985	4.074509	2.0185413
11.631432556535323	38.595303	6.2125115
11.649050119226837	83.1124	9.1166
11.666667958219929	93.52971	9.671076
11.68428607394406	107.807	10.383015
11.701904466828756	82.63148	9.090186
11.719523137303586	65.41245	8.087796
11.737142085798196	4.586247	2.1415524
11.754761312742286	3.6723144	1.9163283
11.772380818565619	3.6832106	1.9191693
11.790000603698015	3.7262626	1.9303529
11.80762066856935	3.7181644	1.9282542
11.825241013609572	3.6950526	1.9222519
11.842861639248683	3.6587334	1.9127816
11.860482545916748	3.6092842	1.8998116
11.878103734043883	3.5165365	1.8752431
11.895725204060282	3.4369326	1.8538966
11.91334695639619	3.4111218	1.8469223
11.930968991481919	3.4153624	1.8480699
11.948591309747824	3.4157176	1.848166
11.966213911624347	3.3940303	1.8422894
11.98383679754198	3.3768215	1.837613
12.001459967931268	3.3364313	1.8265901
12.019083423222835	3.2940824	1.8149607
12.036707163847352	3.2814107	1.8114665
12.05433119023556	3.2680614	1.807778
12.071955502818259	3.2527933	1.8035502
12.089580102026313	3.2461584	1.8017099
12.107204988290643	3.2464943	1.8018031
12.12483016204224	3.2240126	1.7955536
12.142455623712152	3.1875505	1.7853713
12.16008137373149	3.1498015	1.774768
12.177707412531431	3.155394	1.7763429
12.19533374054321	3.1810775	1.7835575
12.212960358198126	3.1773174	1.7825031
12.230587265927545	3.1698873	1.7804177
12.248214464162889	3.1444423	1.7732575
12.265841953335649	3.0859196	1.7566786
12.283469733877375	3.0311563	1.7410216
12.301097806219685	2.979627	1.7261596
12.31872617079425	2.994908	1.7305803
12.336354828032825	2.9645777	1.7217948
12.353983778367205	2.9488852	1.7172319
12.371613022229262	2.9169426	1.7079059
12.389242560050928	2.9331572	1.7126462
12.406872392264201	2.9209445	1.7090771
12.424502519301143	2.9298363	1.7116765
12.442132941593874	2.9012263	1.7032987
12.459763659574586	2.9038239	1.704061
12.477394673675532	2.8928492	1.7008379
12.49502598432903	2.87547	1.695721
12.51265759196746	2.8421583	1.6858702
12.530289497023267	2.8301716	1.6823114
12.547921699928967	2.826643	1.6812624
12.565554201117134	2.8359542	1.6840291
12.583187001020404	2.8107984	1.6765436
12.600820100071486	2.823983	1.6804711
12.618453498703152	2.8149114	1.6777698
12.636087197348235	2.8060577	1.6751292
12.65372119643964	2.8143787	1.677611
12.671355496410326	2.8140078	1.6775005
12.68899009769333	2.830032	1.6822699
12.706625000721749	2.8485248	1.6877574
12.724260205928752	2.9065988	1.704875
12.741895713747551	2.9781406	1.725729
12.759531524611454	3.0372655	1.7427752
12.777167638953818	3.0688806	1.7518221
12.794804057208072	3.0787299	1.7546309
12.812440779807702	3.1357064	1.7707926
12.830077807186271	3.3211539	1.8224033
12.847715139777405	3.3683064	1.8352946
12.865352778014795	3.5504158	1.8842547
12.882990722332197	3.6224525	1.9032742
12.90062897316344	3.6947782	1.9221805
12.918267530942412	3.8065474	1.9510375
12.935906396103071	3.7258477	1.9302455
12.953545569079449	3.912132	1.977911
12.971185050305628	3.7093396	1.9259646
12.988824840215775	3.726895	1.9305168
13.006464939244115	3.7131097	1.9269431
13.024105347824943	3.556111	1.8857654
13.041746066392617	3.6167057	1.9017638
13.05938709538157	3.4096112	1.8465133
13.077028435226296	3.457482	1.8594306
13.094670086361363	3.3617244	1.8335006
13.112312049221401	3.282288	1.8117086
13.129954324241112	3.1671617	1.7796521
13.147596911855258	2.955881	1.7192676
13.165239812498685	2.940775	1.7148688
13.182883026606293	2.8863058	1.6989131
13.200526554613058	2.8035936	1.6743935
13.218170396954017	2.731915	1.6528505
13.235814554064284	2.7272336	1.6514338
13.253459026379034	2.7859902	1.6691285
13.271103814333523	2.7797322	1.6672529
13.288748918363058	2.7567675	1.6603516
13.306394338903031	2.7186465	1.6488318
13.32404007638889	2.7023814	1.6438922
13.341686131256164	2.7153795	1.6478409
13.359332503940449	2.6988618	1.6428213
13.376979194877402	2.6897264	1.6400385
13.394626204502751	2.7008219	1.6434177
13.412273533252307	2.7193558	1.6490469
13.429921181561937	2.719147	1.6489836
13.447569149867581	2.7736588	1.6654305
13.465217438605247	2.7794757	1.667176
13.482866048211022	2.755478	1.6599633
13.500514979121052	2.715387	1.6478431
13.518164231771568	2.6921248	1.6407696
13.535813806598844	2.689239	1.63989
13.553463704039254	2.7083874	1.6457179
13.571113924529229	2.701796	1.6437141
13.588764468505275	2.6913211	1.6405246
13.606415336403956	2.7223861	1.6499655
13.624066528661917	2.7803042	1.6674244
13.641718045715882	2.8491855	1.687953
13.659369888002635	2.9249074	1.7102361
13.67702205595903	2.9721622	1.723996
13.694674550021993	3.0381966	1.7430423
13.712327370628532	3.1163146	1.7653086
13.729980518215713	3.197118	1.7880486
13.747633993220681	3.2692266	1.8081002
13.765287796080647	3.2798522	1.8110362
13.7829419272329	3.322298	1.8227172
13.800596387114801	3.3836126	1.8394599
13.818251176163775	3.4248104	1.8506243
13.835906294817324	3.5003	1.8709089
13.853561743513023	3.5646677	1.8880328
13.871217522688525	3.585726	1.8936013
13.888873632781538	3.5665016	1.8885183
13.906530074229858	3.593512	1.8956561
13.92418684747135	3.6279027	1.9047054
13.941843952943948	3.604124	1.8984531
13.959501391085665	3.5531533	1.8849809
13.977159162334578	3.4536512	1.8584002
13.994817267128846	3.4414902	1.8551254
14.012475705906693	3.3382776	1.8270954
14.030134479106424	3.2183974	1.7939892
14.047793587166414	3.136672	1.7710652
14.065453030525108	3.1121783	1.7641367
14.083112809621026	3.0639677	1.7504193
14.100772924892766	3.005841	1.7337362
14.118433376778997	2.943421	1.7156401
14.136094165718458	2.8791265	1.6967989
14.153755292149969	2.8287323	1.6818836
14.171416756512416	2.7624123	1.6620506
14.189078559244768	2.7159414	1.6480113
14.20674070078606	2.6617103	1.6314749
14.224403181575408	2.6086617	1.6151352
14.242066002051999	2.5622365	1.6006987
14.259729162655093	2.5642896	1.6013399
14.277392663824022	2.548435	1.5963818
14.295056505998208	2.501555	1.5816305
14.312720689617128	2.4159715	1.5543395
14.330385215120348	2.3749661	1.5410925
14.348050082947497	2.401627	1.5497184
14.3657152935383	2.4513128	1.5656669
14.383380847332528	2.453576	1.5663896
14.401046744770051	2.4241812	1.5569782
14.418712986290798	2.3902612	1.546047
14.436379572334793	2.3888912	1.5456039
14.454046503342123	2.4214833	1.5561116
14.471713779752946	2.4267895	1.5578157
14.489381402007504	2.4273987	1.5580112
14.507049370546113	2.413521	1.5535511
14.524717685809168	2.3970597	1.5482441
14.542386348237134	2.4198256	1.5555788
14.560055358270553	2.4216745	1.5561731
14.577724716350051	2.4817798	1.5753666
14.595394422916325	2.4835913	1.5759414
14.61306447841015	2.5266426	1.5895417
14.63073488327237	2.4841785	1.5761276
14.648405637943917	2.506874	1.5833111
14.6660767428658	2.5295568	1.590458
14.683748198479094	2.6027682	1.6133097
14.701420005224954	2.6623466	1.6316699
14.719092163544628	2.679627	1.6369566
14.73676467387942	2.686307	1.6389958
14.754437536670727	2.701021	1.6434783
14.772110752360014	2.7465756	1.6572796
14.78978432138882	2.738923	1.6549692
14.807458244198777	2.7360404	1.654098
14.82513252123159	2.7017918	1.6437128
14.842807152929028	2.7459247	1.6570832
14.860482139732962	2.7257981	1.6509992
14.87815748208531	2.7295647	1.6521394
14.8958331804281	2.7127287	1.6470363
14.91350923520342	2.684272	1.6383748
14.931185646853438	2.7110445	1.646525
14.948862415820408	2.7081285	1.6456392
14.966539542546656	2.7794738	1.6671754
14.98421702747459	2.6971714	1.6423068
15.001894871046696	2.7015984	1.643654
15.019573073705542	2.6673152	1.6331917
15.037251635893766	2.7291238	1.652006
15.054930558054092	2.7777336	1.6666534
15.072609840629323	2.8392403	1.6850046
15.090289484062351	2.9629023	1.7213084
15.107969488796124	3.229928	1.7972001
15.125649855273691	3.6491988	1.9102876
15.14333058393817	4.1170354	2.029048
15.161011675232768	5.0629315	2.2500958
15.17869312960076	6.3713965	2.5241625
15.196374947485506	8.297666	2.8805668
15.214057129330447	11.406747	3.3773875
15.231739675579114	16.231697	4.028858
15.249422586675102	21.373762	4.6231766
15.267105863062092	24.649734	4.96485
15.284789505183847	25.07699	5.0076933
15.302473513484218	23.046972	4.8007264
15.320157888407127	19.453371	4.410598
15.337842630396578	15.183664	3.8966222
15.355527739896656	11.837232	3.440528
15.37321321735153	9.207867	3.0344467
15.39089906320545	6.6699233	2.5826194
15.408585277902748	4.983061	2.2322772
15.42627186188783	3.8243845	1.9556034
15.443958815605198	3.272662	1.80905
15.461646139499424	3.0101748	1.7349855
15.479333834015168	2.8375938	1.6845158
15.497021899597165	2.7615883	1.6618028
15.514710336690234	2.665619	1.6326723
15.53239914573928	2.622182	1.6193153
15.550088327189297	2.6004093	1.6125785
15.567777881485336	2.5559714	1.5987406
15.58546780907256	2.5342119	1.5919209
15.6031581103962	2.5301242	1.5906364
15.620848785901568	2.546702	1.5958389
15.638539836034063	2.5207286	1.5876802
15.656231261239173	2.4848037	1.576326
15.673923061962451	2.4631665	1.5694479
15.691615238649552	2.4815257	1.5752859
15.709307791746202	2.468725	1.5712177
15.727000721698221	2.465632	1.5702331
15.744694028951498	2.399621	1.5490711
15.76238771395202	2.4045978	1.5506766
15.780081777145844	2.4226038	1.5564716
15.797776218979125	2.4565146	1.5673273
15.815471039898094	2.461096	1.568788
15.833166240349064	2.4303033	1.558943
15.850861820778437	2.3952458	1.5476582
15.868557781632699	2.3654873	1.538014
15.886254123358412	2.3716984	1.5400319
15.903950846402232	2.4103494	1.5525299
15.921647951210897	2.4309056	1.5591362
15.939345438231225	2.4230883	1.5566273
15.957043307910133	2.4147096	1.5539336
15.974741560694602	2.4381664	1.5614629
15.992440197031714	2.459773	1.5683664
16.01013921736862	2.46634	1.5704585
16.02783862215259	2.4539928	1.5665225
16.045538411830933	2.4644792	1.569866
16.06323858685107	2.478836	1.574432
16.080939147660512	2.4392424	1.5618074
16.09864009470684	2.400959	1.5495028
16.11634142843774	2.4032094	1.5502288
16.134043149300954	2.4551215	1.5668827
16.15174525774433	2.453309	1.5663043
16.169447754215817	2.4417458	1.5626086
16.18715063916342	2.4414437	1.5625119
16.204853913035244	2.474827	1.5731583
16.222557576279478	2.5023224	1.581873
16.240261629344403	22.480145	4.741323
16.257966072678386	42.978767	6.5558195
16.275670906729868	38.08526	6.1713257
16.293376131947387	2.5231044	1.5884283
16.31108174877957	2.543052	1.594695
16.328787757675133	2.5845268	1.6076463
16.34649415908287	2.624563	1.6200503
16.364200953451657	2.674917	1.6355174
16.38190814123048	2.669153	1.6337543
16.39961572286839	2.671236	1.6343917
16.41732369881455	2.7081492	1.6456455
16.43503206951817	2.7571049	1.6604532
16.45274083542859	2.7993047	1.6731123
16.47044999699522	2.8098416	1.6762582
16.488159554667558	2.8546588	1.6895735
16.505869508895184	2.8687415	1.693736
16.523579860127786	2.8938053	1.7011188
16.541290608815117	2.9296947	1.7116351
16.559001755407035	2.988652	1.7287718
16.57671330035348	3.0726655	1.752902
16.59442524410448	3.1397605	1.7719369
16.61213758711015	3.2132232	1.7925466
16.629850329820705	3.2741866	1.8094714
16.647563472686436	3.3403578	1.8276646
16.665277016157724	3.4200394	1.8493348
16.682990960685053	3.5112405	1.8738304
16.70070530671898	3.5560431	1.8857473
16.718420054710155	3.55729	1.886078
16.736135205109335	3.55734	1.8860911
16.753850758367335	3.6010225	1.897636
16.771566714935087	3.6409245	1.9081206
16.789283075263597	3.7260149	1.9302888
16.80699983980398	3.8200548	1.954496
16.82471700900741	3.8958056	1.9737796
16.84243458332518	3.9788127	1.9946961
16.860152563208665	4.017058	2.0042598
16.87787094910932	4.107565	2.026713
16.89558974147871	4.216672	2.0534537
16.913308940768466	4.2791	2.0685985
16.931028547430333	4.3234816	2.0792983
16.94874856191613	4.338354	2.0828717
16.966468984677785	4.370196	2.0905013
16.98418981616729	4.4546914	2.110614
17.00191105683676	4.517059	2.1253374
17.019632707138374	4.540474	2.1308389
17.03735476752442	4.5542254	2.1340632
17.05507723844728	4.603755	2.1456363
17.072800120359403	4.632793	2.1523924
17.090523413713353	4.696532	2.1671484
17.108247118961785	4.71548	2.1715155
17.125971236557437	4.7225122	2.173134
17.143695766953133	4.772402	2.1845827
17.161420710601806	4.7796087	2.1862316
17.179146067956477	4.813339	2.1939323
17.19687183947025	4.78709	2.187942
17.21459802559634	4.7856884	2.1876216
17.232324626788028	4.787792	2.1881025
17.25005164349871	4.780616	2.186462
17.267779076181863	4.7472825	2.1788259
17.285506925291074	4.7181773	2.1721365
17.30323519127999	4.7041893	2.1689143
17.320963874602384	4.71532	2.1714787
17.33869297571211	4.671082	2.1612687
17.356422495063114	4.6724653	2.1615887
17.37415243310944	4.5844545	2.141134
17.391882790305218	4.5555735	2.134379
17.40961356710468	4.533435	2.1291864
17.42734476396215	4.595645	2.1437457
17.445076381332044	4.6226196	2.1500278
17.462808419668868	4.7153716	2.1714907
17.48054087942723	4.8580885	2.2041073
17.498273761061835	5.1066546	2.259791
17.51600706502747	5.5386634	2.3534365
17.533740791779024	6.2407293	2.498145
17.551474941771485	7.692792	2.7735882
17.56920951545993	8.78728	2.9643347
17.586944513299528	11.035266	3.321937
17.60467993574556	12.761475	3.5723207
17.622415783253373	14.504272	3.8084476
17.64015205627843	15.952551	3.9940646
17.657888755276293	17.135086	4.139455
17.675625880702604	17.83441	4.2230806
17.69336343301311	17.613281	4.196818
17.71110141266366	16.679096	4.084005
17.728839820110178	15.598401	3.949481
17.746578655808705	14.679039	3.8313234
17.764317920215372	13.155385	3.6270354
17.7820576137864	11.555079	3.3992763
17.79979773697811	9.4366255	3.0719092
17.81753829024692	7.503595	2.739269
17.835279274049356	5.8718057	2.4231808
17.85302068884201	4.9052277	2.2147748
17.870762535081607	4.2771254	2.0681212
17.888504813224934	3.92936	1.9822613
17.90624752372891	3.7468486	1.9356778
17.923990667050536	3.6333025	1.9061223
17.941734243646895	3.548885	1.8838484
17.959478253975185	3.4722228	1.8633901
17.9772226984927	3.4439719	1.8557942
17.994967577656833	3.40574	1.8454647
18.01271289192506	3.3941221	1.8423144
18.030458641754965	3.3889952	1.8409224
18.04820482760425	3.3569682	1.8322031
18.06595144993067	3.352516	1.8309877
18.083698509192125	3.3406043	1.827732
18.101446005846576	3.348739	1.8299559
18.119193940352105	3.3089814	1.8190606
18.136942313166887	3.272875	1.809109
18.1546911247492	3.2382998	1.7995276
18.1724403755574	3.2512538	1.8031234
18.19019006604997	3.241164	1.8003232
18.207940196685467	3.1974657	1.7881459
18.225690767922575	3.1539001	1.7759223
18.243441780220046	3.1151364	1.764975
18.261193234036764	3.1052084	1.7621602
18.278945129831676	3.0998251	1.760632
18.29669746806386	3.1196446	1.7662516
18.314450249192483	3.116048	1.7652332
18.3322034736768	3.0895529	1.7577124
18.349957141976184	3.0821757	1.7556126
18.3677112545501	3.1090066	1.7632376
18.385465811858108	3.1477165	1.7741805
18.403220814359884	3.1897016	1.7859735
18.420976262515172	3.2087343	1.791294
18.43873215678387	3.2101216	1.7916813
18.456488497625923	3.2494125	1.8026127
18.474245285501407	3.3059304	1.8182218
18.492002520870486	3.3961892	1.8428752
18.50976020419343	3.4988248	1.8705146
18.527518335930615	3.8476765	1.9615495
18.545276916542516	4.370402	2.0905507
18.563035946489688	4.4693575	2.1140854
18.580795426232832	4.9077873	2.2153525
18.598555356232698	4.87353	2.2076073
18.616315736950185	5.2217474	2.2851143
18.63407656884626	4.8735676	2.2076159
18.65183785238201	5.0747495	2.2527204
18.669599588018617	4.8359056	2.1990693
18.68736177621737	4.7607536	2.181915
18.705124417439652	4.735205	2.1760526
18.72288751214696	4.5761466	2.139193
18.740651060800886	4.7099686	2.1702461
18.758415063863115	4.4316316	2.105144
18.77617952179546	4.5733886	2.1385481
18.793944435059814	4.3151197	2.0772867
18.811709804118184	4.3400784	2.0832856
18.829475629432675	4.2717624	2.0668242
18.8472419114655	4.0604153	2.0150473
18.86500865067897	4.1098766	2.027283
18.88277584753551	3.768384	1.9412326
18.90054350249763	3.7679005	1.9411081
18.918311616027957	3.489013	1.86789
18.936080188589226	3.4173841	1.8486168
18.953849220644265	3.1277583	1.7685469
18.971618712656007	2.9649386	1.7218997
18.9893886650875	2.9110503	1.7061801
19.007159078401887	8.082977	2.8430576
19.024929953062408	32.927273	5.7382293
19.042701289532435	32.876095	5.733768
19.060473088275405	25.45694	5.045487
19.07824534975489	2.7510905	1.6586412
19.096018074434568	2.6986134	1.6427457
19.113791262778197	2.677231	1.6362246
19.13156491524966	2.6401944	1.6248676
19.149339032312945	2.6078594	1.6148868
19.167113614432136	2.5449634	1.5952941
19.184888662071433	2.5555568	1.5986109
19.202664175695123	2.5721533	1.6037934
19.220440155767623	2.6006925	1.6126662
19.238216602753447	2.5772603	1.6053848
19.2559935171172	2.5905328	1.6095132
19.27377089932361	2.605602	1.6141877
19.291548749837514	2.6455374	1.6265107
19.309327069123835	2.6626754	1.6317706
19.32710585764763	2.660885	1.631222
19.344885115874032	2.5978184	1.6117749
19.362664844268313	2.5495875	1.5967427
19.380445043295822	2.5301087	1.5906315
19.39822571342203	2.5195184	1.5872991
19.41600685511252	2.5248747	1.5889854
19.43378846883297	2.5630045	1.6009387
19.451570555049173	2.5661154	1.6019099
19.469353114227037	2.5749743	1.6046727
19.48713614683254	2.5685298	1.6026634
19.50491965333182	2.5519595	1.5974854
19.52270363419109	2.5372229	1.5928662
19.540488089876686	2.5322485	1.5913041
19.55827302085503	2.5306914	1.5908147
19.576058427592674	2.5395164	1.5935861
19.593844310556282	2.563667	1.6011455
19.611630670212598	2.5546224	1.5983186
19.629417507028506	2.561154	1.6003605
19.64720482147098	2.5531116	1.5978459
19.6649926140071	2.5503347	1.5969768
19.682780885104084	2.5589619	1.5996755
19.70056963522921	2.535905	1.5924525
19.718358864849908	2.534561	1.5920304
19.7361485744337	2.496496	1.5800303
19.753938764448215	2.5398588	1.5936935
19.771729435361202	2.5483499	1.5963552
19.789520587640506	2.5605974	1.6001867
19.807312221754092	2.536722	1.592709
19.825104338170043	2.5428777	1.5946403
19.842896937356517	2.5636096	1.6011276
19.860690019781824	2.5677214	1.6024112
19.87848358591436	2.5785074	1.6057732
19.896277636222635	2.5909595	1.6096457
19.914072171175278	2.5804965	1.6063924
19.931867191241015	2.5649972	1.6015608
19.94966269688869	2.5505044	1.5970299
19.967458688587264	2.5240724	1.588733
19.985255166805807	2.4984782	1.5806575
20.00305213201348	2.4848127	1.5763289
20.020849584679578	2.4844599	1.5762169
20.038647525273507	2.501149	1.5815021
20.05644595426477	2.5151775	1.5859311
20.07424487212299	2.4877386	1.5772567
20.092044279317903	2.485437	1.5765269
20.109844176319353	2.4755032	1.5733732
20.127644563597304	2.4699073	1.5715939
20.145445441621817	2.4737027	1.5728009
20.16324681086307	2.4615817	1.5689429
20.181048671791373	2.4600606	1.5684581
20.198851024877122	2.4373255	1.5611936
20.216653870590836	2.436515	1.5609341
20.234457209403146	2.4633844	1.5695173
20.252261041784802	2.483158	1.575804
20.270065368206662	2.4951916	1.5796175
20.287870189139685	2.4659698	1.5703406
20.305675505054968	2.4264083	1.5576932
20.323481316423702	2.4077027	1.5516773
20.341287623717207	2.3794281	1.5425395
20.359094427406884	2.3727567	1.5403755
20.376901727964288	2.3683262	1.5389367
20.39470952586107	2.3529806	1.5339428
20.41251782156899	2.3753016	1.5412014
20.430326615559935	2.3601751	1.5362861
20.448135908305886	2.3292694	1.5261945
20.465945700278965	2.337743	1.528968
20.483755991951384	2.3309906	1.5267582
20.50156678379548	2.345546	1.5315175
20.519378076283708	2.3220077	1.5238135
20.537189869888635	2.3377466	1.5289692
20.55500216508294	2.3655934	1.5380486
20.572814962339415	2.373885	1.5407417
20.59062826213098	2.3724356	1.5402713
20.60844206493066	2.351258	1.5333812
20.626256371211593	2.3844926	1.5441803
20.644071181447032	2.3918908	1.5465739
20.66188649611036	2.3991523	1.5489197
20.67970231567506	2.375337	1.5412128
20.697518640614742	2.3444242	1.5311513
20.715335471403122	2.3571503	1.5353013
20.73315280851404	2.38941	1.5457716
20.750970652421447	2.4028533	1.5501139
20.768789003599412	2.3513954	1.533426
20.786607862522136	2.3025453	1.517414
20.8044272296639	2.3139963	1.5211825
20.82224710549913	2.3607695	1.5364796
20.84006749050237	2.3731754	1.5405114
20.857888385148268	3.9254646	1.9812785
20.8757097899116	46.049603	6.785986
20.893531705267254	64.903175	8.056251
20.911354131690224	83.875626	9.158363
20.92917706965566	69.10695	8.313059
20.94700051963877	50.164345	7.0826793
20.96482448211493	29.441233	5.4259777
20.982648957559622	4.1832924	2.0453098
21.00047394644843	2.2920947	1.5139666
21.01829944925707	2.2420413	1.4973447
21.036125466461375	2.247063	1.4990207
21.053951998537297	2.2796764	1.5098598
21.071779045960906	2.3056593	1.5184398
21.089606609208378	2.3094926	1.5197015
21.10743468875603	2.2950566	1.5149444
21.12526328508028	2.2663713	1.5054471
21.143092398657675	2.234152	1.4947081
21.16092202996488	2.2548406	1.5016127
21.17875217947867	2.267032	1.5056666
21.19658284767596	2.23998	1.4966563
21.21441403503377	2.1991327	1.4829473
21.232245742029225	2.1900964	1.4798974
21.2500779691396	2.178711	1.4760457
21.26791071684227	2.1933882	1.4810092
21.28574398561475	2.210666	1.4868308
21.30357777593465	2.1921852	1.480603
21.321412088279704	2.1930811	1.4809055
21.339246923127792	2.1753755	1.4749154
21.357082280956888	2.164775	1.4713174
21.3749181622451	2.136334	1.4616203
21.392754567470647	2.1232047	1.4571221
21.41059149711187	2.1364145	1.4616479
21.42842895164726	2.1488225	1.4658862
21.446266931555378	2.151757	1.4668869
21.464105437314945	2.1610622	1.4700552
21.481944469404798	2.1622977	1.4704753
21.49978402830388	2.1678834	1.4723734
21.51762411449127	2.18304	1.4775114
21.53546472844617	2.1895125	1.4797001
21.553305870647876	2.188376	1.479316
21.571147541575865	2.1202939	1.4561229
21.58898974170967	2.1014779	1.4496475
21.60683247152899	2.1172843	1.4550891
21.62467573151363	2.1196146	1.4558896
21.642519522143523	2.0761724	1.4408929
21.660363843898722	2.0823333	1.4430292
21.6782086972594	2.0974317	1.4482512
21.696054082705864	2.1200647	1.4560442
21.713900000718535	2.1324222	1.4602816
21.73174645177795	2.1283433	1.4588842
21.749593436364794	2.0797055	1.4421184
21.767440954959845	2.052954	1.4328133
21.785289008044032	2.0567377	1.434133
21.803137596098388	2.0386643	1.4278181
21.820986719604086	2.0265248	1.4235606
21.838836379042412	2.007433	1.4168391
21.85668657489478	2.0290532	1.4244484
21.87453730764273	2.0565257	1.4340591
21.892388577767914	2.0788233	1.4418125
21.91024038575213	2.062908	1.4362826
21.928092732077285	2.0697036	1.4386464
21.945945617225426	2.0624616	1.4361273
21.963799041678694	2.0757773	1.4407558
21.981653005919398	31.375914	5.601421
21.999507510429943	78.15858	8.840734
22.01736255569286	73.08434	8.548938
22.035218142190818	4.1644783	2.0407054
22.05307427040661	1.988238	1.410049
22.07093094082315	2.0020278	1.4149303
22.088788153923474	2.0076869	1.4169286
22.106645910190746	2.0133708	1.4189329
22.12450421010827	2.026695	1.4236203
22.142363054159464	2.0239863	1.4226687
22.16022244282787	2.0112295	1.4181782
22.178082376597164	1.9928993	1.4117008
22.195942855951145	2.017664	1.420445
22.213803881373742	2.0174434	1.4203674
22.231665453349002	2.0053785	1.4161139
22.24952757236111	1.9779176	1.4063846
22.26739023889438	1.959815	1.3999339
22.28525345343323	1.9775792	1.4062643
22.30311721646225	1.9962403	1.4128836
22.320981528466113	1.9822233	1.4079145
22.33884638992964	1.958059	1.3993067
22.356711801337788	1.9477149	1.3956056
22.37457776317561	1.9483641	1.3958381
22.392444275928337	1.9775294	1.4062465
22.410311340081282	1.9757851	1.4056263
22.428178956119904	1.9739931	1.4049886
22.446047124529805	1.9683664	1.4029849
22.46391584579669	2.0106578	1.4179766
22.481785120406414	2.0188298	1.4208553
22.49965494884496	1.9904618	1.4108373
22.51752533159841	1.9866521	1.4094865
22.53539626915302	1.9999685	1.4142025
22.553267761995137	2.0033877	1.4154108
22.571139810611264	2.008897	1.4173557
22.589012415488025	1.974649	1.405222
22.60688557711216	1.9500492	1.3964416
22.624759295970566	1.9421791	1.3936208
22.642633572550263	1.9700794	1.4035952
22.660508407338362	1.96008	1.4000286
22.67838380082217	1.9592513	1.3997326
22.696259753489077	1.9702308	1.4036491
22.714136265826614	1.9710804	1.4039518
22.73201333832246	1.9707979	1.4038512
22.74989097146439	1.9543742	1.3979894
22.76776916574035	1.9471928	1.3954185
22.785647921638393	1.9078052	1.3812332
22.803527239646712	1.9005764	1.378614
22.82140712025363	1.9162198	1.3842759
22.839287563947593	1.9050039	1.3802187
22.85716857121719	1.9431616	1.3939734
22.875050142551135	1.9314826	1.3897779
22.892932278438277	1.9426988	1.3938073
22.910814979367604	1.9041276	1.3799013
22.928698245828222	1.8894728	1.374581
22.946582078309387	1.8690165	1.3671198
22.96446647730047	1.8731041	1.368614
22.98235144329098	1.8921047	1.375538
23.000236976770562	1.9292914	1.3889893
23.018123078229	1.9476192	1.3955712
23.03600974815619	1.9583107	1.3993965
23.053896987042194	1.9578636	1.3992368
23.071784795377173	1.9437135	1.3941712
23.08967317365145	1.9538548	1.3978035
23.10756212235546	1.97805	1.4064317
23.125451641979787	1.950519	1.3966098
23.143341733015134	1.9336345	1.3905519
23.161232395952357	1.945259	1.3947254
23.179123631282426	1.9593941	1.3997836
23.197015439496468	1.9795411	1.4069617
23.214907821085717	1.9752591	1.4054391
23.23280077654157	1.9719902	1.4042757
23.250694306355538	1.9775336	1.4062481
23.268588411019277	1.9596628	1.3998796
23.28648309102458	1.9601271	1.4000454
23.304378346863356	1.9476976	1.3955994
23.322274179027676	1.9457208	1.3948909
23.340170588009723	1.9757572	1.4056163
23.358067574301852	1.9901526	1.4107277
23.37596513839651	2.0037735	1.415547
23.39386328078629	1.9779127	1.4063828
23.411762001963947	1.9295726	1.3890905
23.429661302422353	1.9102083	1.3821028
23.4475611826545	1.8962982	1.3770614
23.46546164315356	1.9023305	1.3792499
23.48336268441279	1.9334085	1.3904706
23.501264306925638	1.9495288	1.3962553
23.51916651118564	1.9747236	1.4052485
23.537069297686497	2.0195475	1.4211079
23.554972666922037	2.023171	1.4223821
23.57287661938623	1.994557	1.4122878
23.59078115557318	1.982921	1.4081622
23.608686275977128	1.9708525	1.4038706
23.62659198109246	1.9534533	1.3976599
23.6444982714137	1.9340847	1.3907137
23.66240514743549	1.8836178	1.3724495
23.68031260965263	1.9193745	1.385415
23.698220658560068	1.9295554	1.3890843
23.716129294652845	1.941186	1.3932645
23.7340385184262	1.9887466	1.4102293
23.75194833037546	2.0174093	1.4203553
23.769858730996123	2.0094283	1.417543
23.78776972078382	1.9834914	1.4083648
23.80568130023431	1.9879555	1.4099487
23.823593469843495	1.9864522	1.4094156
23.841506230107424	1.9910458	1.4110442
23.859419581522275	2.0031807	1.4153377
23.87733352458438	1.9900316	1.4106848
23.89524805979019	1.9781246	1.4064581
23.913163187636318	1.9391704	1.3925409
23.931078908619508	1.9800351	1.4071372
23.948995223236633	1.9911779	1.4110911
23.966912131984735	2.0452216	1.4301125
23.98482963536096	2.0604913	1.4354411
24.002747733862616	2.060041	1.4352843
24.020666427987155	2.0061564	1.4163885
24.038585718232156	1.9923949	1.4115222
24.056505605095353	2.0534327	1.4329803
24.074426089074617	2.0985045	1.4486216
24.092347170667946	2.0487933	1.4313606
24.110268850373515	2.0118036	1.4183806
24.128191128689586	2.034169	1.426243
24.146114006114626	2.0703478	1.4388703
24.164037483147187	2.0724258	1.4395922
24.181961560286005	2.1150749	1.4543297
24.199886238029926	2.1146073	1.4541689
24.21781151687797	2.1115115	1.4531041
24.235737397329274	2.0751338	1.4405324
24.253663879883135	2.0464635	1.4305465
24.271590965038975	2.1095302	1.4524221
24.289518653296376	2.121529	1.456547
24.30744694515505	2.145949	1.4649057
24.32537584111486	2.1240873	1.4574249
24.34330534167581	2.1390638	1.4625539
24.361235447338046	2.12626	1.45817
24.379166158601876	2.1324925	1.4603057
24.39709747596772	2.1310973	1.4598278
24.41502939993615	2.1225803	1.4569077
24.432961931007917	2.0941865	1.4471304
24.450895069683856	2.0616007	1.4358275
24.468828816465	2.0721138	1.4394839
24.4867631718525	2.0609136	1.4355882
24.504698136347656	2.0652213	1.4370878
24.52263371045192	2.064579	1.4368643
24.540569894666874	2.080132	1.4422662
24.558506689494266	2.0580473	1.4345896
24.57644409543597	2.0166154	1.4200759
24.594382112994012	1.998531	1.4136941
24.61232074267057	2.0201468	1.4213187
24.630259984967953	2.0282989	1.4241836
24.64819984038863	2.0558906	1.4338377
24.66614030943522	2.0607243	1.4355223
24.684081392610462	2.0126586	1.418682
24.702023090417274	1.9701461	1.4036189
24.7199654033587	1.9528449	1.3974422
24.737908331937927	1.9747487	1.4052576
24.755851876658305	1.9925108	1.4115633
24.773796038023324	2.0348148	1.4264693
24.79174081653661	2.085373	1.444082
24.809686212701962	2.1145782	1.4541589
24.827632227023294	2.1312354	1.4598751
24.8455788600047	2.126957	1.4584091
24.8635261121504	2.157612	1.4688812
24.88147398396475	2.155332	1.468105
24.899422475952303	2.1292465	1.4591938
24.917371588617698	2.131605	1.4600017
24.935321322465768	2.1974306	1.4823734
24.953271678001478	2.321937	1.5237904
24.97122265572994	2.4885411	1.5775111
24.989174256156414	2.8405313	1.6853876
25.00712647978632	3.326653	1.8239114
25.02507932712521	3.8839283	1.9707685
25.043032798678798	4.414108	2.100978
25.060986894952933	5.031995	2.2432108
25.078941616453637	5.76612	2.4012747
25.096896963687055	6.8146496	2.6104884
25.114852937159508	8.013777	2.8308616
25.132809537377444	8.519303	2.9187846
25.150766764847468	8.551731	2.9243343
25.168724620076347	7.9729676	2.8236444
25.186683103570985	6.8991413	2.6266217
25.204642215838426	5.6972575	2.3868928
25.222601957385894	4.3300796	2.0808842
25.24056232872074	3.3268552	1.8239669
25.25852333035048	2.6860225	1.638909
25.276484962782778	2.3220944	1.523842
25.294447226525435	2.1206338	1.4562396
25.312410122086423	1.9908756	1.4109839
25.330373649973843	1.9121175	1.3827933
25.348337810695988	1.9339161	1.3906531
25.366302604761245	1.9407978	1.3931252
25.384268032678207	1.9776304	1.4062824
25.40223409495558	1.9786338	1.4066392
25.420200792102257	1.9519937	1.3971376
25.438168124627246	1.9228069	1.3866531
25.45613609303974	1.9113183	1.3825043
25.474104697849057	1.9621489	1.4007672
25.492073939564698	2.0031147	1.4153143
25.510043818696285	1.975201	1.4054184
25.528014335753614	1.9277282	1.3884265
25.54598549124664	1.9276174	1.3883866
25.56395728568544	1.9119917	1.3827479
25.58192971958028	1.8754841	1.3694831
25.59990279344156	1.8635834	1.3651313
25.617876507779833	1.8888125	1.3743408
25.635850863105826	1.8742299	1.3690251
25.653825859930386	1.8523779	1.3610209
25.671801498764548	1.8528261	1.3611856
25.68977778011949	1.9189304	1.3852546
25.707754704506524	1.9070494	1.3809596
25.725732272437153	1.8864123	1.3734672
25.743710484423012	1.8888822	1.374366
25.761689340975888	1.9219749	1.3863531
25.77966884260774	1.9179118	1.3848869
25.797648989830662	1.8631411	1.3649693
25.815629783156922	1.8206272	1.3493062
25.83361122309895	1.8175136	1.3481519
25.85159331016929	1.8006471	1.341882
25.869576044880695	1.7951427	1.3398293
25.887559427746034	1.8316972	1.3534021
25.90554345927836	1.8554872	1.3621627
25.92352813999086	1.8459566	1.3586599
25.94151347039689	1.8217804	1.3497335
25.959499451009965	1.8653885	1.3657923
25.97748608234374	1.9019572	1.3791146
25.995473364912062	1.9359801	1.391395
26.013461299228904	1.916325	1.384314
26.03144988580839	1.8834769	1.3723983
26.04943912516483	1.8354262	1.354779
26.067429017812675	1.8384857	1.3559077
26.085419564266537	1.8646076	1.3655063
26.103410765041186	1.861018	1.3641913
26.12140262065155	1.8493538	1.3599095
26.139395131612723	1.8208697	1.349396
26.157388298439948	1.7858796	1.3363681
26.17538212164861	1.7814053	1.334693
26.193376601754295	1.8585014	1.3632686
26.211371739272714	1.8884563	1.3742112
26.229367534719746	1.8478097	1.3593416
26.247363988611433	1.8420031	1.3572042
26.26536110146397	1.8600911	1.3638515
26.283358873793727	1.9070578	1.3809626
26.301357306117204	1.8619413	1.3645297
26.319356398951104	1.8679295	1.3667221
26.33735615281224	1.8931113	1.3759038
26.35535656821762	1.921255	1.3860934
26.373357645684404	1.8804927	1.3713106
26.39135938572991	1.8500953	1.360182
26.409361788871614	1.7934573	1.3392003
26.427364855627165	1.8118628	1.3460546
26.445368586514352	1.8282123	1.352114
26.46337298205115	1.8411169	1.3568777
26.48137804275568	1.7856373	1.3362774
26.499383769146217	1.7587497	1.3261787
26.517390161741215	1.7635348	1.3279815
26.53539722105928	1.8041383	1.3431822
26.553404947619182	1.7940079	1.3394058
26.571413341939856	1.831059	1.3531662
26.589422404540397	1.8395617	1.3563044
26.60743213594006	1.8821058	1.3718987
26.62544253665827	1.8812028	1.3715695
26.64345360721459	1.8342351	1.3543394
26.66146534812879	1.8463285	1.3587967
26.679477759920758	1.8763562	1.3698015
26.69749084311057	1.8951914	1.3766595
26.71550459821847	1.8548498	1.3619287
26.733519025764842	1.8208282	1.3493807
26.751534126270258	1.8163204	1.3477093
26.769549900255434	1.7956606	1.3400226
26.787566348241267	1.826844	1.3516079
26.80558347074881	1.8200736	1.3491011
26.823601268299267	1.8207493	1.3493514
26.841619741414036	1.8045863	1.3433489
26.85963889061465	1.7883792	1.3373029
26.877658716422832	1.731535	1.315878
26.89567921936045	1.7622967	1.3275152
26.913700399949544	1.840565	1.3566742
26.93172225871233	1.8687423	1.3670195
26.949744796171174	1.8233856	1.350328
26.967768012848605	1.8263998	1.3514436
26.98579190926733	1.9107393	1.3822949
27.003816485950225	1.9160047	1.3841982
27.021841743420318	1.8743418	1.369066
27.039867682200814	1.8696926	1.367367
27.057894302815072	1.885959	1.3733022
27.07592160578664	1.8157767	1.3475076
27.0939495916392	1.7832866	1.3353975
27.111978260896635	1.7571412	1.325572
27.13000761408296	1.75693	1.3254924
27.148037651722397	1.7536721	1.3242629
27.166068374339304	1.7665367	1.3291112
27.184099782458215	1.8004514	1.341809
27.20213187660384	1.8247216	1.3508226
27.22016465730105	1.8496792	1.3600291
27.23819812507487	1.8609892	1.3641808
27.256232280450533	1.8384979	1.3559122
27.274267123953383	1.8357861	1.3549118
27.292302656108987	1.8350999	1.3546586
27.31033887744306	1.8181541	1.3483894
27.32837578848146	1.8652496	1.3657414
27.34641338975026	1.8948886	1.3765495
27.364451681775673	1.9155257	1.3840252
27.382490665084074	1.8812033	1.3715696
27.400530340202046	1.8335519	1.3540871
27.41857070765629	1.810131	1.3454111
27.436611767973726	1.822158	1.3498733
27.454653521681404	1.7867545	1.3366953
27.472695969306564	1.7895349	1.337735
27.490739111376627	1.8208073	1.349373
27.508782948419153	1.8680359	1.3667611
27.526827480961902	1.8677449	1.3666546
27.54487270953279	1.8053368	1.3436283
27.562918634659898	1.767273	1.3293881
27.580965256871508	1.7731947	1.3316135
27.599012576696026	1.8552477	1.3620747
27.617060594662068	1.8990322	1.3780538
27.63510931129842	1.8690318	1.3671254
27.65315872713401	1.874318	1.3690573
27.67120884269797	1.9075402	1.3811373
27.68925965851958	1.8630236	1.3649262
27.707311175128307	1.8853439	1.3730782
27.725363393053787	1.9267436	1.3880719
27.74341631282583	1.9341629	1.3907418
27.7614699349744	1.9142717	1.3835721
27.77952426002968	2.073703	1.4400358
27.797579288521973	2.1579216	1.4689866
27.815635020981784	2.5610845	1.6003388
27.83369145793979	2.6262043	1.6205568
27.85174859992682	2.5028825	1.5820501
27.869806447473923	2.3668191	1.538447
27.887865001112267	2.0203457	1.4213886
27.905924261373233	1.9045949	1.3800706
27.92398422878836	1.920137	1.3856901
27.94204490388936	1.9432534	1.3940063
27.96010628720813	1.9186842	1.3851658
27.978168379276728	1.8975066	1.3775002
27.9962311806274	1.8381183	1.3557723
28.014294691792568	1.8044393	1.3432941
28.0323589133048	1.8323655	1.353649
28.050423845696887	1.8708922	1.3678056
28.068489489501758	1.8967369	1.3772207
28.086555845252523	1.8608505	1.3641299
28.104622913482487	1.8517641	1.3607954
28.122690694725115	1.8708392	1.3677863
28.14075918951405	1.8950839	1.3766204
28.15882839838312	1.9262426	1.3878914
28.176898321866304	1.9242064	1.3871577
28.1949689604978	1.905941	1.3805583
28.213040314811945	1.9558372	1.3985125
28.23111238534327	1.973673	1.4048747
28.249185172626493	1.9361348	1.3914506
28.267258677196473	1.9511133	1.3968226
28.285332899588294	1.9743668	1.4051217
28.303407840337172	1.997795	1.4134338
28.321483499978545	1.9661319	1.4021883
28.33955987904799	1.970384	1.4037037
28.357636978081285	1.9972687	1.4132476
28.37571479761439	1.9828448	1.4081352
28.393793338183425	1.9483756	1.3958422
28.41187260032469	1.9096208	1.3818903
28.429952584574686	1.9023672	1.3792633
28.448033291470065	1.9407599	1.3931116
28.46611472154769	1.9922811	1.4114819
28.484196875344566	2.002959	1.4152594
28.502279753397914	1.9916463	1.411257
28.52036335624511	2.0073843	1.416822
28.538447684423716	2.0276175	1.4239444
28.556532738471482	2.0345724	1.4263843
28.574618518926325	2.10539	1.4509963
28.59270502632635	2.1541095	1.4676884
28.61079226120985	2.0965703	1.4479538
28.628880224115274	2.0124803	1.4186192
28.646968915581287	2.0133436	1.4189234
28.66505833614671	2.1128905	1.4535785
28.68314848635055	2.1233788	1.4571818
28.701239366732004	2.0723631	1.4395704
28.71933097783044	2.0657647	1.4372768
28.737423320185403	2.1321719	1.4601958
28.75551639433665	2.13951	1.4627063
28.773610200824074	2.1120794	1.4532995
28.791704740187793	2.1696117	1.4729602
28.80980001296809	2.252746	1.500915
28.827896019705413	2.2453313	1.498443
28.845992760940433	2.2564182	1.5021379
28.86409023721397	2.2497785	1.4999262
28.88218844906704	2.2473412	1.4991134
28.900287397040845	2.243685	1.4978936
28.918387081676755	2.277737	1.5092173
28.936487503516343	2.3447511	1.531258
28.954588663101365	2.325821	1.5250642
28.97269056097374	2.269526	1.5064946
28.990793197675597	2.3134575	1.5210054
29.00889657374923	2.4009733	1.5495075
29.027000689737125	2.4376912	1.5613108
29.04510554618196	2.4513085	1.5656655
29.06321114362659	2.4732964	1.5726718
29.08131748261405	2.4051116	1.5508422
29.099424563687567	2.4179041	1.5549611
29.11753238739057	2.481168	1.5751724
29.13564095426663	2.5901387	1.6093907
29.15375026485954	2.6856654	1.6388
29.171860319713275	2.6890333	1.6398273
29.18997111937199	2.6711295	1.634359
29.20808266438002	2.7192993	1.6490299
29.226194955281898	2.7388375	1.6549433
29.244307992622335	2.8263464	1.6811742
29.26242177694624	2.8942237	1.7012419
29.2805363087987	2.9537122	1.7186368
29.29865158872498	2.998347	1.7315736
29.316767617270557	3.0124567	1.735643
29.334884394981064	3.0266669	1.7397318
29.353001922402367	3.0946672	1.7591666
29.37112020008047	3.1062305	1.7624501
29.389239228561596	3.1791313	1.7830118
29.407359008392152	3.4421449	1.8553019
29.42547954011872	3.788828	1.9464911
29.44360082428809	4.412373	2.100565
29.46172286144722	5.5136647	2.3481195
29.479845652143283	7.1340218	2.670959
29.497969196923606	9.148139	3.024589
29.516093496335728	11.610845	3.407469
29.5342185509274	14.529134	3.8117101
29.55234436124651	17.003284	4.1235037
29.570470927841175	18.433979	4.293481
29.588598251259686	18.138617	4.2589455
29.60672633205055	16.65204	4.0806913
29.624855170762405	14.4393635	3.7999163
29.642984767944146	11.816959	3.4375803
29.66111512414481	8.988961	2.9981596
29.67924623991366	6.6924872	2.5869842
29.697378115800138	5.1520376	2.26981
29.71551075235387	4.2662716	2.0654955
29.733644150124675	3.788087	1.9463009
29.751778309662576	3.5094454	1.8733513
29.769913231517766	3.422458	1.8499886
29.78804891624066	3.4067695	1.8457437
29.806185364381818	3.3649495	1.8343799
29.82432257649206	3.330418	1.8249433
29.842460553122333	3.3588064	1.8327047
29.86059929482382	3.4160748	1.8482627
29.878738802147872	3.33622	1.8265322
29.896879075646048	3.3434627	1.8285137
29.915020115870114	3.3644557	1.8342453
29.933161923371976	3.3260663	1.8237506
29.951304498703777	3.2460105	1.8016688
29.969447842417857	3.2800188	1.8110822
29.987591955066733	3.2286358	1.7968405
30.005736837203123	3.2204094	1.79455
30.023882489379943	3.3073127	1.8186018
30.04202891215028	3.3073897	1.8186231
30.060176106067455	3.2177863	1.793819
30.078324071684946	3.1996255	1.7887497
30.09647280955646	3.27584	1.8099282
30.114622320235863	3.3008573	1.8168261
30.132772604277257	3.2217798	1.7949317
30.1509236622349	3.1608095	1.7778666
30.16907549466328	3.150812	1.7750527
30.18722810211705	3.1021788	1.7613003
30.205381485151097	3.0664885	1.7511392
30.22353564432045	3.029166	1.7404499
30.241690580180403	2.966093	1.7222348
30.25984629328638	3.0293849	1.7405128
30.278002784194037	3.1103263	1.7636117
30.296160053459246	3.1182349	1.7658525
30.314318101638033	3.0717602	1.7526438
30.332476929286646	3.0569372	1.7484099
30.35063653696153	3.0566614	1.7483311
30.368796925219307	2.9983792	1.7315829
30.386958094616844	2.9103558	1.7059765
30.40512004571115	2.9405289	1.714797
30.423282779059463	3.0312643	1.7410526
30.441446295219233	2.9599016	1.7204365
30.459610594748067	2.925632	1.7104479
30.47777567820382	2.8393216	1.6850287
30.495941546144504	2.797055	1.6724398
30.51410819912835	2.8745706	1.6954559
30.532275637713795	2.8836985	1.6981456
30.55044386245946	2.8840158	1.6982391
30.56861287392416	2.8741107	1.6953202
30.586782672666956	2.8528938	1.6890512
30.604953259247047	2.8922765	1.7006694
30.623124634223885	2.9094987	1.7057253
30.641296798157075	2.8717737	1.6946309
30.659469751606462	2.7979057	1.6726941
30.677643495132074	2.7460632	1.657125
30.695818029294152	2.7508645	1.658573
30.713993354653116	2.78439	1.6686492
30.73216947176962	2.8390343	1.6849434
30.75034638120448	2.8319776	1.6828481
30.768524083518756	2.8118095	1.6768451
30.786702579273673	2.826521	1.681226
30.80488186903069	2.875797	1.6958175
30.82306195335144	2.9527142	1.7183464
30.841242832797782	3.1117465	1.7640144
30.85942450793176	3.4469166	1.8565873
30.877606979315637	3.8642209	1.9657621
30.895790247511883	4.249264	2.0613742
30.913974313083134	4.68832	2.165253
30.932159176592283	4.993199	2.2345467
30.95034483860237	5.0730777	2.2523494
30.968531299676698	4.9422984	2.223128
30.98671856037873	4.536713	2.1299562
31.00490662127215	4.0695524	2.0173132
31.023095482920848	3.6238713	1.9036468
31.04128514588892	3.175099	1.7818807
31.059475610740662	2.8130612	1.6772183
31.07766687804056	2.6106431	1.6157485
31.09585894835335	2.5902224	1.6094167
31.11405182224393	2.6078918	1.6148969
31.132245500277417	2.5710027	1.6034347
31.15043998301914	2.5564492	1.59889
31.168635271034628	2.4929843	1.5789187
31.18683136488964	2.4786766	1.5743814
31.20502826515008	2.5342257	1.5919251
31.223225972382135	2.5575714	1.5992409
31.241424487152155	2.5160313	1.5862002
31.259623810026692	2.375401	1.5412337
31.27782394157253	2.3695095	1.5393211
31.296024882356644	2.4597986	1.5683745
31.314226632946237	2.5503743	1.5969892
31.332429193908684	2.5340886	1.5918821
31.350632565811598	2.5240371	1.5887219
31.368836749222787	2.5280335	1.589979
31.387041744710295	2.5829825	1.607166
31.40524755284232	2.6144688	1.6169319
31.423454174187317	2.6027277	1.6132971
31.441661609313922	2.5310028	1.5909126
31.459869858791002	2.4389908	1.5617269
31.478078923187628	2.451313	1.5656669
31.496288803073064	2.47496	1.5732006
31.514499499016807	2.4556835	1.567062
31.532711011588546	2.3564954	1.5350881
31.550923341358178	2.3024044	1.5173676
31.56913648889584	2.221273	1.4903935
31.587350454771844	2.2075448	1.4857808
31.605565239556732	2.248265	1.4994216
31.62378084382127	2.307792	1.5191418
31.641997268136382	2.3540416	1.5342886
31.660214513073274	2.3567758	1.5351794
31.67843257920331	2.3247688	1.5247192
31.6966514670981	2.2656186	1.5051972
31.71487117732944	2.2229974	1.4909719
31.733091710469346	2.2273228	1.4924217
31.751313067090052	2.2612975	1.503761
31.769535247764008	2.288745	1.5128598
31.787758253063878	2.3298805	1.5263946
31.805982083562526	2.338885	1.5293413
31.824206739833024	2.3064098	1.5186869
31.84243222244869	2.2632067	1.5043958
31.860658531983013	2.240062	1.4966837
31.878885669009737	2.1888754	1.4794848
31.897113634102784	2.1604793	1.4698569
31.91534242783632	2.2638342	1.5046043
31.933572050784694	2.3841798	1.544079
31.951802503522508	2.3527303	1.5338613
31.970033786624548	2.2669966	1.5056549
31.988265900665834	2.2105458	1.4867904
32.006498846221575	2.2287092	1.4928862
32.02473262386724	2.3109229	1.520172
32.04296723417845	2.3058786	1.518512
32.0612026777311	2.1989927	1.4829001
32.07943895510129	2.2349856	1.4949868
32.097676066865304	2.3105295	1.5200425
32.115914013599685	2.344755	1.5312593
32.13415279588115	2.2238076	1.4912436
32.152392414286666	2.1715999	1.473635
32.1706328693934	2.1934924	1.4810444
32.18887416177875	2.1904547	1.4800185
32.20711629202032	2.1928468	1.4808264
32.225359260695924	2.2626944	1.5042255
32.243603068383614	2.2805264	1.5101411
32.26184771566166	2.32808	1.5258046
32.28009320310852	2.33759	1.5289179
32.2983395313029	2.2760186	1.5086479
32.31658670082372	2.180937	1.4767996
32.33483471225012	2.10414	1.4505655
32.35308356616143	2.1105638	1.452778
32.371333263137245	2.1071157	1.4515908
32.38958380375734	2.1093688	1.4523666
32.407835188601744	2.098881	1.4487516
32.42608741825067	2.1422231	1.4636335
32.444340493284585	2.1533763	1.4674387
32.46259441428416	2.2059603	1.4852475
32.48084918183028	2.148719	1.465851
32.49910479650405	2.1043155	1.4506259
32.51736125888683	2.0921714	1.446434
32.53561856956014	2.0486107	1.4312968
32.5538767291058	2.0009463	1.414548
32.572135738105764	1.9655205	1.4019703
32.59039559714228	1.951662	1.3970189
32.608656306797776	1.9186139	1.3851404
32.62691786765491	1.8696111	1.3673372
32.645180280296586	1.8912804	1.3752383
32.663443545305896	2.0045443	1.4158193
32.68170766326619	2.0211313	1.421665
32.69997263476099	1.9997889	1.4141389
32.7182384603741	1.998623	1.4137267
32.7365051406895	1.9880651	1.4099877
32.75477267629144	2.0564866	1.4340456
32.77304106776434	2.0666466	1.4375836
32.79131031569289	2.041141	1.4286851
32.809580420661966	2.064677	1.4368984
32.827851383256714	2.0775867	1.4413836
32.84612320406245	2.0818121	1.4428486
32.86439588366476	2.0670035	1.4377077
32.88266942264945	1.9397788	1.3927594
32.9009438216025	1.8888023	1.3743371
32.9192190811102	1.9044416	1.380015
32.937495201758985	1.9080173	1.38131
32.95577218413556	1.8875797	1.3738922
32.974050028826866	1.8678476	1.3666922
32.992328736420035	1.9458461	1.3949358
33.010608307502444	2.0447497	1.4299475
33.02888874266169	2.085507	1.4441284
33.047170042485604	1.9551054	1.3982508
33.06545220756225	1.8872519	1.3737729
33.083735238479896	2.0407295	1.4285411
33.10201913582707	2.099126	1.4488361
33.12030390019248	1.954334	1.397975
33.138589532165135	1.848882	1.359736
33.15687603233419	1.9193193	1.3853949
33.17516340128909	2.020476	1.4214345
33.19345163961947	2.0311792	1.4251944
33.211740747915215	2.0070393	1.4167001
33.23003072676643	2.0760317	1.440844
33.248321576763466	2.107162	1.4516068
33.266613298496885	2.0025866	1.4151278
33.28490589255747	1.942153	1.3936114
33.30319935953626	1.8540404	1.3616315
33.32149370002451	1.7819934	1.3349133
33.339788914613706	1.9289863	1.3888795
33.358085003895575	1.9938623	1.4120419
33.376381968462034	1.956231	1.3986533
33.39467980890529	1.9160315	1.3842078
33.41297852581774	1.9114486	1.3825514
33.43127811979204	1.9975866	1.41336
33.44957859142105	2.0512185	1.4322076
33.467879941297866	2.02089	1.4215801
33.486182170015844	2.0406213	1.4285032
33.50448527816853	2.0536566	1.4330585
33.522789266349754	1.9962287	1.4128796
33.541094135153514	1.9997174	1.4141136
33.55939988517411	2.0418246	1.4289243
33.57770651700602	2.0689104	1.4383707
33.59601403124398	1.9445114	1.3944573
33.61432242848296	1.9223859	1.3865013
33.632631709318154	1.958464	1.3994514
33.650941874344994	1.9735425	1.4048283
33.66925292415916	1.9871768	1.4096726
33.68756485935654	1.9146502	1.3837088
33.70587768053328	1.802519	1.3425792
33.724191388285746	1.8353215	1.3547404
33.74250598321054	1.9694821	1.4033824
33.760821465904506	2.009918	1.4177158
33.77913783696474	1.9031281	1.3795391
33.79745509698852	1.9844711	1.4087125
33.815773246573414	2.163644	1.4709331
33.8340922863172	2.2397907	1.496593
33.852412216817896	2.1498554	1.4662385
33.87073303867377	2.0000725	1.4142392
33.889054752483304	1.920726	1.3859025
33.907377358845245	1.8878882	1.3740045
33.92570085835853	1.903732	1.3797579
33.94402525162239	2.024962	1.4230115
33.96235053923627	2.0089805	1.4173851
33.980676721799824	1.998493	1.4136807
33.999003799912984	2.0646906	1.4369031
34.01733177417592	2.08019	1.4422864
34.03566064518901	1.9320503	1.3899821
34.0539904135529	1.8953775	1.3767271
34.07232107986846	1.9682759	1.4029526
34.090652644736785	2.035818	1.426821
34.108985108759235	2.108843	1.4521856
34.12731847253742	2.0497484	1.4316943
34.14565273667313	1.9428245	1.3938524
34.16398790176847	1.9373605	1.391891
34.18232396842574	1.9239808	1.3870764
34.20066093724749	1.9451554	1.3946882
34.21899880883651	1.9571177	1.3989702
34.23733758379583	1.9328452	1.3902681
34.25567726272874	1.9631962	1.401141
34.27401784623872	1.9782497	1.4065026
34.29235933492957	2.0644379	1.4368151
34.31070172940526	2.1068635	1.4515039
34.32904503027003	2.0890942	1.44537
34.347389238128386	2.0748088	1.4404197
34.36573435358502	2.0872557	1.4447337
34.38408037724492	2.0860043	1.4443007
34.402427309713296	1.9303927	1.3893857
34.42077515159559	1.8913466	1.3752624
34.43912390349752	1.8216983	1.3497031
34.45747356602499	1.7069032	1.306485
34.47582413978423	1.7301762	1.3153616
34.49417562538163	1.8277509	1.3519434
34.51252802342388	2.0386279	1.4278053
34.53088133451789	2.0556536	1.433755
34.54923555927084	1.9796128	1.4069872
34.567590698290104	1.9701015	1.4036031
34.58594675218336	2.0219233	1.4219435
34.6043037215585	2.0380507	1.4276031
34.62266160702365	2.0701144	1.4387892
34.641020409187234	2.071371	1.4392259
34.65938012865785	2.0308077	1.4250641
34.677740766044394	2.0250652	1.4230479
34.69610232195598	2.2462015	1.4987333
34.714464797002016	2.2606874	1.5035583
34.73282819179208	1.9660165	1.4021472
34.751192506936064	1.8995451	1.3782399
34.76955774304408	1.9347179	1.3909414
34.7879239007265	1.9561089	1.3986096
34.80629098059391	2.0774925	1.4413509
34.824658983257194	2.0927963	1.44665
34.843027909327446	2.0870268	1.4446546
34.86139775941603	2.0403256	1.4283997
34.879768534134534	1.9877898	1.4098899
34.89814023409483	1.9652585	1.4018768
34.91651285990901	1.8762544	1.3697643
34.93488641218944	1.9590039	1.3996443
34.95326089154871	2.040651	1.4285136
34.97163629859967	2.192735	1.4807886
34.99001263395542	2.355223	1.5346736
35.00838989822934	2.2237809	1.4912347
35.02676809203499	2.0347824	1.426458
35.04514721598624	1.9900906	1.4107057
35.063527270697215	2.1210237	1.4563735
35.081908256782256	2.4805546	1.5749776
35.10029017485597	2.476499	1.5736896
35.11867302553321	2.3389568	1.5293648
35.137056809429104	2.1250348	1.45775
35.155441527159006	1.9744772	1.4051609
35.173827179338524	2.1820242	1.4771676
35.19221376658354	2.2428646	1.4976196
35.21060128951017	2.071928	1.4394194
35.2289897487348	1.8595034	1.3636361
35.24737914487405	1.9518023	1.3970692
35.26576947854479	2.01547	1.4196725
35.28416075036418	2.0606036	1.4354802
35.30255296094958	2.0741057	1.4401757
35.32094611091867	1.8962452	1.3770422
35.33934020088932	1.976511	1.4058844
35.35773523147969	2.0751872	1.440551
35.3761312033082	2.2428405	1.4976116
35.394528116993506	2.0231833	1.4223865
35.41292597315452	1.9994755	1.414028
35.431324772410434	2.4426017	1.5628825
35.449724515380666	2.8660815	1.6929505
35.46812520268491	2.963016	1.7213414
35.486526834943106	2.7727144	1.665147
35.504929412775454	2.8728313	1.6949428
35.52333293680242	2.7445905	1.6566806
35.54173740764471	2.3619945	1.5368781
35.560142825923286	1.5925182	1.2619501
35.5785491922594	1.249496	1.1178086
35.59695650727454	0.75977844	0.8716527
35.61536477159042	0.4990961	0.70646733
