0.008763373481513119	0.051685803	0.22734512
0.026290120649546365	0.18429624	0.4292974
0.043816868432600686	0.12367553	0.35167533
0.06134361724069026	0.10256808	0.32026252
0.07887036748382949	0.17821275	0.42215252
0.0963971195720331	0.29122165	0.53964955
0.11392387391531617	0.34148377	0.58436614
0.1314506309236943	0.3225645	0.5679476
0.1489773910071836	0.30128056	0.5488903
0.16650415457580078	0.2696736	0.51930106
0.18403092203956356	0.25461072	0.5045897
0.20155769380849	0.26062796	0.51051736
0.2190844702925996	0.250039	0.500039
0.2366112519019124	0.20305826	0.45061985
0.2541380390464497	0.16752926	0.40930337
0.27166483213623416	0.1140955	0.33778027
0.28919163158128947	0.1446385	0.38031366
0.3067184377916406	0.13835137	0.37195614
0.324245251177314	0.15165736	0.3894321
0.34177207214833777	0.18722187	0.43269143
0.3592989011147415	0.20478182	0.45252824
0.37682573848655654	0.21400969	0.46261182
0.39435258467381573	0.1734438	0.41646585
0.41187944008655414	0.1441727	0.3797008
0.42940630513480854	0.10583539	0.32532352
0.446933180228618	0.07943489	0.28184196
0.4644600657780234	0.10426787	0.32290536
0.48198696219306775	0.18371442	0.4286192
0.49951386988379676	0.22679046	0.47622523
0.5170407892602581	0.23563685	0.4854244
0.5345677207325025	0.19058385	0.4365591
0.5520946647105822	0.14046434	0.37478572
0.5696216216045534	0.119248085	0.34532315
0.5871485918244737	0.11065815	0.3326532
0.6046755757804043	0.1480197	0.3847333
0.6222025738824094	0.15489814	0.39357102
0.6397295865405557	0.18365589	0.42855093
0.6572566141649129	0.19089505	0.43691537
0.6747836571655547	0.22450219	0.47381663
0.6923107159525568	0.22045217	0.46952334
0.7098377909359992	0.18883283	0.434549
0.7273648825259653	0.13609323	0.36890817
0.7448919911325411	0.113940746	0.3375511
0.762419117165817	0.1664255	0.40795282
0.7799462610358868	0.21085463	0.45918912
0.7974734231528482	0.23517089	0.4849442
0.8150006039268024	0.23062086	0.48023
0.8325278037678551	0.247224	0.49721625
0.8500550230861152	0.23093422	0.48055616
0.8675822622916969	0.1977507	0.4446917
0.8851095217947171	0.16794072	0.40980572
0.9026368020052984	0.17456204	0.4178062
0.9201641033335665	0.21298018	0.46149775
0.9376914261896523	0.22932163	0.47887537
0.9552187709836915	0.24351172	0.49346906
0.9727461381258234	0.24178456	0.49171594
0.990273528026193	0.23421799	0.48396072
1.0078009410949496	0.20394726	0.4516052
1.0253283777422473	0.2154452	0.46416074
1.0428558383782454	0.22460353	0.47392356
1.0603833234131086	0.24408022	0.49404475
1.0779108332570058	0.2747571	0.5241728
1.0954383683201119	0.2640884	0.51389533
1.112965929012607	0.31706798	0.5630879
1.1304935157446763	0.49622142	0.70442986
1.1480211289265108	0.5825228	0.7632318
1.1655487689683062	1.4733071	1.2137986
1.1830764362802655	1.7635822	1.3279994
1.200604131272596	2.109356	1.4523622
1.2181318543555117	2.340278	1.5297967
1.235659605939232	2.3325174	1.5272582
1.253187386433982	3.6875799	1.9203073
1.270715196249994	6.0084968	2.4512236
1.2882430357975057	11.369323	3.3718426
1.3057709054867608	16.251497	4.0313144
1.3232988057280106	22.200249	4.711714
1.3408267369315112	27.031775	5.199209
1.358354699507526	30.749704	5.545242
1.3758826938663256	34.54491	5.877492
1.3934107204181858	36.53574	6.0444803
1.410938779573391	37.032528	6.085436
1.4284668717422309	37.562096	6.1287923
1.4459949973350033	37.006092	6.0832634
1.4635231567620117	37.41483	6.1167665
1.4810513504335687	36.782654	6.0648704
1.4985795787599925	35.853115	5.987747
1.5161078421516088	35.178913	5.9311814
1.5336361410187505	34.117233	5.840996
1.5511644757717598	34.268192	5.8539042
1.5686928468209842	35.232925	5.935733
1.58622125457678	35.86668	5.9888797
1.6037496994495108	36.648647	6.0538125
1.621278181849548	36.385307	6.0320234
1.6388067021872719	37.418407	6.1170588
1.6563352608730693	36.853825	6.070735
1.673863858317336	35.802814	5.9835453
1.6913924949304753	34.68407	5.8893185
1.7089211711228998	33.591667	5.7958317
1.7264498873050296	32.96688	5.741679
1.7439786438872935	32.30454	5.683708
1.7615074412801288	31.477774	5.6105056
1.779036279893981	30.827118	5.5522175
1.796565160139305	29.921824	5.470084
1.814094082426564	29.197756	5.403495
1.8316230471662298	28.532541	5.341586
1.849152054768784	27.692907	5.262405
1.8666811056447168	27.448208	5.239104
1.8842102002045273	26.650915	5.162452
1.901739338858724	26.724339	5.169559
1.9192685220178245	26.223719	5.12091
1.9367977500923557	25.551517	5.054851
1.9543270234928547	24.674213	4.9673147
1.971856342629867	23.724161	4.8707457
1.9893857079139496	23.309559	4.827997
2.006915119755667	22.817274	4.776743
2.0244445785655945	22.164268	4.7078943
2.0419740847543175	21.607103	4.648344
2.0595036387324317	21.11414	4.5950127
2.0770332409105414	20.648973	4.544114
2.094562891699263	20.356926	4.511865
2.1120925915092217	20.07368	4.480366
2.129622340751053	19.81152	4.451013
2.1471521398354043	188.07277	13.713963
2.1646819891729323	444.29572	21.078323
2.182211889174303	440.4315	20.98646
2.1997418402501974	452.8001	21.2791
2.2172718428113023	432.7002	20.801447
2.234801897268317	320.68704	17.907738
2.2523320040319548	17.10011	4.1352277
2.269862163512935	16.716522	4.0885844
2.287392376121992	16.50452	4.062576
2.304922642269869	16.372654	4.046314
2.322452962367322	16.134764	4.01681
2.3399833368251164	15.75437	3.9691775
2.357513766054032	15.30173	3.9117427
2.3750442504648586	14.846809	3.8531559
2.3925747904683963	14.583771	3.8188703
2.410105386475459	14.37397	3.791302
2.4276360388968707	14.116647	3.7572126
2.445166748143469	13.845577	3.7209647
2.4626975146261025	13.631078	3.692029
2.4802283387556323	13.523725	3.6774616
2.4977592209429305	13.387521	3.6588962
2.5152901615988825	13.005191	3.606271
2.5328211611343865	12.781834	3.575169
2.5503522199603523	12.4265995	3.5251381
2.5678833384877024	12.277095	3.5038686
2.5854145171273712	11.907369	3.4507055
2.6029457562903064	11.695691	3.4198964
2.620477056387469	11.456451	3.384738
2.6380084178298326	11.507887	3.3923275
2.655539841028383	11.428327	3.380581
2.673071326394119	11.299977	3.361544
2.6906028743380523	11.021588	3.3198779
2.708134485271211	10.776286	3.2827253
2.7256661596046325	10.7526865	3.279129
2.743197897749369	10.488685	3.2386239
2.760729700116486	10.372891	3.2206974
2.778261567117063	10.078398	3.1746492
2.795793499162193	10.054674	3.1709106
2.8133254966629817	9.914543	3.1487367
2.830857560030551	9.777439	3.1268897
2.8483896896760337	9.808706	3.1318855
2.865921886010578	9.811332	3.1323044
2.883454149445347	9.561858	3.0922256
2.9009864803915177	9.483264	3.079491
2.91851887926028	9.426291	3.0702267
2.9360513464628384	9.429347	3.0707242
2.953583882410413	9.172984	3.0286934
2.9711164875142373	8.899446	2.9831939
2.9886491621855606	8.882416	2.980338
3.0061819068356455	8.69785	2.9492118
3.023714721875769	8.578655	2.928934
3.041247607717225	8.370494	2.8931806
3.0587805647713213	8.214649	2.8661208
3.0763135934493806	8.095522	2.845263
3.0938466941627407	7.959268	2.8212175
3.1113798673227544	7.958797	2.821134
3.1289131133407904	7.9655714	2.8223343
3.1464464326282315	7.915432	2.8134377
3.1639798255964786	7.684113	2.7720232
3.1815132926569443	7.4495234	2.7293816
3.1990468342210603	7.2732754	2.696901
3.216580450700272	7.254049	2.693334
3.2341141425060416	7.2388206	2.6905057
3.251647910049847	7.297032	2.7013018
3.2691817537431813	7.250578	2.6926897
3.286715673997555	7.1919584	2.6817827
3.3042496712244938	6.959981	2.6381776
3.32178374583554	6.829464	2.6133244
3.339317898242251	6.824798	2.6124315
3.3568521288562034	6.810405	2.6096752
3.3743864380889876	6.8716025	2.6213741
3.3919208263522127	6.7763834	2.6031487
3.4094552940575023	6.825876	2.6126378
3.4269898416164972	6.727135	2.593672
3.444524469440858	6.5892954	2.5669622
3.4620591779422587	6.3536167	2.5206382
3.479593967532391	6.3028603	2.5105498
3.4971288386229658	6.304715	2.510919
3.5146637916257086	6.3658047	2.5230546
3.5321988269523628	6.291635	2.5083132
3.5497339450146903	6.3048344	2.510943
3.5672691462244708	6.2152653	2.4930434
3.5848044309934988	6.2165046	2.4932919
3.60233979973359	6.2079663	2.491579
3.619875252856575	6.3182454	2.513612
3.6374107907743034	6.3522096	2.520359
3.6549464138986427	6.3560557	2.521122
3.6724821226414788	6.3059387	2.5111628
3.690017917414714	6.4099674	2.5317914
3.7075537986302702	6.388489	2.527546
3.7250897667000857	6.4151044	2.5328057
3.7426258220361235	6.4373713	2.5371976
3.7601619650503553	6.723843	2.5930374
3.777698196154779	7.18696	2.6808507
3.7952345157614067	8.15239	2.855239
3.8127709242822716	8.976742	2.9961212
3.830307422129425	11.28422	3.3591993
3.847844009714936	30.262302	5.501118
3.8653806874508954	97.76041	9.887386
3.882917455749409	96.95435	9.84654
3.900454315022606	96.54869	9.825919
3.917991265682631	41.038914	6.4061623
3.9355283081416506	10.779865	3.2832706
3.9530654428118495	8.65416	2.9417953
3.970602670105433	7.380318	2.716674
3.9881399904346244	6.50314	2.5501256
4.005677404211669	6.391019	2.5280464
4.023214911848827	6.255126	2.501025
4.0407525137583855	6.153281	2.4805808
4.058290210352644	6.235047	2.4970076
4.075828002043927	6.268348	2.5036669
4.0933658892445814	6.2811475	2.5062218
4.110903872366966	6.1865163	2.4872708
4.128441951823468	6.1461763	2.4791484
4.145980128026488	6.184038	2.4867725
4.163518401388452	6.1667275	2.4832897
4.181056772321807	6.1192164	2.473705
4.1985952412390155	6.103846	2.4705963
4.216133808552567	6.1584315	2.4816186
4.233672474674966	6.2711387	2.504224
4.251211240018741	6.509934	2.5514572
4.268750104996445	6.710787	2.5905187
4.286289070020643	7.560537	2.749643
4.303828135503928	9.1645775	3.0273054
4.3213673018589125	29.462898	5.4279737
4.3389065694982305	90.598656	9.5183325
4.356445938834537	165.87514	12.879252
4.3739854102805085	171.05994	13.078988
4.391524984248844	171.92697	13.112093
4.409064661152262	136.10715	11.666497
4.426604441403504	96.41431	9.819078
4.444144325415337	75.59367	8.694462
4.461684313600543	21.490326	4.635766
4.47922440637193	21.954401	4.6855526
4.496764604142329	20.253242	4.5003605
4.5143049073245916	18.443804	4.294625
4.531845316331589	16.260265	4.032402
4.5493858315762195	13.2618065	3.6416764
4.566926453471405	10.935322	3.3068597
4.584467182430081	8.908791	2.9847598
4.602008018865218	7.907085	2.811954
4.619548963189798	7.294527	2.7008383
4.637090015816834	6.8725276	2.6215506
4.654631177159353	6.7242055	2.5931072
4.672172447630417	6.523253	2.554066
4.689713827643102	6.2840004	2.5067909
4.7072553176105085	5.974558	2.4442909
4.724796917945764	5.8205733	2.4125865
4.742338629062015	5.8028836	2.4089174
4.759880451372434	5.8087926	2.4101436
4.777422385290215	5.7581673	2.3996181
4.794964431228581	5.7787614	2.4039054
4.812506589600768	5.77288	2.4026818
4.830048860820047	5.778374	2.4038248
4.847591245299709	5.612134	2.3689942
4.8651337434530655	5.4336104	2.3310106
4.882676355693457	5.419897	2.3280673
4.900219082434242	5.4491487	2.334341
4.917761924088813	5.5013447	2.3454945
4.935304881070575	5.5447316	2.3547254
4.952847953792969	5.5232887	2.3501678
4.970391142669449	5.484067	2.3418086
4.9879344481135055	5.4190006	2.3278747
5.005477870538642	5.387155	2.3210247
5.023021410358394	5.327271	2.308088
5.040565067986324	5.347184	2.312398
5.05810884383601	5.3580337	2.3147426
5.075652738321066	5.3444314	2.3118026
5.09319675185512	5.3590426	2.3149607
5.110740884851836	5.3184276	2.3061717
5.128285137724894	5.3227115	2.3071003
5.145829510888007	5.3582463	2.3147886
5.163374004754908	5.4051123	2.3248897
5.1809186197393595	5.3841825	2.320384
5.198463356255145	5.3139544	2.3052015
5.216008214716077	5.2210207	2.2849553
5.233553195535998	5.199235	2.280183
5.251098299128764	5.1567235	2.270842
5.268643525908272	5.118376	2.2623827
5.286188876288432	5.122444	2.2632818
5.3037343506831895	5.1342764	2.2658942
5.32127994950651	5.1542935	2.2703068
5.3388256731723915	5.132378	2.2654753
5.356371522094851	5.119505	2.2626324
5.373917496687938	5.140062	2.2671704
5.391463597365729	5.164693	2.2725961
5.40900982454232	5.128804	2.2646863
5.426556178631843	5.044382	2.2459702
5.444102660048449	5.067674	2.2511494
5.4616492692063225	5.1627383	2.272166
5.479196006519669	5.2454987	2.2903054
5.496742872402727	5.220364	2.2848115
5.514289867269756	5.181384	2.2762654
5.531836991535049	5.184112	2.2768645
5.549384245612924	5.1700196	2.2737677
5.566931629917724	5.184001	2.2768402
5.584479144863822	5.155482	2.2705686
5.6020267908656205	5.09563	2.2573502
5.619574568337545	5.1036115	2.2591174
5.637122477694054	5.0783386	2.253517
5.654670519349629	5.089072	2.2558973
5.672218693718784	5.081605	2.2542415
5.689767001216059	5.0499945	2.2472193
5.707315442256021	4.9453425	2.2238126
5.724864017253266	4.9142895	2.2168198
5.7424127266224225	4.8736596	2.2076366
5.75996157077814	4.9123974	2.216393
5.777510550135105	4.9972086	2.2354438
5.795059665108022	5.112977	2.2611892
5.812608916111639	5.2114487	2.2828598
5.830158303560715	5.339679	2.3107746
5.847707827870055	5.3179474	2.3060675
5.86525748945448	5.3764043	2.3187075
5.8828072887288485	5.4613976	2.3369634
5.900357226108044	5.553829	2.3566563
5.917907302006979	5.6222396	2.3711262
5.9354575168406	6.2743607	2.5048673
5.9530078710238765	6.9670343	2.639514
5.970558364971812	7.5122	2.7408392
5.988108999099438	7.765854	2.7867281
6.005659773821818	8.299663	2.8809135
6.023210689554039	7.9909916	2.8268342
6.040761746711227	8.416175	2.9010644
6.058312945708531	7.756372	2.7850263
6.075864286961132	7.2800784	2.698162
6.093415770884244	6.6436315	2.5775242
6.1109673978931065	6.1496744	2.4798536
6.128519168402993	5.4968443	2.3445349
6.146071082829204	5.4383388	2.3320246
6.163623141587075	5.3760858	2.3186388
6.181175345091969	5.3446364	2.311847
6.198727693759281	5.2110696	2.2827768
6.216280188004435	5.1164656	2.2619605
6.233832828242885	5.077514	2.253334
6.251385614890126	5.0751185	2.2528024
6.268938548361669	4.9918523	2.2342453
6.286491629073067	4.9698353	2.2293127
6.304044857439898	4.946877	2.2241576
6.321598233877777	4.937146	2.221969
6.339151758802344	4.897866	2.2131124
6.356705432629277	4.968543	2.229023
6.37425925577428	4.9574594	2.2265353
6.391813228653095	4.9820356	2.2320473
6.409367351681486	4.9816966	2.2319715
6.426921625275259	5.0106964	2.2384584
6.44447604985025	4.9528847	2.2255077
6.46203062582232	4.927899	2.219887
6.47958535360737	4.8760805	2.208185
6.497140233621328	4.866636	2.2060454
6.514695266280161	4.876593	2.208301
6.532250451999859	4.892476	2.2118943
6.549805791196454	4.956675	2.2263591
6.567361284286002	4.9348297	2.2214477
6.584916931684597	4.9376535	2.222083
6.602472733808367	4.9237103	2.2189436
6.6200286910734665	4.9494157	2.2247283
6.637584803896092	5.067493	2.2511094
6.655141072692462	5.0625734	2.2500162
6.672697497878842	5.0127974	2.2389278
6.690254079871514	4.926721	2.219622
6.707810819086808	4.9101286	2.215881
6.725367715941078	4.9801598	2.2316272
6.742924770850719	4.9289546	2.220125
6.760481984232151	4.911453	2.2161798
6.778039356501836	4.8358254	2.1990511
6.795596888076266	4.873737	2.2076542
6.813154579371963	4.9493427	2.224712
6.830712430805492	4.9951596	2.2349854
6.84827044279344	4.992394	2.2343667
6.865828615752445	4.9320526	2.2208226
6.883386950099159	4.940424	2.2227066
6.900945446250287	4.9111147	2.2161036
6.918504104622553	5.0018897	2.2364905
6.936062925632727	5.0347733	2.24383
6.953621909697607	5.0782304	2.2534928
6.971181057234028	5.100129	2.2583466
6.988740368658859	5.1115227	2.2608676
7.006299844389007	5.1369095	2.2664752
7.023859484841407	5.281563	2.298165
7.041419290433036	5.3773685	2.3189154
7.058979261580902	5.4954348	2.3442345
7.0765393987020495	5.609206	2.3683763
7.094099702213559	5.9243317	2.433995
7.111660172532549	6.303024	2.5105824
7.129220810076164	6.6362443	2.5760908
7.146781615261595	7.182182	2.6799593
7.16434258850606	7.3969116	2.7197263
7.181903730226821	7.8799486	2.8071246
7.1994650408411704	8.042391	2.835911
7.217026520766437	8.234627	2.8696039
7.234588170419983	8.454211	2.9076126
7.252149990219215	8.501983	2.915816
7.269711980581568	8.324839	2.8852797
7.2872741419245175	8.174875	2.8591738
7.304836474665574	7.7927923	2.7915573
7.322398979222286	7.537664	2.7454805
7.339961656012233	7.227592	2.6884181
7.357524505453039	6.8871627	2.6243405
7.375087527962357	6.5844855	2.5660253
7.392650723957886	6.2277794	2.4955518
7.410214093857353	5.837391	2.4160693
7.427777638078528	5.586142	2.363502
7.445341357039213	5.50508	2.3462908
7.4629052511572525	5.4436173	2.333156
7.480469320850524	5.3972855	2.323206
7.498033566536948	5.3348503	2.3097296
7.5155979886344735	5.2950344	2.3010943
7.5331625875610975	5.2055397	2.2815652
7.550727363734844	5.166801	2.2730598
7.568292317573788	5.095013	2.2572136
7.585857449496025	5.0742264	2.2526042
7.603422759919705	5.090674	2.2562523
7.620988249263007	5.133997	2.2658324
7.638553917944147	5.2042217	2.2812762
7.656119766381391	5.2217298	2.2851105
7.673685794993023	5.185782	2.2772312
7.691252004197388	5.197831	2.2798753
7.70881839441285	5.1662774	2.2729447
7.726384966057826	5.1713524	2.2740607
7.743951719550762	5.1421633	2.267634
7.761518655310149	5.2237024	2.285542
7.779085773754511	5.258682	2.2931817
7.796653075302419	5.3067183	2.3036315
7.814220560372475	5.2613606	2.2937655
7.831788229383323	5.3022842	2.302669
7.8493560827536495	5.3459625	2.3121338
7.866924120902174	5.45768	2.3361678
7.884492344247663	5.4655848	2.337859
7.9020607532089135	5.37652	2.3187325
7.919629348204771	5.3534846	2.3137598
7.937198129654115	5.3406987	2.310995
7.954767097975865	5.338245	2.3104641
7.972336253588986	5.3782854	2.319113
7.989905596912472	5.3804135	2.3195717
8.007475128365371	5.3957963	2.3228853
8.025044848366756	5.412618	2.3265035
8.042614757335754	5.4996223	2.3451273
8.060184855691523	5.542929	2.3543427
8.07775514385327	5.6813655	2.3835616
8.095325622240228	5.7583804	2.3996625
8.112896291271687	5.745723	2.3970237
8.130467151366968	5.7883787	2.405905
8.148038202945436	5.847822	2.418227
8.165609446426497	5.889073	2.4267411
8.183180882229594	5.950268	2.439317
8.200752510774217	5.9498672	2.439235
8.218324332479893	5.968719	2.4430962
8.235896347766193	5.93267	2.4357073
8.253468557052724	5.9353366	2.4362547
8.27104096075914	5.914276	2.4319284
8.288613559305137	6.030587	2.4557254
8.306186353110448	6.1671925	2.4833832
8.32375934259485	6.2889857	2.507785
8.341332528178162	6.2390575	2.4978106
8.358905910280246	6.2136903	2.4927275
8.376479489321003	6.1164966	2.4731553
8.394053265720377	6.151275	2.4801764
8.411627239898356	6.151329	2.4801874
8.42920141227497	6.18435	2.4868352
8.44677578327029	6.2721796	2.504432
8.464350353304427	6.305066	2.510989
8.48192512279754	6.2982736	2.5096362
8.499500092169827	6.1991277	2.4898047
8.51707526184153	6.102099	2.4702427
8.534650632232934	6.0825424	2.4662812
8.552226203764365	6.122651	2.474399
8.569801976856192	6.134779	2.4768486
8.587377951928834	6.174659	2.4848862
8.60495412940274	6.1467075	2.4792554
8.622530509698416	6.1955776	2.4890916
8.6401070932364	6.3210754	2.514175
8.657683880437283	6.475862	2.5447714
8.675260871721695	6.6534886	2.5794358
8.692838067510303	6.765941	2.6011422
8.710415468223834	6.8344703	2.614282
8.727993074283043	6.995753	2.6449485
8.745570886108737	6.987798	2.6434443
8.763148904121765	7.052021	2.655564
8.78072712874302	7.029699	2.651358
8.798305560393441	7.251434	2.6928487
8.815884199494006	7.4355617	2.7268226
8.833463046465745	7.6569867	2.767126
8.851042101729728	7.809236	2.794501
8.86862136570707	8.038566	2.8352365
8.886200838818924	8.123154	2.8501146
8.903780521486505	8.260068	2.8740335
8.921360414131055	8.437938	2.9048128
8.938940517173874	8.643894	2.9400501
8.956520831036297	8.830471	2.9716108
8.97410135613971	9.060245	3.010024
8.99168209290554	9.199401	3.0330515
9.009263041755265	9.404484	3.066673
9.026844203110405	9.649232	3.1063213
9.044425577392525	9.81841	3.1334343
9.062007165023239	9.978374	3.1588564
9.079588966424197	10.250186	3.2015913
9.097170982017108	10.345442	3.216433
9.11475321222372	11.372497	3.3723133
9.132335657465825	12.36711	3.5166903
9.149918318165264	12.571492	3.54563
9.167501194743924	13.270861	3.6429193
9.18508428762374	12.79407	3.57688
9.202667597226693	12.703605	3.5642116
9.220251123974803	12.253844	3.500549
9.237834868290143	11.922186	3.4528518
9.255418830594836	11.693085	3.4195154
9.273003011311046	11.173658	3.3427022
9.290587410860985	10.963688	3.311146
9.308172029666911	10.310345	3.2109725
9.32575686815113	9.988667	3.1604853
9.343341926735997	8.586203	2.9302223
9.360927205843916	8.36007	2.8913786
9.378512705897327	8.233213	2.8693576
9.396098427318728	8.031974	2.8340738
9.413684370530664	7.9188147	2.8140388
9.431270535955722	7.7869797	2.7905161
9.448856924016539	7.772414	2.787905
9.466443535135806	7.675161	2.7704082
9.484030369736251	7.6444526	2.7648604
9.501617428240658	7.5887194	2.7547631
9.519204711071852	7.6444	2.7648509
9.536792218652714	7.72358	2.7791328
9.55437995140617	7.8344226	2.7990038
9.571967909755191	7.8668194	2.804785
9.589556094122802	7.8433957	2.8006063
9.60714450493207	7.7976623	2.7924294
9.624733142606116	7.911077	2.8126638
9.642322007568108	8.020067	2.8319724
9.659911100241267	8.065312	2.8399494
9.677500421048851	7.996086	2.8277352
9.695089970414175	7.9545174	2.8203754
9.712679748760609	7.8893795	2.808804
9.730269756511557	7.9430947	2.8183496
9.747859994090492	8.004068	2.8291461
9.765450461920915	8.1214485	2.8498156
9.78304116042639	8.233019	2.8693237
9.800632090030527	8.185392	2.8610125
9.81822325115699	8.153142	2.8553708
9.835814644229481	8.143396	2.8536637
9.853406269671762	8.2056875	2.864557
9.870998127907646	8.287777	2.87885
9.888590219360985	8.303995	2.8816652
9.906182544455698	8.282884	2.878
9.923775103615734	8.243987	2.8712344
9.941367897265108	8.216625	2.8664656
9.958960925827878	8.221466	2.8673098
9.97655418972816	8.231873	2.869124
9.994147689390106	8.249177	2.872138
10.011741425237934	8.225319	2.8679817
10.029335397695904	8.237224	2.8700564
10.04692960718833	8.241984	2.8708856
10.06452405413958	8.236728	2.86997
10.082118738974064	8.168455	2.8580508
10.099713662116246	8.0963745	2.845413
10.117308823990651	8.060609	2.839121
10.134904225021844	8.050018	2.8372555
10.152499865634445	8.08389	2.8432183
10.170095746253125	8.145124	2.8539665
10.18769186730261	8.159182	2.8564281
10.205288229207675	8.114728	2.8486362
10.222884832393145	7.986012	2.8259532
10.2404816772839	7.9568453	2.8207881
10.258078764304868	7.9655375	2.8223283
10.275676093881035	8.018235	2.8316488
10.293273666437438	8.002003	2.8287811
10.310871482399158	8.086687	2.8437102
10.32846954219134	8.078151	2.8422089
10.346067846239173	8.138493	2.8528044
10.363666394967908	8.130337	2.8513746
10.38126518880283	8.12759	2.8508928
10.398864228169298	8.177749	2.8596764
10.416463513492713	8.124396	2.8503327
10.434063045198531	8.089498	2.8442042
10.451662823712262	8.057838	2.8386333
10.469262849459467	8.054142	2.837982
10.486863122865758	7.977103	2.8243766
10.504463644356806	7.969862	2.8230944
10.522064414358338	7.948149	2.8192463
10.539665433296118	7.913701	2.8131301
10.557266701595987	7.9216347	2.81454
10.574868219683818	7.8332033	2.798786
10.592469987985552	7.7420254	2.7824495
10.610072006927185	7.518044	2.7419052
10.627674276934751	7.389015	2.7182744
10.64527679843435	7.319455	2.705449
10.662879571852143	7.2985744	2.7015874
10.680482597614331	7.2062106	2.6844387
10.698085876147173	7.087219	2.6621833
10.715689407876988	7.0083656	2.6473317
10.733293193230146	6.927624	2.632038
10.750897232633072	6.818713	2.6112666
10.76850152651225	6.699675	2.588373
10.786106075294207	6.599027	2.5688572
10.803710879405534	6.5153484	2.5525181
10.821315939272877	6.3685517	2.523599
10.83892125532294	6.260181	2.5020354
10.856526827982472	6.206964	2.4913778
10.874132657678285	6.1797624	2.4859128
10.891738744837243	6.2148657	2.4929633
10.909345089886271	6.1548615	2.4808993
10.926951693252343	6.1005874	2.4699366
10.944558555362494	6.055005	2.460692
10.96216567664381	5.9771333	2.4448175
10.979773057523436	5.8873534	2.4263868
10.997380698428573	5.745582	2.3969944
11.014988599786477	5.65164	2.377318
11.032596762024461	5.668406	2.3808415
11.050205185569892	5.6294465	2.3726454
11.067813870850198	5.588558	2.3640132
11.085422818292859	5.4865894	2.342347
11.10303202832541	5.3529744	2.3136497
11.120641501375454	5.277725	2.29733
11.138251237870636	5.191781	2.278548
11.155861238238671	5.1670227	2.2731085
11.173471502907317	5.1402845	2.2672195
11.191082032304402	5.1239586	2.2636163
11.208692826857805	5.102448	2.2588599
11.226303886995465	5.0260987	2.2418962
11.243915213145371	4.998883	2.2358181
11.261526805735578	4.890288	2.2113996
11.279138665194196	4.794044	2.1895306
11.296750791949393	4.7018104	2.1683657
11.314363186429393	4.660905	2.158913
11.331975849062479	4.6036005	2.1456003
11.34958878027699	4.5657253	2.1367557
11.36720198050133	4.522704	2.126665
11.384815450163948	4.5056424	2.12265
11.402429189693366	4.5113606	2.1239965
11.420043199518153	4.4839025	2.1175227
11.437657480066942	63.461685	7.9662843
11.455272031768422	85.18745	9.229705
11.472886855051353	107.57024	10.371607
11.490501950344528	99.14752	9.957285
11.508117318076819	84.44652	9.189479
11.52573295867715	45.82713	6.7695737
11.543348872574514	4.1270943	2.0315251
11.560965060197946	4.0707574	2.0176117
11.57858152197655	4.0259624	2.00648
11.59619825833949	3.9276152	1.9818212
11.613815269715985	3.90323	1.9756594
11.631432556535323	38.424892	6.1987815
11.649050119226837	82.997574	9.1103
11.666667958219929	93.38027	9.663347
11.68428607394406	107.62717	10.3743515
11.701904466828756	82.49939	9.082917
11.719523137303586	65.410835	8.087696
11.737142085798196	4.631556	2.152105
11.754761312742286	3.7212813	1.9290622
11.772380818565619	3.628319	1.9048147
11.790000603698015	3.6205108	1.902764
11.80762066856935	3.603474	1.8982818
11.825241013609572	3.6265419	1.9043481
11.842861639248683	3.5788755	1.8917916
11.860482545916748	3.5077465	1.8728979
11.878103734043883	3.4357433	1.8535758
11.895725204060282	3.4131951	1.8474835
11.91334695639619	3.42026	1.8493944
11.930968991481919	3.4070227	1.8458122
11.948591309747824	3.3852007	1.8398916
11.966213911624347	3.328503	1.8244185
11.98383679754198	3.243052	1.8008475
12.001459967931268	3.185365	1.784759
12.019083423222835	3.21916	1.7942019
12.036707163847352	3.2357986	1.7988325
12.05433119023556	3.2052352	1.790317
12.071955502818259	3.1192148	1.7661299
12.089580102026313	3.1065912	1.7625525
12.107204988290643	3.1257272	1.7679726
12.12483016204224	3.1610203	1.7779258
12.142455623712152	3.1406913	1.7721995
12.16008137373149	3.1133015	1.764455
12.177707412531431	3.0929596	1.7586812
12.19533374054321	3.0519998	1.7469974
12.212960358198126	3.0590522	1.7490146
12.230587265927545	3.0496132	1.7463142
12.248214464162889	3.0798333	1.7549454
12.265841953335649	3.021288	1.7381853
12.283469733877375	2.983253	1.7272096
12.301097806219685	2.9156997	1.7075421
12.31872617079425	2.8890038	1.6997069
12.336354828032825	2.8684404	1.693647
12.353983778367205	2.8966782	1.7019631
12.371613022229262	2.8969197	1.702034
12.389242560050928	2.8895674	1.6998727
12.406872392264201	2.8642828	1.6924192
12.424502519301143	2.8368769	1.684303
12.442132941593874	2.8643355	1.6924348
12.459763659574586	2.890646	1.70019
12.477394673675532	2.9010804	1.7032558
12.49502598432903	2.8243868	1.6805912
12.51265759196746	2.7454517	1.6569405
12.530289497023267	2.7364652	1.6542264
12.547921699928967	2.7732759	1.6653155
12.565554201117134	2.7638164	1.662473
12.583187001020404	2.7301455	1.6523151
12.600820100071486	2.714028	1.6474307
12.618453498703152	2.7107654	1.6464403
12.636087197348235	2.6980407	1.6425713
12.65372119643964	2.699391	1.6429824
12.671355496410326	2.711528	1.6466718
12.68899009769333	2.767235	1.6635008
12.706625000721749	2.7993157	1.6731156
12.724260205928752	2.8594205	1.6909821
12.741895713747551	2.8795464	1.6969227
12.759531524611454	2.9126034	1.7066351
12.777167638953818	2.900502	1.703086
12.794804057208072	2.907454	1.7051258
12.812440779807702	3.0002863	1.7321335
12.830077807186271	3.2226846	1.7951838
12.847715139777405	3.2850337	1.8124661
12.865352778014795	3.4692292	1.8625867
12.882990722332197	3.554894	1.8854426
12.90062897316344	3.6431298	1.9086984
12.918267530942412	3.7313251	1.9316639
12.935906396103071	3.604693	1.8986028
12.953545569079449	3.7884576	1.9463961
12.971185050305628	3.5785613	1.8917086
12.988824840215775	3.597756	1.8967751
13.006464939244115	3.5963485	1.8964041
13.024105347824943	3.4474995	1.8567443
13.041746066392617	3.4886048	1.8677807
13.05938709538157	3.2683766	1.8078651
13.077028435226296	3.3130274	1.8201723
13.094670086361363	3.2360249	1.7988955
13.112312049221401	3.1774752	1.7825474
13.129954324241112	3.0753818	1.7536767
13.147596911855258	2.861101	1.691479
13.165239812498685	2.8433318	1.6862181
13.182883026606293	2.7674596	1.6635684
13.200526554613058	2.7032464	1.6441553
13.218170396954017	2.6643744	1.6322911
13.235814554064284	2.6644282	1.6323076
13.253459026379034	2.6953561	1.641754
13.271103814333523	2.6930647	1.641056
13.288748918363058	2.6850803	1.6386214
13.306394338903031	2.6852436	1.6386713
13.32404007638889	2.6795087	1.6369205
13.341686131256164	2.713255	1.647196
13.359332503940449	2.671721	1.63454
13.376979194877402	2.62064	1.6188391
13.394626204502751	2.6498039	1.6278218
13.412273533252307	2.6921208	1.6407684
13.429921181561937	2.7348392	1.6537349
13.447569149867581	2.7330108	1.653182
13.465217438605247	2.7177536	1.6485611
13.482866048211022	2.673137	1.634973
13.500514979121052	2.664489	1.6323262
13.518164231771568	2.6346033	1.623146
13.535813806598844	2.6146464	1.6169869
13.553463704039254	2.5775578	1.6054775
13.571113924529229	2.553964	1.5981126
13.588764468505275	2.571949	1.6037297
13.606415336403956	2.647298	1.627052
13.624066528661917	2.699812	1.6431104
13.641718045715882	2.7452781	1.6568881
13.659369888002635	2.7922378	1.670999
13.67702205595903	2.8626373	1.691933
13.694674550021993	2.95761	1.7197703
13.712327370628532	3.046157	1.7453243
13.729980518215713	3.1189973	1.7660683
13.747633993220681	3.1772459	1.7824831
13.765287796080647	3.1920743	1.7866377
13.7829419272329	3.2185786	1.7940397
13.800596387114801	3.2113576	1.7920262
13.818251176163775	3.2036743	1.7898811
13.835906294817324	3.2605088	1.8056879
13.853561743513023	3.298041	1.816051
13.871217522688525	3.3689237	1.8354628
13.888873632781538	3.4350848	1.8533982
13.906530074229858	3.5020978	1.8713893
13.92418684747135	3.5549655	1.8854616
13.941843952943948	3.5625873	1.8874817
13.959501391085665	3.503308	1.8717126
13.977159162334578	3.3616493	1.8334801
13.994817267128846	3.2761986	1.8100272
14.012475705906693	3.2054195	1.7903686
14.030134479106424	3.1690853	1.7801925
14.047793587166414	3.0987253	1.7603197
14.065453030525108	3.016356	1.736766
14.083112809621026	2.9565473	1.7194613
14.100772924892766	2.9171276	1.7079601
14.118433376778997	2.914201	1.7071031
14.136094165718458	2.8917315	1.7005092
14.153755292149969	2.812626	1.6770885
14.171416756512416	2.741237	1.6556681
14.189078559244768	2.674573	1.6354122
14.20674070078606	2.5711982	1.6034956
14.224403181575408	2.4886272	1.5775384
14.242066002051999	2.4524436	1.566028
14.259729162655093	2.467609	1.5708625
14.277392663824022	2.4573338	1.5675886
14.295056505998208	2.3929756	1.5469246
14.312720689617128	2.3808765	1.5430089
14.330385215120348	2.3740284	1.5407883
14.348050082947497	2.3847406	1.5442605
14.3657152935383	2.371661	1.5400198
14.383380847332528	2.3631852	1.5372655
14.401046744770051	2.3127036	1.5207576
14.418712986290798	2.3417053	1.5302632
14.436379572334793	2.3624918	1.53704
14.454046503342123	2.3633025	1.5373037
14.471713779752946	2.3634005	1.5373355
14.489381402007504	2.3734052	1.540586
14.507049370546113	2.3993292	1.5489768
14.524717685809168	2.3889856	1.5456344
14.542386348237134	2.3893719	1.5457593
14.560055358270553	2.3533711	1.5340701
14.577724716350051	2.3580973	1.5356097
14.595394422916325	2.360017	1.5362347
14.61306447841015	2.3957548	1.5478226
14.63073488327237	2.4301744	1.5589017
14.648405637943917	2.4695187	1.5714703
14.6660767428658	2.48441	1.5762012
14.683748198479094	2.4935298	1.5790914
14.701420005224954	2.5277817	1.5898999
14.719092163544628	2.5921698	1.6100217
14.73676467387942	2.6437097	1.6259489
14.754437536670727	2.6687458	1.6336297
14.772110752360014	2.6556528	1.6296173
14.78978432138882	2.6307354	1.6219542
14.807458244198777	2.622962	1.6195561
14.82513252123159	2.6518254	1.6284426
14.842807152929028	2.6992373	1.6429356
14.860482139732962	2.6533341	1.6289058
14.87815748208531	2.589927	1.609325
14.8958331804281	2.5943751	1.6107064
14.91350923520342	2.6384265	1.6243234
14.931185646853438	2.6780646	1.6364794
14.948862415820408	2.6505814	1.6280606
14.966539542546656	2.686754	1.6391321
14.98421702747459	2.671944	1.6346081
15.001894871046696	2.6647375	1.6324023
15.019573073705542	2.6363938	1.6236975
15.037251635893766	2.6488888	1.6275407
15.054930558054092	2.6569583	1.6300179
15.072609840629323	2.6427557	1.6256555
15.090289484062351	2.7652576	1.6629064
15.107969488796124	3.0062547	1.7338555
15.125649855273691	3.406079	1.8455566
15.14333058393817	3.8612955	1.9650179
15.161011675232768	4.8346386	2.1987813
15.17869312960076	6.27234	2.504464
15.196374947485506	8.189227	2.8616827
15.214057129330447	11.396121	3.3758142
15.231739675579114	16.23295	4.0290136
15.249422586675102	21.42293	4.628491
15.267105863062092	24.584976	4.958324
15.284789505183847	24.847126	4.984689
15.302473513484218	22.766815	4.7714586
15.320157888407127	19.167042	4.378018
15.337842630396578	14.955546	3.8672402
15.355527739896656	11.646784	3.4127386
15.37321321735153	9.015155	3.0025249
15.39089906320545	6.5077286	2.551025
15.408585277902748	4.8651814	2.2057157
15.42627186188783	3.744215	1.9349974
15.443958815605198	3.214446	1.7928877
15.461646139499424	2.907054	1.7050085
15.479333834015168	2.7191584	1.648987
15.497021899597165	2.6321838	1.6224006
15.514710336690234	2.6052194	1.6140692
15.53239914573928	2.5858474	1.608057
15.550088327189297	2.5688212	1.6027542
15.567777881485336	2.523931	1.5886885
15.58546780907256	2.5013182	1.5815556
15.6031581103962	2.4856236	1.576586
15.620848785901568	2.4499898	1.5652443
15.638539836034063	2.4158626	1.5543045
15.656231261239173	2.3760011	1.5414283
15.673923061962451	2.3606272	1.5364332
15.691615238649552	2.3860493	1.5446842
15.709307791746202	2.4112134	1.5528083
15.727000721698221	2.393034	1.5469434
15.744694028951498	2.4077153	1.5516814
15.76238771395202	2.394734	1.5474927
15.780081777145844	2.417821	1.5549344
15.797776218979125	2.392615	1.546808
15.815471039898094	2.430474	1.5589978
15.833166240349064	2.418426	1.5551289
15.850861820778437	2.421889	1.556242
15.868557781632699	2.4163496	1.5544612
15.886254123358412	2.3901885	1.5460235
15.903950846402232	2.3739245	1.5407546
15.921647951210897	2.3527303	1.5338613
15.939345438231225	2.338107	1.5290871
15.957043307910133	2.315808	1.5217779
15.974741560694602	2.3059974	1.5185511
15.992440197031714	2.329632	1.5263132
16.01013921736862	2.3745084	1.540944
16.02783862215259	2.40124	1.5495936
16.045538411830933	2.4187882	1.5552454
16.06323858685107	2.412065	1.5530825
16.080939147660512	2.4109235	1.5527148
16.09864009470684	2.403404	1.5502915
16.11634142843774	2.3844178	1.544156
16.134043149300954	2.4047222	1.5507166
16.15174525774433	2.3857882	1.5445997
16.169447754215817	2.385659	1.5445578
16.18715063916342	2.379674	1.5426192
16.204853913035244	2.4199378	1.555615
16.222557576279478	2.474201	1.5729593
16.240261629344403	22.464525	4.7396755
16.257966072678386	42.979263	6.555857
16.275670906729868	38.043083	6.1679077
16.293376131947387	2.4482048	1.564674
16.31108174877957	2.4570224	1.5674893
16.328787757675133	2.5087545	1.5839049
16.34649415908287	2.5570307	1.5990719
16.364200953451657	2.5966766	1.6114206
16.38190814123048	2.620102	1.6186728
16.39961572286839	2.6558316	1.6296723
16.41732369881455	2.6552706	1.6295002
16.43503206951817	2.69918	1.6429181
16.45274083542859	2.7327502	1.6531032
16.47044999699522	2.7717953	1.664871
16.488159554667558	2.783928	1.6685107
16.505869508895184	2.8341546	1.6834948
16.523579860127786	2.8713923	1.6945183
16.541290608815117	2.939821	1.7145907
16.559001755407035	2.9661946	1.7222644
16.57671330035348	3.020894	1.7380719
16.59442524410448	3.090131	1.7578769
16.61213758711015	3.1771564	1.782458
16.629850329820705	3.2605932	1.8057113
16.647563472686436	3.3410454	1.8278527
16.665277016157724	3.3784971	1.8380688
16.682990960685053	3.375671	1.8373
16.70070530671898	3.3722737	1.8363751
16.718420054710155	3.3901334	1.8412315
16.736135205109335	3.471661	1.8632394
16.753850758367335	3.5429697	1.8822778
16.771566714935087	3.6001961	1.8974183
16.789283075263597	3.6424541	1.9085214
16.80699983980398	3.7068038	1.9253062
16.82471700900741	3.786982	1.946017
16.84243458332518	3.871511	1.9676156
16.860152563208665	3.9888244	1.9972042
16.87787094910932	4.092052	2.022882
16.89558974147871	4.117025	2.0290453
16.913308940768466	4.1217194	2.030202
16.931028547430333	4.1517315	2.0375798
16.94874856191613	4.209038	2.051594
16.966468984677785	4.302916	2.074347
16.98418981616729	4.3403716	2.083356
17.00191105683676	4.3684387	2.090081
17.019632707138374	4.392318	2.0957856
17.03735476752442	4.4574227	2.111261
17.05507723844728	4.5036793	2.1221874
17.072800120359403	4.492106	2.119459
17.090523413713353	4.501255	2.1216161
17.108247118961785	4.5608807	2.1356218
17.125971236557437	4.5758004	2.139112
17.143695766953133	4.58665	2.1416466
17.161420710601806	4.610231	2.1471448
17.179146067956477	4.6392155	2.1538837
17.19687183947025	4.654503	2.1574297
17.21459802559634	4.6497893	2.156337
17.232324626788028	4.679201	2.163146
17.25005164349871	4.6428933	2.1547375
17.267779076181863	4.571966	2.1382155
17.285506925291074	4.5112576	2.1239722
17.30323519127999	4.549082	2.1328576
17.320963874602384	4.5336194	2.1292298
17.33869297571211	4.5325217	2.128972
17.356422495063114	4.4932413	2.1197267
17.37415243310944	4.48295	2.117298
17.391882790305218	4.469612	2.1141458
17.40961356710468	4.4518404	2.1099384
17.42734476396215	4.4553995	2.1107817
17.445076381332044	4.497387	2.1207044
17.462808419668868	4.5613885	2.1357408
17.48054087942723	4.655283	2.1576104
17.498273761061835	4.883674	2.2099037
17.51600706502747	5.358379	2.3148172
17.533740791779024	6.1266675	2.4752107
17.551474941771485	7.580515	2.7532735
17.56920951545993	8.6166725	2.935417
17.586944513299528	10.909505	3.302954
17.60467993574556	12.763835	3.572651
17.622415783253373	14.753126	3.8409798
17.64015205627843	16.254257	4.0316567
17.657888755276293	17.390827	4.170231
17.675625880702604	17.793116	4.218189
17.69336343301311	17.55955	4.1904116
17.71110141266366	16.704533	4.0871177
17.728839820110178	15.739253	3.9672728
17.746578655808705	14.706127	3.8348567
17.764317920215372	13.068861	3.615088
17.7820576137864	11.379324	3.3733253
17.79979773697811	9.264333	3.0437367
17.81753829024692	7.3770313	2.716069
17.835279274049356	5.7338886	2.394554
17.85302068884201	4.7500687	2.1794653
17.870762535081607	4.142884	2.0354075
17.888504813224934	3.843313	1.9604369
17.90624752372891	3.69478	1.9221811
17.923990667050536	3.6117346	1.9004564
17.941734243646895	3.5405917	1.881646
17.959478253975185	3.5065367	1.8725749
17.9772226984927	3.4889421	1.867871
17.994967577656833	3.4328208	1.8527873
18.01271289192506	3.3805907	1.8386383
18.030458641754965	3.3346322	1.8260975
18.04820482760425	3.3417668	1.82805
18.06595144993067	3.3738925	1.8368158
18.083698509192125	3.3637757	1.83406
18.101446005846576	3.2974405	1.8158857
18.119193940352105	3.1905267	1.7862046
18.136942313166887	3.1434772	1.7729853
18.1546911247492	3.147913	1.7742358
18.1724403755574	3.1391792	1.7717729
18.19019006604997	3.0954087	1.7593774
18.207940196685467	3.0653434	1.7508122
18.225690767922575	3.0398352	1.7435123
18.243441780220046	3.0125425	1.7356677
18.261193234036764	3.0004964	1.7321941
18.278945129831676	3.0221732	1.7384399
18.29669746806386	3.0656996	1.750914
18.314450249192483	3.0629497	1.7501285
18.3322034736768	3.0649836	1.7507094
18.349957141976184	3.0371802	1.7427508
18.3677112545501	3.0034924	1.7330587
18.385465811858108	3.0085053	1.7345043
18.403220814359884	3.0361283	1.7424489
18.420976262515172	3.089333	1.7576499
18.43873215678387	3.1096704	1.7634257
18.456488497625923	3.119086	1.7660935
18.474245285501407	3.1905546	1.7862123
18.492002520870486	3.245492	1.8015249
18.50976020419343	3.3316615	1.8252839
18.527518335930615	3.6412668	1.9082104
18.545276916542516	4.2187214	2.0539527
18.563035946489688	4.401541	2.097985
18.580795426232832	4.8923087	2.2118564
18.598555356232698	4.758707	2.181446
18.616315736950185	5.010098	2.2383249
18.63407656884626	4.6177444	2.1488938
18.65183785238201	4.792878	2.1892643
18.669599588018617	4.6109266	2.147307
18.68736177621737	4.6190825	2.149205
18.705124417439652	4.5660877	2.1368406
18.72288751214696	4.3293147	2.0807006
18.740651060800886	4.501711	2.1217237
18.758415063863115	4.311387	2.076388
18.77617952179546	4.5361547	2.129825
18.793944435059814	4.265324	2.0652661
18.811709804118184	4.2097955	2.0517786
18.829475629432675	4.042568	2.010614
18.8472419114655	3.8351564	1.9583555
18.86500865067897	3.986286	1.9965686
18.88277584753551	3.7426488	1.9345927
18.90054350249763	3.7362926	1.9329492
18.918311616027957	3.368151	1.8352523
18.936080188589226	3.2567968	1.8046597
18.953849220644265	2.9960592	1.7309128
18.971618712656007	2.860182	1.6912073
18.9893886650875	2.7982576	1.6727993
19.007159078401887	7.939801	2.8177652
19.024929953062408	32.81646	5.728565
19.042701289532435	32.756382	5.723319
19.060473088275405	25.318245	5.031724
19.07824534975489	2.5875242	1.6085783
19.096018074434568	2.5952454	1.6109766
19.113791262778197	2.6056685	1.6142083
19.13156491524966	2.6276064	1.6209893
19.149339032312945	2.6357229	1.6234909
19.167113614432136	2.5917184	1.6098815
19.184888662071433	2.5113626	1.5847279
19.202664175695123	2.4494467	1.5650709
19.220440155767623	2.4737008	1.5728003
19.238216602753447	2.5031385	1.582131
19.2559935171172	2.508693	1.5838854
19.27377089932361	2.4508393	1.5655156
19.291548749837514	2.4186246	1.5551928
19.309327069123835	2.4038272	1.550428
19.32710585764763	2.443024	1.5630176
19.344885115874032	2.4760377	1.5735431
19.362664844268313	2.4917326	1.5785223
19.380445043295822	2.4870136	1.5770268
19.39822571342203	2.4584284	1.5679376
19.41600685511252	2.4367979	1.5610247
19.43378846883297	2.4389896	1.5617265
19.451570555049173	2.4727154	1.572487
19.469353114227037	2.452941	1.5661868
19.48713614683254	2.4525585	1.5660647
19.50491965333182	2.426102	1.5575949
19.52270363419109	2.4196181	1.5555122
19.540488089876686	2.430607	1.5590404
19.55827302085503	2.4910786	1.5783151
19.576058427592674	2.511763	1.5848542
19.593844310556282	2.4700854	1.5716505
19.611630670212598	2.420874	1.5559158
19.629417507028506	2.4203434	1.5557452
19.64720482147098	2.4457915	1.5639026
19.6649926140071	2.4819262	1.575413
19.682780885104084	2.4753416	1.5733218
19.70056963522921	2.4568489	1.5674338
19.718358864849908	2.44114	1.5624148
19.7361485744337	2.4957626	1.5797982
19.753938764448215	2.5260653	1.58936
19.771729435361202	2.5237904	1.5886441
19.789520587640506	2.5086923	1.5838852
19.807312221754092	2.522587	1.5882654
19.825104338170043	2.51481	1.5858153
19.842896937356517	2.5210352	1.5877768
19.860690019781824	2.535107	1.592202
19.87848358591436	2.5453176	1.5954052
19.896277636222635	2.531603	1.5911012
19.914072171175278	2.5189288	1.5871134
19.931867191241015	2.4955833	1.5797415
19.94966269688869	2.4466484	1.5641766
19.967458688587264	2.4267542	1.5578043
19.985255166805807	2.4543657	1.5666416
20.00305213201348	2.4809167	1.5750926
20.020849584679578	2.4880447	1.5773537
20.038647525273507	2.4719193	1.5722339
20.05644595426477	2.4595082	1.5682819
20.07424487212299	2.455379	1.5669649
20.092044279317903	2.4558713	1.567122
20.109844176319353	2.4522839	1.565977
20.127644563597304	2.4430785	1.563035
20.145445441621817	2.4308918	1.5591317
20.16324681086307	2.412159	1.5531126
20.181048671791373	2.3977733	1.5484746
20.198851024877122	2.3743336	1.5408872
20.216653870590836	2.3521953	1.5336869
20.234457209403146	2.3237917	1.5243988
20.252261041784802	2.3312805	1.5268531
20.270065368206662	2.3688085	1.5390934
20.287870189139685	2.39103	1.5462956
20.305675505054968	2.3857214	1.5445781
20.323481316423702	2.3562837	1.5350192
20.341287623717207	2.3406913	1.5299318
20.359094427406884	2.3490858	1.5326728
20.376901727964288	2.3686032	1.5390267
20.39470952586107	2.3704011	1.5396107
20.41251782156899	2.3172138	1.5222397
20.430326615559935	2.3123832	1.5206522
20.448135908305886	2.3394704	1.5295328
20.465945700278965	2.3409674	1.530022
20.483755991951384	2.3219123	1.5237823
20.50156678379548	2.2992616	1.5163317
20.519378076283708	2.308429	1.5193515
20.537189869888635	2.3264408	1.5252675
20.55500216508294	2.3261774	1.525181
20.572814962339415	2.3436952	1.5309132
20.59062826213098	2.3383648	1.5291713
20.60844206493066	2.322083	1.5238383
20.626256371211593	2.2954423	1.5150717
20.644071181447032	2.3149092	1.5214826
20.66188649611036	2.3388555	1.5293317
20.67970231567506	2.2979934	1.5159134
20.697518640614742	2.2779026	1.5092722
20.715335471403122	2.2721126	1.5073528
20.73315280851404	2.2842824	1.5113842
20.750970652421447	2.2753222	1.5084171
20.768789003599412	2.3045876	1.5180868
20.786607862522136	2.2931716	1.5143222
20.8044272296639	2.2848926	1.5115861
20.82224710549913	2.2706501	1.5068676
20.84006749050237	2.32097	1.523473
20.857888385148268	3.864353	1.9657958
20.8757097899116	45.900536	6.7749934
20.893531705267254	64.7029	8.043812
20.911354131690224	83.75217	9.151621
20.92917706965566	69.0482	8.309525
20.94700051963877	50.11953	7.079515
20.96482448211493	29.374191	5.4197965
20.982648957559622	4.0947795	2.0235562
21.00047394644843	2.2139497	1.4879347
21.01829944925707	2.2184484	1.4894457
21.036125466461375	2.2074003	1.4857322
21.053951998537297	2.2134728	1.4877745
21.071779045960906	2.2142735	1.4880435
21.089606609208378	2.2190576	1.4896501
21.10743468875603	2.170381	1.4732213
21.12526328508028	2.1795132	1.4763174
21.143092398657675	2.1669009	1.4720397
21.16092202996488	2.181755	1.4770765
21.17875217947867	2.1730273	1.4741192
21.19658284767596	2.193095	1.4809102
21.21441403503377	2.1859367	1.4784913
21.232245742029225	2.169174	1.4728116
21.2500779691396	2.1497521	1.4662033
21.26791071684227	2.1586726	1.4692422
21.28574398561475	2.205778	1.4851861
21.30357777593465	2.2057261	1.4851687
21.321412088279704	2.1895163	1.4797014
21.339246923127792	2.1995027	1.483072
21.357082280956888	2.2001803	1.4833004
21.3749181622451	2.1788595	1.476096
21.392754567470647	2.1605835	1.4698924
21.41059149711187	2.136455	1.4616617
21.42842895164726	2.0983498	1.4485682
21.446266931555378	2.1027846	1.4500982
21.464105437314945	2.1144588	1.4541179
21.481944469404798	2.1412573	1.4633036
21.49978402830388	2.112986	1.4536114
21.51762411449127	2.0827634	1.4431783
21.53546472844617	2.0287802	1.4243525
21.553305870647876	2.042096	1.4290192
21.571147541575865	2.0329466	1.4258144
21.58898974170967	2.0518575	1.4324306
21.60683247152899	2.0510986	1.4321657
21.62467573151363	2.0675855	1.4379101
21.642519522143523	2.065739	1.4372679
21.660363843898722	2.0618625	1.4359187
21.6782086972594	2.0185676	1.420763
21.696054082705864	1.9938227	1.4120278
21.713900000718535	1.9681108	1.4028938
21.73174645177795	1.9968808	1.4131104
21.749593436364794	2.0361235	1.426928
21.767440954959845	2.0445251	1.4298689
21.785289008044032	2.0269966	1.4237263
21.803137596098388	2.0344849	1.4263537
21.820986719604086	2.0161567	1.4199144
21.838836379042412	1.9953026	1.4125518
21.85668657489478	1.9683661	1.4029847
21.87453730764273	1.9825552	1.4080324
21.892388577767914	1.9923376	1.4115019
21.91024038575213	1.9700493	1.4035845
21.928092732077285	1.9382474	1.3922095
21.945945617225426	1.9384327	1.392276
21.963799041678694	1.9580791	1.3993138
21.981653005919398	31.329184	5.597248
21.999507510429943	78.20231	8.843207
22.01736255569286	73.122856	8.55119
22.035218142190818	4.187904	2.0464368
22.05307427040661	1.9444449	1.3944335
22.07093094082315	1.9561255	1.3986156
22.088788153923474	1.9952661	1.4125389
22.106645910190746	2.0229924	1.4223194
22.12450421010827	1.9799044	1.4070908
22.142363054159464	1.9547621	1.398128
22.16022244282787	1.9735855	1.4048436
22.178082376597164	1.9727895	1.4045602
22.195942855951145	1.972713	1.404533
22.213803881373742	1.9688666	1.4031631
22.231665453349002	1.9620582	1.4007349
22.24952757236111	1.9678946	1.4028167
22.26739023889438	1.9760411	1.4057173
22.28525345343323	1.9614301	1.4005107
22.30311721646225	1.9206877	1.3858888
22.320981528466113	1.904671	1.3800982
22.33884638992964	1.9405689	1.393043
22.356711801337788	1.9643229	1.401543
22.37457776317561	1.955581	1.3984209
22.392444275928337	1.967756	1.4027673
22.410311340081282	1.9774181	1.406207
22.428178956119904	2.0066338	1.416557
22.446047124529805	2.001851	1.4148679
22.46391584579669	1.9599714	1.3999898
22.481785120406414	1.9418535	1.393504
22.49965494884496	1.9348742	1.3909975
22.51752533159841	1.9143065	1.3835846
22.53539626915302	1.8662825	1.3661195
22.553267761995137	1.861673	1.3644314
22.571139810611264	1.9091893	1.3817341
22.589012415488025	1.8939563	1.3762108
22.60688557711216	1.8763927	1.3698149
22.624759295970566	1.8906654	1.3750147
22.642633572550263	1.9403045	1.3929482
22.660508407338362	1.9462805	1.3950915
22.67838380082217	1.9399248	1.3928119
22.696259753489077	1.9511317	1.3968291
22.714136265826614	1.9721651	1.404338
22.73201333832246	1.9708115	1.4038559
22.74989097146439	1.9530064	1.3975
22.76776916574035	1.9182979	1.3850263
22.785647921638393	1.9000455	1.3784214
22.803527239646712	1.9001397	1.3784555
22.82140712025363	1.913646	1.383346
22.839287563947593	1.9236937	1.3869728
22.85716857121719	1.9118466	1.3826954
22.875050142551135	1.8965948	1.3771691
22.892932278438277	1.8815781	1.3717062
22.910814979367604	1.8846414	1.3728224
22.928698245828222	1.8758978	1.3696342
22.946582078309387	1.8603759	1.363956
22.96446647730047	1.8429332	1.3575468
22.98235144329098	1.8482336	1.3594975
23.000236976770562	1.9159331	1.3841723
23.018123078229	1.9495932	1.3962784
23.03600974815619	1.942162	1.3936148
23.053896987042194	1.8614873	1.3643633
23.071784795377173	1.8321451	1.3535676
23.08967317365145	1.8767235	1.3699356
23.10756212235546	1.9274584	1.3883294
23.125451641979787	1.9303038	1.3893538
23.143341733015134	1.9135685	1.383318
23.161232395952357	1.9180623	1.3849412
23.179123631282426	1.9125923	1.3829651
23.197015439496468	1.9021245	1.3791753
23.214907821085717	1.9112891	1.3824939
23.23280077654157	1.9391195	1.3925227
23.250694306355538	1.9595507	1.3998395
23.268588411019277	1.9802109	1.4071996
23.28648309102458	1.9870595	1.409631
23.304378346863356	1.9960197	1.4128057
23.322274179027676	1.9969889	1.4131485
23.340170588009723	1.9638903	1.4013888
23.358067574301852	1.9073462	1.381067
23.37596513839651	1.8993177	1.3781574
23.39386328078629	1.9055345	1.380411
23.411762001963947	1.9047902	1.3801414
23.429661302422353	1.9547362	1.3981189
23.4475611826545	1.9512992	1.3968891
23.46546164315356	1.9561979	1.3986415
23.48336268441279	1.9552063	1.3982869
23.501264306925638	1.9370023	1.3917623
23.51916651118564	1.8975317	1.3775092
23.537069297686497	1.846538	1.3588737
23.554972666922037	1.8370386	1.355374
23.57287661938623	1.8931653	1.3759234
23.59078115557318	1.9111259	1.3824347
23.608686275977128	1.9030886	1.3795247
23.62659198109246	1.8910259	1.3751458
23.6444982714137	1.9019476	1.3791112
23.66240514743549	1.9093723	1.3818004
23.68031260965263	1.9006542	1.3786422
23.698220658560068	1.8895066	1.3745933
23.716129294652845	1.8783357	1.3705239
23.7340385184262	1.8623527	1.3646804
23.75194833037546	1.8879223	1.3740169
23.769858730996123	1.8864772	1.3734909
23.78776972078382	1.8511788	1.3605803
23.80568130023431	1.8541034	1.3616546
23.823593469843495	1.9036163	1.379716
23.841506230107424	1.8984324	1.3778361
23.859419581522275	1.8925554	1.3757018
23.87733352458438	1.8896359	1.3746403
23.89524805979019	1.9014181	1.3789191
23.913163187636318	1.9233437	1.3868467
23.931078908619508	1.9165015	1.3843777
23.948995223236633	1.9082946	1.3814104
23.966912131984735	1.9290681	1.388909
23.98482963536096	1.9423102	1.3936679
24.002747733862616	1.9572016	1.3990002
24.020666427987155	1.9700254	1.4035759
24.038585718232156	2.027172	1.423788
24.056505605095353	2.0682323	1.438135
24.074426089074617	2.1078942	1.4518589
24.092347170667946	2.0516956	1.4323741
24.110268850373515	2.0201223	1.4213101
24.128191128689586	2.0127437	1.418712
24.146114006114626	2.0193124	1.4210252
24.164037483147187	2.010949	1.4180793
24.181961560286005	1.9779366	1.4063914
24.199886238029926	2.003072	1.4152993
24.21781151687797	2.0065236	1.4165181
24.235737397329274	2.0081007	1.4170747
24.253663879883135	2.0006716	1.414451
24.271590965038975	2.0645957	1.4368701
24.289518653296376	2.060883	1.4355776
24.30744694515505	2.0001824	1.414278
24.32537584111486	1.9825255	1.4080218
24.34330534167581	2.011095	1.4181309
24.361235447338046	2.0529058	1.4327965
24.379166158601876	2.0127184	1.4187031
24.39709747596772	2.0142305	1.4192358
24.41502939993615	1.9973282	1.4132686
24.432961931007917	1.9515237	1.3969694
24.450895069683856	1.9488868	1.3960253
24.468828816465	1.973662	1.4048709
24.4867631718525	1.9783981	1.4065554
24.504698136347656	1.9218073	1.3862927
24.52263371045192	1.8783485	1.3705286
24.540569894666874	1.881141	1.3715469
24.558506689494266	1.9002773	1.3785055
24.57644409543597	1.8972595	1.3774104
24.594382112994012	1.9074996	1.3811226
24.61232074267057	1.9504718	1.3965929
24.630259984967953	1.9648461	1.4017297
24.64819984038863	1.957409	1.3990743
24.66614030943522	1.9775691	1.4062607
24.684081392610462	2.004887	1.4159404
24.702023090417274	2.008149	1.4170917
24.7199654033587	1.9926893	1.4116265
24.737908331937927	1.9824183	1.4079838
24.755851876658305	1.9700743	1.4035933
24.773796038023324	1.9592574	1.3997347
24.79174081653661	1.9788132	1.406703
24.809686212701962	1.9990754	1.4138867
24.827632227023294	2.0230298	1.4223325
24.8455788600047	2.0175815	1.420416
24.8635261121504	2.051208	1.4322039
24.88147398396475	2.1075177	1.4517292
24.899422475952303	2.139789	1.4628018
24.917371588617698	2.1329908	1.4604763
24.935321322465768	2.165031	1.4714044
24.953271678001478	2.266278	1.5054163
24.97122265572994	2.4687095	1.5712128
24.989174256156414	2.747878	1.6576725
25.00712647978632	3.2451644	1.801434
25.02507932712521	3.8335204	1.9579378
25.043032798678798	4.431949	2.1052196
25.060986894952933	5.0856285	2.2551339
25.078941616453637	5.8154693	2.4115283
25.096896963687055	6.808116	2.6092367
25.114852937159508	7.9805307	2.8249834
25.132809537377444	8.473767	2.9109735
25.150766764847468	8.333622	2.8868012
25.168724620076347	7.6305485	2.7623448
25.186683103570985	6.521202	2.5536644
25.204642215838426	5.3866816	2.3209226
25.222601957385894	4.131477	2.0326035
25.24056232872074	3.2017314	1.7893382
25.25852333035048	2.6506474	1.6280808
25.276484962782778	2.2610815	1.5036893
25.294447226525435	2.082861	1.443212
25.312410122086423	1.9866674	1.4094919
25.330373649973843	1.9659386	1.4021193
25.348337810695988	1.9865613	1.4094542
25.366302604761245	1.969978	1.4035591
25.384268032678207	1.947256	1.3954412
25.40223409495558	1.9245447	1.3872796
25.420200792102257	1.9195603	1.385482
25.438168124627246	1.945797	1.3949183
25.45613609303974	1.9517602	1.3970541
25.474104697849057	1.9590268	1.3996524
25.492073939564698	1.9259167	1.387774
25.510043818696285	1.8759588	1.3696564
25.528014335753614	1.8505248	1.36034
25.54598549124664	1.8730489	1.3685938
25.56395728568544	1.8659198	1.3659867
25.58192971958028	1.8554459	1.3621476
25.59990279344156	1.836767	1.3552737
25.617876507779833	1.8814312	1.3716527
25.635850863105826	1.8888899	1.3743689
25.653825859930386	1.8866258	1.3735449
25.671801498764548	1.8604091	1.3639681
25.68977778011949	1.8302646	1.3528727
25.707754704506524	1.8317599	1.3534253
25.725732272437153	1.8288702	1.3523573
25.743710484423012	1.799889	1.3415995
25.761689340975888	1.7951485	1.3398315
25.77966884260774	1.810216	1.3454427
25.797648989830662	1.8267404	1.3515697
25.815629783156922	1.8389932	1.3560948
25.83361122309895	1.8158032	1.3475174
25.85159331016929	1.8295817	1.3526204
25.869576044880695	1.8950226	1.3765982
25.887559427746034	1.9147068	1.3837293
25.90554345927836	1.858915	1.3634204
25.92352813999086	1.8307426	1.3530494
25.94151347039689	1.8041985	1.3432046
25.959499451009965	1.7850318	1.3360509
25.97748608234374	1.7727609	1.3314507
25.995473364912062	1.8120959	1.3461411
26.013461299228904	1.7998956	1.3416018
26.03144988580839	1.7887665	1.3374478
26.04943912516483	1.8111696	1.3457971
26.067429017812675	1.8579754	1.3630757
26.085419564266537	1.8219455	1.3497946
26.103410765041186	1.7867982	1.3367118
26.12140262065155	1.7565958	1.3253663
26.139395131612723	1.8072053	1.3443234
26.157388298439948	1.8003677	1.3417778
26.17538212164861	1.8146576	1.3470923
26.193376601754295	1.8024076	1.3425378
26.211371739272714	1.801596	1.3422354
26.229367534719746	1.7867521	1.3366945
26.247363988611433	1.819702	1.3489633
26.26536110146397	1.8366045	1.3552138
26.283358873793727	1.8046398	1.3433689
26.301357306117204	1.7911891	1.3383532
26.319356398951104	1.7650126	1.3285378
26.33735615281224	1.799367	1.3414048
26.35535656821762	1.8454887	1.3584876
26.373357645684404	1.8647391	1.3655545
26.39135938572991	1.8436973	1.3578281
26.409361788871614	1.8041985	1.3432046
26.427364855627165	1.7902557	1.3380044
26.445368586514352	1.807974	1.3446093
26.46337298205115	1.8077228	1.3445158
26.48137804275568	1.8258729	1.3512486
26.499383769146217	1.8327755	1.3538004
26.517390161741215	1.8484942	1.3595934
26.53539722105928	1.8155695	1.3474307
26.553404947619182	1.8275511	1.3518695
26.571413341939856	1.8468206	1.3589778
26.589422404540397	1.8621843	1.3646188
26.60743213594006	1.8165189	1.347783
26.62544253665827	1.7735281	1.3317387
26.64345360721459	1.7654743	1.3287115
26.66146534812879	1.7995174	1.341461
26.679477759920758	1.841717	1.3570987
26.69749084311057	1.8426316	1.3574357
26.71550459821847	1.7760271	1.3326766
26.733519025764842	1.743606	1.3204567
26.751534126270258	1.7694794	1.3302178
26.769549900255434	1.7857474	1.3363186
26.787566348241267	1.737738	1.3182329
26.80558347074881	1.7368675	1.3179027
26.823601268299267	1.8000715	1.3416674
26.841619741414036	1.8419183	1.357173
26.85963889061465	1.8264256	1.3514532
26.877658716422832	1.79025	1.3380022
26.89567921936045	1.7846811	1.3359196
26.913700399949544	1.7918179	1.338588
26.93172225871233	1.7752885	1.3323995
26.949744796171174	1.7957956	1.340073
26.967768012848605	1.8196579	1.3489469
26.98579190926733	1.817596	1.3481824
27.003816485950225	1.7677257	1.3295585
27.021841743420318	1.7633253	1.3279026
27.039867682200814	1.7619959	1.327402
27.057894302815072	1.7654405	1.3286988
27.07592160578664	1.7206025	1.3117174
27.0939495916392	1.7034229	1.3051524
27.111978260896635	1.7134467	1.3089869
27.13000761408296	1.7616489	1.3272712
27.148037651722397	1.800276	1.3417437
27.166068374339304	1.7834654	1.3354645
27.184099782458215	1.7350767	1.3172231
27.20213187660384	1.7720706	1.3311914
27.22016465730105	1.7923636	1.3387918
27.23819812507487	1.7730781	1.3315698
27.256232280450533	1.7952925	1.3398852
27.274267123953383	1.8157783	1.3475082
27.292302656108987	1.8187711	1.3486183
27.31033887744306	1.8226292	1.3500478
27.32837578848146	1.8286914	1.3522911
27.34641338975026	1.7879221	1.3371321
27.364451681775673	1.7385646	1.3185464
27.382490665084074	1.770562	1.3306247
27.400530340202046	1.786295	1.3365235
27.41857070765629	1.7726369	1.3314041
27.436611767973726	1.7710568	1.3308105
27.454653521681404	1.7688391	1.3299772
27.472695969306564	1.7969621	1.3405082
27.490739111376627	1.8085927	1.3448393
27.508782948419153	1.7830392	1.3353049
27.526827480961902	1.7609998	1.3270267
27.54487270953279	1.8069036	1.3442111
27.562918634659898	1.8759589	1.3696564
27.580965256871508	1.8394396	1.3562595
27.599012576696026	1.780445	1.3343332
27.617060594662068	1.7743827	1.3320596
27.63510931129842	1.8547548	1.3618938
27.65315872713401	1.8557075	1.3622435
27.67120884269797	1.8364687	1.3551637
27.68925965851958	1.7940682	1.3394283
27.707311175128307	1.7886637	1.3374094
27.725363393053787	1.8609983	1.3641841
27.74341631282583	1.886777	1.3736
27.7614699349744	1.8487928	1.3597032
27.77952426002968	1.9901441	1.4107246
27.797579288521973	2.1072361	1.4516323
27.815635020981784	2.493054	1.5789407
27.83369145793979	2.509132	1.584024
27.85174859992682	2.3967104	1.5481312
27.869806447473923	2.251627	1.5005423
27.887865001112267	1.9711536	1.4039778
27.905924261373233	1.8987846	1.3779639
27.92398422878836	1.8886057	1.3742656
27.94204490388936	1.8511188	1.3605583
27.96010628720813	1.81042	1.3455185
27.978168379276728	1.7791854	1.3338611
27.9962311806274	1.7969501	1.3405037
28.014294691792568	1.8623599	1.364683
28.0323589133048	1.9228222	1.3866587
28.050423845696887	1.8914665	1.375306
28.068489489501758	1.8613421	1.3643101
28.086555845252523	1.8608768	1.3641396
28.104622913482487	1.8595629	1.363658
28.122690694725115	1.8362939	1.3550992
28.14075918951405	1.8271537	1.3517225
28.15882839838312	1.8513657	1.360649
28.176898321866304	1.8526192	1.3611095
28.1949689604978	1.8301431	1.3528278
28.213040314811945	1.8378686	1.3556801
28.23111238534327	1.9260701	1.3878293
28.249185172626493	1.9523561	1.3972673
28.267258677196473	1.8866987	1.3735715
28.285332899588294	1.8567544	1.3626277
28.303407840337172	1.8788934	1.3707273
28.321483499978545	1.849989	1.3601431
28.33955987904799	1.8708174	1.3677783
28.357636978081285	1.9064134	1.3807293
28.37571479761439	1.9228162	1.3866565
28.393793338183425	1.937269	1.3918581
28.41187260032469	1.9539782	1.3978477
28.429952584574686	1.9413223	1.3933134
28.448033291470065	1.934472	1.3908529
28.46611472154769	1.947501	1.3955289
28.484196875344566	1.9446361	1.394502
28.502279753397914	1.8968146	1.3772489
28.52036335624511	1.9003571	1.3785344
28.538447684423716	1.9510776	1.3968098
28.556532738471482	1.9646895	1.4016738
28.574618518926325	1.9668492	1.402444
28.59270502632635	1.984926	1.408874
28.61079226120985	1.9684409	1.4030113
28.628880224115274	1.9916524	1.4112592
28.646968915581287	2.0060985	1.4163681
28.66505833614671	2.0430744	1.4293616
28.68314848635055	2.050718	1.4320328
28.701239366732004	2.0654304	1.4371605
28.71933097783044	2.0617847	1.4358916
28.737423320185403	2.0627162	1.436216
28.75551639433665	2.0884728	1.4451549
28.773610200824074	2.0967896	1.4480295
28.791704740187793	2.1009061	1.4494503
28.80980001296809	2.1329954	1.4604778
28.827896019705413	2.1700535	1.4731101
28.845992760940433	2.121696	1.4566042
28.86409023721397	2.072991	1.4397885
28.88218844906704	2.1057303	1.4511135
28.900287397040845	2.173499	1.4742792
28.918387081676755	2.2545147	1.5015042
28.936487503516343	2.2795773	1.5098269
28.954588663101365	2.2647169	1.5048976
28.97269056097374	2.3097672	1.5197918
28.990793197675597	2.3571072	1.5352874
29.00889657374923	2.3038452	1.5178423
29.027000689737125	2.2873144	1.512387
29.04510554618196	2.3664148	1.5383155
29.06321114362659	2.4103212	1.5525209
29.08131748261405	2.4276142	1.5580803
29.099424563687567	2.4527235	1.5661173
29.11753238739057	2.5228586	1.5883509
29.13564095426663	2.6139407	1.6167686
29.15375026485954	2.6610494	1.6312723
29.171860319713275	2.7101026	1.6462389
29.18997111937199	2.682219	1.6377481
29.20808266438002	2.6489477	1.6275588
29.226194955281898	2.7391236	1.6550298
29.244307992622335	2.821118	1.6796185
29.26242177694624	2.863632	1.6922269
29.2805363087987	2.9309063	1.711989
29.29865158872498	2.9305627	1.7118887
29.316767617270557	2.8506446	1.6883852
29.334884394981064	2.8858778	1.6987872
29.353001922402367	2.918231	1.7082831
29.37112020008047	3.0362663	1.7424885
29.389239228561596	3.169127	1.7802042
29.407359008392152	3.3389626	1.8272828
29.42547954011872	3.663767	1.914097
29.44360082428809	4.2649083	2.0651655
29.46172286144722	5.3562984	2.3143678
29.479845652143283	7.0027003	2.6462617
29.497969196923606	9.244173	3.0404232
29.516093496335728	11.926794	3.453519
29.5342185509274	14.773498	3.8436308
29.55234436124651	17.155285	4.141894
29.570470927841175	18.664461	4.3202386
29.588598251259686	18.406475	4.290277
29.60672633205055	16.826996	4.1020722
29.624855170762405	14.540621	3.8132167
29.642984767944146	11.760839	3.429408
29.66111512414481	8.995081	2.99918
29.67924623991366	6.6330123	2.5754635
29.697378115800138	5.033852	2.2436247
29.71551075235387	4.0614924	2.0153146
29.733644150124675	3.7433195	1.934766
29.751778309662576	3.5913486	1.8950853
29.769913231517766	3.4268076	1.8511639
29.78804891624066	3.3386033	1.8271846
29.806185364381818	3.2845378	1.8123294
29.82432257649206	3.2705452	1.8084649
29.842460553122333	3.3000007	1.8165904
29.86059929482382	3.3181303	1.8215736
29.878738802147872	3.2982535	1.8161094
29.896879075646048	3.250577	1.8029356
29.915020115870114	3.2757633	1.809907
29.933161923371976	3.2927344	1.8145893
29.951304498703777	3.2790327	1.81081
29.969447842417857	3.1996448	1.788755
29.987591955066733	3.1071835	1.7627205
30.005736837203123	3.0417905	1.7440729
30.023882489379943	3.072719	1.7529173
30.04202891215028	3.1022632	1.7613243
30.060176106067455	3.1018574	1.7612091
30.078324071684946	3.0905616	1.7579993
30.09647280955646	3.0596876	1.7491963
30.114622320235863	3.073304	1.7530841
30.132772604277257	3.0832143	1.7559084
30.1509236622349	3.0692415	1.7519251
30.16907549466328	3.0846426	1.7563151
30.18722810211705	3.102983	1.7615286
30.205381485151097	3.1164186	1.7653381
30.22353564432045	3.0719914	1.7527097
30.241690580180403	3.017281	1.7370323
30.25984629328638	3.000039	1.7320621
30.278002784194037	3.0218167	1.7383374
30.296160053459246	3.0235586	1.7388383
30.314318101638033	2.994089	1.7303436
30.332476929286646	2.897458	1.7021922
30.35063653696153	2.860166	1.6912025
30.368796925219307	2.8972518	1.7021315
30.386958094616844	2.943158	1.7155634
30.40512004571115	2.8772347	1.6962414
30.423282779059463	2.8746338	1.6954745
30.441446295219233	2.8368165	1.6842852
30.459610594748067	2.8464923	1.6871551
30.47777567820382	2.8701196	1.6941427
30.495941546144504	2.8608553	1.6914064
30.51410819912835	2.8327374	1.6830738
30.532275637713795	2.786833	1.669381
30.55044386245946	2.757183	1.6604768
30.56861287392416	2.7785578	1.6669006
30.586782672666956	2.7419226	1.6558752
30.604953259247047	2.7031662	1.6441308
30.623124634223885	2.7116773	1.6467172
30.641296798157075	2.6852412	1.6386706
30.659469751606462	2.6932342	1.6411076
30.677643495132074	2.7486346	1.6579007
30.695818029294152	2.715425	1.6478547
30.713993354653116	2.6554723	1.629562
30.73216947176962	2.6497133	1.627794
30.75034638120448	2.7005923	1.6433479
30.768524083518756	2.7476933	1.6576167
30.786702579273673	2.7786975	1.6669426
30.80488186903069	2.8336194	1.6833358
30.82306195335144	2.9233496	1.7097806
30.841242832797782	3.1099968	1.7635183
30.85942450793176	3.3964343	1.8429418
30.877606979315637	3.8404598	1.9597092
30.895790247511883	4.240862	2.0593352
30.913974313083134	4.5940967	2.1433845
30.932159176592283	4.852156	2.202761
30.95034483860237	4.91922	2.2179315
30.968531299676698	4.7387295	2.1768622
30.98671856037873	4.4640827	2.1128376
31.00490662127215	3.991236	1.9978077
31.023095482920848	3.4562516	1.8590996
31.04128514588892	3.033202	1.741609
31.059475610740662	2.7433069	1.6562932
31.07766687804056	2.6021283	1.6131114
31.09585894835335	2.486022	1.5767124
31.11405182224393	2.432442	1.5596288
31.132245500277417	2.3883984	1.5454444
31.15043998301914	2.3877614	1.5452383
31.168635271034628	2.4500601	1.5652668
31.18683136488964	2.500003	1.5811398
31.20502826515008	2.4911606	1.5783411
31.223225972382135	2.461786	1.569008
31.241424487152155	2.4836006	1.5759443
31.259623810026692	2.5250583	1.5890431
31.27782394157253	2.5033112	1.5821855
31.296024882356644	2.4032836	1.5502528
31.314226632946237	2.37916	1.5424526
31.332429193908684	2.400055	1.549211
31.350632565811598	2.4598327	1.5683854
31.368836749222787	2.4759905	1.573528
31.387041744710295	2.442339	1.5627984
31.40524755284232	2.48149	1.5752746
31.423454174187317	2.5146563	1.5857668
31.441661609313922	2.4051163	1.5508437
31.459869858791002	2.4036949	1.5503854
31.478078923187628	2.5391796	1.5934803
31.496288803073064	2.4896977	1.5778776
31.514499499016807	2.386534	1.544841
31.532711011588546	2.352608	1.5338213
31.550923341358178	2.3543978	1.5344048
31.56913648889584	2.3161235	1.5218816
31.587350454771844	2.2677734	1.5059128
31.605565239556732	2.2301567	1.4933709
31.62378084382127	2.2387247	1.4962368
31.641997268136382	2.265519	1.505164
31.660214513073274	2.2619991	1.5039943
31.67843257920331	2.26383	1.5046029
31.6966514670981	2.2839992	1.5112906
31.71487117732944	2.2820468	1.5106446
31.733091710469346	2.2543333	1.5014437
31.751313067090052	2.200055	1.4832582
31.769535247764008	2.2099943	1.4866049
31.787758253063878	2.2400007	1.4966632
31.805982083562526	2.2002103	1.4833106
31.824206739833024	2.1240788	1.4574219
31.84243222244869	2.1019294	1.4498032
31.860658531983013	2.173529	1.4742893
31.878885669009737	2.1945064	1.4813867
31.897113634102784	2.2296245	1.4931927
31.91534242783632	2.2920713	1.5139588
31.933572050784694	2.2692628	1.5064073
31.951802503522508	2.2066023	1.4854636
31.970033786624548	2.182971	1.477488
31.988265900665834	2.2077198	1.4858397
32.006498846221575	2.2374625	1.495815
32.02473262386724	2.229015	1.4929887
32.04296723417845	2.2294734	1.4931421
32.0612026777311	2.1700165	1.4730976
32.07943895510129	2.1575902	1.4688737
32.097676066865304	2.1747067	1.4746886
32.115914013599685	2.1050994	1.450896
32.13415279588115	2.0730548	1.4398106
32.152392414286666	2.176476	1.4752884
32.1706328693934	2.242183	1.497392
32.18887416177875	2.156516	1.4685081
32.20711629202032	2.1344936	1.4609907
32.225359260695924	2.1504452	1.4664396
32.243603068383614	2.1653583	1.4715157
32.26184771566166	2.1074235	1.4516968
32.28009320310852	1.9989768	1.4138517
32.2983395313029	2.086218	1.4443747
32.31658670082372	2.0896058	1.4455469
32.33483471225012	2.0628304	1.4362557
32.35308356616143	2.0259595	1.423362
32.371333263137245	1.9411072	1.3932362
32.38958380375734	1.9985102	1.4136868
32.407835188601744	2.090168	1.4457413
32.42608741825067	2.1056213	1.4510759
32.444340493284585	2.0744398	1.4402915
32.46259441428416	2.1046045	1.4507256
32.48084918183028	2.07123	1.4391768
32.49910479650405	2.0853586	1.4440771
32.51736125888683	2.1531022	1.4673452
32.53561856956014	2.1269956	1.4584223
32.5538767291058	2.0906856	1.4459203
32.572135738105764	2.0547383	1.4334358
32.59039559714228	2.080893	1.44253
32.608656306797776	2.1128738	1.4535728
32.62691786765491	2.1696317	1.472967
32.645180280296586	2.074774	1.4404076
32.663443545305896	2.0149925	1.4195043
32.68170766326619	1.9754199	1.4054964
32.69997263476099	1.9532583	1.3975902
32.7182384603741	1.9177518	1.3848292
32.7365051406895	1.9331661	1.3903835
32.75477267629144	1.9292096	1.3889599
32.77304106776434	1.8805193	1.3713202
32.79131031569289	1.8560237	1.3623596
32.809580420661966	1.9216099	1.3862214
32.827851383256714	2.0510006	1.4321315
32.84612320406245	2.0199525	1.4212503
32.86439588366476	1.9757414	1.4056107
32.88266942264945	2.0066957	1.4165789
32.9009438216025	2.038903	1.4279016
32.9192190811102	2.0516381	1.4323541
32.937495201758985	2.0479407	1.4310628
32.95577218413556	1.9991608	1.4139168
32.974050028826866	1.9298478	1.3891896
32.992328736420035	1.9753326	1.4054652
33.010608307502444	1.9932113	1.4118114
33.02888874266169	1.943782	1.3941958
33.047170042485604	1.9026684	1.3793725
33.06545220756225	1.8951142	1.3766315
33.083735238479896	1.9311349	1.3896528
33.10201913582707	1.9060801	1.3806086
33.12030390019248	1.8703842	1.3676199
33.138589532165135	1.885941	1.3732957
33.15687603233419	1.971968	1.4042678
33.17516340128909	1.9420816	1.3935859
33.19345163961947	2.0050719	1.4160056
33.211740747915215	2.0477989	1.4310132
33.23003072676643	2.095502	1.4475849
33.248321576763466	2.044714	1.429935
33.266613298496885	1.9404608	1.3930042
33.28490589255747	1.8852723	1.3730521
33.30319935953626	1.8699083	1.367446
33.32149370002451	1.7968041	1.3404492
33.339788914613706	1.9267806	1.3880852
33.358085003895575	2.0376618	1.4274669
33.376381968462034	1.9779673	1.4064022
33.39467980890529	1.8842145	1.372667
33.41297852581774	1.9435863	1.3941257
33.43127811979204	1.9853455	1.4090229
33.44957859142105	1.9095311	1.3818579
33.467879941297866	1.8655597	1.365855
33.486182170015844	1.844072	1.3579661
33.50448527816853	1.9472724	1.395447
33.522789266349754	2.0468879	1.4306949
33.541094135153514	2.0267644	1.4236448
33.55939988517411	1.9142065	1.3835485
33.57770651700602	1.8522413	1.3609707
33.59601403124398	1.7941234	1.3394489
33.61432242848296	1.7695531	1.3302455
33.632631709318154	1.8717908	1.368134
33.650941874344994	1.9717748	1.404199
33.66925292415916	1.9709414	1.4039022
33.68756485935654	1.9461625	1.3950492
33.70587768053328	1.9482827	1.3958089
33.724191388285746	1.9659064	1.4021078
33.74250598321054	1.9835896	1.4083997
33.760821465904506	2.051071	1.4321561
33.77913783696474	2.0101516	1.4177982
33.79745509698852	2.0149093	1.419475
33.815773246573414	1.968819	1.4031461
33.8340922863172	1.941221	1.393277
33.852412216817896	1.929032	1.388896
33.87073303867377	1.9415222	1.3933852
33.889054752483304	1.9971563	1.4132078
33.907377358845245	1.9460148	1.3949963
33.92570085835853	1.9213091	1.3861129
33.94402525162239	1.9984916	1.4136802
33.96235053923627	1.9767177	1.4059579
33.980676721799824	1.8921963	1.3755713
33.999003799912984	1.8715032	1.368029
34.01733177417592	1.8397462	1.3563725
34.03566064518901	1.9154861	1.3840109
34.0539904135529	1.9823083	1.4079447
34.07232107986846	1.9988337	1.4138012
34.090652644736785	2.0874074	1.4447863
34.108985108759235	2.1242425	1.4574782
34.12731847253742	2.0315526	1.4253254
34.14565273667313	1.9225496	1.3865603
34.16398790176847	1.9136113	1.3833334
34.18232396842574	1.918046	1.3849354
34.20066093724749	1.9160208	1.384204
34.21899880883651	1.8600855	1.3638495
34.23733758379583	1.9994333	1.4140131
34.25567726272874	2.0082033	1.4171109
34.27401784623872	1.8937522	1.3761367
34.29235933492957	1.8052866	1.3436096
34.31070172940526	1.8596851	1.3637027
34.32904503027003	1.7895001	1.337722
34.347389238128386	1.8162757	1.3476927
34.36573435358502	1.8817056	1.3717527
34.38408037724492	1.9259547	1.3877877
34.402427309713296	1.8611027	1.3642224
34.42077515159559	1.912427	1.3829052
34.43912390349752	1.9173787	1.3846945
34.45747356602499	1.8620089	1.3645545
34.47582413978423	1.939794	1.3927648
34.49417562538163	1.9822948	1.4079399
34.51252802342388	1.9158784	1.3841527
34.53088133451789	2.0097752	1.4176654
34.54923555927084	2.1280138	1.4587713
34.567590698290104	2.066248	1.4374449
34.58594675218336	1.959739	1.3999068
34.6043037215585	1.9410573	1.3932183
34.62266160702365	1.9841833	1.4086105
34.641020409187234	1.980671	1.4073632
34.65938012865785	1.9253411	1.3875666
34.677740766044394	1.9174386	1.384716
34.69610232195598	1.9178541	1.3848661
34.714464797002016	2.1912794	1.4802971
34.73282819179208	2.275766	1.5085642
34.751192506936064	2.122492	1.4568775
34.76955774304408	2.026255	1.4234658
34.7879239007265	2.0066662	1.4165684
34.80629098059391	1.9257615	1.3877181
34.824658983257194	1.9625864	1.4009234
34.843027909327446	1.9457264	1.3948929
34.86139775941603	2.0248919	1.422987
34.879768534134534	2.1905928	1.4800651
34.89814023409483	2.1864738	1.478673
34.91651285990901	2.0156703	1.4197431
34.93488641218944	2.0083737	1.417171
34.95326089154871	1.9029659	1.3794802
34.97163629859967	1.6663823	1.2908843
34.99001263395542	1.7659625	1.3288952
35.00838989822934	1.8806943	1.371384
35.02676809203499	1.8245612	1.3507632
35.04514721598624	1.8138176	1.3467804
35.063527270697215	1.9969302	1.4131278
35.081908256782256	2.3210015	1.5234834
35.10029017485597	2.263332	1.5044374
35.11867302553321	2.0944622	1.4472257
35.137056809429104	2.0608222	1.4355564
35.155441527159006	2.0318396	1.4254261
35.173827179338524	1.686272	1.2985654
35.19221376658354	1.5636107	1.2504442
35.21060128951017	1.9152722	1.3839337
35.2289897487348	2.1708994	1.4733973
35.24737914487405	2.1672509	1.4721586
35.26576947854479	2.244115	1.4980371
35.28416075036418	2.278782	1.5095634
35.30255296094958	1.9474051	1.3954946
35.32094611091867	1.8880718	1.3740712
35.33934020088932	1.8850403	1.3729677
35.35773523147969	2.0390465	1.4279518
35.3761312033082	2.1030402	1.4501863
35.394528116993506	1.722012	1.3122545
35.41292597315452	1.5432087	1.2422595
35.431324772410434	1.5866355	1.2596172
35.449724515380666	1.7947308	1.3396757
35.46812520268491	2.134339	1.4609377
35.486526834943106	2.299019	1.5162517
35.504929412775454	2.395518	1.5477462
35.52333293680242	1.9053205	1.3803335
35.54173740764471	1.6277179	1.2758205
35.560142825923286	1.6769693	1.2949785
35.5785491922594	1.6069462	1.2676538
35.59695650727454	1.4903972	1.2208183
35.61536477159042	1.7820303	1.3349271
