0.008763373481513119	0.43391317	0.65872085
0.026290120649546365	0.6986892	0.83587635
0.043816868432600686	0.53658384	0.73251885
0.06134361724069026	0.46700302	0.6833762
0.07887036748382949	0.3887827	0.6235244
0.0963971195720331	0.34069952	0.5836947
0.11392387391531617	0.266365	0.5161056
0.1314506309236943	0.19634093	0.44310376
0.1489773910071836	0.13377625	0.36575437
0.16650415457580078	0.11542435	0.3397416
0.18403092203956356	0.078477316	0.28013802
0.20155769380849	0.08808564	0.29679224
0.2190844702925996	0.10855566	0.32947785
0.2366112519019124	0.08117498	0.28491223
0.2541380390464497	0.08463411	0.29091942
0.27166483213623416	0.08710469	0.29513505
0.28919163158128947	0.09384031	0.30633366
0.3067184377916406	0.084496915	0.29068354
0.324245251177314	0.07675782	0.27705202
0.34177207214833777	0.107671365	0.32813317
0.3592989011147415	0.21303159	0.46155345
0.37682573848655654	0.2512051	0.50120366
0.39435258467381573	0.22585696	0.4752441
0.41187944008655414	0.14032221	0.37459606
0.42940630513480854	0.11885577	0.34475464
0.446933180228618	0.13749525	0.3708035
0.4644600657780234	0.16097374	0.40121534
0.48198696219306775	0.16942953	0.41161817
0.49951386988379676	0.181003	0.42544448
0.5170407892602581	0.15950485	0.39938056
0.5345677207325025	0.1599065	0.39988312
0.5520946647105822	0.14210407	0.37696695
0.5696216216045534	0.16139363	0.40173826
0.5871485918244737	0.17701958	0.42073694
0.6046755757804043	0.16189735	0.4023647
0.6222025738824094	0.15913853	0.3989217
0.6397295865405557	0.1410266	0.3755351
0.6572566141649129	0.18321863	0.42804044
0.6747836571655547	0.18910977	0.43486753
0.6923107159525568	0.21363117	0.46220252
0.7098377909359992	0.23972526	0.48961747
0.7273648825259653	0.26248816	0.51233596
0.7448919911325411	0.21371052	0.46228835
0.762419117165817	0.15370749	0.39205548
0.7799462610358868	0.115048245	0.33918762
0.7974734231528482	0.113428526	0.33679152
0.8150006039268024	0.13283125	0.3644602
0.8325278037678551	0.15801044	0.39750525
0.8500550230861152	0.16550305	0.40682065
0.8675822622916969	0.18538986	0.43056923
0.8851095217947171	0.17703015	0.42074952
0.9026368020052984	0.19022621	0.4361493
0.9201641033335665	0.18493931	0.4300457
0.9376914261896523	0.20346606	0.45107213
0.9552187709836915	0.2402422	0.4901451
0.9727461381258234	0.21343355	0.4619887
0.990273528026193	0.25242296	0.5024171
1.0078009410949496	0.2522705	0.50226533
1.0253283777422473	0.29339144	0.5416562
1.0428558383782454	0.3150572	0.56129956
1.0603833234131086	0.31525332	0.56147426
1.0779108332570058	0.34605852	0.5882674
1.0954383683201119	0.34016803	0.58323926
1.112965929012607	0.34802526	0.5899367
1.1304935157446763	0.4303344	0.65599877
1.1480211289265108	0.4624244	0.68001795
1.1655487689683062	1.3423026	1.1585778
1.1830764362802655	1.6315962	1.2773395
1.200604131272596	2.0696788	1.4386379
1.2181318543555117	2.3773506	1.541866
1.235659605939232	2.478341	1.5742748
1.253187386433982	4.074365	2.0185056
1.270715196249994	6.358774	2.521661
1.2882430357975057	11.749978	3.427824
1.3057709054867608	16.415504	4.051605
1.3232988057280106	22.153149	4.706713
1.3408267369315112	27.185047	5.213928
1.358354699507526	30.889648	5.5578456
1.3758826938663256	35.26415	5.9383626
1.3934107204181858	37.764175	6.1452565
1.410938779573391	38.40814	6.19743
1.4284668717422309	39.060493	6.2498393
1.4459949973350033	38.446316	6.2005095
1.4635231567620117	38.532303	6.2074394
1.4810513504335687	37.353405	6.111743
1.4985795787599925	36.044052	6.0036697
1.5161078421516088	35.47574	5.9561515
1.5336361410187505	34.704777	5.891076
1.5511644757717598	34.72621	5.892895
1.5686928468209842	35.538704	5.961435
1.58622125457678	36.372074	6.0309267
1.6037496994495108	37.5613	6.1287274
1.621278181849548	37.40782	6.1161933
1.6388067021872719	37.885166	6.1550927
1.6563352608730693	37.52298	6.1256003
1.673863858317336	36.88202	6.0730567
1.6913924949304753	36.230663	6.0191913
1.7089211711228998	34.972324	5.91374
1.7264498873050296	33.995083	5.83053
1.7439786438872935	32.885788	5.734613
1.7615074412801288	31.909826	5.648878
1.779036279893981	31.15166	5.5813675
1.796565160139305	30.235727	5.4987025
1.814094082426564	29.629662	5.4433136
1.8316230471662298	28.683325	5.3556814
1.849152054768784	27.789299	5.2715554
1.8666811056447168	27.176096	5.21307
1.8842102002045273	26.7843	5.175355
1.901739338858724	26.24903	5.1233807
1.9192685220178245	25.993322	5.098365
1.9367977500923557	25.360535	5.0359244
1.9543270234928547	24.919174	4.991911
1.971856342629867	24.414484	4.9411016
1.9893857079139496	23.983671	4.8973126
2.006915119755667	23.484919	4.846124
2.0244445785655945	22.438427	4.736922
2.0419740847543175	21.732607	4.661824
2.0595036387324317	21.134535	4.5972314
2.0770332409105414	20.94158	4.576197
2.094562891699263	20.893946	4.5709896
2.1120925915092217	20.401243	4.5167737
2.129622340751053	19.905441	4.4615517
2.1471521398354043	188.20815	13.718898
2.1646819891729323	444.54697	21.084282
2.182211889174303	440.87292	20.996975
2.1997418402501974	453.017	21.284197
2.2172718428113023	432.60858	20.799244
2.234801897268317	320.52682	17.903263
2.2523320040319548	17.087994	4.133763
2.269862163512935	17.091833	4.134227
2.287392376121992	16.735308	4.090881
2.304922642269869	16.313578	4.039007
2.322452962367322	15.95244	3.9940505
2.3399833368251164	15.701192	3.962473
2.357513766054032	15.642584	3.9550707
2.3750442504648586	15.429027	3.92798
2.3925747904683963	15.026405	3.8763907
2.410105386475459	14.802756	3.847435
2.4276360388968707	14.538292	3.8129113
2.445166748143469	14.254507	3.7755141
2.4626975146261025	13.931762	3.7325275
2.4802283387556323	13.566708	3.6833012
2.4977592209429305	13.246346	3.639553
2.5152901615988825	13.060461	3.613926
2.5328211611343865	12.857417	3.585724
2.5503522199603523	12.747268	3.5703316
2.5678833384877024	12.588058	3.5479653
2.5854145171273712	12.533238	3.5402315
2.6029457562903064	12.043436	3.4703655
2.620477056387469	11.798739	3.4349294
2.6380084178298326	11.604014	3.4064665
2.655539841028383	11.452612	3.3841708
2.673071326394119	11.339794	3.367461
2.6906028743380523	11.20975	3.3480966
2.708134485271211	11.087443	3.3297813
2.7256661596046325	11.001784	3.3168938
2.743197897749369	10.758829	3.2800653
2.760729700116486	10.61607	3.2582312
2.778261567117063	10.283381	3.2067711
2.795793499162193	10.150443	3.185976
2.8133254966629817	10.231049	3.198601
2.830857560030551	10.107147	3.179174
2.8483896896760337	9.922297	3.1499677
2.865921886010578	9.565496	3.0928137
2.883454149445347	9.504656	3.0829623
2.9009864803915177	9.493488	3.0811505
2.91851887926028	9.426318	3.070231
2.9360513464628384	9.368476	3.0607965
2.953583882410413	9.080039	3.0133102
2.9711164875142373	8.941879	2.9902976
2.9886491621855606	8.743589	2.9569561
3.0061819068356455	8.661274	2.9430041
3.023714721875769	8.548319	2.9237509
3.041247607717225	8.501512	2.9157352
3.0587805647713213	8.362381	2.8917782
3.0763135934493806	8.344719	2.8887227
3.0938466941627407	8.284309	2.8782477
3.1113798673227544	8.252876	2.872782
3.1289131133407904	8.169944	2.8583114
3.1464464326282315	7.9200225	2.8142536
3.1639798255964786	7.748667	2.7836428
3.1815132926569443	7.644748	2.7649138
3.1990468342210603	7.604567	2.757638
3.216580450700272	7.5658054	2.7506008
3.2341141425060416	7.4933734	2.7374027
3.251647910049847	7.3944645	2.7192764
3.2691817537431813	7.4060097	2.7213986
3.286715673997555	7.231015	2.6890547
3.3042496712244938	7.203931	2.6840138
3.32178374583554	7.0569425	2.6564906
3.339317898242251	6.9735503	2.640748
3.3568521288562034	6.846156	2.616516
3.3743864380889876	6.8274617	2.6129413
3.3919208263522127	6.759249	2.5998557
3.4094552940575023	6.80909	2.6094234
3.4269898416164972	6.74148	2.596436
3.444524469440858	6.5468574	2.5586827
3.4620591779422587	6.436321	2.5369904
3.479593967532391	6.38426	2.5267093
3.4971288386229658	6.36565	2.523024
3.5146637916257086	6.31963	2.5138874
3.5321988269523628	6.2829623	2.5065837
3.5497339450146903	6.3116617	2.5123022
3.5672691462244708	6.331167	2.516181
3.5848044309934988	6.3064227	2.511259
3.60233979973359	6.2578883	2.5015771
3.619875252856575	6.2675405	2.5035057
3.6374107907743034	6.3004494	2.5100696
3.6549464138986427	6.3574944	2.5214071
3.6724821226414788	6.313646	2.512697
3.690017917414714	6.3297796	2.5159054
3.7075537986302702	6.4765573	2.544908
3.7250897667000857	6.6915307	2.5867994
3.7426258220361235	6.792265	2.6061974
3.7601619650503553	6.9469037	2.6356978
3.777698196154779	7.4514008	2.7297254
3.7952345157614067	8.605201	2.9334621
3.8127709242822716	9.526912	3.0865695
3.830307422129425	11.852847	3.4427965
3.847844009714936	30.530085	5.5254035
3.8653806874508954	97.9434	9.896636
3.882917455749409	97.078	9.852817
3.900454315022606	96.70237	9.833736
3.917991265682631	41.299084	6.4264364
3.9355283081416506	10.989951	3.3151095
3.9530654428118495	8.832968	2.9720309
3.970602670105433	7.5860105	2.7542713
3.9881399904346244	6.598965	2.568845
4.005677404211669	6.436566	2.5370388
4.023214911848827	6.443793	2.5384626
4.0407525137583855	6.5235014	2.5541146
4.058290210352644	6.616273	2.5722117
4.075828002043927	6.572514	2.5636914
4.0933658892445814	6.414125	2.5326123
4.110903872366966	6.2756653	2.505128
4.128441951823468	6.1735015	2.4846532
4.145980128026488	6.14315	2.4785378
4.163518401388452	6.1417503	2.4782555
4.181056772321807	6.2032027	2.490623
4.1985952412390155	6.2389107	2.497781
4.216133808552567	6.2797456	2.505942
4.233672474674966	6.216954	2.493382
4.251211240018741	6.3860927	2.527072
4.268750104996445	6.6005144	2.5691466
4.286289070020643	7.4465766	2.7288415
4.303828135503928	9.019482	3.003245
4.3213673018589125	29.384335	5.420732
4.3389065694982305	90.6588	9.521491
4.356445938834537	165.99599	12.883943
4.3739854102805085	171.28828	13.087715
4.391524984248844	172.14034	13.120226
4.409064661152262	136.14876	11.66828
4.426604441403504	96.584595	9.827746
4.444144325415337	75.973366	8.71627
4.461684313600543	21.957981	4.6859345
4.47922440637193	22.485102	4.7418456
4.496764604142329	20.930609	4.5749984
4.5143049073245916	19.051563	4.3648095
4.531845316331589	16.79422	4.0980754
4.5493858315762195	13.605083	3.6885068
4.566926453471405	11.292991	3.3605046
4.584467182430081	9.262343	3.0434098
4.602008018865218	8.167412	2.8578684
4.619548963189798	7.5136447	2.741103
4.637090015816834	7.011531	2.6479294
4.654631177159353	6.7504773	2.5981681
4.672172447630417	6.361683	2.5222378
4.689713827643102	6.21643	2.493277
4.7072553176105085	5.96241	2.4418046
4.724796917945764	5.8456945	2.417787
4.742338629062015	5.757077	2.399391
4.759880451372434	5.782226	2.404626
4.777422385290215	5.7484894	2.3976007
4.794964431228581	5.7109165	2.3897524
4.812506589600768	5.740413	2.395916
4.830048860820047	5.7215176	2.3919694
4.847591245299709	5.757094	2.3993945
4.8651337434530655	5.716997	2.3910244
4.882676355693457	5.632823	2.3733568
4.900219082434242	5.566348	2.3593109
4.917761924088813	5.5377836	2.3532495
4.935304881070575	5.5274196	2.3510466
4.952847953792969	5.458972	2.3364444
4.970391142669449	5.385654	2.3207011
4.9879344481135055	5.3843713	2.3204248
5.005477870538642	5.4638906	2.3374968
5.023021410358394	5.4830117	2.3415833
5.040565067986324	5.50851	2.3470216
5.05810884383601	5.4151855	2.3270552
5.075652738321066	5.4001865	2.3238301
5.09319675185512	5.4198666	2.3280606
5.110740884851836	5.472486	2.3393345
5.128285137724894	5.481668	2.3412962
5.145829510888007	5.4333425	2.3309531
5.163374004754908	5.3838024	2.3203022
5.1809186197393595	5.3443856	2.3117926
5.198463356255145	5.272291	2.296147
5.216008214716077	5.256358	2.2926748
5.233553195535998	5.239438	2.288982
5.251098299128764	5.366147	2.3164945
5.268643525908272	5.328769	2.3084128
5.286188876288432	5.3204727	2.3066149
5.3037343506831895	5.230701	2.2870727
5.32127994950651	5.204544	2.281347
5.3388256731723915	5.1994414	2.2802284
5.356371522094851	5.213742	2.283362
5.373917496687938	5.2849903	2.2989106
5.391463597365729	5.32513	2.3076243
5.40900982454232	5.3448553	2.3118944
5.426556178631843	5.2520947	2.291745
5.444102660048449	5.221698	2.2851036
5.4616492692063225	5.179784	2.275914
5.479196006519669	5.1950107	2.2792566
5.496742872402727	5.1825185	2.2765145
5.514289867269756	5.1787734	2.2756917
5.531836991535049	5.129076	2.2647464
5.549384245612924	5.1114955	2.2608616
5.566931629917724	5.228174	2.28652
5.584479144863822	5.1602564	2.2716198
5.6020267908656205	5.1874075	2.2775881
5.619574568337545	5.114522	2.2615309
5.637122477694054	5.1276264	2.2644262
5.654670519349629	5.1294856	2.2648368
5.672218693718784	5.0981708	2.2579129
5.689767001216059	5.110715	2.260689
5.707315442256021	5.2086864	2.2822547
5.724864017253266	5.3212643	2.3067865
5.7424127266224225	5.355129	2.314115
5.75996157077814	5.3143306	2.305283
5.777510550135105	5.219166	2.2845495
5.795059665108022	5.2393394	2.2889602
5.812608916111639	5.1822395	2.2764533
5.830158303560715	5.2943397	2.3009431
5.847707827870055	5.255215	2.2924256
5.86525748945448	5.332851	2.3092966
5.8828072887288485	5.5358944	2.352848
5.900357226108044	5.654597	2.3779397
5.917907302006979	5.7490897	2.397726
5.9354575168406	6.303218	2.510621
5.9530078710238765	6.8894916	2.624784
5.970558364971812	7.5090175	2.7402587
5.988108999099438	7.8422794	2.800407
6.005659773821818	8.351511	2.889898
6.023210689554039	8.095341	2.8452313
6.040761746711227	8.570887	2.9276078
6.058312945708531	8.070756	2.8409076
6.075864286961132	7.570761	2.7515016
6.093415770884244	6.7919536	2.6061378
6.1109673978931065	6.116395	2.4731348
6.128519168402993	5.3624287	2.315692
6.146071082829204	5.1964207	2.2795658
6.163623141587075	5.137775	2.266666
6.181175345091969	5.2314677	2.2872403
6.198727693759281	5.2337456	2.287738
6.216280188004435	5.320271	2.3065712
6.233832828242885	5.268274	2.295272
6.251385614890126	5.2706785	2.295796
6.268938548361669	5.178559	2.2756448
6.286491629073067	5.11501	2.2616386
6.304044857439898	5.048231	2.246827
6.321598233877777	4.961854	2.227522
6.339151758802344	4.949932	2.2248442
6.356705432629277	4.9214067	2.2184243
6.37425925577428	4.8989644	2.2133605
6.391813228653095	4.9313135	2.2206562
6.409367351681486	4.978919	2.2313492
6.426921625275259	5.0306034	2.2429006
6.44447604985025	5.0234	2.2412941
6.46203062582232	5.0255914	2.2417831
6.47958535360737	5.055498	2.2484436
6.497140233621328	5.1138005	2.2613714
6.514695266280161	5.1026077	2.2588952
6.532250451999859	5.057939	2.2489862
6.549805791196454	4.9928956	2.2344787
6.567361284286002	4.9827113	2.2321987
6.584916931684597	5.040688	2.2451477
6.602472733808367	5.0782914	2.2535064
6.6200286910734665	5.09726	2.2577112
6.637584803896092	5.068584	2.2513516
6.655141072692462	5.0310745	2.2430058
6.672697497878842	4.961553	2.2274544
6.690254079871514	4.9737964	2.230201
6.707810819086808	5.028045	2.2423303
6.725367715941078	5.0453773	2.2461917
6.742924770850719	5.0242224	2.2414777
6.760481984232151	5.025528	2.2417688
6.778039356501836	5.0307217	2.242927
6.795596888076266	5.0516896	2.2475965
6.813154579371963	5.0130854	2.238992
6.830712430805492	5.029719	2.2427034
6.84827044279344	5.0303216	2.242838
6.865828615752445	5.069157	2.251479
6.883386950099159	5.1057186	2.2595837
6.900945446250287	5.0229983	2.2412047
6.918504104622553	4.915183	2.2170212
6.936062925632727	4.882848	2.2097166
6.953621909697607	4.853749	2.2031226
6.971181057234028	4.9235353	2.218904
6.988740368658859	5.003754	2.2369072
7.006299844389007	5.1331577	2.2656474
7.023859484841407	5.2298427	2.286885
7.041419290433036	5.3580713	2.314751
7.058979261580902	5.5577164	2.357481
7.0765393987020495	5.7589245	2.399776
7.094099702213559	6.0317397	2.45596
7.111660172532549	6.3300323	2.5159554
7.129220810076164	6.637893	2.576411
7.146781615261595	7.2635117	2.6950903
7.16434258850606	7.5649753	2.75045
7.181903730226821	7.962305	2.8217556
7.1994650408411704	8.076415	2.8419034
7.217026520766437	8.217422	2.8666046
7.234588170419983	8.447091	2.906388
7.252149990219215	8.52571	2.9198818
7.269711980581568	8.428454	2.9031801
7.2872741419245175	8.2485895	2.8720357
7.304836474665574	7.84069	2.8001232
7.322398979222286	7.5316367	2.7443829
7.339961656012233	7.219725	2.6869547
7.357524505453039	6.873948	2.6218216
7.375087527962357	6.528693	2.5551307
7.392650723957886	6.282878	2.506567
7.410214093857353	5.991178	2.4476883
7.427777638078528	5.79499	2.4072785
7.445341357039213	5.580634	2.3623366
7.4629052511572525	5.3988886	2.323551
7.480469320850524	5.286312	2.2991982
7.498033566536948	5.2754936	2.2968442
7.5155979886344735	5.274357	2.2965968
7.5331625875610975	5.241989	2.289539
7.550727363734844	5.2212563	2.2850068
7.568292317573788	5.160484	2.2716699
7.585857449496025	5.169653	2.2736871
7.603422759919705	5.19931	2.2801995
7.620988249263007	5.2097135	2.2824798
7.638553917944147	5.2064977	2.281775
7.656119766381391	5.2134132	2.28329
7.673685794993023	5.212484	2.2830865
7.691252004197388	5.1794667	2.275844
7.70881839441285	5.121501	2.2630734
7.726384966057826	5.135117	2.2660797
7.743951719550762	5.1449437	2.268247
7.761518655310149	5.220466	2.284834
7.779085773754511	5.178502	2.2756321
7.796653075302419	5.17389	2.2746186
7.814220560372475	5.1349444	2.2660415
7.831788229383323	5.2020807	2.280807
7.8493560827536495	5.2321672	2.287393
7.866924120902174	5.292084	2.300453
7.884492344247663	5.313079	2.3050117
7.9020607532089135	5.354601	2.314001
7.919629348204771	5.3779693	2.3190448
7.937198129654115	5.4119153	2.3263524
7.954767097975865	5.403138	2.324465
7.972336253588986	5.4390817	2.3321838
7.989905596912472	5.437846	2.331919
8.007475128365371	5.4791083	2.3407495
8.025044848366756	5.4702096	2.3388479
8.042614757335754	5.5629005	2.35858
8.060184855691523	5.5938454	2.3651311
8.07775514385327	5.767581	2.401579
8.095325622240228	5.8688993	2.4225812
8.112896291271687	5.897644	2.4285066
8.130467151366968	5.8602147	2.420788
8.148038202945436	5.8397417	2.4165556
8.165609446426497	5.8579288	2.4203157
8.183180882229594	5.928797	2.434912
8.200752510774217	5.9456706	2.4383745
8.218324332479893	6.010316	2.4515946
8.235896347766193	6.031949	2.4560027
8.253468557052724	6.077918	2.4653435
8.27104096075914	6.0836864	2.466513
8.288613559305137	6.1442857	2.478767
8.306186353110448	6.2361116	2.4972208
8.32375934259485	6.2996244	2.5099053
8.341332528178162	6.3104444	2.5120597
8.358905910280246	6.2701397	2.5040247
8.376479489321003	6.1267533	2.4752278
8.394053265720377	6.154933	2.4809136
8.411627239898356	6.1743236	2.4848187
8.42920141227497	6.202833	2.4905488
8.44677578327029	6.283108	2.506613
8.464350353304427	6.2665086	2.5032995
8.48192512279754	6.2749224	2.5049796
8.499500092169827	6.249779	2.499956
8.51707526184153	6.224106	2.4948158
8.534650632232934	6.1982694	2.4896324
8.552226203764365	6.1840034	2.4867656
8.569801976856192	6.2095537	2.4918976
8.587377951928834	6.251988	2.5003974
8.60495412940274	6.2792397	2.505841
8.622530509698416	6.320715	2.5141032
8.6401070932364	6.454774	2.5406246
8.657683880437283	6.5652876	2.5622816
8.675260871721695	6.7628107	2.6005404
8.692838067510303	6.9140663	2.6294613
8.710415468223834	6.9901605	2.643891
8.727993074283043	7.1076465	2.666017
8.745570886108737	7.164015	2.6765678
8.763148904121765	7.267486	2.6958275
8.78072712874302	7.3277316	2.7069783
8.798305560393441	7.4733324	2.7337396
8.815884199494006	7.5163965	2.7416048
8.833463046465745	7.61438	2.7594166
8.851042101729728	7.7926655	2.7915347
8.86862136570707	8.147385	2.8543625
8.886200838818924	8.310903	2.8828635
8.903780521486505	8.303004	2.8814933
8.921360414131055	8.506573	2.9166028
8.938940517173874	8.684571	2.9469597
8.956520831036297	8.837436	2.9727824
8.97410135613971	8.998092	2.999682
8.99168209290554	9.068593	3.0114105
9.009263041755265	9.334155	3.0551848
9.026844203110405	9.573139	3.094049
9.044425577392525	9.832204	3.1356344
9.062007165023239	10.003161	3.1627774
9.079588966424197	10.302493	3.2097497
9.097170982017108	10.406003	3.2258337
9.11475321222372	11.397318	3.3759913
9.132335657465825	12.353197	3.5147116
9.149918318165264	12.4991865	3.5354187
9.167501194743924	13.16093	3.6277995
9.18508428762374	12.885484	3.5896356
9.202667597226693	12.956535	3.5995188
9.220251123974803	12.624609	3.5531125
9.237834868290143	12.16775	3.4882302
9.255418830594836	11.818227	3.437765
9.273003011311046	11.240911	3.3527467
9.290587410860985	11.025874	3.3205233
9.308172029666911	10.428356	3.2292964
9.32575686815113	10.130074	3.1827776
9.343341926735997	8.77958	2.9630356
9.360927205843916	8.584912	2.9300022
9.378512705897327	8.471292	2.9105482
9.396098427318728	8.2185	2.8667927
9.413684370530664	8.117417	2.8491082
9.431270535955722	7.9575496	2.8209128
9.448856924016539	7.948078	2.8192337
9.466443535135806	7.8355384	2.7992032
9.484030369736251	7.821328	2.7966638
9.501617428240658	7.7703857	2.7875412
9.519204711071852	7.791641	2.791351
9.536792218652714	7.853173	2.8023512
9.55437995140617	7.8273745	2.7977445
9.571967909755191	7.799229	2.79271
9.589556094122802	7.803353	2.7934482
9.60714450493207	7.855069	2.8026896
9.624733142606116	7.9276533	2.815609
9.642322007568108	7.9665084	2.8225005
9.659911100241267	8.0335655	2.8343544
9.677500421048851	8.066946	2.840237
9.695089970414175	8.098403	2.8457694
9.712679748760609	8.103256	2.846622
9.730269756511557	8.086414	2.843662
9.747859994090492	8.131817	2.851634
9.765450461920915	8.168811	2.858113
9.78304116042639	8.24465	2.8713498
9.800632090030527	8.218339	2.8667645
9.81822325115699	8.229231	2.8686635
9.835814644229481	8.251383	2.872522
9.853406269671762	8.24108	2.8707283
9.870998127907646	8.283427	2.8780944
9.888590219360985	8.323946	2.885125
9.906182544455698	8.38938	2.8964427
9.923775103615734	8.407234	2.899523
9.941367897265108	8.36657	2.8925025
9.958960925827878	8.392651	2.8970072
9.97655418972816	8.41042	2.9000726
9.994147689390106	8.464426	2.9093688
10.011741425237934	8.421059	2.901906
10.029335397695904	8.368	2.8927495
10.04692960718833	8.328217	2.885865
10.06452405413958	8.340683	2.888024
10.082118738974064	8.365404	2.8923008
10.099713662116246	8.312317	2.8831089
10.117308823990651	8.303976	2.8816621
10.134904225021844	8.258009	2.873675
10.152499865634445	8.293269	2.8798037
10.170095746253125	8.290899	2.8793921
10.18769186730261	8.31379	2.8833644
10.205288229207675	8.290838	2.8793817
10.222884832393145	8.319536	2.8843606
10.2404816772839	8.285263	2.8784132
10.258078764304868	8.27189	2.8760893
10.275676093881035	8.22695	2.8682659
10.293273666437438	8.200153	2.863591
10.310871482399158	8.195736	2.8628197
10.32846954219134	8.187139	2.8613176
10.346067846239173	8.212797	2.8657978
10.363666394967908	8.202009	2.863915
10.38126518880283	8.235333	2.8697271
10.398864228169298	8.21024	2.8653517
10.416463513492713	8.226367	2.8681643
10.434063045198531	8.229554	2.86872
10.451662823712262	8.248773	2.8720677
10.469262849459467	8.325477	2.8853903
10.486863122865758	8.264407	2.8747883
10.504463644356806	8.221293	2.8672798
10.522064414358338	8.126974	2.8507848
10.539665433296118	8.047888	2.83688
10.557266701595987	7.9422617	2.8182018
10.574868219683818	7.8284183	2.797931
10.592469987985552	7.7439017	2.7827866
10.610072006927185	7.674097	2.770216
10.627674276934751	7.5473537	2.7472448
10.64527679843435	7.4192243	2.7238252
10.662879571852143	7.333213	2.7079906
10.680482597614331	7.252327	2.6930144
10.698085876147173	7.1147513	2.667349
10.715689407876988	6.9601555	2.6382108
10.733293193230146	6.808318	2.6092753
10.750897232633072	6.7710295	2.6021202
10.76850152651225	6.761798	2.6003456
10.786106075294207	6.7593303	2.5998712
10.803710879405534	6.665696	2.581801
10.821315939272877	6.5198717	2.5534039
10.83892125532294	6.4200664	2.533785
10.856526827982472	6.3990965	2.5296435
10.874132657678285	6.3847985	2.526816
10.891738744837243	6.361856	2.5222719
10.909345089886271	6.27154	2.5043044
10.926951693252343	6.1672435	2.4833934
10.944558555362494	6.091853	2.468168
10.96216567664381	5.9849453	2.4464147
10.979773057523436	5.971028	2.4435687
10.997380698428573	5.9187546	2.4328492
11.014988599786477	5.8840265	2.4257011
11.032596762024461	5.7971926	2.407736
11.050205185569892	5.7120223	2.3899837
11.067813870850198	5.635825	2.3739893
11.085422818292859	5.557298	2.3573923
11.10303202832541	5.5215154	2.3497906
11.120641501375454	5.460489	2.3367689
11.138251237870636	5.38333	2.3202004
11.155861238238671	5.2961516	2.301337
11.173471502907317	5.2477674	2.2908006
11.191082032304402	5.1974816	2.2797985
11.208692826857805	5.206958	2.2818758
11.226303886995465	5.115226	2.2616866
11.243915213145371	5.06244	2.2499866
11.261526805735578	4.9899983	2.2338305
11.279138665194196	4.969382	2.229211
11.296750791949393	4.925937	2.2194452
11.314363186429393	4.8483253	2.2018912
11.331975849062479	4.7439246	2.1780553
11.34958878027699	4.6529884	2.1570787
11.36720198050133	4.576575	2.139293
11.384815450163948	4.560043	2.1354256
11.402429189693366	4.562647	2.1360352
11.420043199518153	4.537793	2.1302097
11.437657480066942	63.522358	7.9700913
11.455272031768422	85.22465	9.23172
11.472886855051353	107.60075	10.373078
11.490501950344528	99.190056	9.95942
11.508117318076819	84.53787	9.1944475
11.52573295867715	45.884308	6.7737956
11.543348872574514	4.207012	2.0511003
11.560965060197946	4.1812005	2.0447984
11.57858152197655	4.15775	2.0390563
11.59619825833949	4.0950255	2.023617
11.613815269715985	4.009135	2.0022824
11.631432556535323	38.492565	6.2042375
11.649050119226837	83.02588	9.111854
11.666667958219929	93.443184	9.666601
11.68428607394406	107.70586	10.378143
11.701904466828756	82.529526	9.084577
11.719523137303586	65.35429	8.0842
11.737142085798196	4.6085734	2.1467588
11.754761312742286	3.6882653	1.9204857
11.772380818565619	3.668164	1.9152452
11.790000603698015	3.59901	1.8971057
11.80762066856935	3.6082447	1.899538
11.825241013609572	3.6521902	1.9110705
11.842861639248683	3.6426687	1.9085777
11.860482545916748	3.6200182	1.9026345
11.878103734043883	3.5277765	1.8782376
11.895725204060282	3.5033593	1.8717263
11.91334695639619	3.4637291	1.8611096
11.930968991481919	3.383963	1.8395551
11.948591309747824	3.3864343	1.8402267
11.966213911624347	3.375841	1.8373462
11.98383679754198	3.3519328	1.8308284
12.001459967931268	3.293769	1.8148743
12.019083423222835	3.2617726	1.8060378
12.036707163847352	3.3127964	1.8201089
12.05433119023556	3.314862	1.8206762
12.071955502818259	3.272704	1.8090616
12.089580102026313	3.2158413	1.7932767
12.107204988290643	3.1488047	1.7744871
12.12483016204224	3.1325784	1.7699091
12.142455623712152	3.1011524	1.761009
12.16008137373149	3.084781	1.7563545
12.177707412531431	3.0700176	1.7521466
12.19533374054321	3.0652611	1.7507887
12.212960358198126	3.0835283	1.7559978
12.230587265927545	3.0573413	1.7485255
12.248214464162889	3.0225706	1.7385541
12.265841953335649	3.0014384	1.732466
12.283469733877375	2.9993658	1.7318677
12.301097806219685	3.0270002	1.7398276
12.31872617079425	3.0081599	1.7344048
12.336354828032825	2.984684	1.7276238
12.353983778367205	2.957798	1.719825
12.371613022229262	2.9629965	1.7213356
12.389242560050928	2.9367676	1.7136999
12.406872392264201	2.886844	1.6990715
12.424502519301143	2.858895	1.6908268
12.442132941593874	2.8522174	1.6888509
12.459763659574586	2.8249114	1.6807473
12.477394673675532	2.8201792	1.6793389
12.49502598432903	2.8218832	1.6798462
12.51265759196746	2.82641	1.681193
12.530289497023267	2.8284814	1.681809
12.547921699928967	2.8079796	1.6757027
12.565554201117134	2.7691414	1.6640737
12.583187001020404	2.7817035	1.6678439
12.600820100071486	2.790682	1.6705334
12.618453498703152	2.8284552	1.6818012
12.636087197348235	2.8404038	1.6853497
12.65372119643964	2.798557	1.6728889
12.671355496410326	2.8162148	1.6781582
12.68899009769333	2.8198125	1.6792297
12.706625000721749	2.8562574	1.6900465
12.724260205928752	2.876063	1.6958959
12.741895713747551	2.911376	1.7062755
12.759531524611454	2.962846	1.721292
12.777167638953818	2.9901178	1.7291957
12.794804057208072	2.9685378	1.7229445
12.812440779807702	3.0088632	1.7346075
12.830077807186271	3.1982791	1.7883734
12.847715139777405	3.2508128	1.803001
12.865352778014795	3.4773145	1.8647559
12.882990722332197	3.5999484	1.897353
12.90062897316344	3.7186785	1.9283875
12.918267530942412	3.824299	1.9555815
12.935906396103071	3.7101724	1.9261808
12.953545569079449	3.8611543	1.964982
12.971185050305628	3.647498	1.9098424
12.988824840215775	3.6500363	1.9105068
13.006464939244115	3.6478758	1.9099413
13.024105347824943	3.484687	1.8667316
13.041746066392617	3.574812	1.8907173
13.05938709538157	3.3959754	1.8428172
13.077028435226296	3.4081364	1.8461138
13.094670086361363	3.2838192	1.8121312
13.112312049221401	3.1942348	1.7872423
13.129954324241112	3.1052718	1.7621782
13.147596911855258	2.8794916	1.6969064
13.165239812498685	2.7979243	1.6726997
13.182883026606293	2.7089703	1.645895
13.200526554613058	2.6738462	1.63519
13.218170396954017	2.6521914	1.628555
13.235814554064284	2.675955	1.6358347
13.253459026379034	2.7426498	1.6560948
13.271103814333523	2.7631586	1.6622751
13.288748918363058	2.7610495	1.6616406
13.306394338903031	2.7397592	1.6552218
13.32404007638889	2.7098825	1.646172
13.341686131256164	2.7140853	1.6474482
13.359332503940449	2.6789613	1.6367533
13.376979194877402	2.7039363	1.6443651
13.394626204502751	2.7273028	1.6514548
13.412273533252307	2.7704384	1.6644634
13.429921181561937	2.7694707	1.6641726
13.447569149867581	2.7701278	1.6643701
13.465217438605247	2.7370532	1.6544042
13.482866048211022	2.6993115	1.6429582
13.500514979121052	2.7151184	1.6477616
13.518164231771568	2.7433221	1.6562977
13.535813806598844	2.733813	1.6534246
13.553463704039254	2.707962	1.6455886
13.571113924529229	2.6811578	1.6374241
13.588764468505275	2.6846592	1.638493
13.606415336403956	2.7374377	1.6545204
13.624066528661917	2.706144	1.6450362
13.641718045715882	2.7488818	1.6579752
13.659369888002635	2.776188	1.6661897
13.67702205595903	2.9089315	1.705559
13.694674550021993	2.9989135	1.7317371
13.712327370628532	3.0388162	1.7432201
13.729980518215713	3.0695848	1.7520231
13.747633993220681	3.1595783	1.7775203
13.765287796080647	3.2217422	1.7949212
13.7829419272329	3.2661915	1.8072608
13.800596387114801	3.2993183	1.8164026
13.818251176163775	3.3579564	1.8324728
13.835906294817324	3.408056	1.8460921
13.853561743513023	3.432538	1.852711
13.871217522688525	3.4342086	1.8531618
13.888873632781538	3.4430711	1.8555515
13.906530074229858	3.4844394	1.8666654
13.92418684747135	3.5063355	1.8725212
13.941843952943948	3.477876	1.8649064
13.959501391085665	3.4549668	1.858754
13.977159162334578	3.416709	1.8484342
13.994817267128846	3.3943236	1.842369
14.012475705906693	3.2940161	1.8149425
14.030134479106424	3.2480695	1.8022401
14.047793587166414	3.1863933	1.7850472
14.065453030525108	3.1212175	1.7666968
14.083112809621026	3.0003965	1.7321652
14.100772924892766	2.8897913	1.6999387
14.118433376778997	2.8261833	1.6811256
14.136094165718458	2.8239398	1.6804582
14.153755292149969	2.8111968	1.6766624
14.171416756512416	2.7581248	1.6607603
14.189078559244768	2.6788301	1.6367133
14.20674070078606	2.6089497	1.6152244
14.224403181575408	2.5699444	1.6031046
14.242066002051999	2.550633	1.5970701
14.259729162655093	2.4868634	1.5769792
14.277392663824022	2.4450045	1.563651
14.295056505998208	2.4161706	1.5544037
14.312720689617128	2.4322534	1.5595683
14.330385215120348	2.4126225	1.5532619
14.348050082947497	2.390986	1.5462813
14.3657152935383	2.3879843	1.5453104
14.383380847332528	2.3969288	1.5482018
14.401046744770051	2.4298725	1.5588049
14.418712986290798	2.4188442	1.5552634
14.436379572334793	2.4199996	1.5556347
14.454046503342123	2.4100497	1.5524335
14.471713779752946	2.3781862	1.5421369
14.489381402007504	2.3630745	1.5372295
14.507049370546113	2.376348	1.5415407
14.524717685809168	2.4105372	1.5525905
14.542386348237134	2.4124856	1.5532178
14.560055358270553	2.4239445	1.5569022
14.577724716350051	2.4226422	1.556484
14.595394422916325	2.4359214	1.5607439
14.61306447841015	2.4667566	1.5705912
14.63073488327237	2.5045884	1.5825891
14.648405637943917	2.4971192	1.5802276
14.6660767428658	2.4993422	1.5809308
14.683748198479094	2.524494	1.5888656
14.701420005224954	2.609626	1.6154337
14.719092163544628	2.6724467	1.6347619
14.73676467387942	2.6813118	1.6374712
14.754437536670727	2.6865146	1.6390591
14.772110752360014	2.702298	1.6438668
14.78978432138882	2.705501	1.6448407
14.807458244198777	2.7131886	1.6471759
14.82513252123159	2.6644661	1.6323192
14.842807152929028	2.7002554	1.6432453
14.860482139732962	2.6816483	1.6375738
14.87815748208531	2.6871266	1.6392457
14.8958331804281	2.6689713	1.6336987
14.91350923520342	2.6616347	1.6314517
14.931185646853438	2.7325938	1.6530559
14.948862415820408	2.7200346	1.6492528
14.966539542546656	2.7046993	1.644597
14.98421702747459	2.6165438	1.6175734
15.001894871046696	2.6132867	1.6165663
15.019573073705542	2.6298	1.6216658
15.037251635893766	2.6557627	1.6296511
15.054930558054092	2.7032957	1.6441702
15.072609840629323	2.7759736	1.6661253
15.090289484062351	2.8964458	1.7018948
15.107969488796124	3.159731	1.7775632
15.125649855273691	3.5351458	1.8801984
15.14333058393817	4.069717	2.017354
15.161011675232768	5.0407424	2.2451599
15.17869312960076	6.447041	2.5391023
15.196374947485506	8.281401	2.8777423
15.214057129330447	11.375782	3.3728004
15.231739675579114	16.12684	4.015824
15.249422586675102	21.308771	4.6161423
15.267105863062092	24.625803	4.962439
15.284789505183847	25.03016	5.003015
15.302473513484218	22.980228	4.79377
15.320157888407127	19.308393	4.3941317
15.337842630396578	14.993938	3.8722007
15.355527739896656	11.64212	3.4120553
15.37321321735153	9.095874	3.0159366
15.39089906320545	6.683585	2.585263
15.408585277902748	4.9915853	2.2341857
15.42627186188783	3.7873333	1.9461071
15.443958815605198	3.185405	1.7847703
15.461646139499424	2.8373435	1.6844416
15.479333834015168	2.7151408	1.6477684
15.497021899597165	2.6425493	1.625592
15.514710336690234	2.6387277	1.6244161
15.53239914573928	2.6073253	1.6147214
15.550088327189297	2.5750904	1.6047088
15.567777881485336	2.5496728	1.5967695
15.58546780907256	2.5324826	1.5913776
15.6031581103962	2.523585	1.5885795
15.620848785901568	2.5079637	1.5836551
15.638539836034063	2.472233	1.5723337
15.656231261239173	2.4419663	1.5626792
15.673923061962451	2.426566	1.5577438
15.691615238649552	2.4764278	1.5736669
15.709307791746202	2.4662821	1.57044
15.727000721698221	2.4748988	1.5731812
15.744694028951498	2.4475808	1.5644746
15.76238771395202	2.4383135	1.56151
15.780081777145844	2.3820605	1.5433925
15.797776218979125	2.3518288	1.5335673
15.815471039898094	2.371301	1.5399029
15.833166240349064	2.3955069	1.5477425
15.850861820778437	2.389732	1.5458758
15.868557781632699	2.4031167	1.5501989
15.886254123358412	2.4178076	1.5549301
15.903950846402232	2.431214	1.5592351
15.921647951210897	2.4074786	1.5516051
15.939345438231225	2.387717	1.545224
15.957043307910133	2.4040797	1.5505095
15.974741560694602	2.438372	1.5615287
15.992440197031714	2.4152045	1.5540929
16.01013921736862	2.3782687	1.5421636
16.02783862215259	2.3769228	1.5417272
16.045538411830933	2.4230542	1.5566163
16.06323858685107	2.463268	1.5694802
16.080939147660512	2.4595017	1.5682799
16.09864009470684	2.4160225	1.554356
16.11634142843774	2.3843873	1.5441462
16.134043149300954	2.350686	1.5331948
16.15174525774433	2.3252628	1.5248812
16.169447754215817	2.3506217	1.5331737
16.18715063916342	2.370235	1.5395567
16.204853913035244	2.4329145	1.5597802
16.222557576279478	2.4569767	1.5674746
16.240261629344403	22.470192	4.7402735
16.257966072678386	43.017124	6.558744
16.275670906729868	38.075783	6.1705575
16.293376131947387	2.4777565	1.574089
16.31108174877957	2.4686754	1.5712019
16.328787757675133	2.5314407	1.5910501
16.34649415908287	2.551872	1.597458
16.364200953451657	2.5961154	1.6112465
16.38190814123048	2.6229668	1.6195576
16.39961572286839	2.6469536	1.6269461
16.41732369881455	2.658904	1.6306146
16.43503206951817	2.7102807	1.646293
16.45274083542859	2.7737875	1.6654692
16.47044999699522	2.8160114	1.6780976
16.488159554667558	2.8750079	1.6955848
16.505869508895184	2.9387455	1.7142769
16.523579860127786	2.9358425	1.71343
16.541290608815117	2.9465404	1.7165489
16.559001755407035	3.002307	1.7327167
16.57671330035348	3.0570982	1.7484559
16.59442524410448	3.1403403	1.7721006
16.61213758711015	3.2250326	1.7958375
16.629850329820705	3.2957392	1.815417
16.647563472686436	3.360118	1.8330624
16.665277016157724	3.420289	1.8494023
16.682990960685053	3.4707	1.8629814
16.70070530671898	3.5058506	1.8723917
16.718420054710155	3.5072587	1.8727677
16.736135205109335	3.5622017	1.8873796
16.753850758367335	3.6037161	1.8983456
16.771566714935087	3.6944466	1.9220943
16.789283075263597	3.7735932	1.9425739
16.80699983980398	3.8089042	1.9516414
16.82471700900741	3.8035069	1.9502581
16.84243458332518	3.859713	1.9646152
16.860152563208665	3.9670892	1.9917552
16.87787094910932	4.0556717	2.0138698
16.89558974147871	4.0994744	2.024716
16.913308940768466	4.144365	2.0357714
16.931028547430333	4.1931314	2.0477138
16.94874856191613	4.2298727	2.0566654
16.966468984677785	4.2926297	2.0718663
16.98418981616729	4.3891497	2.0950298
17.00191105683676	4.502902	2.1220043
17.019632707138374	4.5582037	2.134995
17.03735476752442	4.5137777	2.1245654
17.05507723844728	4.5224614	2.126608
17.072800120359403	4.578557	2.1397562
17.090523413713353	4.604707	2.145858
17.108247118961785	4.6224666	2.1499922
17.125971236557437	4.6080146	2.1466286
17.143695766953133	4.653164	2.1571193
17.161420710601806	4.6656075	2.1600018
17.179146067956477	4.695645	2.1669436
17.19687183947025	4.7053843	2.1691897
17.21459802559634	4.6887565	2.1653538
17.232324626788028	4.7039714	2.168864
17.25005164349871	4.682753	2.163967
17.267779076181863	4.6782618	2.162929
17.285506925291074	4.6886225	2.1653228
17.30323519127999	4.6436515	2.1549134
17.320963874602384	4.644167	2.1550329
17.33869297571211	4.622474	2.149994
17.356422495063114	4.5739226	2.138673
17.37415243310944	4.5503187	2.1331477
17.391882790305218	4.5047293	2.1224349
17.40961356710468	4.5025826	2.121929
17.42734476396215	4.467362	2.1136134
17.445076381332044	4.4908934	2.1191728
17.462808419668868	4.551443	2.1334112
17.48054087942723	4.639651	2.1539848
17.498273761061835	4.936882	2.2219095
17.51600706502747	5.4188914	2.3278513
17.533740791779024	6.170713	2.484092
17.551474941771485	7.540988	2.746086
17.56920951545993	8.701559	2.9498405
17.586944513299528	11.055848	3.3250337
17.60467993574556	12.854143	3.5852675
17.622415783253373	14.782524	3.8448048
17.64015205627843	16.328306	4.0408297
17.657888755276293	17.500872	4.1834044
17.675625880702604	17.90798	4.231782
17.69336343301311	17.702072	4.207383
17.71110141266366	16.74014	4.0914717
17.728839820110178	15.733308	3.9665234
17.746578655808705	14.723997	3.837186
17.764317920215372	13.143939	3.625457
17.7820576137864	11.494778	3.390395
17.79979773697811	9.376575	3.0621195
17.81753829024692	7.4331565	2.7263815
17.835279274049356	5.744714	2.3968132
17.85302068884201	4.744072	2.1780891
17.870762535081607	4.138696	2.0343785
17.888504813224934	3.8635283	1.965586
17.90624752372891	3.7103634	1.9262303
17.923990667050536	3.61643	1.9016913
17.941734243646895	3.548003	1.8836143
17.959478253975185	3.462023	1.8606513
17.9772226984927	3.4432452	1.8555983
17.994967577656833	3.4648387	1.8614078
18.01271289192506	3.4559	1.8590051
18.030458641754965	3.3853598	1.8399347
18.04820482760425	3.3201396	1.8221251
18.06595144993067	3.359317	1.832844
18.083698509192125	3.384718	1.8397603
18.101446005846576	3.311614	1.819784
18.119193940352105	3.237697	1.7993602
18.136942313166887	3.2290816	1.7969645
18.1546911247492	3.2554648	1.8042907
18.1724403755574	3.2243915	1.7956591
18.19019006604997	3.195286	1.7875363
18.207940196685467	3.166229	1.7793901
18.225690767922575	3.144345	1.7732301
18.243441780220046	3.147813	1.7742077
18.261193234036764	3.135502	1.7707349
18.278945129831676	3.0861795	1.7567525
18.29669746806386	3.0256662	1.7394443
18.314450249192483	3.057859	1.7486734
18.3322034736768	3.0849745	1.7564095
18.349957141976184	3.0820973	1.7555903
18.3677112545501	3.0814164	1.7553964
18.385465811858108	3.0883505	1.7573704
18.403220814359884	3.0996103	1.760571
18.420976262515172	3.1135461	1.7645243
18.43873215678387	3.1159773	1.7652131
18.456488497625923	3.131678	1.7696548
18.474245285501407	3.2439094	1.8010856
18.492002520870486	3.3368611	1.8267077
18.50976020419343	3.4452703	1.856144
18.527518335930615	3.6810598	1.9186088
18.545276916542516	4.2379913	2.0586383
18.563035946489688	4.388652	2.0949109
18.580795426232832	4.858541	2.2042098
18.598555356232698	4.7151113	2.1714306
18.616315736950185	5.0109158	2.2385075
18.63407656884626	4.6352196	2.152956
18.65183785238201	4.80652	2.1923778
18.669599588018617	4.567761	2.137232
18.68736177621737	4.5672936	2.1371226
18.705124417439652	4.5732045	2.1385052
18.72288751214696	4.4158883	2.1014016
18.740651060800886	4.5449553	2.13189
18.758415063863115	4.21074	2.0520089
18.77617952179546	4.366475	2.0896113
18.793944435059814	4.155045	2.0383928
18.811709804118184	4.163671	2.0405076
18.829475629432675	4.099878	2.0248156
18.8472419114655	3.9427876	1.9856454
18.86500865067897	4.031572	2.0078773
18.88277584753551	3.7014558	1.9239168
18.90054350249763	3.7732468	1.9424847
18.918311616027957	3.4693768	1.8626263
18.936080188589226	3.3668377	1.8348944
18.953849220644265	3.0345654	1.7420005
18.971618712656007	2.8863492	1.6989259
18.9893886650875	2.8652985	1.6927192
19.007159078401887	8.047489	2.8368096
19.024929953062408	32.923187	5.737873
19.042701289532435	32.85232	5.7316947
19.060473088275405	25.447567	5.044558
19.07824534975489	2.717284	1.6484187
19.096018074434568	2.6796381	1.63696
19.113791262778197	2.5875533	1.6085874
19.13156491524966	2.5710669	1.6034547
19.149339032312945	2.5523002	1.597592
19.167113614432136	2.546825	1.5958775
19.184888662071433	2.5384586	1.5932541
19.202664175695123	2.5180037	1.5868219
19.220440155767623	2.5459116	1.5955913
19.238216602753447	2.5589175	1.5996617
19.2559935171172	2.5672126	1.6022524
19.27377089932361	2.5368402	1.5927461
19.291548749837514	2.5229049	1.5883654
19.309327069123835	2.5131898	1.5853044
19.32710585764763	2.5127366	1.5851613
19.344885115874032	2.516931	1.5864838
19.362664844268313	2.5407825	1.5939832
19.380445043295822	2.5248985	1.588993
19.39822571342203	2.4760582	1.5735495
19.41600685511252	2.508303	1.5837623
19.43378846883297	2.5498188	1.5968152
19.451570555049173	2.58368	1.6073829
19.469353114227037	2.5461986	1.5956812
19.48713614683254	2.4822814	1.5755258
19.50491965333182	2.489342	1.5777649
19.52270363419109	2.5032265	1.5821588
19.540488089876686	2.5036714	1.5822994
19.55827302085503	2.5059917	1.5830325
19.576058427592674	2.5203063	1.5875473
19.593844310556282	2.4875498	1.5771968
19.611630670212598	2.4692109	1.5713723
19.629417507028506	2.4504454	1.5653899
19.64720482147098	2.4984438	1.5806466
19.6649926140071	2.5340056	1.591856
19.682780885104084	2.5568497	1.5990152
19.70056963522921	2.522633	1.58828
19.718358864849908	2.5158935	1.5861568
19.7361485744337	2.54535	1.5954154
19.753938764448215	2.5513372	1.5972906
19.771729435361202	2.5472887	1.5960227
19.789520587640506	2.529169	1.5903362
19.807312221754092	2.564175	1.6013042
19.825104338170043	2.599312	1.6122382
19.842896937356517	2.6045418	1.6138593
19.860690019781824	2.5890813	1.6090622
19.87848358591436	2.58345	1.6073115
19.896277636222635	2.5520296	1.5975074
19.914072171175278	2.5510614	1.5972042
19.931867191241015	2.5031743	1.5821424
19.94966269688869	2.493215	1.5789918
19.967458688587264	2.4747756	1.5731419
19.985255166805807	2.4878924	1.5773054
20.00305213201348	2.4848661	1.5763458
20.020849584679578	2.4957087	1.5797812
20.038647525273507	2.5110326	1.5846238
20.05644595426477	2.5004573	1.5812835
20.07424487212299	2.484384	1.5761929
20.092044279317903	2.4678586	1.5709419
20.109844176319353	2.4550838	1.5668707
20.127644563597304	2.4364293	1.5609065
20.145445441621817	2.433132	1.55985
20.16324681086307	2.425217	1.5573108
20.181048671791373	2.4540417	1.5665381
20.198851024877122	2.4885168	1.5775033
20.216653870590836	2.4742875	1.5729868
20.234457209403146	2.4420478	1.5627053
20.252261041784802	2.4327624	1.5597315
20.270065368206662	2.4207127	1.555864
20.287870189139685	2.379027	1.5424094
20.305675505054968	2.379049	1.5424166
20.323481316423702	2.3749256	1.5410794
20.341287623717207	2.3662546	1.5382634
20.359094427406884	2.3678954	1.5387968
20.376901727964288	2.3894737	1.5457922
20.39470952586107	2.3661454	1.538228
20.41251782156899	2.3536513	1.5341614
20.430326615559935	2.3873036	1.5450902
20.448135908305886	2.3724732	1.5402834
20.465945700278965	2.362622	1.5370823
20.483755991951384	2.3375185	1.5288945
20.50156678379548	2.3416088	1.5302316
20.519378076283708	2.3609838	1.5365493
20.537189869888635	2.3756084	1.5413009
20.55500216508294	2.413884	1.5536679
20.572814962339415	2.4404016	1.5621785
20.59062826213098	2.4054596	1.5509545
20.60844206493066	2.3661754	1.5382378
20.626256371211593	2.3365345	1.5285727
20.644071181447032	2.3683522	1.5389452
20.66188649611036	2.4032683	1.5502478
20.67970231567506	2.3937507	1.547175
20.697518640614742	2.3558679	1.5348836
20.715335471403122	2.2991166	1.5162839
20.73315280851404	2.261241	1.5037423
20.750970652421447	2.2317822	1.4939151
20.768789003599412	2.2381277	1.4960374
20.786607862522136	2.2666116	1.505527
20.8044272296639	2.3282115	1.5258478
20.82224710549913	2.365278	1.537946
20.84006749050237	2.3354936	1.5282322
20.857888385148268	3.8556597	1.9635834
20.8757097899116	45.962963	6.779599
20.893531705267254	64.820366	8.051109
20.911354131690224	83.829384	9.155839
20.92917706965566	69.09181	8.312148
20.94700051963877	50.161217	7.0824585
20.96482448211493	29.425158	5.424496
20.982648957559622	4.1441627	2.0357215
21.00047394644843	2.225525	1.4918194
21.01829944925707	2.236058	1.4953455
21.036125466461375	2.278661	1.5095234
21.053951998537297	2.2759676	1.508631
21.071779045960906	2.2605627	1.5035168
21.089606609208378	2.2618935	1.5039593
21.10743468875603	2.2433558	1.4977837
21.12526328508028	2.2326112	1.4941925
21.143092398657675	2.2190843	1.4896591
21.16092202996488	2.2394185	1.4964687
21.17875217947867	2.1955266	1.4817309
21.19658284767596	2.2130566	1.4876345
21.21441403503377	2.2048292	1.4848667
21.232245742029225	2.2362356	1.4954048
21.2500779691396	2.2311306	1.4936969
21.26791071684227	2.2411246	1.4970386
21.28574398561475	2.2058344	1.4852052
21.30357777593465	2.1713042	1.4735346
21.321412088279704	2.1643972	1.471189
21.339246923127792	2.153698	1.4675483
21.357082280956888	2.1359003	1.4614719
21.3749181622451	2.165261	1.4714826
21.392754567470647	2.1948247	1.4814941
21.41059149711187	2.209378	1.4863976
21.42842895164726	2.1672583	1.472161
21.446266931555378	2.1551106	1.4680295
21.464105437314945	2.1493826	1.4660773
21.481944469404798	2.171026	1.4734402
21.49978402830388	2.1367092	1.4617487
21.51762411449127	2.1411388	1.463263
21.53546472844617	2.1150024	1.4543048
21.553305870647876	2.1219594	1.4566947
21.571147541575865	2.1221046	1.4567446
21.58898974170967	2.1272688	1.458516
21.60683247152899	2.1092672	1.4523317
21.62467573151363	2.0824196	1.4430591
21.642519522143523	2.0634975	1.4364879
21.660363843898722	2.0501509	1.4318348
21.6782086972594	2.0397928	1.4282131
21.696054082705864	2.0535812	1.4330322
21.713900000718535	2.093674	1.4469533
21.73174645177795	2.0738783	1.4400966
21.749593436364794	2.0657828	1.4372832
21.767440954959845	2.0805483	1.4424106
21.785289008044032	2.0717206	1.4393473
21.803137596098388	2.0264802	1.4235449
21.820986719604086	2.0081992	1.4171095
21.838836379042412	2.0002642	1.414307
21.85668657489478	1.9878348	1.4099059
21.87453730764273	1.970881	1.4038807
21.892388577767914	1.9874887	1.4097832
21.91024038575213	1.9974457	1.4133102
21.928092732077285	2.010633	1.4179679
21.945945617225426	2.024017	1.4226795
21.963799041678694	2.0249965	1.4230237
21.981653005919398	31.357767	5.5998006
21.999507510429943	78.14828	8.840152
22.01736255569286	73.08905	8.549213
22.035218142190818	4.195751	2.0483532
22.05307427040661	2.0222018	1.4220414
22.07093094082315	2.0424604	1.4291468
22.088788153923474	2.028193	1.4241464
22.106645910190746	1.9976083	1.4133677
22.12450421010827	1.9381065	1.392159
22.142363054159464	1.9279498	1.3885063
22.16022244282787	1.953998	1.3978548
22.178082376597164	1.9731476	1.4046878
22.195942855951145	1.96481	1.4017168
22.213803881373742	1.9653232	1.4018998
22.231665453349002	1.9647163	1.4016833
22.24952757236111	1.9828353	1.4081318
22.26739023889438	1.9955536	1.4126407
22.28525345343323	2.0065005	1.41651
22.30311721646225	1.9887902	1.4102447
22.320981528466113	1.9559474	1.398552
22.33884638992964	1.9252294	1.3875264
22.356711801337788	1.9491702	1.3961269
22.37457776317561	1.9701074	1.4036051
22.392444275928337	1.965685	1.4020289
22.410311340081282	1.9517003	1.3970327
22.428178956119904	1.9785047	1.4065933
22.446047124529805	1.9959928	1.4127961
22.46391584579669	1.9752907	1.4054503
22.481785120406414	1.9798238	1.4070622
22.49965494884496	1.9756058	1.4055625
22.51752533159841	1.9754798	1.4055177
22.53539626915302	1.9438972	1.3942372
22.553267761995137	1.9507577	1.3966953
22.571139810611264	1.9162686	1.3842936
22.589012415488025	1.8980898	1.3777118
22.60688557711216	1.9290713	1.3889102
22.624759295970566	1.9775442	1.4062518
22.642633572550263	2.0015616	1.4147656
22.660508407338362	1.9706463	1.403797
22.67838380082217	1.9587694	1.3995605
22.696259753489077	1.9579389	1.3992637
22.714136265826614	1.9839027	1.4085108
22.73201333832246	2.0045254	1.4158126
22.74989097146439	2.009433	1.4175447
22.76776916574035	1.9757721	1.4056216
22.785647921638393	1.9757034	1.4055972
22.803527239646712	1.9463885	1.3951303
22.82140712025363	1.9150417	1.3838503
22.839287563947593	1.8881032	1.3740827
22.85716857121719	1.8863904	1.3734593
22.875050142551135	1.9424558	1.3937201
22.892932278438277	1.9354047	1.3911883
22.910814979367604	1.9187981	1.3852068
22.928698245828222	1.8744262	1.3690969
22.946582078309387	1.8841307	1.3726364
22.96446647730047	1.9033989	1.3796372
22.98235144329098	1.8858625	1.373267
23.000236976770562	1.8975605	1.3775197
23.018123078229	1.9063488	1.380706
23.03600974815619	1.9298254	1.3891816
23.053896987042194	1.9398557	1.392787
23.071784795377173	1.9500295	1.3964345
23.08967317365145	1.9670417	1.4025127
23.10756212235546	1.9325731	1.3901702
23.125451641979787	1.9357772	1.3913221
23.143341733015134	1.9684305	1.4030076
23.161232395952357	1.96938	1.4033461
23.179123631282426	1.9353942	1.3911844
23.197015439496468	1.9123889	1.3828915
23.214907821085717	1.9059772	1.3805714
23.23280077654157	1.8961784	1.377018
23.250694306355538	1.8888478	1.3743536
23.268588411019277	1.9365546	1.3916014
23.28648309102458	1.9657141	1.4020393
23.304378346863356	1.9674094	1.4026437
23.322274179027676	1.9566227	1.3987933
23.340170588009723	1.9578749	1.3992409
23.358067574301852	1.9659967	1.40214
23.37596513839651	2.0047636	1.4158968
23.39386328078629	1.9929203	1.4117082
23.411762001963947	1.966166	1.4022005
23.429661302422353	1.9434916	1.3940917
23.4475611826545	1.9584641	1.3994514
23.46546164315356	1.9662216	1.4022202
23.48336268441279	1.9403515	1.392965
23.501264306925638	1.9537712	1.3977736
23.51916651118564	1.9383317	1.3922398
23.537069297686497	1.927333	1.3882842
23.554972666922037	1.938006	1.3921229
23.57287661938623	1.9405138	1.3930233
23.59078115557318	1.9491999	1.3961375
23.608686275977128	1.9716082	1.4041396
23.62659198109246	1.9532086	1.3975724
23.6444982714137	1.8831449	1.3722773
23.66240514743549	1.8915673	1.3753426
23.68031260965263	1.9270104	1.388168
23.698220658560068	1.912635	1.3829805
23.716129294652845	1.8221917	1.3498858
23.7340385184262	1.8450825	1.3583381
23.75194833037546	1.8822381	1.3719468
23.769858730996123	1.9171422	1.384609
23.78776972078382	1.9080646	1.3813272
23.80568130023431	1.9132184	1.3831913
23.823593469843495	1.9105469	1.3822254
23.841506230107424	1.8774596	1.3702042
23.859419581522275	1.8573288	1.3628385
23.87733352458438	1.8955171	1.3767778
23.89524805979019	1.9050212	1.3802251
23.913163187636318	1.9075369	1.3811361
23.931078908619508	1.9148564	1.3837833
23.948995223236633	1.9658163	1.4020756
23.966912131984735	1.9824015	1.4079778
23.98482963536096	2.0192232	1.4209937
24.002747733862616	2.0113535	1.418222
24.020666427987155	2.0532346	1.4329113
24.038585718232156	2.0599194	1.4352419
24.056505605095353	2.0722873	1.4395441
24.074426089074617	2.115149	1.4543552
24.092347170667946	2.0982938	1.4485489
24.110268850373515	2.0655875	1.4372152
24.128191128689586	2.0523	1.4325851
24.146114006114626	2.06409	1.4366941
24.164037483147187	2.080317	1.4423304
24.181961560286005	2.0439792	1.429678
24.199886238029926	2.0108209	1.4180342
24.21781151687797	2.0578454	1.4345192
24.235737397329274	2.102633	1.4500458
24.253663879883135	2.1104662	1.4527444
24.271590965038975	2.0937467	1.4469784
24.289518653296376	2.079556	1.4420666
24.30744694515505	2.0483081	1.4311912
24.32537584111486	2.026913	1.4236969
24.34330534167581	2.0515132	1.4323105
24.361235447338046	2.04645	1.4305419
24.379166158601876	2.0253785	1.4231579
24.39709747596772	1.9859651	1.4092427
24.41502939993615	1.9749225	1.4053193
24.432961931007917	1.9855492	1.4090952
24.450895069683856	2.0203001	1.4213727
24.468828816465	2.0215886	1.4218258
24.4867631718525	2.0491533	1.4314864
24.504698136347656	2.011391	1.4182352
24.52263371045192	1.9588219	1.3995792
24.540569894666874	1.9563206	1.3986853
24.558506689494266	1.9576324	1.3991542
24.57644409543597	1.9086723	1.3815471
24.594382112994012	1.9105973	1.3822436
24.61232074267057	1.970412	1.4037137
24.630259984967953	1.964273	1.4015253
24.64819984038863	1.936463	1.3915685
24.66614030943522	1.9279286	1.3884987
24.684081392610462	1.9728547	1.4045835
24.702023090417274	2.0198033	1.4211979
24.7199654033587	2.053249	1.4329162
24.737908331937927	2.0482512	1.4311713
24.755851876658305	2.040435	1.428438
24.773796038023324	2.0414484	1.4287926
24.79174081653661	2.0424306	1.4291363
24.809686212701962	2.0763626	1.440959
24.827632227023294	2.0933733	1.4468495
24.8455788600047	2.1038356	1.4504604
24.8635261121504	2.1022213	1.4499038
24.88147398396475	2.0747313	1.4403927
24.899422475952303	2.0407805	1.428559
24.917371588617698	2.090027	1.4456927
24.935321322465768	2.1481514	1.4656574
24.953271678001478	2.2636197	1.504533
24.97122265572994	2.4423473	1.5628011
24.989174256156414	2.7922752	1.6710103
25.00712647978632	3.288696	1.8134762
25.02507932712521	3.8394802	1.9594592
25.043032798678798	4.4771404	2.1159253
25.060986894952933	5.171899	2.274181
25.078941616453637	5.930793	2.4353218
25.096896963687055	6.829207	2.613275
25.114852937159508	8.009126	2.83004
25.132809537377444	8.470875	2.9104767
25.150766764847468	8.532519	2.9210477
25.168724620076347	7.926187	2.8153484
25.186683103570985	6.870247	2.6211157
25.204642215838426	5.6154056	2.3696847
25.222601957385894	4.284982	2.07002
25.24056232872074	3.2498147	1.8027242
25.25852333035048	2.637884	1.6241564
25.276484962782778	2.2938473	1.5145452
25.294447226525435	2.0877702	1.4449118
25.312410122086423	1.9882191	1.4100423
25.330373649973843	1.9302325	1.3893281
25.348337810695988	1.9443905	1.3944141
25.366302604761245	1.9217832	1.386284
25.384268032678207	1.9340438	1.390699
25.40223409495558	1.937591	1.3919737
25.420200792102257	1.9289495	1.3888663
25.438168124627246	1.8583039	1.3631963
25.45613609303974	1.8676481	1.3666192
25.474104697849057	1.9181659	1.3849787
25.492073939564698	1.9969518	1.4131354
25.510043818696285	1.978648	1.4066442
25.528014335753614	1.9420631	1.3935792
25.54598549124664	1.8936003	1.3760815
25.56395728568544	1.9128861	1.3830713
25.58192971958028	1.9042813	1.379957
25.59990279344156	1.883695	1.3724777
25.617876507779833	1.8527495	1.3611574
25.635850863105826	1.8626211	1.3647788
25.653825859930386	1.8862525	1.373409
25.671801498764548	1.896409	1.3771017
25.68977778011949	1.9289623	1.3888708
25.707754704506524	1.9591004	1.3996787
25.725732272437153	1.937024	1.3917701
25.743710484423012	1.8368864	1.3553178
25.761689340975888	1.7875466	1.3369917
25.77966884260774	1.8081214	1.3446641
25.797648989830662	1.8629675	1.3649057
25.815629783156922	1.9166563	1.3844335
25.83361122309895	1.9277608	1.3884382
25.85159331016929	1.8878113	1.3739765
25.869576044880695	1.8507924	1.3604383
25.887559427746034	1.859155	1.3635083
25.90554345927836	1.9004661	1.3785739
25.92352813999086	1.9068803	1.3808984
25.94151347039689	1.8781738	1.3704648
25.959499451009965	1.8258356	1.3512348
25.97748608234374	1.8372511	1.3554523
25.995473364912062	1.8102725	1.3454636
26.013461299228904	1.7887198	1.3374302
26.03144988580839	1.7742927	1.3320258
26.04943912516483	1.7819723	1.3349054
26.067429017812675	1.8217146	1.3497092
26.085419564266537	1.8326975	1.3537716
26.103410765041186	1.8150034	1.3472207
26.12140262065155	1.8129071	1.3464423
26.139395131612723	1.8344259	1.3544098
26.157388298439948	1.8803562	1.3712608
26.17538212164861	1.8539144	1.3615853
26.193376601754295	1.8276116	1.3518919
26.211371739272714	1.8340843	1.3542837
26.229367534719746	1.8353885	1.3547652
26.247363988611433	1.825236	1.351013
26.26536110146397	1.8613411	1.3643098
26.283358873793727	1.8629347	1.3648937
26.301357306117204	1.8117328	1.3460063
26.319356398951104	1.7693732	1.3301779
26.33735615281224	1.7590126	1.3262777
26.35535656821762	1.8454552	1.3584753
26.373357645684404	1.8938637	1.3761772
26.39135938572991	1.8661699	1.3660783
26.409361788871614	1.8453823	1.3584485
26.427364855627165	1.8420701	1.3572289
26.445368586514352	1.8501737	1.3602109
26.46337298205115	1.8276092	1.3518909
26.48137804275568	1.7977993	1.3408204
26.499383769146217	1.7889776	1.3375267
26.517390161741215	1.830262	1.3528718
26.53539722105928	1.838551	1.3559318
26.553404947619182	1.8417267	1.3571023
26.571413341939856	1.8679937	1.3667457
26.589422404540397	1.8774012	1.3701829
26.60743213594006	1.8376726	1.3556079
26.62544253665827	1.8216995	1.3497034
26.64345360721459	1.8248534	1.3508713
26.66146534812879	1.8033596	1.3428923
26.679477759920758	1.8154885	1.3474007
26.69749084311057	1.8585019	1.3632689
26.71550459821847	1.8502616	1.3602432
26.733519025764842	1.7827652	1.3352023
26.751534126270258	1.775901	1.3326293
26.769549900255434	1.8429487	1.3575524
26.787566348241267	1.8893319	1.3745297
26.80558347074881	1.8406541	1.3567071
26.823601268299267	1.8086607	1.3448646
26.841619741414036	1.7611097	1.3270681
26.85963889061465	1.756638	1.3253822
26.877658716422832	1.8020879	1.3424187
26.89567921936045	1.8851498	1.3730075
26.913700399949544	1.9232949	1.3868291
26.93172225871233	1.8967211	1.377215
26.949744796171174	1.8339636	1.3542391
26.967768012848605	1.8152736	1.3473209
26.98579190926733	1.7692084	1.3301159
27.003816485950225	1.7506323	1.3231146
27.021841743420318	1.7789718	1.333781
27.039867682200814	1.7910757	1.3383107
27.057894302815072	1.7794683	1.3339671
27.07592160578664	1.7850796	1.3360687
27.0939495916392	1.8357153	1.3548857
27.111978260896635	1.8314388	1.3533067
27.13000761408296	1.8101271	1.3454096
27.148037651722397	1.8070403	1.344262
27.166068374339304	1.8579955	1.3630831
27.184099782458215	1.8609987	1.3641843
27.20213187660384	1.9076096	1.3811624
27.22016465730105	1.8649448	1.3656298
27.23819812507487	1.8298279	1.3527113
27.256232280450533	1.8203738	1.3492123
27.274267123953383	1.8360499	1.3550092
27.292302656108987	1.8473955	1.3591893
27.31033887744306	1.8317763	1.3534313
27.32837578848146	1.7940829	1.3394338
27.34641338975026	1.8355833	1.3548371
27.364451681775673	1.829258	1.3525007
27.382490665084074	1.8045322	1.3433287
27.400530340202046	1.7454616	1.3211591
27.41857070765629	1.7426314	1.3200877
27.436611767973726	1.7833318	1.3354144
27.454653521681404	1.7955915	1.3399968
27.472695969306564	1.8216242	1.3496755
27.490739111376627	1.8583953	1.3632298
27.508782948419153	1.8325268	1.3537085
27.526827480961902	1.8231802	1.3502519
27.54487270953279	1.827207	1.3517421
27.562918634659898	1.8366383	1.3552263
27.580965256871508	1.8154867	1.3474
27.599012576696026	1.78146	1.3347135
27.617060594662068	1.774627	1.3321513
27.63510931129842	1.810272	1.3454635
27.65315872713401	1.8183945	1.3484786
27.67120884269797	1.8108437	1.345676
27.68925965851958	1.8165152	1.3477815
27.707311175128307	1.8881826	1.3741115
27.725363393053787	1.90157	1.3789742
27.74341631282583	1.9216019	1.3862185
27.7614699349744	1.8833051	1.3723357
27.77952426002968	1.9959693	1.4127878
27.797579288521973	2.047169	1.4307932
27.815635020981784	2.4667163	1.5705783
27.83369145793979	2.5966864	1.6114237
27.85174859992682	2.439559	1.5619087
27.869806447473923	2.2854707	1.5117773
27.887865001112267	2.0560794	1.4339036
27.905924261373233	1.9623182	1.4008276
27.92398422878836	1.8851278	1.3729995
27.94204490388936	1.858357	1.3632157
27.96010628720813	1.8959398	1.3769313
27.978168379276728	1.8888674	1.3743607
27.9962311806274	1.8895241	1.3745996
28.014294691792568	1.9264822	1.3879777
28.0323589133048	1.9529637	1.3974848
28.050423845696887	1.9084431	1.3814641
28.068489489501758	1.8846488	1.3728251
28.086555845252523	1.8715627	1.3680507
28.104622913482487	1.889246	1.3744985
28.122690694725115	1.8913921	1.375279
28.14075918951405	1.866483	1.3661928
28.15882839838312	1.8142711	1.3469489
28.176898321866304	1.8520918	1.3609158
28.1949689604978	1.8843734	1.3727248
28.213040314811945	1.9124805	1.3829246
28.23111238534327	1.8766285	1.369901
28.249185172626493	1.9094776	1.3818384
28.267258677196473	1.942763	1.3938303
28.285332899588294	1.9669973	1.4024968
28.303407840337172	1.9470296	1.39536
28.321483499978545	1.9167837	1.3844795
28.33955987904799	1.9353985	1.391186
28.357636978081285	1.8989038	1.3780072
28.37571479761439	1.8765222	1.3698621
28.393793338183425	1.9318537	1.3899114
28.41187260032469	1.9840606	1.4085668
28.429952584574686	1.9991392	1.4139092
28.448033291470065	1.9643538	1.4015541
28.46611472154769	1.9648138	1.4017181
28.484196875344566	1.9876573	1.409843
28.502279753397914	1.962758	1.4009846
28.52036335624511	1.958418	1.3994349
28.538447684423716	1.9776818	1.4063008
28.556532738471482	2.0032794	1.4153725
28.574618518926325	2.0026846	1.4151624
28.59270502632635	1.9909052	1.4109944
28.61079226120985	1.9209393	1.3859795
28.628880224115274	1.9144102	1.3836222
28.646968915581287	1.9625096	1.400896
28.66505833614671	2.0531938	1.432897
28.68314848635055	2.0966065	1.4479663
28.701239366732004	2.0946572	1.447293
28.71933097783044	2.0943484	1.4471864
28.737423320185403	2.0765731	1.4410319
28.75551639433665	2.0860984	1.4443332
28.773610200824074	2.0774314	1.4413297
28.791704740187793	2.1030505	1.4501898
28.80980001296809	2.1804044	1.4766192
28.827896019705413	2.1975293	1.4824066
28.845992760940433	2.1705544	1.4732802
28.86409023721397	2.1271114	1.458462
28.88218844906704	2.148222	1.4656814
28.900287397040845	2.1994593	1.4830574
28.918387081676755	2.2368186	1.4955997
28.936487503516343	2.2777205	1.5092119
28.954588663101365	2.2732313	1.5077239
28.97269056097374	2.307054	1.518899
28.990793197675597	2.3533392	1.5340598
29.00889657374923	2.3932116	1.5470009
29.027000689737125	2.3478215	1.5322603
29.04510554618196	2.36093	1.5365318
29.06321114362659	2.383136	1.5437409
29.08131748261405	2.455019	1.5668501
29.099424563687567	2.5000792	1.5811639
29.11753238739057	2.516878	1.5864671
29.13564095426663	2.5311754	1.5909668
29.15375026485954	2.5667806	1.6021175
29.171860319713275	2.5995455	1.6123106
29.18997111937199	2.7022793	1.643861
29.20808266438002	2.793218	1.6712923
29.226194955281898	2.8367076	1.6842529
29.244307992622335	2.837743	1.6845602
29.26242177694624	2.8524654	1.6889243
29.2805363087987	2.8806567	1.6972498
29.29865158872498	2.8745496	1.6954497
29.316767617270557	2.8740642	1.6953065
29.334884394981064	2.888682	1.6996123
29.353001922402367	2.9587429	1.7200997
29.37112020008047	3.07041	1.7522585
29.389239228561596	3.1871974	1.7852724
29.407359008392152	3.316883	1.8212312
29.42547954011872	3.715033	1.9274421
29.44360082428809	4.355595	2.0870063
29.46172286144722	5.375883	2.3185952
29.479845652143283	7.0395546	2.653216
29.497969196923606	9.330892	3.0546508
29.516093496335728	11.9494295	3.4567947
29.5342185509274	14.855806	3.8543231
29.55234436124651	17.335165	4.163552
29.570470927841175	18.836477	4.3401012
29.588598251259686	18.79554	4.3353825
29.60672633205055	17.29248	4.158423
29.624855170762405	14.939732	3.8651948
29.642984767944146	12.059319	3.472653
29.66111512414481	9.237497	3.0393252
29.67924623991366	6.783251	2.6044674
29.697378115800138	5.0783644	2.2535226
29.71551075235387	4.114021	2.0283048
29.733644150124675	3.6963985	1.922602
29.751778309662576	3.5245712	1.8773842
29.769913231517766	3.433734	1.8530337
29.78804891624066	3.3837454	1.839496
29.806185364381818	3.372669	1.8364828
29.82432257649206	3.2938182	1.8148879
29.842460553122333	3.228603	1.7968314
29.86059929482382	3.2867665	1.8129442
29.878738802147872	3.3248534	1.823418
29.896879075646048	3.292873	1.8146275
29.915020115870114	3.2754185	1.8098117
29.933161923371976	3.2615929	1.8059881
29.951304498703777	3.252127	1.8033655
29.969447842417857	3.267357	1.8075832
29.987591955066733	3.3312716	1.8251772
30.005736837203123	3.284924	1.812436
30.023882489379943	3.220849	1.7946724
30.04202891215028	3.2304335	1.7973406
30.060176106067455	3.2412536	1.8003482
30.078324071684946	3.2286737	1.796851
30.09647280955646	3.2146642	1.7929485
30.114622320235863	3.2353923	1.7987196
30.132772604277257	3.2414627	1.8004062
30.1509236622349	3.1646302	1.7789408
30.16907549466328	3.129999	1.7691803
30.18722810211705	3.0749593	1.7535561
30.205381485151097	3.0323393	1.7413614
30.22353564432045	3.092765	1.7586259
30.241690580180403	3.1763446	1.7822303
30.25984629328638	3.1187396	1.7659954
30.278002784194037	2.9592495	1.7202469
30.296160053459246	2.9954906	1.7307485
30.314318101638033	3.020606	1.7379891
30.332476929286646	3.0070527	1.7340856
30.35063653696153	2.944012	1.7158123
30.368796925219307	2.9279215	1.711117
30.386958094616844	2.9170423	1.7079351
30.40512004571115	2.9079866	1.705282
30.423282779059463	2.9236388	1.7098651
30.441446295219233	2.9007368	1.7031549
30.459610594748067	2.8842092	1.698296
30.47777567820382	2.8714442	1.6945336
30.495941546144504	2.841992	1.6858208
30.51410819912835	2.8336334	1.68334
30.532275637713795	2.8450081	1.6867152
30.55044386245946	2.801525	1.6737757
30.56861287392416	2.7817576	1.6678602
30.586782672666956	2.8064468	1.6752453
30.604953259247047	2.786047	1.6691456
30.623124634223885	2.788637	1.6699213
30.641296798157075	2.826651	1.6812648
30.659469751606462	2.8760207	1.6958834
30.677643495132074	2.841295	1.6856141
30.695818029294152	2.7715795	1.6648061
30.713993354653116	2.694693	1.6415521
30.73216947176962	2.6936586	1.6412369
30.75034638120448	2.7261584	1.6511083
30.768524083518756	2.7705624	1.6645006
30.786702579273673	2.7953095	1.6719179
30.80488186903069	2.8808916	1.6973189
30.82306195335144	2.972979	1.7242329
30.841242832797782	3.2325568	1.7979313
30.85942450793176	3.5363603	1.8805213
30.877606979315637	3.8310726	1.9573126
30.895790247511883	4.1457834	2.0361197
30.913974313083134	4.493752	2.119847
30.932159176592283	4.88862	2.2110224
30.95034483860237	5.058127	2.249028
30.968531299676698	4.8465056	2.201478
30.98671856037873	4.5239205	2.126951
31.00490662127215	4.074659	2.0185785
31.023095482920848	3.6411328	1.9081752
31.04128514588892	3.1398265	1.7719556
31.059475610740662	2.8030822	1.6742408
31.07766687804056	2.632094	1.6223729
31.09585894835335	2.5399373	1.593718
31.11405182224393	2.4085655	1.5519553
31.132245500277417	2.375567	1.5412874
31.15043998301914	2.39744	1.5483669
31.168635271034628	2.4322846	1.5595783
31.18683136488964	2.4686468	1.5711927
31.20502826515008	2.5184712	1.5869693
31.223225972382135	2.5263748	1.5894574
31.241424487152155	2.5247235	1.5889379
31.259623810026692	2.4850273	1.576397
31.27782394157253	2.4391153	1.5617667
31.296024882356644	2.4223602	1.5563933
31.314226632946237	2.4424033	1.562819
31.332429193908684	2.4904685	1.5781218
31.350632565811598	2.4734678	1.5727262
31.368836749222787	2.4810004	1.5751191
31.387041744710295	2.58246	1.6070035
31.40524755284232	2.6440852	1.6260643
31.423454174187317	2.6022377	1.6131452
31.441661609313922	2.5761225	1.6050304
31.459869858791002	2.5369003	1.592765
31.478078923187628	2.5058858	1.582999
31.496288803073064	2.459463	1.5682675
31.514499499016807	2.420869	1.5559143
31.532711011588546	2.3659527	1.5381653
31.550923341358178	2.3611162	1.5365924
31.56913648889584	2.4126344	1.5532657
31.587350454771844	2.405116	1.5508437
31.605565239556732	2.3661225	1.5382205
31.62378084382127	2.3950887	1.5476074
31.641997268136382	2.421517	1.5561224
31.660214513073274	2.3391588	1.5294309
31.67843257920331	2.1990933	1.482934
31.6966514670981	2.19008	1.4798919
31.71487117732944	2.327273	1.5255402
31.733091710469346	2.4049551	1.5507917
31.751313067090052	2.3326395	1.5272981
31.769535247764008	2.2746325	1.5081885
31.787758253063878	2.2457116	1.4985698
31.805982083562526	2.2813342	1.5104086
31.824206739833024	2.301888	1.5171974
31.84243222244869	2.3145933	1.5213788
31.860658531983013	2.346058	1.5316846
31.878885669009737	2.3839536	1.5440056
31.897113634102784	2.3619564	1.5368657
31.91534242783632	2.346592	1.531859
31.933572050784694	2.3508642	1.5332528
31.951802503522508	2.3264573	1.5252728
31.970033786624548	2.2979076	1.5158851
31.988265900665834	2.199427	1.4830465
32.006498846221575	2.1477926	1.4655349
32.02473262386724	2.2111683	1.4869998
32.04296723417845	2.2071555	1.4856498
32.0612026777311	2.1814616	1.4769772
32.07943895510129	2.1828277	1.4774395
32.097676066865304	2.209701	1.4865063
32.115914013599685	2.2050323	1.4849352
32.13415279588115	2.2194138	1.4897697
32.152392414286666	2.148282	1.4657019
32.1706328693934	2.1374333	1.4619963
32.18887416177875	2.075873	1.440789
32.20711629202032	2.0592651	1.435014
32.225359260695924	2.1301184	1.4594924
32.243603068383614	2.1334789	1.4606433
32.26184771566166	2.1360657	1.4615285
32.28009320310852	2.2043924	1.4847196
32.2983395313029	2.2092938	1.4863694
32.31658670082372	2.1181035	1.4553705
32.33483471225012	2.1329474	1.4604614
32.35308356616143	2.1544533	1.4678056
32.371333263137245	2.1381998	1.4622585
32.38958380375734	2.0192325	1.420997
32.407835188601744	1.9658855	1.4021004
32.42608741825067	1.9913237	1.4111427
32.444340493284585	2.0251625	1.423082
32.46259441428416	2.0561855	1.4339405
32.48084918183028	2.0927355	1.446629
32.49910479650405	2.0788739	1.44183
32.51736125888683	2.0112364	1.4181807
32.53561856956014	2.0104132	1.4178904
32.5538767291058	1.9959431	1.4127785
32.572135738105764	2.0904293	1.4458317
32.59039559714228	2.0902176	1.4457585
32.608656306797776	1.9535099	1.3976802
32.62691786765491	1.8675165	1.3665711
32.645180280296586	2.0216248	1.4218385
32.663443545305896	2.104243	1.450601
32.68170766326619	2.1867177	1.4787555
32.69997263476099	2.2181442	1.4893435
32.7182384603741	2.2107215	1.4868495
32.7365051406895	2.1397238	1.4627795
32.75477267629144	2.0353122	1.4266437
32.77304106776434	1.981996	1.4078338
32.79131031569289	2.0044694	1.4157928
32.809580420661966	2.0736213	1.4400073
32.827851383256714	2.1034348	1.4503223
32.84612320406245	2.0761373	1.4408808
32.86439588366476	1.9729688	1.4046241
32.88266942264945	1.9385848	1.3923308
32.9009438216025	1.9777972	1.4063418
32.9192190811102	1.9206735	1.3858837
32.937495201758985	1.927482	1.3883379
32.95577218413556	1.9249096	1.3874111
32.974050028826866	2.0667477	1.4376187
32.992328736420035	2.0782788	1.4416237
33.010608307502444	1.8980314	1.3776906
33.02888874266169	1.8880837	1.3740755
33.047170042485604	1.9438303	1.3942131
33.06545220756225	1.9368018	1.3916903
33.083735238479896	1.9392691	1.3925765
33.10201913582707	1.9639609	1.4014139
33.12030390019248	2.0715196	1.4392774
33.138589532165135	2.038087	1.4276158
33.15687603233419	1.8820915	1.3718934
33.17516340128909	1.8208404	1.3493851
33.19345163961947	1.8410141	1.3568398
33.211740747915215	1.9065158	1.3807664
33.23003072676643	2.0001101	1.4142525
33.248321576763466	2.0274878	1.4238988
33.266613298496885	1.9838252	1.4084833
33.28490589255747	1.8510723	1.3605412
33.30319935953626	1.8182094	1.34841
33.32149370002451	1.8915517	1.375337
33.339788914613706	1.910003	1.3820286
33.358085003895575	1.9055033	1.3803997
33.376381968462034	1.8902364	1.3748586
33.39467980890529	1.8564799	1.362527
33.41297852581774	1.8687128	1.3670087
33.43127811979204	1.9395293	1.3926698
33.44957859142105	2.025106	1.4230622
33.467879941297866	2.0640607	1.4366839
33.486182170015844	2.116204	1.4547179
33.50448527816853	2.1053984	1.4509991
33.522789266349754	2.0373766	1.427367
33.541094135153514	1.990726	1.4109309
33.55939988517411	1.9670678	1.402522
33.57770651700602	1.8957975	1.3768796
33.59601403124398	1.8368349	1.3552989
33.61432242848296	1.9308699	1.3895575
33.632631709318154	1.9774088	1.4062036
33.650941874344994	1.9183519	1.3850458
33.66925292415916	1.9476539	1.3955837
33.68756485935654	2.0182436	1.4206489
33.70587768053328	2.0395617	1.4281323
33.724191388285746	2.0518026	1.4324114
33.74250598321054	2.077738	1.441436
33.760821465904506	2.093482	1.446887
33.77913783696474	2.0460606	1.4304057
33.79745509698852	1.9315786	1.3898125
33.815773246573414	1.9386579	1.392357
33.8340922863172	1.9610815	1.4003862
33.852412216817896	1.9500898	1.3964561
33.87073303867377	1.9241024	1.3871202
33.889054752483304	1.8220636	1.3498384
33.907377358845245	1.9391725	1.3925418
33.92570085835853	2.07962	1.4420887
33.94402525162239	2.0327208	1.4257352
33.96235053923627	1.9467207	1.3952494
33.980676721799824	1.8610232	1.3641932
33.999003799912984	1.8504337	1.3603065
34.01733177417592	1.9443421	1.3943967
34.03566064518901	1.9816791	1.4077213
34.0539904135529	1.9063088	1.3806914
34.07232107986846	1.9355367	1.3912357
34.090652644736785	1.925782	1.3877255
34.108985108759235	1.8820134	1.3718649
34.12731847253742	1.9512345	1.396866
34.14565273667313	1.9592819	1.3997436
34.16398790176847	1.8740511	1.3689599
34.18232396842574	1.8982054	1.3777537
34.20066093724749	1.9365532	1.391601
34.21899880883651	2.0060797	1.4163615
34.23733758379583	2.052251	1.432568
34.25567726272874	2.0925179	1.4465538
34.27401784623872	2.0884569	1.4451494
34.29235933492957	2.1675925	1.4722747
34.31070172940526	2.1828287	1.4774399
34.32904503027003	2.055077	1.433554
34.347389238128386	2.0067296	1.4165908
34.36573435358502	1.9587445	1.3995515
34.38408037724492	1.8711377	1.3678954
34.402427309713296	1.8264073	1.3514464
34.42077515159559	1.8976928	1.3775678
34.43912390349752	1.9445144	1.3944584
34.45747356602499	1.8247812	1.3508446
34.47582413978423	1.9230536	1.3867421
34.49417562538163	2.0306337	1.425003
34.51252802342388	2.0047705	1.4158992
34.53088133451789	2.0372374	1.4273182
34.54923555927084	2.0394182	1.428082
34.567590698290104	1.9587237	1.3995441
34.58594675218336	1.8596337	1.3636838
34.6043037215585	1.8988533	1.3779888
34.62266160702365	1.8669254	1.3663548
34.641020409187234	1.9303968	1.3893872
34.65938012865785	1.9746021	1.4052054
34.677740766044394	2.0118768	1.4184065
34.69610232195598	2.0186753	1.4208009
34.714464797002016	2.0183678	1.4206927
34.73282819179208	1.9823319	1.407953
34.751192506936064	1.9360362	1.3914152
34.76955774304408	1.8957795	1.3768731
34.7879239007265	1.9006627	1.3786452
34.80629098059391	1.9614507	1.4005181
34.824658983257194	1.9563203	1.3986852
34.843027909327446	1.9840126	1.4085498
34.86139775941603	2.15828	1.4691086
34.879768534134534	2.2464542	1.4988176
34.89814023409483	2.1481574	1.4656594
34.91651285990901	1.9582187	1.3993636
34.93488641218944	1.9617072	1.4006096
34.95326089154871	1.9400294	1.3928493
34.97163629859967	2.0175104	1.420391
34.99001263395542	1.974613	1.4052092
35.00838989822934	1.9084327	1.3814603
35.02676809203499	1.8959987	1.3769526
35.04514721598624	1.7273681	1.3142937
35.063527270697215	1.7381138	1.3183755
35.081908256782256	1.9525892	1.3973508
35.10029017485597	2.1105924	1.4527878
35.11867302553321	2.1246932	1.4576328
35.137056809429104	2.0691004	1.4384367
35.155441527159006	1.9574093	1.3990744
35.173827179338524	1.9144764	1.383646
35.19221376658354	2.0598416	1.4352149
35.21060128951017	2.1152	1.4543728
35.2289897487348	2.191447	1.4803537
35.24737914487405	1.8846486	1.372825
35.26576947854479	2.0687313	1.4383085
35.28416075036418	2.0236752	1.4225594
35.30255296094958	1.8404047	1.3566152
35.32094611091867	1.9880025	1.4099654
35.33934020088932	2.0453107	1.4301436
35.35773523147969	1.8672823	1.3664854
35.3761312033082	1.905281	1.3803191
35.394528116993506	1.922039	1.3863763
35.41292597315452	2.0105953	1.4179547
35.431324772410434	2.371602	1.5400007
35.449724515380666	2.4730835	1.5726041
35.46812520268491	2.3531518	1.5339986
35.486526834943106	2.2294583	1.4931371
35.504929412775454	1.8797768	1.3710495
35.52333293680242	1.8610177	1.3641912
35.54173740764471	2.0400524	1.4283041
35.560142825923286	2.204804	1.4848583
35.5785491922594	2.074816	1.4404222
35.59695650727454	2.3784623	1.5422264
35.61536477159042	3.9576364	1.989381
