0.008763373481513119	0.0	0.0
0.026290120649546365	0.0	0.0
0.043816868432600686	0.0	0.0
0.06134361724069026	0.052548494	0.22923458
0.07887036748382949	0.07282483	0.26986074
0.0963971195720331	0.060210463	0.2453782
0.11392387391531617	0.07133339	0.2670831
0.1314506309236943	0.083810665	0.2895007
0.1489773910071836	0.08896179	0.29826462
0.16650415457580078	0.106762186	0.32674482
0.18403092203956356	0.07944346	0.28185716
0.20155769380849	0.095066056	0.30832782
0.2190844702925996	0.11992543	0.3463025
0.2366112519019124	0.15481003	0.39345905
0.2541380390464497	0.16326249	0.40405753
0.27166483213623416	0.15802172	0.39751947
0.28919163158128947	0.1845706	0.4296168
0.3067184377916406	0.15242697	0.39041898
0.324245251177314	0.13693812	0.3700515
0.34177207214833777	0.11062043	0.3325965
0.3592989011147415	0.12216713	0.34952414
0.37682573848655654	0.10644792	0.32626358
0.39435258467381573	0.11593769	0.34049624
0.41187944008655414	0.13222873	0.36363268
0.42940630513480854	0.12916172	0.35939077
0.446933180228618	0.14713624	0.38358343
0.4644600657780234	0.16257183	0.40320197
0.48198696219306775	0.16685435	0.40847808
0.49951386988379676	0.17246406	0.4152879
0.5170407892602581	0.17106256	0.4135971
0.5345677207325025	0.17051095	0.4129297
0.5520946647105822	0.15581101	0.39472905
0.5696216216045534	0.1597655	0.39970675
0.5871485918244737	0.12870164	0.3587501
0.6046755757804043	0.13271293	0.36429787
0.6222025738824094	0.13633192	0.36923152
0.6397295865405557	0.14274059	0.37781027
0.6572566141649129	0.19748268	0.44439024
0.6747836571655547	0.19039357	0.4363411
0.6923107159525568	0.16644563	0.4079775
0.7098377909359992	0.14856695	0.38544384
0.7273648825259653	0.18006632	0.42434222
0.7448919911325411	0.23172063	0.4813737
0.762419117165817	0.24360587	0.49356446
0.7799462610358868	0.23305203	0.48275462
0.7974734231528482	0.23550652	0.48529014
0.8150006039268024	0.2224689	0.4716661
0.8325278037678551	0.21423456	0.4628548
0.8500550230861152	0.20196588	0.44940615
0.8675822622916969	0.20365544	0.451282
0.8851095217947171	0.22838186	0.47789314
0.9026368020052984	0.20553178	0.45335612
0.9201641033335665	0.21007128	0.45833534
0.9376914261896523	0.22065613	0.46974048
0.9552187709836915	0.23954637	0.48943475
0.9727461381258234	0.26711932	0.51683587
0.990273528026193	0.2948221	0.54297525
1.0078009410949496	0.29694715	0.54492855
1.0253283777422473	0.33511752	0.57889336
1.0428558383782454	0.34741488	0.5894191
1.0603833234131086	0.34734192	0.5893572
1.0779108332570058	0.3469317	0.5890091
1.0954383683201119	0.3253494	0.57039404
1.112965929012607	0.35518932	0.5959776
1.1304935157446763	0.5211856	0.7219318
1.1480211289265108	0.5715904	0.756036
1.1655487689683062	1.4719708	1.213248
1.1830764362802655	1.7616413	1.3272684
1.200604131272596	2.1396546	1.4627558
1.2181318543555117	2.332371	1.5272102
1.235659605939232	2.3624344	1.5370213
1.253187386433982	3.8590493	1.9644463
1.270715196249994	6.3031006	2.5105977
1.2882430357975057	11.926919	3.4535372
1.3057709054867608	16.81219	4.100267
1.3232988057280106	22.766714	4.7714477
1.3408267369315112	27.315643	5.226437
1.358354699507526	30.908474	5.559539
1.3758826938663256	35.003674	5.9163904
1.3934107204181858	36.779396	6.064602
1.410938779573391	37.100872	6.0910487
1.4284668717422309	37.90658	6.156832
1.4459949973350033	37.69406	6.139549
1.4635231567620117	37.901318	6.1564045
1.4810513504335687	36.66099	6.054832
1.4985795787599925	35.759663	5.9799385
1.5161078421516088	35.064262	5.9215083
1.5336361410187505	34.13057	5.8421373
1.5511644757717598	34.31834	5.858186
1.5686928468209842	35.162014	5.9297566
1.58622125457678	35.8285	5.985691
1.6037496994495108	36.867504	6.0718617
1.621278181849548	36.5012	6.0416226
1.6388067021872719	36.945496	6.0782804
1.6563352608730693	36.606583	6.0503373
1.673863858317336	36.08501	6.00708
1.6913924949304753	35.59018	5.9657507
1.7089211711228998	34.6898	5.889805
1.7264498873050296	33.713554	5.8063374
1.7439786438872935	32.59534	5.709233
1.7615074412801288	31.456099	5.6085734
1.779036279893981	30.811468	5.550808
1.796565160139305	29.90322	5.468384
1.814094082426564	29.660948	5.4461865
1.8316230471662298	29.043064	5.3891616
1.849152054768784	27.984804	5.2900667
1.8666811056447168	27.29367	5.2243342
1.8842102002045273	26.427038	5.1407237
1.901739338858724	25.868296	5.0860887
1.9192685220178245	25.491789	5.048939
1.9367977500923557	24.710054	4.970921
1.9543270234928547	24.471632	4.946881
1.971856342629867	23.79446	4.8779564
1.9893857079139496	23.154144	4.8118753
2.006915119755667	22.518818	4.7453995
2.0244445785655945	21.92971	4.6829166
2.0419740847543175	21.65756	4.6537685
2.0595036387324317	21.185373	4.602757
2.0770332409105414	20.645182	4.543697
2.094562891699263	20.487455	4.526307
2.1120925915092217	19.993425	4.4714007
2.129622340751053	19.672626	4.4353833
2.1471521398354043	187.79462	13.703817
2.1646819891729323	444.14667	21.074787
2.182211889174303	440.52887	20.98878
2.1997418402501974	452.8708	21.280762
2.2172718428113023	432.8211	20.804354
2.234801897268317	320.60257	17.905378
2.2523320040319548	17.149492	4.1411943
2.269862163512935	16.839115	4.103549
2.287392376121992	16.574974	4.0712376
2.304922642269869	16.16974	4.0211616
2.322452962367322	15.80239	3.975222
2.3399833368251164	15.5253935	3.9402275
2.357513766054032	15.27713	3.908597
2.3750442504648586	14.98126	3.8705633
2.3925747904683963	14.642094	3.826499
2.410105386475459	14.354054	3.7886746
2.4276360388968707	14.075786	3.751771
2.445166748143469	13.967604	3.7373257
2.4626975146261025	13.771706	3.7110248
2.4802283387556323	13.700714	3.7014475
2.4977592209429305	13.46634	3.6696513
2.5152901615988825	12.890389	3.590319
2.5328211611343865	12.566052	3.5448627
2.5503522199603523	12.285403	3.505054
2.5678833384877024	12.2872305	3.5053146
2.5854145171273712	12.0627	3.4731398
2.6029457562903064	11.878626	3.4465382
2.620477056387469	11.710209	3.4220183
2.6380084178298326	11.498525	3.3909473
2.655539841028383	11.363907	3.3710394
2.673071326394119	11.336527	3.366976
2.6906028743380523	11.191566	3.3453798
2.708134485271211	10.978432	3.3133717
2.7256661596046325	10.616096	3.258235
2.743197897749369	10.384303	3.2224684
2.760729700116486	10.375129	3.2210448
2.778261567117063	10.3723345	3.2206109
2.795793499162193	10.132237	3.1831176
2.8133254966629817	9.950212	3.1543956
2.830857560030551	9.706094	3.1154604
2.8483896896760337	9.647599	3.1060584
2.865921886010578	9.473112	3.0778422
2.883454149445347	9.429103	3.0706844
2.9009864803915177	9.401635	3.0662086
2.91851887926028	9.227912	3.0377479
2.9360513464628384	9.056973	3.0094807
2.953583882410413	8.942787	2.9904494
2.9711164875142373	8.820468	2.9699273
2.9886491621855606	8.855008	2.9757366
3.0061819068356455	8.839878	2.9731932
3.023714721875769	8.77913	2.9629598
3.041247607717225	8.672863	2.9449725
3.0587805647713213	8.386541	2.8959527
3.0763135934493806	8.278309	2.8772051
3.0938466941627407	8.1727915	2.8588095
3.1113798673227544	8.128292	2.851016
3.1289131133407904	7.853132	2.802344
3.1464464326282315	7.6681747	2.769147
3.1639798255964786	7.545524	2.7469118
3.1815132926569443	7.5016885	2.738921
3.1990468342210603	7.438168	2.7273004
3.216580450700272	7.3544903	2.7119164
3.2341141425060416	7.4432154	2.7282257
3.251647910049847	7.3806415	2.7167337
3.2691817537431813	7.245415	2.691731
3.286715673997555	7.128451	2.669916
3.3042496712244938	7.0860248	2.661959
3.32178374583554	7.1791162	2.6793873
3.339317898242251	7.0151825	2.648619
3.3568521288562034	6.819622	2.6114407
3.3743864380889876	6.638339	2.5764976
3.3919208263522127	6.5988636	2.5688252
3.4094552940575023	6.5040097	2.550296
3.4269898416164972	6.524762	2.5543613
3.444524469440858	6.4649844	2.5426333
3.4620591779422587	6.4506927	2.5398214
3.479593967532391	6.3857493	2.527004
3.4971288386229658	6.343093	2.5185497
3.5146637916257086	6.290317	2.5080504
3.5321988269523628	6.331384	2.5162241
3.5497339450146903	6.378823	2.525633
3.5672691462244708	6.4428425	2.5382755
3.5848044309934988	6.366556	2.5232036
3.60233979973359	6.2863545	2.5072603
3.619875252856575	6.245765	2.499153
3.6374107907743034	6.1248655	2.4748466
3.6549464138986427	6.2003317	2.4900465
3.6724821226414788	6.3045216	2.5108807
3.690017917414714	6.340287	2.5179927
3.7075537986302702	6.300274	2.5100346
3.7250897667000857	6.3101783	2.5120068
3.7426258220361235	6.5208073	2.5535872
3.7601619650503553	6.760312	2.60006
3.777698196154779	7.2285943	2.6886046
3.7952345157614067	8.202436	2.8639896
3.8127709242822716	8.92432	2.98736
3.830307422129425	11.072363	3.327516
3.847844009714936	12.422942	3.5246193
3.8653806874508954	15.718334	3.9646354
3.882917455749409	15.376828	3.92133
3.900454315022606	15.447548	3.930337
3.917991265682631	12.527922	3.5394804
3.9355283081416506	10.716481	3.2736037
3.9530654428118495	8.652668	2.9415417
3.970602670105433	7.430252	2.725849
3.9881399904346244	6.4900913	2.5475657
4.005677404211669	6.3508034	2.52008
4.023214911848827	6.349045	2.519731
4.0407525137583855	6.4151006	2.532805
4.058290210352644	6.440463	2.5378067
4.075828002043927	6.3938465	2.5286057
4.0933658892445814	6.347853	2.5194945
4.110903872366966	6.266658	2.5033293
4.128441951823468	6.163053	2.4825497
4.145980128026488	6.2063255	2.4912498
4.163518401388452	6.2266865	2.495333
4.181056772321807	6.306619	2.5112984
4.1985952412390155	6.2919683	2.5083797
4.216133808552567	6.282117	2.5064151
4.233672474674966	6.2579584	2.5015912
4.251211240018741	6.5084085	2.5511582
4.268750104996445	6.7781363	2.6034853
4.286289070020643	7.766712	2.7868822
4.303828135503928	9.3965225	3.0653749
4.3213673018589125	29.61787	5.44223
4.3389065694982305	90.67281	9.522227
4.356445938834537	165.73874	12.873956
4.3739854102805085	171.27798	13.087321
4.391524984248844	172.1872	13.122012
4.409064661152262	136.36221	11.6774235
4.426604441403504	96.87878	9.842702
4.444144325415337	75.93556	8.714102
4.461684313600543	21.77157	4.6660013
4.47922440637193	21.99487	4.689869
4.496764604142329	20.125687	4.486166
4.5143049073245916	18.243973	4.2712965
4.531845316331589	16.213451	4.026593
4.5493858315762195	13.61508	3.6898618
4.566926453471405	11.434942	3.3815591
4.584467182430081	9.359369	3.0593085
4.602008018865218	8.075857	2.8418052
4.619548963189798	7.333569	2.7080562
4.637090015816834	6.889144	2.624718
4.654631177159353	6.6831417	2.5851774
4.672172447630417	6.499179	2.5493488
4.689713827643102	6.3570075	2.5213106
4.7072553176105085	6.077144	2.4651864
4.724796917945764	5.8417273	2.4169664
4.742338629062015	5.6577783	2.3786085
4.759880451372434	5.643896	2.3756886
4.777422385290215	5.598093	2.366029
4.794964431228581	5.666188	2.3803756
4.812506589600768	5.6320496	2.373194
4.830048860820047	5.5093174	2.3471935
4.847591245299709	5.3868256	2.3209536
4.8651337434530655	5.4017544	2.3241675
4.882676355693457	5.4640183	2.337524
4.900219082434242	5.5349503	2.3526475
4.917761924088813	5.61631	2.3698754
4.935304881070575	5.569401	2.3599577
4.952847953792969	5.5425067	2.3542528
4.970391142669449	5.4990845	2.3450127
4.9879344481135055	5.4504204	2.3346136
5.005477870538642	5.400427	2.3238819
5.023021410358394	5.354082	2.313889
5.040565067986324	5.3320684	2.309127
5.05810884383601	5.2830043	2.2984786
5.075652738321066	5.2612433	2.29374
5.09319675185512	5.29532	2.3011563
5.110740884851836	5.366403	2.3165498
5.128285137724894	5.393817	2.3224592
5.145829510888007	5.2939253	2.3008533
5.163374004754908	5.24372	2.289917
5.1809186197393595	5.2931447	2.3006835
5.198463356255145	5.3338356	2.3095098
5.216008214716077	5.326835	2.3079937
5.233553195535998	5.276671	2.2971005
5.251098299128764	5.2516823	2.2916548
5.268643525908272	5.2681246	2.2952394
5.286188876288432	5.3167696	2.3058121
5.3037343506831895	5.285458	2.2990124
5.32127994950651	5.2986493	2.3018794
5.3388256731723915	5.247429	2.2907267
5.356371522094851	5.2588115	2.2932098
5.373917496687938	5.2011895	2.2806118
5.391463597365729	5.196088	2.2794929
5.40900982454232	5.1680765	2.2733405
5.426556178631843	5.2134643	2.283301
5.444102660048449	5.0974	2.2577422
5.4616492692063225	5.0524426	2.2477639
5.479196006519669	4.9886565	2.23353
5.496742872402727	5.0282464	2.2423751
5.514289867269756	5.079201	2.2537084
5.531836991535049	5.04281	2.2456203
5.549384245612924	5.0026274	2.2366555
5.566931629917724	4.9744325	2.2303436
5.584479144863822	4.947669	2.2243357
5.6020267908656205	4.972998	2.230022
5.619574568337545	5.0030665	2.2367535
5.637122477694054	4.982958	2.232254
5.654670519349629	4.992295	2.2343445
5.672218693718784	4.957965	2.2266488
5.689767001216059	5.028195	2.2423637
5.707315442256021	5.125652	2.2639902
5.724864017253266	5.1206007	2.2628744
5.7424127266224225	5.1138945	2.261392
5.75996157077814	5.1170406	2.2620876
5.777510550135105	5.181437	2.276277
5.795059665108022	5.172516	2.2743165
5.812608916111639	5.1370077	2.266497
5.830158303560715	5.12717	2.2643256
5.847707827870055	5.0716805	2.2520392
5.86525748945448	5.156705	2.270838
5.8828072887288485	5.331744	2.309057
5.900357226108044	5.4699616	2.338795
5.917907302006979	5.5705504	2.3602014
5.9354575168406	6.149321	2.4797826
5.9530078710238765	6.767494	2.601441
5.970558364971812	7.2698407	2.6962643
5.988108999099438	7.6193905	2.7603242
6.005659773821818	8.245667	2.871527
6.023210689554039	8.031625	2.834012
6.040761746711227	8.365911	2.8923883
6.058312945708531	7.6774964	2.7708294
6.075864286961132	7.149624	2.673878
6.093415770884244	6.6031933	2.5696678
6.1109673978931065	6.0512238	2.4599235
6.128519168402993	5.46602	2.3379521
6.146071082829204	5.2475686	2.2907572
6.163623141587075	5.1369233	2.266478
6.181175345091969	5.0825152	2.2544434
6.198727693759281	5.11999	2.2627394
6.216280188004435	5.111545	2.2608726
6.233832828242885	5.1308794	2.2651443
6.251385614890126	5.165812	2.2728422
6.268938548361669	5.1188517	2.262488
6.286491629073067	5.0759854	2.2529948
6.304044857439898	5.044997	2.246107
6.321598233877777	5.015891	2.2396185
6.339151758802344	5.0443053	2.245953
6.356705432629277	5.0526166	2.2478025
6.37425925577428	5.068851	2.251411
6.391813228653095	4.9843144	2.2325578
6.409367351681486	4.953995	2.2257571
6.426921625275259	4.91261	2.216441
6.44447604985025	4.9514756	2.225191
6.46203062582232	4.995647	2.2350943
6.47958535360737	4.9974103	2.235489
6.497140233621328	4.9823256	2.2321124
6.514695266280161	4.943175	2.2233253
6.532250451999859	4.9927483	2.2344458
6.549805791196454	5.034851	2.2438474
6.567361284286002	5.0461354	2.2463605
6.584916931684597	5.0290523	2.242555
6.602472733808367	5.0335937	2.2435672
6.6200286910734665	5.000097	2.2360897
6.637584803896092	4.920906	2.2183115
6.655141072692462	4.9082365	2.215454
6.672697497878842	4.9318023	2.220766
6.690254079871514	4.952903	2.2255118
6.707810819086808	4.929297	2.220202
6.725367715941078	4.8730803	2.2075055
6.742924770850719	4.888503	2.210996
6.760481984232151	4.9203534	2.2181869
6.778039356501836	4.919908	2.2180865
6.795596888076266	4.951517	2.2252004
6.813154579371963	4.9172406	2.2174852
6.830712430805492	4.8813524	2.2093782
6.84827044279344	4.8745036	2.2078278
6.865828615752445	4.8995953	2.213503
6.883386950099159	4.9622874	2.2276192
6.900945446250287	4.916644	2.2173507
6.918504104622553	4.9304314	2.2204576
6.936062925632727	4.988668	2.2335327
6.953621909697607	5.0306005	2.2429001
6.971181057234028	5.092548	2.2566674
6.988740368658859	5.094551	2.2571113
7.006299844389007	5.1833606	2.2766995
7.023859484841407	5.3080254	2.3039153
7.041419290433036	5.4340043	2.331095
7.058979261580902	5.5376883	2.3532293
7.0765393987020495	5.6935196	2.3861098
7.094099702213559	6.016979	2.452953
7.111660172532549	6.361852	2.5222712
7.129220810076164	6.650754	2.5789056
7.146781615261595	7.2074003	2.6846602
7.16434258850606	7.4462585	2.7287834
7.181903730226821	7.868891	2.8051543
7.1994650408411704	7.980213	2.824927
7.217026520766437	8.100226	2.8460896
7.234588170419983	8.3784895	2.894562
7.252149990219215	8.470991	2.9104967
7.269711980581568	8.420261	2.9017687
7.2872741419245175	8.199487	2.8634746
7.304836474665574	7.761306	2.785912
7.322398979222286	7.3749194	2.7156804
7.339961656012233	7.1214294	2.6686006
7.357524505453039	6.7809544	2.6040266
7.375087527962357	6.536004	2.556561
7.392650723957886	6.2211018	2.4942136
7.410214093857353	5.912312	2.4315245
7.427777638078528	5.6027565	2.3670142
7.445341357039213	5.401544	2.3241222
7.4629052511572525	5.295024	2.301092
7.480469320850524	5.2760925	2.2969747
7.498033566536948	5.298826	2.301918
7.5155979886344735	5.277778	2.2973416
7.5331625875610975	5.1974993	2.2798026
7.550727363734844	5.118377	2.262383
7.568292317573788	5.082417	2.2544217
7.585857449496025	5.074987	2.252773
7.603422759919705	5.108168	2.2601256
7.620988249263007	5.1754856	2.2749693
7.638553917944147	5.1782823	2.275584
7.656119766381391	5.128193	2.2645514
7.673685794993023	5.1127195	2.2611322
7.691252004197388	5.153122	2.2700489
7.70881839441285	5.2386665	2.2888134
7.726384966057826	5.2574363	2.29291
7.743951719550762	5.2756147	2.2968707
7.761518655310149	5.2643886	2.2944255
7.779085773754511	5.3291903	2.3085039
7.796653075302419	5.3542295	2.3139207
7.814220560372475	5.3681874	2.3169348
7.831788229383323	5.328242	2.3082986
7.8493560827536495	5.284653	2.2988374
7.866924120902174	5.2666373	2.2949154
7.884492344247663	5.3035903	2.3029525
7.9020607532089135	5.2808537	2.2980108
7.919629348204771	5.3222933	2.3070097
7.937198129654115	5.3243175	2.3074481
7.954767097975865	5.402043	2.3242295
7.972336253588986	5.4460154	2.33367
7.989905596912472	5.4978	2.3447387
8.007475128365371	5.544726	2.3547242
8.025044848366756	5.5037756	2.3460126
8.042614757335754	5.563895	2.358791
8.060184855691523	5.60336	2.3671417
8.07775514385327	5.756024	2.3991716
8.095325622240228	5.8105555	2.4105093
8.112896291271687	5.86892	2.4225852
8.130467151366968	5.9289255	2.4349384
8.148038202945436	5.969838	2.4433253
8.165609446426497	5.97505	2.4443915
8.183180882229594	5.9803643	2.4454784
8.200752510774217	5.9646673	2.442267
8.218324332479893	5.941914	2.4376042
8.235896347766193	5.975958	2.4445772
8.253468557052724	6.0238533	2.454354
8.27104096075914	6.054459	2.460581
8.288613559305137	6.128401	2.4755607
8.306186353110448	6.1641383	2.4827683
8.32375934259485	6.2168536	2.493362
8.341332528178162	6.160022	2.481939
8.358905910280246	6.208942	2.4917748
8.376479489321003	6.1883383	2.487637
8.394053265720377	6.2294636	2.4958894
8.411627239898356	6.1989083	2.4897606
8.42920141227497	6.1930223	2.4885783
8.44677578327029	6.2334223	2.4966822
8.464350353304427	6.235053	2.4970088
8.48192512279754	6.3101897	2.5120091
8.499500092169827	6.233314	2.4966605
8.51707526184153	6.184519	2.4868693
8.534650632232934	6.140181	2.477939
8.552226203764365	6.111096	2.472063
8.569801976856192	6.106159	2.4710643
8.587377951928834	6.1348057	2.476854
8.60495412940274	6.2431912	2.498638
8.622530509698416	6.314875	2.5129416
8.6401070932364	6.3827424	2.526409
8.657683880437283	6.4779778	2.5451872
8.675260871721695	6.615132	2.5719898
8.692838067510303	6.7892838	2.6056254
8.710415468223834	6.962513	2.6386573
8.727993074283043	7.0760264	2.6600802
8.745570886108737	7.018695	2.649282
8.763148904121765	7.0734296	2.659592
8.78072712874302	7.13581	2.6712937
8.798305560393441	7.5023713	2.7390456
8.815884199494006	7.7439857	2.7828019
8.833463046465745	7.9201293	2.8142724
8.851042101729728	7.971612	2.8234043
8.86862136570707	8.209569	2.8652346
8.886200838818924	8.333627	2.8868022
8.903780521486505	8.372781	2.8935757
8.921360414131055	8.47315	2.9108677
8.938940517173874	8.609702	2.9342294
8.956520831036297	8.778949	2.962929
8.97410135613971	9.023973	3.003993
8.99168209290554	9.114869	3.0190842
9.009263041755265	9.393422	3.064869
9.026844203110405	9.51723	3.0850008
9.044425577392525	9.709006	3.115928
9.062007165023239	9.78114	3.1274815
9.079588966424197	10.164377	3.188162
9.097170982017108	10.328014	3.2137227
9.11475321222372	11.244502	3.3532822
9.132335657465825	12.113012	3.4803753
9.149918318165264	12.146994	3.4852538
9.167501194743924	12.79313	3.5767486
9.18508428762374	12.465244	3.5306153
9.202667597226693	12.42423	3.524802
9.220251123974803	12.035795	3.4692643
9.237834868290143	11.71543	3.422781
9.255418830594836	11.545299	3.3978374
9.273003011311046	11.086667	3.3296647
9.290587410860985	10.978538	3.3133876
9.308172029666911	10.296438	3.2088063
9.32575686815113	9.994611	3.1614254
9.343341926735997	8.658584	2.942547
9.360927205843916	8.48417	2.9127598
9.378512705897327	8.341218	2.8881166
9.396098427318728	8.103866	2.846729
9.413684370530664	8.007431	2.8297405
9.431270535955722	7.936727	2.8172197
9.448856924016539	7.8793535	2.8070185
9.466443535135806	7.754111	2.7846205
9.484030369736251	7.7652698	2.7866235
9.501617428240658	7.8011966	2.7930622
9.519204711071852	7.7948194	2.7919204
9.536792218652714	7.7694416	2.7873719
9.55437995140617	7.77591	2.7885318
9.571967909755191	7.856197	2.8028908
9.589556094122802	7.952234	2.8199706
9.60714450493207	7.9574313	2.8208919
9.624733142606116	7.948932	2.819385
9.642322007568108	7.961957	2.821694
9.659911100241267	7.9690185	2.8229449
9.677500421048851	8.057164	2.8385143
9.695089970414175	8.13364	2.8519537
9.712679748760609	8.067923	2.8404088
9.730269756511557	8.02494	2.8328323
9.747859994090492	8.027249	2.83324
9.765450461920915	8.123374	2.8501532
9.78304116042639	8.252808	2.87277
9.800632090030527	8.184497	2.860856
9.81822325115699	8.172652	2.8587852
9.835814644229481	8.184169	2.8607986
9.853406269671762	8.312913	2.8832123
9.870998127907646	8.388501	2.896291
9.888590219360985	8.378595	2.8945804
9.906182544455698	8.303782	2.8816285
9.923775103615734	8.315453	2.8836527
9.941367897265108	8.293616	2.879864
9.958960925827878	8.337874	2.8875377
9.97655418972816	8.317073	2.8839335
9.994147689390106	8.332805	2.8866599
10.011741425237934	8.302574	2.8814187
10.029335397695904	8.302297	2.8813705
10.04692960718833	8.273055	2.876292
10.06452405413958	8.312426	2.8831277
10.082118738974064	8.271404	2.876005
10.099713662116246	8.257338	2.8735583
10.117308823990651	8.169101	2.8581638
10.134904225021844	8.149913	2.8548052
10.152499865634445	8.172836	2.8588173
10.170095746253125	8.2729	2.8762648
10.18769186730261	8.250159	2.872309
10.205288229207675	8.21771	2.8666549
10.222884832393145	8.162586	2.857024
10.2404816772839	8.121393	2.8498058
10.258078764304868	8.093364	2.8448837
10.275676093881035	8.001948	2.8287716
10.293273666437438	8.021324	2.8321943
10.310871482399158	8.069483	2.8406835
10.32846954219134	8.132591	2.85177
10.346067846239173	8.2327385	2.8692749
10.363666394967908	8.227786	2.8684118
10.38126518880283	8.191064	2.8620036
10.398864228169298	8.205709	2.8645608
10.416463513492713	8.142896	2.853576
10.434063045198531	8.148582	2.8545723
10.451662823712262	8.129745	2.8512707
10.469262849459467	8.186993	2.8612921
10.486863122865758	8.141601	2.853349
10.504463644356806	8.122277	2.8499608
10.522064414358338	7.9846053	2.8257043
10.539665433296118	7.8104978	2.7947268
10.557266701595987	7.6961303	2.77419
10.574868219683818	7.6866493	2.7724807
10.592469987985552	7.706283	2.7760193
10.610072006927185	7.684319	2.7720604
10.627674276934751	7.527957	2.7437122
10.64527679843435	7.3844657	2.7174373
10.662879571852143	7.291154	2.7002137
10.680482597614331	7.21514	2.6861012
10.698085876147173	7.098216	2.6642478
10.715689407876988	6.9772863	2.6414554
10.733293193230146	6.93341	2.633137
10.750897232633072	6.7805114	2.6039414
10.76850152651225	6.6828427	2.5851195
10.786106075294207	6.5183334	2.5531027
10.803710879405534	6.5136895	2.5521932
10.821315939272877	6.4042788	2.5306675
10.83892125532294	6.3159223	2.51315
10.856526827982472	6.2308207	2.4961612
10.874132657678285	6.2554655	2.501093
10.891738744837243	6.246393	2.4992785
10.909345089886271	6.172484	2.4844484
10.926951693252343	6.144914	2.4788938
10.944558555362494	6.07208	2.464159
10.96216567664381	6.001837	2.4498646
10.979773057523436	5.882107	2.4253056
10.997380698428573	5.7941885	2.4071121
11.014988599786477	5.7400393	2.395838
11.032596762024461	5.6965466	2.386744
11.050205185569892	5.6876345	2.3848763
11.067813870850198	5.626655	2.3720572
11.085422818292859	5.496302	2.3444192
11.10303202832541	5.3998165	2.3237505
11.120641501375454	5.33908	2.3106449
11.138251237870636	5.3052454	2.3033118
11.155861238238671	5.28658	2.2992563
11.173471502907317	5.245037	2.2902045
11.191082032304402	5.2029696	2.2810018
11.208692826857805	5.1473713	2.268782
11.226303886995465	5.089443	2.2559795
11.243915213145371	5.072403	2.2521996
11.261526805735578	5.000178	2.2361078
11.279138665194196	4.9409666	2.2228286
11.296750791949393	4.8307433	2.1978953
11.314363186429393	4.783402	2.187099
11.331975849062479	4.734895	2.1759815
11.34958878027699	4.706623	2.1694753
11.36720198050133	4.6613474	2.1590154
11.384815450163948	4.6066947	2.1463213
11.402429189693366	4.542476	2.1313086
11.420043199518153	4.517492	2.1254392
11.437657480066942	63.464302	7.9664483
11.455272031768422	85.21729	9.231321
11.472886855051353	107.59024	10.372572
11.490501950344528	99.19109	9.959473
11.508117318076819	84.58118	9.196802
11.52573295867715	45.971504	6.780229
11.543348872574514	4.256003	2.0630083
11.560965060197946	4.149766	2.0370975
11.57858152197655	4.0706544	2.0175862
11.59619825833949	4.0355234	2.0088613
11.613815269715985	4.0038686	2.000967
11.631432556535323	38.508076	6.2054877
11.649050119226837	83.031296	9.112151
11.666667958219929	93.431404	9.665992
11.68428607394406	107.680016	10.376898
11.701904466828756	82.526	9.084382
11.719523137303586	65.394394	8.08668
11.737142085798196	4.6379786	2.1535966
11.754761312742286	3.7112224	1.9264534
11.772380818565619	3.6305904	1.9054109
11.790000603698015	3.5722466	1.8900387
11.80762066856935	3.5537157	1.8851302
11.825241013609572	3.5572941	1.8860791
11.842861639248683	3.4958336	1.8697149
11.860482545916748	3.4671106	1.8620179
11.878103734043883	3.461763	1.8605813
11.895725204060282	3.4703336	1.8628831
11.91334695639619	3.4157865	1.8481847
11.930968991481919	3.3393211	1.8273809
11.948591309747824	3.2974591	1.8158907
11.966213911624347	3.2796438	1.8109787
11.98383679754198	3.2495937	1.802663
12.001459967931268	3.228883	1.7969093
12.019083423222835	3.227181	1.7964356
12.036707163847352	3.247853	1.80218
12.05433119023556	3.2642698	1.8067291
12.071955502818259	3.2164922	1.7934581
12.089580102026313	3.1531234	1.7757037
12.107204988290643	3.1424983	1.7727093
12.12483016204224	3.1373672	1.7712615
12.142455623712152	3.1440763	1.7731544
12.16008137373149	3.1179512	1.7657721
12.177707412531431	3.128638	1.7687956
12.19533374054321	3.0979228	1.7600917
12.212960358198126	3.0678213	1.7515197
12.230587265927545	3.0505464	1.7465813
12.248214464162889	3.0573623	1.7485315
12.265841953335649	3.0509062	1.7466843
12.283469733877375	3.0553882	1.7479669
12.301097806219685	3.0074694	1.7342057
12.31872617079425	2.983206	1.727196
12.336354828032825	2.8904147	1.700122
12.353983778367205	2.8646867	1.6925385
12.371613022229262	2.8650966	1.6926596
12.389242560050928	2.90082	1.7031794
12.406872392264201	2.8829412	1.6979226
12.424502519301143	2.8821843	1.6976997
12.442132941593874	2.869122	1.6938483
12.459763659574586	2.8675714	1.6933905
12.477394673675532	2.8785663	1.6966338
12.49502598432903	2.8333354	1.6832514
12.51265759196746	2.8338742	1.6834115
12.530289497023267	2.8173296	1.6784903
12.547921699928967	2.7745316	1.6656926
12.565554201117134	2.7235482	1.6503175
12.583187001020404	2.7254972	1.650908
12.600820100071486	2.7675877	1.6636069
12.618453498703152	2.7963307	1.6722233
12.636087197348235	2.8165164	1.678248
12.65372119643964	2.81659	1.67827
12.671355496410326	2.824823	1.6807209
12.68899009769333	2.845017	1.6867177
12.706625000721749	2.8600295	1.6911621
12.724260205928752	2.920659	1.7089936
12.741895713747551	2.9566717	1.7194976
12.759531524611454	2.9906113	1.7293384
12.777167638953818	2.9681885	1.7228432
12.794804057208072	2.9979973	1.7314726
12.812440779807702	3.0754828	1.7537055
12.830077807186271	3.2522974	1.8034127
12.847715139777405	3.2723875	1.8089741
12.865352778014795	3.4634087	1.8610235
12.882990722332197	3.5654523	1.8882406
12.90062897316344	3.6530192	1.9112873
12.918267530942412	3.7222586	1.9293156
12.935906396103071	3.583091	1.8929055
12.953545569079449	3.6998985	1.923512
12.971185050305628	3.49638	1.869861
12.988824840215775	3.5121677	1.8740778
13.006464939244115	3.54235	1.8821132
13.024105347824943	3.4033184	1.8448085
13.041746066392617	3.4975731	1.87018
13.05938709538157	3.3056386	1.8181415
13.077028435226296	3.3150759	1.820735
13.094670086361363	3.2269385	1.7963681
13.112312049221401	3.1041174	1.7618506
13.129954324241112	3.0509887	1.7467079
13.147596911855258	2.8657472	1.6928518
13.165239812498685	2.8446562	1.6866108
13.182883026606293	2.7734792	1.6653765
13.200526554613058	2.7445035	1.6566544
13.218170396954017	2.7510793	1.6586378
13.235814554064284	2.7233107	1.6502457
13.253459026379034	2.75022	1.6583787
13.271103814333523	2.729139	1.6520107
13.288748918363058	2.7097583	1.6461344
13.306394338903031	2.6891375	1.639859
13.32404007638889	2.6820123	1.6376851
13.341686131256164	2.6966834	1.6421582
13.359332503940449	2.64611	1.6266868
13.376979194877402	2.6685576	1.6335721
13.394626204502751	2.7024715	1.6439196
13.412273533252307	2.7312634	1.6526535
13.429921181561937	2.7325912	1.6530551
13.447569149867581	2.7288134	1.6519121
13.465217438605247	2.7579653	1.6607122
13.482866048211022	2.7173364	1.6484345
13.500514979121052	2.7307835	1.6525083
13.518164231771568	2.706608	1.6451772
13.535813806598844	2.6753743	1.6356572
13.553463704039254	2.6506195	1.6280724
13.571113924529229	2.6505723	1.6280578
13.588764468505275	2.6765566	1.6360185
13.606415336403956	2.7373252	1.6544864
13.624066528661917	2.7713358	1.6647329
13.641718045715882	2.8396003	1.6851114
13.659369888002635	2.8478289	1.6875511
13.67702205595903	2.8880293	1.6994203
13.694674550021993	2.947111	1.7167151
13.712327370628532	2.9976707	1.7313782
13.729980518215713	3.0839415	1.7561154
13.747633993220681	3.1642723	1.7788402
13.765287796080647	3.2196953	1.794351
13.7829419272329	3.284293	1.8122618
13.800596387114801	3.2818475	1.811587
13.818251176163775	3.317155	1.8213059
13.835906294817324	3.364565	1.834275
13.853561743513023	3.4293005	1.851837
13.871217522688525	3.5058808	1.8723998
13.888873632781538	3.5120385	1.8740433
13.906530074229858	3.5951765	1.896095
13.92418684747135	3.5849905	1.8934071
13.941843952943948	3.5619063	1.8873013
13.959501391085665	3.5420103	1.882023
13.977159162334578	3.4671352	1.8620245
13.994817267128846	3.4025178	1.8445915
14.012475705906693	3.2946336	1.8151126
14.030134479106424	3.2082841	1.7911683
14.047793587166414	3.1297307	1.7691045
14.065453030525108	3.073975	1.7532755
14.083112809621026	3.0016558	1.7325287
14.100772924892766	2.9574122	1.7197129
14.118433376778997	2.9097073	1.7057865
14.136094165718458	2.8516023	1.6886688
14.153755292149969	2.7832193	1.6682984
14.171416756512416	2.7148483	1.6476797
14.189078559244768	2.6371531	1.6239314
14.20674070078606	2.5926983	1.6101859
14.224403181575408	2.5497441	1.5967919
14.242066002051999	2.4961324	1.5799153
14.259729162655093	2.4647968	1.5699672
14.277392663824022	2.4565063	1.5673245
14.295056505998208	2.4475071	1.5644511
14.312720689617128	2.472841	1.5725269
14.330385215120348	2.4678764	1.5709476
14.348050082947497	2.4438016	1.5632664
14.3657152935383	2.4146147	1.5539031
14.383380847332528	2.375295	1.5411992
14.401046744770051	2.3760946	1.5414586
14.418712986290798	2.3835933	1.543889
14.436379572334793	2.3978395	1.5484959
14.454046503342123	2.385823	1.544611
14.471713779752946	2.3956237	1.5477803
14.489381402007504	2.4124665	1.5532117
14.507049370546113	2.396422	1.5480381
14.524717685809168	2.371379	1.5399282
14.542386348237134	2.3683808	1.5389545
14.560055358270553	2.3881643	1.5453687
14.577724716350051	2.408905	1.5520648
14.595394422916325	2.4329193	1.5597818
14.61306447841015	2.4768066	1.5737873
14.63073488327237	2.4818048	1.5753745
14.648405637943917	2.5026138	1.5819652
14.6660767428658	2.4876716	1.5772355
14.683748198479094	2.500235	1.5812131
14.701420005224954	2.56632	1.6019738
14.719092163544628	2.6899652	1.6401113
14.73676467387942	2.7450914	1.6568317
14.754437536670727	2.7426045	1.6560811
14.772110752360014	2.688166	1.6395627
14.78978432138882	2.6591034	1.6306758
14.807458244198777	2.6940925	1.6413691
14.82513252123159	2.7096863	1.6461124
14.842807152929028	2.7032096	1.644144
14.860482139732962	2.6588924	1.6306111
14.87815748208531	2.6414766	1.625262
14.8958331804281	2.6624477	1.6317009
14.91350923520342	2.6610503	1.6312726
14.931185646853438	2.680839	1.6373268
14.948862415820408	2.664392	1.6322966
14.966539542546656	2.6856565	1.6387973
14.98421702747459	2.6693058	1.633801
15.001894871046696	2.651906	1.6284674
15.019573073705542	2.6327298	1.6225688
15.037251635893766	2.5934434	1.6104171
15.054930558054092	2.6186478	1.6182237
15.072609840629323	2.6686451	1.6335988
15.090289484062351	2.819439	1.6791185
15.107969488796124	2.9974217	1.7313063
15.125649855273691	3.2242231	1.7956122
15.14333058393817	3.5920637	1.895274
15.161011675232768	4.0843277	2.020972
15.17869312960076	4.6819253	2.1637757
15.196374947485506	5.3614674	2.3154843
15.214057129330447	6.682757	2.5851028
15.231739675579114	8.871087	2.978437
15.249422586675102	13.4375725	3.6657295
15.267105863062092	18.024883	4.245572
15.284789505183847	25.241606	5.0241027
15.302473513484218	29.990528	5.476361
15.320157888407127	34.139973	5.842942
15.337842630396578	32.841515	5.7307515
15.355527739896656	30.102924	5.4866133
15.37321321735153	23.395231	4.8368616
15.39089906320545	16.029331	4.0036645
15.408585277902748	10.30187	3.2096527
15.42627186188783	6.3707833	2.5240412
15.443958815605198	4.5465145	2.1322558
15.461646139499424	3.7644975	1.9402313
15.479333834015168	3.3770657	1.8376794
15.497021899597165	3.073454	1.7531269
15.514710336690234	2.8398826	1.6851951
15.53239914573928	2.666883	1.6330594
15.550088327189297	2.5908782	1.6096206
15.567777881485336	2.5464873	1.5957717
15.58546780907256	2.5332599	1.5916218
15.6031581103962	2.5201483	1.5874975
15.620848785901568	2.4970014	1.5801903
15.638539836034063	2.487628	1.5772216
15.656231261239173	2.4529257	1.5661819
15.673923061962451	2.4300091	1.5588486
15.691615238649552	2.4185464	1.5551677
15.709307791746202	2.4331598	1.5598589
15.727000721698221	2.4410622	1.5623899
15.744694028951498	2.4319096	1.5594581
15.76238771395202	2.3895297	1.5458103
15.780081777145844	2.4021244	1.5498788
15.797776218979125	2.4089303	1.5520729
15.815471039898094	2.4301474	1.558893
15.833166240349064	2.392494	1.5467689
15.850861820778437	2.3656151	1.5380557
15.868557781632699	2.3713422	1.5399163
15.886254123358412	2.4145043	1.5538676
15.903950846402232	2.4718184	1.5722017
15.921647951210897	2.4941652	1.5792927
15.939345438231225	2.4622376	1.5691519
15.957043307910133	2.4798892	1.5747664
15.974741560694602	2.5319178	1.5912001
15.992440197031714	2.541211	1.5941176
16.01013921736862	2.5393512	1.5935342
16.02783862215259	2.53044	1.5907357
16.045538411830933	2.5454643	1.5954511
16.06323858685107	2.518385	1.586942
16.080939147660512	2.4890602	1.5776756
16.09864009470684	2.4586477	1.5680076
16.11634142843774	2.4433444	1.5631201
16.134043149300954	2.4478621	1.5645645
16.15174525774433	2.4739366	1.5728753
16.169447754215817	2.5082781	1.5837544
16.18715063916342	2.496936	1.5801697
16.204853913035244	2.4966366	1.5800749
16.222557576279478	2.484968	1.5763781
16.240261629344403	22.469051	4.7401533
16.257966072678386	43.009296	6.5581474
16.275670906729868	38.12869	6.1748433
16.293376131947387	2.5735517	1.6042293
16.31108174877957	2.6074512	1.6147604
16.328787757675133	2.6131637	1.6165283
16.34649415908287	2.5930908	1.6103077
16.364200953451657	2.5971987	1.6115826
16.38190814123048	2.633524	1.6228136
16.39961572286839	2.6713574	1.6344287
16.41732369881455	2.6946974	1.6415534
16.43503206951817	2.6900778	1.6401457
16.45274083542859	2.7180703	1.6486571
16.47044999699522	2.7459614	1.6570942
16.488159554667558	2.797151	1.6724685
16.505869508895184	2.8542397	1.6894495
16.523579860127786	2.907617	1.7051736
16.541290608815117	2.998981	1.7317566
16.559001755407035	3.0906255	1.7580175
16.57671330035348	3.1895776	1.7859389
16.59442524410448	3.3044333	1.81781
16.61213758711015	3.4547582	1.858698
16.629850329820705	3.501678	1.8712771
16.647563472686436	3.5220556	1.876714
16.665277016157724	3.476119	1.8644353
16.682990960685053	3.5014632	1.8712198
16.70070530671898	3.5158973	1.8750726
16.718420054710155	3.5734315	1.8903522
16.736135205109335	3.6168168	1.901793
16.753850758367335	3.6511364	1.9107947
16.771566714935087	3.6660979	1.9147056
16.789283075263597	3.6783228	1.9178954
16.80699983980398	3.7439804	1.9349368
16.82471700900741	3.828015	1.9565314
16.84243458332518	3.9024558	1.9754634
16.860152563208665	3.955403	1.9888195
16.87787094910932	4.0411496	2.010261
16.89558974147871	4.170178	2.0421014
16.913308940768466	4.227303	2.0560405
16.931028547430333	4.196293	2.0484855
16.94874856191613	4.2116737	2.0522363
16.966468984677785	4.296368	2.0727682
16.98418981616729	4.3942857	2.096255
17.00191105683676	4.449315	2.10934
17.019632707138374	4.51036	2.1237607
17.03735476752442	4.573513	2.1385772
17.05507723844728	4.576428	2.1392586
17.072800120359403	4.5971317	2.1440923
17.090523413713353	4.633827	2.1526327
17.108247118961785	4.6779814	2.1628642
17.125971236557437	4.712541	2.1708388
17.143695766953133	4.729812	2.174813
17.161420710601806	4.7502074	2.179497
17.179146067956477	4.686935	2.164933
17.19687183947025	4.6468606	2.1556578
17.21459802559634	4.636175	2.153178
17.232324626788028	4.6554646	2.1576526
17.25005164349871	4.637466	2.1534777
17.267779076181863	4.614436	2.148124
17.285506925291074	4.6220994	2.1499069
17.30323519127999	4.5917616	2.1428397
17.320963874602384	4.548398	2.1326973
17.33869297571211	4.5575876	2.1348507
17.356422495063114	4.550339	2.1331525
17.37415243310944	4.56026	2.1354766
17.391882790305218	4.5465016	2.1322527
17.40961356710468	4.589459	2.1423023
17.42734476396215	4.659695	2.1586328
17.445076381332044	4.7220845	2.1730359
17.462808419668868	4.72998	2.1748517
17.48054087942723	4.8099046	2.1931496
17.498273761061835	4.8784914	2.2087307
17.51600706502747	5.21179	2.2829344
17.533740791779024	5.7316628	2.3940892
17.551474941771485	6.716654	2.5916507
17.56920951545993	8.700249	2.9496183
17.586944513299528	10.015487	3.1647253
17.60467993574556	12.9370775	3.5968149
17.622415783253373	15.530814	3.9409153
17.64015205627843	18.276875	4.275146
17.657888755276293	20.596968	4.5383883
17.675625880702604	22.013971	4.691905
17.69336343301311	20.501484	4.5278563
17.71110141266366	18.30235	4.2781243
17.728839820110178	15.644936	3.955368
17.746578655808705	12.540626	3.5412745
17.764317920215372	10.390077	3.223364
17.7820576137864	8.666678	2.9439223
17.79979773697811	7.301231	2.702079
17.81753829024692	6.052348	2.4601521
17.835279274049356	5.260397	2.2935555
17.85302068884201	4.5607467	2.1355906
17.870762535081607	4.2122884	2.052386
17.888504813224934	3.9700716	1.9925039
17.90624752372891	3.8218307	1.9549503
17.923990667050536	3.6642928	1.9142343
17.941734243646895	3.5941606	1.8958272
17.959478253975185	3.5491464	1.8839178
17.9772226984927	3.5319107	1.8793378
17.994967577656833	3.478127	1.8649738
18.01271289192506	3.4516947	1.8578737
18.030458641754965	3.4336653	1.8530152
18.04820482760425	3.4169598	1.848502
18.06595144993067	3.338197	1.8270733
18.083698509192125	3.2931843	1.8147132
18.101446005846576	3.2577322	1.8049189
18.119193940352105	3.222264	1.7950666
18.136942313166887	3.1989973	1.7885741
18.1546911247492	3.1528053	1.775614
18.1724403755574	3.1422598	1.772642
18.19019006604997	3.1527405	1.7755958
18.207940196685467	3.1796172	1.783148
18.225690767922575	3.1683114	1.779975
18.243441780220046	3.1325142	1.769891
18.261193234036764	3.1170604	1.7655199
18.278945129831676	3.1058	1.762328
18.29669746806386	3.054624	1.7477483
18.314450249192483	3.010391	1.7350478
18.3322034736768	3.0095556	1.734807
18.349957141976184	3.0038548	1.7331632
18.3677112545501	3.0334337	1.7416755
18.385465811858108	3.0530198	1.7472893
18.403220814359884	3.0846	1.756303
18.420976262515172	3.0869417	1.7569695
18.43873215678387	3.088358	1.7573725
18.456488497625923	3.1285377	1.7687672
18.474245285501407	3.1860373	1.7849474
18.492002520870486	3.2233856	1.7953789
18.50976020419343	3.3043041	1.8177745
18.527518335930615	3.6483948	1.9100772
18.545276916542516	4.2848215	2.069981
18.563035946489688	4.4750714	2.1154366
18.580795426232832	4.9258466	2.2194247
18.598555356232698	4.8026195	2.191488
18.616315736950185	5.063376	2.2501945
18.63407656884626	4.6960907	2.1670465
18.65183785238201	4.918566	2.2177842
18.669599588018617	4.730227	2.1749084
18.68736177621737	4.726611	2.174077
18.705124417439652	4.6525726	2.1569822
18.72288751214696	4.442262	2.1076674
18.740651060800886	4.5910034	2.1426628
18.758415063863115	4.3406053	2.083412
18.77617952179546	4.503853	2.1222284
18.793944435059814	4.2781982	2.0683806
18.811709804118184	4.2639084	2.0649233
18.829475629432675	4.24406	2.0601118
18.8472419114655	4.0456467	2.0113792
18.86500865067897	4.1454115	2.0360284
18.88277584753551	3.8075957	1.9513061
18.90054350249763	3.8278983	1.9565015
18.918311616027957	3.4877608	1.8675548
18.936080188589226	3.3691368	1.8355209
18.953849220644265	3.0427802	1.7443566
18.971618712656007	2.8496654	1.6880952
18.9893886650875	2.8283005	1.6817552
19.007159078401887	7.978314	2.824591
19.024929953062408	32.831123	5.729845
19.042701289532435	32.773373	5.7248034
19.060473088275405	25.35389	5.0352645
19.07824534975489	2.6401823	1.6248637
19.096018074434568	2.6491644	1.6276253
19.113791262778197	2.6470318	1.6269702
19.13156491524966	2.6189525	1.6183178
19.149339032312945	2.5799725	1.6062293
19.167113614432136	2.5294127	1.5904127
19.184888662071433	2.4910784	1.578315
19.202664175695123	2.4776413	1.5740526
19.220440155767623	2.5103853	1.5844195
19.238216602753447	2.5397234	1.5936509
19.2559935171172	2.5512705	1.5972697
19.27377089932361	2.5615594	1.6004872
19.291548749837514	2.5719147	1.603719
19.309327069123835	2.554699	1.5983425
19.32710585764763	2.5472305	1.5960045
19.344885115874032	2.5743542	1.6044794
19.362664844268313	2.573408	1.6041845
19.380445043295822	2.5407844	1.5939838
19.39822571342203	2.5215886	1.5879511
19.41600685511252	2.5238752	1.5886708
19.43378846883297	2.516488	1.5863442
19.451570555049173	2.5146618	1.5857685
19.469353114227037	2.491446	1.5784315
19.48713614683254	2.5017617	1.5816958
19.50491965333182	2.4826322	1.5756371
19.52270363419109	2.4780014	1.5741669
19.540488089876686	2.461385	1.5688802
19.55827302085503	2.4801757	1.5748574
19.576058427592674	2.4873352	1.5771288
19.593844310556282	2.513491	1.5853993
19.611630670212598	2.5201476	1.5874972
19.629417507028506	2.4913435	1.5783991
19.64720482147098	2.4994948	1.5809791
19.6649926140071	2.4998791	1.5811006
19.682780885104084	2.5420363	1.5943764
19.70056963522921	2.5312853	1.5910014
19.718358864849908	2.5080974	1.5836974
19.7361485744337	2.4922285	1.5786793
19.753938764448215	2.5021122	1.5818067
19.771729435361202	2.516817	1.586448
19.789520587640506	2.477108	1.573883
19.807312221754092	2.4854636	1.5765353
19.825104338170043	2.5303705	1.5907139
19.842896937356517	2.5695035	1.6029671
19.860690019781824	2.5511389	1.5972285
19.87848358591436	2.5244768	1.5888602
19.896277636222635	2.4876444	1.5772268
19.914072171175278	2.513332	1.5853491
19.931867191241015	2.5628276	1.6008834
19.94966269688869	2.5570474	1.599077
19.967458688587264	2.469536	1.5714757
19.985255166805807	2.434248	1.5602077
20.00305213201348	2.4554386	1.5669839
20.020849584679578	2.5131795	1.585301
20.038647525273507	2.5132768	1.5853318
20.05644595426477	2.4947302	1.5794715
20.07424487212299	2.443259	1.5630927
20.092044279317903	2.3992987	1.548967
20.109844176319353	2.392552	1.5467876
20.127644563597304	2.4059432	1.5511103
20.145445441621817	2.4345195	1.5602947
20.16324681086307	2.4549477	1.5668273
20.181048671791373	2.4443634	1.563446
20.198851024877122	2.4260454	1.5575768
20.216653870590836	2.4392002	1.5617939
20.234457209403146	2.4635768	1.5695785
20.252261041784802	2.4049973	1.5508053
20.270065368206662	2.3494987	1.5328075
20.287870189139685	2.3541892	1.5343367
20.305675505054968	2.396747	1.5481431
20.323481316423702	2.4275644	1.5580643
20.341287623717207	2.3913977	1.5464145
20.359094427406884	2.3963473	1.5480139
20.376901727964288	2.3795695	1.5425854
20.39470952586107	2.364063	1.5375509
20.41251782156899	2.3465822	1.5318558
20.430326615559935	2.3527515	1.5338682
20.448135908305886	2.3386385	1.5292608
20.465945700278965	2.353408	1.5340822
20.483755991951384	2.3578727	1.5355366
20.50156678379548	2.3831737	1.5437531
20.519378076283708	2.3669977	1.5385051
20.537189869888635	2.3481834	1.5323783
20.55500216508294	2.3759556	1.5414135
20.572814962339415	2.358986	1.535899
20.59062826213098	2.3380933	1.5290825
20.60844206493066	2.3372924	1.5288206
20.626256371211593	2.305213	1.5182928
20.644071181447032	2.311346	1.5203111
20.66188649611036	2.2882974	1.5127119
20.67970231567506	2.2845726	1.5114802
20.697518640614742	2.2540877	1.501362
20.715335471403122	2.2244518	1.4914596
20.73315280851404	2.2208178	1.4902408
20.750970652421447	2.227067	1.492336
20.768789003599412	2.2640822	1.5046867
20.786607862522136	2.290615	1.5134778
20.8044272296639	2.2961717	1.5153124
20.82224710549913	2.2720513	1.5073326
20.84006749050237	2.2179925	1.4892926
20.857888385148268	3.7690783	1.9414114
20.8757097899116	45.883667	6.7737484
20.893531705267254	64.804665	8.050135
20.911354131690224	83.85024	9.156978
20.92917706965566	69.109245	8.313197
20.94700051963877	50.129852	7.0802436
20.96482448211493	29.355368	5.4180593
20.982648957559622	4.0686884	2.017099
21.00047394644843	2.1991026	1.4829372
21.01829944925707	2.2152257	1.4883634
21.036125466461375	2.2139502	1.4879348
21.053951998537297	2.22159	1.4905
21.071779045960906	2.207519	1.4857723
21.089606609208378	2.1796694	1.4763703
21.10743468875603	2.151377	1.4667573
21.12526328508028	2.1521883	1.4670339
21.143092398657675	2.1307151	1.4596969
21.16092202996488	2.133142	1.460528
21.17875217947867	2.133052	1.4604973
21.19658284767596	2.1487231	1.4658524
21.21441403503377	2.1386502	1.4624125
21.232245742029225	2.1763873	1.4752584
21.2500779691396	2.1801639	1.4765378
21.26791071684227	2.197782	1.4824919
21.28574398561475	2.1643353	1.471168
21.30357777593465	2.1853766	1.478302
21.321412088279704	2.175442	1.4749379
21.339246923127792	2.183663	1.4777222
21.357082280956888	2.1959555	1.4818757
21.3749181622451	2.2015123	1.4837494
21.392754567470647	2.1708608	1.4733841
21.41059149711187	2.179066	1.476166
21.42842895164726	2.1747782	1.474713
21.446266931555378	2.1493845	1.4660779
21.464105437314945	2.1346653	1.4610493
21.481944469404798	2.1245244	1.4575748
21.49978402830388	2.1322756	1.4602313
21.51762411449127	2.1320353	1.460149
21.53546472844617	2.118026	1.455344
21.553305870647876	2.0909503	1.4460119
21.571147541575865	2.052302	1.4325857
21.58898974170967	2.0378878	1.427546
21.60683247152899	2.0684366	1.4382061
21.62467573151363	2.0548487	1.4334743
21.642519522143523	2.04541	1.4301783
21.660363843898722	2.0321882	1.4255484
21.6782086972594	2.0783396	1.4416448
21.696054082705864	2.0593479	1.4350429
21.713900000718535	2.060078	1.4352971
21.73174645177795	2.060657	1.4354988
21.749593436364794	2.0726175	1.4396589
21.767440954959845	2.0667334	1.4376137
21.785289008044032	2.0612693	1.4357121
21.803137596098388	2.0673945	1.4378437
21.820986719604086	2.040614	1.4285005
21.838836379042412	1.9856495	1.4091307
21.85668657489478	1.9942728	1.4121872
21.87453730764273	2.0104358	1.4178984
21.892388577767914	2.0199292	1.4212421
21.91024038575213	2.0128949	1.4187653
21.928092732077285	1.992803	1.4116668
21.945945617225426	1.9910152	1.4110334
21.963799041678694	1.9903827	1.4108093
21.981653005919398	31.304438	5.595037
21.999507510429943	78.093636	8.83706
22.01736255569286	73.07862	8.548603
22.035218142190818	4.2072487	2.051158
22.05307427040661	2.0326684	1.4257168
22.07093094082315	1.9754678	1.4055134
22.088788153923474	1.977305	1.4061668
22.106645910190746	1.9760517	1.4057211
22.12450421010827	1.9669719	1.4024878
22.142363054159464	1.972341	1.4044006
22.16022244282787	1.9807457	1.4073896
22.178082376597164	2.0061214	1.4163761
22.195942855951145	2.0119674	1.4184383
22.213803881373742	1.9808302	1.4074197
22.231665453349002	1.9687874	1.4031348
22.24952757236111	1.9859251	1.4092286
22.26739023889438	1.9889045	1.4102852
22.28525345343323	1.9701331	1.4036143
22.30311721646225	1.9280119	1.3885287
22.320981528466113	1.899138	1.3780922
22.33884638992964	1.9404479	1.3929996
22.356711801337788	1.9794204	1.4069188
22.37457776317561	1.9929522	1.4117196
22.392444275928337	1.9653845	1.4019217
22.410311340081282	1.9506087	1.396642
22.428178956119904	1.9539895	1.3978517
22.446047124529805	1.9510688	1.3968066
22.46391584579669	2.00612	1.4163756
22.481785120406414	2.0233595	1.4224484
22.49965494884496	2.0448296	1.4299754
22.51752533159841	2.0242984	1.4227784
22.53539626915302	1.9984503	1.4136655
22.553267761995137	2.0036883	1.415517
22.571139810611264	1.9788558	1.4067181
22.589012415488025	1.955485	1.3983866
22.60688557711216	1.9403957	1.3929808
22.624759295970566	1.9320811	1.3899932
22.642633572550263	1.9400852	1.3928694
22.660508407338362	1.9331902	1.3903921
22.67838380082217	1.9712148	1.4039996
22.696259753489077	1.9832488	1.4082787
22.714136265826614	1.9881691	1.4100245
22.73201333832246	1.9810976	1.4075147
22.74989097146439	1.9955968	1.412656
22.76776916574035	2.0090897	1.4174236
22.785647921638393	1.9777912	1.4063396
22.803527239646712	1.9352204	1.391122
22.82140712025363	1.9338564	1.3906317
22.839287563947593	1.9574754	1.399098
22.85716857121719	1.9576024	1.3991435
22.875050142551135	1.9410985	1.3932331
22.892932278438277	1.9477236	1.3956087
22.910814979367604	1.9797374	1.4070314
22.928698245828222	1.9920628	1.4114046
22.946582078309387	1.9630325	1.4010826
22.96446647730047	1.9341483	1.3907366
22.98235144329098	1.892183	1.3755664
23.000236976770562	1.8891563	1.3744658
23.018123078229	1.9093287	1.3817846
23.03600974815619	1.9067669	1.3808573
23.053896987042194	1.890964	1.3751233
23.071784795377173	1.8810889	1.3715279
23.08967317365145	1.9266206	1.3880275
23.10756212235546	1.9364231	1.3915542
23.125451641979787	1.9294611	1.3890505
23.143341733015134	1.9405234	1.3930267
23.161232395952357	1.9380407	1.3921353
23.179123631282426	1.9279256	1.3884976
23.197015439496468	1.9311358	1.3896531
23.214907821085717	1.9599732	1.3999904
23.23280077654157	1.9744227	1.4051415
23.250694306355538	1.9781917	1.4064821
23.268588411019277	1.946545	1.3951864
23.28648309102458	1.9476326	1.3955761
23.304378346863356	1.9644421	1.4015856
23.322274179027676	1.9719914	1.4042761
23.340170588009723	1.9387139	1.392377
23.358067574301852	1.9100333	1.3820395
23.37596513839651	1.9047431	1.3801243
23.39386328078629	1.9110998	1.3824253
23.411762001963947	1.8931655	1.3759235
23.429661302422353	1.921734	1.3862662
23.4475611826545	1.936916	1.3917313
23.46546164315356	1.9412553	1.3932894
23.48336268441279	1.944496	1.3944519
23.501264306925638	1.9380774	1.3921485
23.51916651118564	1.9106537	1.382264
23.537069297686497	1.8629589	1.3649025
23.554972666922037	1.8457948	1.3586003
23.57287661938623	1.8572243	1.3628002
23.59078115557318	1.8907062	1.3750296
23.608686275977128	1.9194278	1.3854342
23.62659198109246	1.9286624	1.388763
23.6444982714137	1.9232241	1.3868035
23.66240514743549	1.8933251	1.3759815
23.68031260965263	1.8902541	1.3748652
23.698220658560068	1.9251856	1.3875105
23.716129294652845	1.9608788	1.4003139
23.7340385184262	1.9401631	1.3928974
23.75194833037546	1.9448941	1.3945946
23.769858730996123	1.9142249	1.3835552
23.78776972078382	1.8935065	1.3760474
23.80568130023431	1.9370555	1.3917814
23.823593469843495	1.9649103	1.4017526
23.841506230107424	1.9158666	1.3841484
23.859419581522275	1.8705088	1.3676654
23.87733352458438	1.8565888	1.362567
23.89524805979019	1.8708178	1.3677784
23.913163187636318	1.8879213	1.3740165
23.931078908619508	1.9914688	1.4111941
23.948995223236633	1.9952093	1.4125187
23.966912131984735	2.0303059	1.424888
23.98482963536096	2.0180395	1.4205772
24.002747733862616	2.060006	1.4352721
24.020666427987155	2.05754	1.4344127
24.038585718232156	2.0568273	1.4341643
24.056505605095353	2.061055	1.4356375
24.074426089074617	2.0639052	1.4366298
24.092347170667946	2.0823894	1.4430486
24.110268850373515	2.1181908	1.4554006
24.128191128689586	2.1467867	1.4651917
24.146114006114626	2.1228864	1.4570129
24.164037483147187	2.0952318	1.4474915
24.181961560286005	2.0862012	1.4443688
24.199886238029926	2.0734408	1.4399447
24.21781151687797	2.0768464	1.4411268
24.235737397329274	2.0680227	1.4380622
24.253663879883135	2.114083	1.4539887
24.271590965038975	2.1135027	1.4537891
24.289518653296376	2.1347826	1.4610895
24.30744694515505	2.1325302	1.4603186
24.32537584111486	2.094971	1.4474014
24.34330534167581	2.0496662	1.4316655
24.361235447338046	2.0662193	1.437435
24.379166158601876	2.1202354	1.4561028
24.39709747596772	2.1006987	1.4493787
24.41502939993615	2.0448406	1.4299792
24.432961931007917	1.9957529	1.4127111
24.450895069683856	2.005552	1.4161751
24.468828816465	2.0214732	1.4217852
24.4867631718525	2.041626	1.4288548
24.504698136347656	2.0339196	1.4261556
24.52263371045192	2.0212975	1.4217234
24.540569894666874	2.0342886	1.4262849
24.558506689494266	2.0310087	1.4251347
24.57644409543597	1.9890993	1.4103543
24.594382112994012	1.9639838	1.401422
24.61232074267057	1.9505965	1.3966376
24.630259984967953	1.9030474	1.3795098
24.64819984038863	1.9009609	1.3787534
24.66614030943522	1.9335952	1.3905377
24.684081392610462	1.989141	1.410369
24.702023090417274	2.013738	1.4190624
24.7199654033587	2.0413404	1.4287548
24.737908331937927	2.0380442	1.4276009
24.755851876658305	2.0263677	1.4235054
24.773796038023324	2.069597	1.4386094
24.79174081653661	2.1070051	1.4515526
24.809686212701962	2.1048703	1.4508171
24.827632227023294	2.0781422	1.4415762
24.8455788600047	2.0588834	1.434881
24.8635261121504	2.1253326	1.457852
24.88147398396475	2.1641548	1.4711066
24.899422475952303	2.185125	1.4782169
24.917371588617698	2.166705	1.4719732
24.935321322465768	2.1715236	1.473609
24.953271678001478	2.250929	1.5003097
24.97122265572994	2.4970016	1.5801904
24.989174256156414	2.8415055	1.6856766
25.00712647978632	3.4699264	1.8627738
25.02507932712521	4.4626627	2.1125016
25.043032798678798	5.9399714	2.4372056
25.060986894952933	7.578175	2.7528486
25.078941616453637	9.0622425	3.010356
25.096896963687055	10.004441	3.1629798
25.114852937159508	10.693751	3.2701302
25.132809537377444	10.533574	3.2455468
25.150766764847468	9.982398	3.1594932
25.168724620076347	8.673199	2.9450295
25.186683103570985	7.38435	2.717416
25.204642215838426	5.921855	2.4334862
25.222601957385894	4.794379	2.1896071
25.24056232872074	3.69602	1.9225036
25.25852333035048	2.9511738	1.7178981
25.276484962782778	2.450398	1.5653747
25.294447226525435	2.239585	1.4965243
25.312410122086423	2.109316	1.4523485
25.330373649973843	2.0290878	1.4244605
25.348337810695988	1.94836	1.3958367
25.366302604761245	1.9326857	1.3902106
25.384268032678207	1.9036998	1.3797463
25.40223409495558	1.9304373	1.3894018
25.420200792102257	1.9363897	1.3915422
25.438168124627246	1.9082286	1.3813865
25.45613609303974	1.9040982	1.3798907
25.474104697849057	1.9089726	1.3816558
25.492073939564698	1.8857546	1.3732278
25.510043818696285	1.8178263	1.3482679
25.528014335753614	1.832121	1.3535587
25.54598549124664	1.8828218	1.3721595
25.56395728568544	1.8784702	1.3705729
25.58192971958028	1.8171074	1.3480012
25.59990279344156	1.8136568	1.3467208
25.617876507779833	1.8428549	1.357518
25.635850863105826	1.8531979	1.3613222
25.653825859930386	1.8523569	1.3610132
25.671801498764548	1.889088	1.374441
25.68977778011949	1.9039187	1.3798256
25.707754704506524	1.8509048	1.3604796
25.725732272437153	1.8463334	1.3587985
25.743710484423012	1.8595389	1.3636491
25.761689340975888	1.8607448	1.3640912
25.77966884260774	1.8470559	1.3590643
25.797648989830662	1.8405385	1.3566644
25.815629783156922	1.8047273	1.3434014
25.83361122309895	1.8210897	1.3494775
25.85159331016929	1.8345283	1.3544476
25.869576044880695	1.8644028	1.3654313
25.887559427746034	1.867757	1.366659
25.90554345927836	1.869022	1.3671218
25.92352813999086	1.8886678	1.3742881
25.94151347039689	1.8919783	1.375492
25.959499451009965	1.8472778	1.359146
25.97748608234374	1.8392347	1.3561839
25.995473364912062	1.8283249	1.3521557
26.013461299228904	1.8253675	1.3510616
26.03144988580839	1.8094862	1.3451715
26.04943912516483	1.837147	1.3554139
26.067429017812675	1.8540082	1.3616197
26.085419564266537	1.858642	1.3633202
26.103410765041186	1.8301125	1.3528165
26.12140262065155	1.8010095	1.3420169
26.139395131612723	1.8086835	1.3448731
26.157388298439948	1.8415223	1.357027
26.17538212164861	1.8331323	1.3539321
26.193376601754295	1.8115399	1.3459346
26.211371739272714	1.8141458	1.3469023
26.229367534719746	1.8083067	1.344733
26.247363988611433	1.7875246	1.3369834
26.26536110146397	1.7961011	1.340187
26.283358873793727	1.7919397	1.3386335
26.301357306117204	1.791837	1.3385952
26.319356398951104	1.7925963	1.3388788
26.33735615281224	1.8124268	1.346264
26.35535656821762	1.8301467	1.3528291
26.373357645684404	1.8439268	1.3579127
26.39135938572991	1.8822628	1.3719559
26.409361788871614	1.8616897	1.3644375
26.427364855627165	1.8308213	1.3530785
26.445368586514352	1.8212439	1.3495347
26.46337298205115	1.8603292	1.3639388
26.48137804275568	1.8655963	1.3658683
26.499383769146217	1.840521	1.356658
26.517390161741215	1.8107542	1.3456427
26.53539722105928	1.8087012	1.3448796
26.553404947619182	1.8521992	1.3609552
26.571413341939856	1.8512144	1.3605934
26.589422404540397	1.8784107	1.3705512
26.60743213594006	1.8926804	1.3757472
26.62544253665827	1.886738	1.3735858
26.64345360721459	1.8871171	1.3737239
26.66146534812879	1.9073186	1.381057
26.679477759920758	1.8766003	1.3698906
26.69749084311057	1.8094573	1.3451607
26.71550459821847	1.8076048	1.3444719
26.733519025764842	1.8465476	1.3588773
26.751534126270258	1.8171865	1.3480306
26.769549900255434	1.7808881	1.3344992
26.787566348241267	1.8106576	1.3456068
26.80558347074881	1.8298297	1.352712
26.823601268299267	1.8433789	1.357711
26.841619741414036	1.827211	1.3517437
26.85963889061465	1.807608	1.3444731
26.877658716422832	1.769629	1.330274
26.89567921936045	1.7647915	1.3284545
26.913700399949544	1.8075289	1.3444437
26.93172225871233	1.8148451	1.3471619
26.949744796171174	1.8128873	1.3464351
26.967768012848605	1.8271784	1.3517317
26.98579190926733	1.8311056	1.3531835
27.003816485950225	1.8087003	1.3448793
27.021841743420318	1.8255147	1.3511161
27.039867682200814	1.8265572	1.3515018
27.057894302815072	1.7958686	1.3401003
27.07592160578664	1.808779	1.3449086
27.0939495916392	1.8479125	1.3593795
27.111978260896635	1.8759243	1.3696439
27.13000761408296	1.8304636	1.3529463
27.148037651722397	1.8185831	1.3485485
27.166068374339304	1.8515015	1.3606989
27.184099782458215	1.8936788	1.3761101
27.20213187660384	1.8626544	1.364791
27.22016465730105	1.8532572	1.3613439
27.23819812507487	1.8894365	1.3745677
27.256232280450533	1.9143724	1.3836085
27.274267123953383	1.8881577	1.3741025
27.292302656108987	1.8568166	1.3626506
27.31033887744306	1.8426986	1.3574604
27.32837578848146	1.8236969	1.3504432
27.34641338975026	1.807193	1.3443187
27.364451681775673	1.8217149	1.3497092
27.382490665084074	1.8379357	1.3557049
27.400530340202046	1.8482311	1.3594966
27.41857070765629	1.8596563	1.3636922
27.436611767973726	1.8418484	1.3571471
27.454653521681404	1.8138931	1.3468084
27.472695969306564	1.8096244	1.3452228
27.490739111376627	1.8177474	1.3482386
27.508782948419153	1.8150431	1.3472353
27.526827480961902	1.7903316	1.3380327
27.54487270953279	1.800486	1.3418219
27.562918634659898	1.790575	1.3381237
27.580965256871508	1.8315066	1.3533317
27.599012576696026	1.8575065	1.3629037
27.617060594662068	1.8492459	1.3598698
27.63510931129842	1.8434172	1.357725
27.65315872713401	1.8033216	1.3428781
27.67120884269797	1.7650163	1.3285391
27.68925965851958	1.7815621	1.3347517
27.707311175128307	1.8196026	1.3489264
27.725363393053787	1.8313297	1.3532664
27.74341631282583	1.8930482	1.3758808
27.7614699349744	1.9230615	1.386745
27.77952426002968	2.0511682	1.4321901
27.797579288521973	2.118861	1.4556308
27.815635020981784	2.6030748	1.6134048
27.83369145793979	2.7194016	1.6490608
27.85174859992682	2.6005497	1.612622
27.869806447473923	2.4888248	1.577601
27.887865001112267	2.184132	1.477881
27.905924261373233	2.047025	1.4307429
27.92398422878836	1.962267	1.4008094
27.94204490388936	1.9235799	1.3869319
27.96010628720813	1.8491771	1.3598446
27.978168379276728	1.8150312	1.3472309
27.9962311806274	1.8455524	1.3585111
28.014294691792568	1.8944103	1.3763758
28.0323589133048	1.851084	1.3605455
28.050423845696887	1.8035829	1.3429754
28.068489489501758	1.8478338	1.3593504
28.086555845252523	1.9319862	1.3899591
28.104622913482487	1.9637612	1.4013426
28.122690694725115	1.93605	1.3914201
28.14075918951405	1.9030081	1.3794956
28.15882839838312	1.9201739	1.3857034
28.176898321866304	1.943849	1.3942199
28.1949689604978	1.9574277	1.399081
28.213040314811945	1.9379301	1.3920956
28.23111238534327	1.9683133	1.4029659
28.249185172626493	2.0256398	1.4232497
28.267258677196473	2.013704	1.4190505
28.285332899588294	1.9831625	1.4082481
28.303407840337172	1.9422739	1.3936548
28.321483499978545	1.969732	1.4034715
28.33955987904799	1.9803025	1.4072322
28.357636978081285	1.9605638	1.4002013
28.37571479761439	1.9359245	1.3913751
28.393793338183425	1.9520925	1.397173
28.41187260032469	1.9540416	1.3978704
28.429952584574686	1.9265636	1.388007
28.448033291470065	1.9388579	1.3924288
28.46611472154769	1.9846753	1.408785
28.484196875344566	2.0247545	1.4229387
28.502279753397914	2.015619	1.419725
28.52036335624511	1.9912686	1.4111232
28.538447684423716	2.008017	1.4170452
28.556532738471482	2.0493243	1.4315461
28.574618518926325	2.116056	1.454667
28.59270502632635	2.1073751	1.4516801
28.61079226120985	2.0768778	1.4411377
28.628880224115274	2.0535269	1.4330132
28.646968915581287	2.0541441	1.4332286
28.66505833614671	2.0665238	1.4375409
28.68314848635055	2.086435	1.4444498
28.701239366732004	2.0975096	1.4482782
28.71933097783044	2.12028	1.4561181
28.737423320185403	2.0595665	1.435119
28.75551639433665	2.1089735	1.4522306
28.773610200824074	2.1154094	1.4544446
28.791704740187793	2.117082	1.4550196
28.80980001296809	2.157587	1.4688727
28.827896019705413	2.256027	1.5020076
28.845992760940433	2.2548544	1.5016173
28.86409023721397	2.1696355	1.4729682
28.88218844906704	2.13503	1.4611742
28.900287397040845	2.1727285	1.4740179
28.918387081676755	2.2389753	1.4963206
28.936487503516343	2.279665	1.509856
28.954588663101365	2.3120952	1.5205575
28.97269056097374	2.403243	1.5502397
28.990793197675597	2.4284	1.5583324
29.00889657374923	2.3833294	1.5438036
29.027000689737125	2.3427675	1.5306102
29.04510554618196	2.3729825	1.5404488
29.06321114362659	2.4301789	1.5589031
29.08131748261405	2.4521596	1.5659373
29.099424563687567	2.4460783	1.5639943
29.11753238739057	2.4586442	1.5680064
29.13564095426663	2.533378	1.5916588
29.15375026485954	2.6161263	1.6174444
29.171860319713275	2.676934	1.6361339
29.18997111937199	2.786645	1.6693246
29.20808266438002	2.8214695	1.679723
29.226194955281898	2.7931533	1.671273
29.244307992622335	2.8792	1.6968205
29.26242177694624	2.9222832	1.7094687
29.2805363087987	2.9451692	1.7161496
29.29865158872498	2.9600909	1.7204914
29.316767617270557	3.0160587	1.7366804
29.334884394981064	3.00696	1.7340589
29.353001922402367	3.0095375	1.7348019
29.37112020008047	3.0545704	1.747733
29.389239228561596	3.1710722	1.7807505
29.407359008392152	3.3153915	1.8208216
29.42547954011872	3.5524898	1.884805
29.44360082428809	4.0501614	2.0125012
29.46172286144722	5.0157948	2.239597
29.479845652143283	6.567955	2.562802
29.497969196923606	9.216752	3.0359104
29.516093496335728	12.9003935	3.5917118
29.5342185509274	16.431908	4.053629
29.55234436124651	19.564554	4.423184
29.570470927841175	20.865088	4.567832
29.588598251259686	20.826342	4.5635886
29.60672633205055	19.25815	4.388411
29.624855170762405	16.16508	4.0205817
29.642984767944146	12.870262	3.5875149
29.66111512414481	9.60941	3.0999048
29.67924623991366	7.051199	2.6554093
29.697378115800138	5.276675	2.2971015
29.71551075235387	4.3919168	2.09569
29.733644150124675	3.9101174	1.9774017
29.751778309662576	3.6664724	1.9148035
29.769913231517766	3.5082774	1.8730396
29.78804891624066	3.4099603	1.8466078
29.806185364381818	3.2993486	1.8164109
29.82432257649206	3.2328026	1.7979996
29.842460553122333	3.2758298	1.8099253
29.86059929482382	3.3364356	1.8265913
29.878738802147872	3.419732	1.8492517
29.896879075646048	3.3932326	1.8420728
29.915020115870114	3.3776617	1.8378416
29.933161923371976	3.3343995	1.8260338
29.951304498703777	3.2178683	1.7938417
29.969447842417857	3.1056712	1.7622914
29.987591955066733	3.1096213	1.7634119
30.005736837203123	3.2278001	1.796608
30.023882489379943	3.2891333	1.8135968
30.04202891215028	3.2516623	1.8032366
30.060176106067455	3.2137446	1.7926921
30.078324071684946	3.1579523	1.7770628
30.09647280955646	3.1131272	1.7644056
30.114622320235863	3.1025198	1.7613971
30.132772604277257	3.1707282	1.7806538
30.1509236622349	3.1945586	1.7873328
30.16907549466328	3.1663387	1.7794209
30.18722810211705	3.0868506	1.7569436
30.205381485151097	3.0597365	1.7492102
30.22353564432045	2.9858453	1.7279599
30.241690580180403	2.9280484	1.7111541
30.25984629328638	2.9740593	1.7245461
30.278002784194037	3.046681	1.7454745
30.296160053459246	3.0340452	1.7418511
30.314318101638033	2.9660888	1.7222337
30.332476929286646	2.9283419	1.7112398
30.35063653696153	2.926168	1.7106045
30.368796925219307	2.9881148	1.7286165
30.386958094616844	2.940335	1.7147405
30.40512004571115	2.8875313	1.6992737
30.423282779059463	2.9264548	1.7106884
30.441446295219233	2.9178925	1.708184
30.459610594748067	2.8366127	1.6842246
30.47777567820382	2.818991	1.6789851
30.495941546144504	2.8219328	1.679861
30.51410819912835	2.8454096	1.6868342
30.532275637713795	2.8721788	1.6947503
30.55044386245946	2.9084313	1.7054124
30.56861287392416	2.9006052	1.7031163
30.586782672666956	2.8512986	1.6885788
30.604953259247047	2.8313706	1.6826677
30.623124634223885	2.8546655	1.6895756
30.641296798157075	2.8229592	1.6801664
30.659469751606462	2.7710533	1.664648
30.677643495132074	2.7796302	1.6672223
30.695818029294152	2.776188	1.6661897
30.713993354653116	2.7580013	1.6607231
30.73216947176962	2.7737622	1.6654615
30.75034638120448	2.8173869	1.6785073
30.768524083518756	2.8752434	1.6956543
30.786702579273673	2.8333924	1.6832683
30.80488186903069	2.9121907	1.7065142
30.82306195335144	3.1508732	1.77507
30.841242832797782	3.4061544	1.845577
30.85942450793176	3.624843	1.903902
30.877606979315637	3.9750154	1.993744
30.895790247511883	4.3660545	2.0895107
30.913974313083134	4.8385053	2.1996603
30.932159176592283	5.2574024	2.2929027
30.95034483860237	5.652331	2.377463
30.968531299676698	5.6829286	2.3838894
30.98671856037873	5.3647003	2.3161824
31.00490662127215	4.9368258	2.221897
31.023095482920848	4.5088935	2.1234155
31.04128514588892	3.9672916	1.9918061
31.059475610740662	3.3616831	1.8334893
31.07766687804056	2.8637984	1.6922761
31.09585894835335	2.628945	1.6214023
31.11405182224393	2.5695698	1.6029878
31.132245500277417	2.5744188	1.6044996
31.15043998301914	2.5643437	1.6013569
31.168635271034628	2.571864	1.6037031
31.18683136488964	2.470177	1.5716797
31.20502826515008	2.3987086	1.5487765
31.223225972382135	2.4198682	1.5555925
31.241424487152155	2.493444	1.5790642
31.259623810026692	2.4863071	1.5768028
31.27782394157253	2.478704	1.57439
31.296024882356644	2.4864218	1.5768392
31.314226632946237	2.502016	1.5817763
31.332429193908684	2.455164	1.5668963
31.350632565811598	2.477009	1.5738517
31.368836749222787	2.474226	1.5729673
31.387041744710295	2.5058348	1.5829829
31.40524755284232	2.5363026	1.5925773
31.423454174187317	2.545416	1.595436
31.441661609313922	2.5587118	1.5995973
31.459869858791002	2.5565763	1.5989298
31.478078923187628	2.5530367	1.5978224
31.496288803073064	2.4908998	1.5782585
31.514499499016807	2.4230857	1.5566264
31.532711011588546	2.4034266	1.5502989
31.550923341358178	2.4151113	1.5540628
31.56913648889584	2.364178	1.5375884
31.587350454771844	2.3578053	1.5355147
31.605565239556732	2.4098794	1.5523787
31.62378084382127	2.4384484	1.5615532
31.641997268136382	2.3866913	1.544892
31.660214513073274	2.3366678	1.5286163
31.67843257920331	2.2974634	1.5157386
31.6966514670981	2.2834105	1.5110958
31.71487117732944	2.2942617	1.514682
31.733091710469346	2.3596447	1.5361135
31.751313067090052	2.3438535	1.5309649
31.769535247764008	2.3005404	1.5167533
31.787758253063878	2.225292	1.4917413
31.805982083562526	2.251147	1.5003823
31.824206739833024	2.3020794	1.5172606
31.84243222244869	2.2949724	1.5149167
31.860658531983013	2.2657459	1.5052395
31.878885669009737	2.1869612	1.4788377
31.897113634102784	2.1674104	1.4722128
31.91534242783632	2.3214793	1.5236402
31.933572050784694	2.3836122	1.5438951
31.951802503522508	2.288009	1.5126166
31.970033786624548	2.1863496	1.478631
31.988265900665834	2.156442	1.4684829
32.006498846221575	2.209155	1.4863226
32.02473262386724	2.154249	1.467736
32.04296723417845	2.126866	1.458378
32.0612026777311	2.198844	1.48285
32.07943895510129	2.1527128	1.4672126
32.097676066865304	2.1243927	1.4575297
32.115914013599685	2.1391504	1.4625834
32.13415279588115	2.2258928	1.4919426
32.152392414286666	2.2232523	1.4910574
32.1706328693934	2.247988	1.4993292
32.18887416177875	2.2898564	1.5132271
32.20711629202032	2.310016	1.5198736
32.225359260695924	2.2509863	1.5003288
32.243603068383614	2.2253256	1.4917525
32.26184771566166	2.1942158	1.4812886
32.28009320310852	2.2223566	1.490757
32.2983395313029	2.2011263	1.4836193
32.31658670082372	2.1613395	1.4701495
32.33483471225012	2.1022284	1.4499063
32.35308356616143	2.1000679	1.449161
32.371333263137245	2.1294754	1.4592721
32.38958380375734	2.2087343	1.4861811
32.407835188601744	2.215891	1.4885869
32.42608741825067	2.169692	1.4729874
32.444340493284585	2.1335948	1.460683
32.46259441428416	2.1808045	1.4767547
32.48084918183028	2.1670427	1.4720879
32.49910479650405	2.1393383	1.4626477
32.51736125888683	2.0743887	1.4402739
32.53561856956014	2.0809243	1.4425409
32.5538767291058	2.1655476	1.47158
32.572135738105764	2.2444766	1.4981577
32.59039559714228	2.2621264	1.5040367
32.608656306797776	2.2571132	1.5023692
32.62691786765491	2.2117553	1.4871972
32.645180280296586	2.0791128	1.4419129
32.663443545305896	2.0810401	1.442581
32.68170766326619	2.076116	1.4408734
32.69997263476099	2.0125394	1.41864
32.7182384603741	2.0173805	1.4203452
32.7365051406895	2.119151	1.4557304
32.75477267629144	2.1624773	1.4705364
32.77304106776434	2.0648685	1.436965
32.79131031569289	1.9988191	1.413796
32.809580420661966	1.9975477	1.4133463
32.827851383256714	2.054169	1.4332372
32.84612320406245	2.0099282	1.4177194
32.86439588366476	2.0241082	1.4227116
32.88266942264945	2.0226421	1.4221963
32.9009438216025	1.9893625	1.4104476
32.9192190811102	1.9548676	1.3981658
32.937495201758985	1.9078933	1.3812652
32.95577218413556	1.8892472	1.3744988
32.974050028826866	1.9163042	1.3843064
32.992328736420035	1.8916987	1.3753904
33.010608307502444	1.9336034	1.3905407
33.02888874266169	1.9524235	1.3972914
33.047170042485604	1.9917501	1.4112937
33.06545220756225	1.9724499	1.4044393
33.083735238479896	1.9294329	1.3890402
33.10201913582707	1.9926419	1.4116096
33.12030390019248	2.0399117	1.4282548
33.138589532165135	2.1097865	1.4525105
33.15687603233419	2.0925906	1.4465789
33.17516340128909	2.0430577	1.4293557
33.19345163961947	2.0225117	1.4221504
33.211740747915215	2.0039442	1.4156073
33.23003072676643	2.0840814	1.4436347
33.248321576763466	2.1108377	1.4528723
33.266613298496885	2.1171687	1.4550494
33.28490589255747	2.0601232	1.435313
33.30319935953626	1.9921199	1.4114248
33.32149370002451	1.9611311	1.4004039
33.339788914613706	1.9926188	1.4116015
33.358085003895575	2.0375714	1.4274353
33.376381968462034	2.0293508	1.4245528
33.39467980890529	2.02771	1.4239768
33.41297852581774	1.9203185	1.3857555
33.43127811979204	1.8665206	1.3662066
33.44957859142105	1.8446475	1.358178
33.467879941297866	1.8851342	1.3730019
33.486182170015844	1.9102097	1.3821033
33.50448527816853	1.925208	1.3875186
33.522789266349754	1.9416322	1.3934246
33.541094135153514	1.9221619	1.3864206
33.55939988517411	1.9207014	1.3858937
33.57770651700602	1.8607843	1.3641057
33.59601403124398	1.9119135	1.3827196
33.61432242848296	2.0297353	1.4246877
33.632631709318154	1.9795305	1.4069579
33.650941874344994	1.9337109	1.3905793
33.66925292415916	2.0078757	1.4169953
33.68756485935654	1.9561132	1.3986112
33.70587768053328	1.838254	1.3558222
33.724191388285746	1.8893262	1.3745277
33.74250598321054	1.9600611	1.4000218
33.760821465904506	1.9217756	1.3862813
33.77913783696474	1.9499086	1.3963913
33.79745509698852	2.0698185	1.4386864
33.815773246573414	2.0331004	1.4258683
33.8340922863172	1.9359719	1.3913921
33.852412216817896	1.9064211	1.380732
33.87073303867377	1.9870532	1.4096287
33.889054752483304	1.9379543	1.3921043
33.907377358845245	1.90461	1.380076
33.92570085835853	1.9540526	1.3978744
33.94402525162239	1.9130408	1.3831272
33.96235053923627	1.9587089	1.3995388
33.980676721799824	2.049567	1.4316308
33.999003799912984	2.0206618	1.4214998
34.01733177417592	1.8842254	1.3726709
34.03566064518901	1.9059966	1.3805784
34.0539904135529	2.023046	1.4223382
34.07232107986846	2.0693603	1.4385271
34.090652644736785	1.9603009	1.4001075
34.108985108759235	1.9330484	1.390341
34.12731847253742	1.9013757	1.3789037
34.14565273667313	1.9948574	1.4123942
34.16398790176847	2.002168	1.4149798
34.18232396842574	2.023041	1.4223365
34.20066093724749	2.030477	1.4249481
34.21899880883651	1.9767461	1.4059681
34.23733758379583	1.9807112	1.4073775
34.25567726272874	2.0933418	1.4468386
34.27401784623872	2.0472476	1.4308206
34.29235933492957	1.9603521	1.4001257
34.31070172940526	1.9870516	1.4096282
34.32904503027003	1.9570161	1.3989339
34.347389238128386	1.9428356	1.3938564
34.36573435358502	1.8513535	1.3606446
34.38408037724492	1.7958871	1.3401071
34.402427309713296	1.8981369	1.3777288
34.42077515159559	2.0110853	1.4181274
34.43912390349752	2.0591257	1.4349654
34.45747356602499	2.0644534	1.4368206
34.47582413978423	2.0686119	1.438267
34.49417562538163	2.028943	1.4244097
34.51252802342388	2.1105525	1.452774
34.53088133451789	2.102835	1.4501154
34.54923555927084	1.9321576	1.3900207
34.567590698290104	1.9090446	1.3816818
34.58594675218336	2.0188694	1.4208692
34.6043037215585	2.0151787	1.4195698
34.62266160702365	1.9425445	1.393752
34.641020409187234	1.8125635	1.3463148
34.65938012865785	1.773177	1.331607
34.677740766044394	1.793479	1.3392084
34.69610232195598	1.9354371	1.3911998
34.714464797002016	2.0107114	1.4179956
34.73282819179208	2.1388125	1.4624679
34.751192506936064	2.207936	1.4859126
34.76955774304408	1.9658957	1.402104
34.7879239007265	1.9962734	1.4128954
34.80629098059391	2.2067652	1.4855185
34.824658983257194	2.118748	1.4555919
34.843027909327446	1.8681593	1.3668063
34.86139775941603	1.8183159	1.3484495
34.879768534134534	2.0168967	1.4201748
34.89814023409483	2.0684154	1.4381987
34.91651285990901	2.0311613	1.4251882
34.93488641218944	2.147883	1.4655657
34.95326089154871	2.296278	1.5153475
34.97163629859967	2.14862	1.4658171
34.99001263395542	1.972274	1.4043767
35.00838989822934	2.1575506	1.4688603
35.02676809203499	2.3578675	1.5355349
35.04514721598624	2.1743715	1.474575
35.063527270697215	2.0151844	1.4195719
35.081908256782256	1.9764482	1.4058621
35.10029017485597	1.9485425	1.395902
35.11867302553321	2.0127847	1.4187264
35.137056809429104	2.1306934	1.4596895
35.155441527159006	2.1401074	1.4629105
35.173827179338524	2.0621185	1.4360079
35.19221376658354	2.148036	1.465618
35.21060128951017	2.1795642	1.4763347
35.2289897487348	2.2439342	1.4979767
35.24737914487405	2.033045	1.4258488
35.26576947854479	1.748946	1.3224772
35.28416075036418	1.8545657	1.3618244
35.30255296094958	2.0914602	1.4461882
35.32094611091867	1.9612892	1.4004604
35.33934020088932	2.1038322	1.4504594
35.35773523147969	2.3909652	1.5462747
35.3761312033082	2.1910582	1.4802223
35.394528116993506	2.1726363	1.4739865
35.41292597315452	2.3779275	1.542053
35.431324772410434	2.5177028	1.586727
35.449724515380666	2.2555394	1.5018454
35.46812520268491	2.029719	1.4246821
35.486526834943106	2.0983598	1.4485717
35.504929412775454	2.3531647	1.5340028
35.52333293680242	2.382309	1.543473
35.54173740764471	2.2074032	1.4857333
35.560142825923286	1.7551702	1.3248284
35.5785491922594	1.1732655	1.0831738
35.59695650727454	1.4681457	1.2116706
35.61536477159042	2.5249293	1.5890026
