0.008763373481513119	0.051685803	0.22734512
0.026290120649546365	0.29672334	0.54472315
0.043816868432600686	0.24963617	0.49963605
0.06134361724069026	0.2529493	0.50294065
0.07887036748382949	0.14429492	0.3798617
0.0963971195720331	0.054140806	0.23268177
0.11392387391531617	0.10242559	0.32004
0.1314506309236943	0.13844684	0.37208444
0.1489773910071836	0.2279262	0.47741616
0.16650415457580078	0.22368297	0.47295135
0.18403092203956356	0.21067774	0.45899644
0.20155769380849	0.14376287	0.37916073
0.2190844702925996	0.09915808	0.31489375
0.2366112519019124	0.085877925	0.29304937
0.2541380390464497	0.11826654	0.343899
0.27166483213623416	0.13415107	0.3662664
0.28919163158128947	0.14464349	0.38032025
0.3067184377916406	0.13621129	0.36906815
0.324245251177314	0.19522396	0.44184154
0.34177207214833777	0.2100605	0.4583236
0.3592989011147415	0.19814081	0.4451301
0.37682573848655654	0.15286532	0.39097995
0.39435258467381573	0.092072025	0.30343372
0.41187944008655414	0.1237796	0.35182324
0.42940630513480854	0.14148282	0.37614202
0.446933180228618	0.16975763	0.41201654
0.4644600657780234	0.15000552	0.38730547
0.48198696219306775	0.16306639	0.4038148
0.49951386988379676	0.13478544	0.36713138
0.5170407892602581	0.13383119	0.36582944
0.5345677207325025	0.13985148	0.37396723
0.5520946647105822	0.16682194	0.4084384
0.5696216216045534	0.17694916	0.42065325
0.5871485918244737	0.17766699	0.42150563
0.6046755757804043	0.15855329	0.3981875
0.6222025738824094	0.13106337	0.36202675
0.6397295865405557	0.1243924	0.35269305
0.6572566141649129	0.103123926	0.32112914
0.6747836571655547	0.09894115	0.31454912
0.6923107159525568	0.10094704	0.31772164
0.7098377909359992	0.11895211	0.34489435
0.7273648825259653	0.13755743	0.37088737
0.7448919911325411	0.19247249	0.43871686
0.762419117165817	0.21297747	0.46149483
0.7799462610358868	0.24634644	0.496333
0.7974734231528482	0.25397524	0.50395954
0.8150006039268024	0.23021033	0.4798024
0.8325278037678551	0.21239355	0.46086174
0.8500550230861152	0.23643392	0.4862447
0.8675822622916969	0.27859557	0.52782154
0.8851095217947171	0.27726668	0.5265612
0.9026368020052984	0.26000968	0.5099114
0.9201641033335665	0.19166374	0.43779418
0.9376914261896523	0.18091187	0.42533734
0.9552187709836915	0.21291222	0.4614241
0.9727461381258234	0.2369734	0.48679915
0.990273528026193	0.24483207	0.49480507
1.0078009410949496	0.24173774	0.4916683
1.0253283777422473	0.3077028	0.5547097
1.0428558383782454	0.33680534	0.5803493
1.0603833234131086	0.33708286	0.5805884
1.0779108332570058	0.33420095	0.57810116
1.0954383683201119	0.3375997	0.5810333
1.112965929012607	0.36468095	0.6038882
1.1304935157446763	0.54615825	0.7390252
1.1480211289265108	0.60350376	0.77685505
1.1655487689683062	1.4723133	1.2133892
1.1830764362802655	1.7004364	1.3040078
1.200604131272596	2.0821629	1.4429702
1.2181318543555117	2.288211	1.5126834
1.235659605939232	2.2992828	1.5163386
1.253187386433982	3.8866737	1.9714649
1.270715196249994	6.489667	2.5474825
1.2882430357975057	11.951688	3.4571214
1.3057709054867608	16.79705	4.0984206
1.3232988057280106	22.547186	4.748388
1.3408267369315112	27.923763	5.284294
1.358354699507526	31.853132	5.643858
1.3758826938663256	35.839996	5.9866514
1.3934107204181858	37.185482	6.09799
1.410938779573391	37.70721	6.1406198
1.4284668717422309	38.349285	6.19268
1.4459949973350033	38.21521	6.181845
1.4635231567620117	38.005787	6.164883
1.4810513504335687	36.86163	6.0713778
1.4985795787599925	36.330284	6.027461
1.5161078421516088	36.191914	6.0159717
1.5336361410187505	35.919704	5.9933047
1.5511644757717598	36.06372	6.0053077
1.5686928468209842	36.618286	6.0513043
1.58622125457678	37.31223	6.1083736
1.6037496994495108	38.478924	6.2031384
1.621278181849548	37.966705	6.1617126
1.6388067021872719	38.689117	6.2200575
1.6563352608730693	37.822044	6.149963
1.673863858317336	37.003265	6.0830307
1.6913924949304753	36.214275	6.01783
1.7089211711228998	34.950626	5.9119053
1.7264498873050296	34.092934	5.8389153
1.7439786438872935	33.525257	5.7901
1.7615074412801288	32.60252	5.7098618
1.779036279893981	31.923048	5.6500487
1.796565160139305	30.680464	5.538995
1.814094082426564	29.753227	5.454652
1.8316230471662298	29.070059	5.3916655
1.849152054768784	28.577614	5.3458033
1.8666811056447168	28.465849	5.3353395
1.8842102002045273	27.773458	5.270053
1.901739338858724	26.903963	5.186903
1.9192685220178245	25.94005	5.0931377
1.9367977500923557	25.145584	5.0145373
1.9543270234928547	24.885798	4.988567
1.971856342629867	24.204582	4.919815
1.9893857079139496	23.596596	4.8576326
2.006915119755667	22.80882	4.775858
2.0244445785655945	22.269674	4.7190757
2.0419740847543175	21.947996	4.684869
2.0595036387324317	21.636919	4.6515503
2.0770332409105414	21.178225	4.6019807
2.094562891699263	20.745089	4.5546775
2.1120925915092217	19.966692	4.4684105
2.129622340751053	20.058388	4.478659
2.1471521398354043	188.26204	13.720861
2.1646819891729323	444.802	21.09033
2.182211889174303	440.77298	20.994595
2.1997418402501974	453.0062	21.283941
2.2172718428113023	432.8796	20.80576
2.234801897268317	320.6668	17.907171
2.2523320040319548	17.0852	4.1334248
2.269862163512935	16.525433	4.0651484
2.287392376121992	16.261036	4.0324974
2.304922642269869	16.213581	4.026609
2.322452962367322	16.117334	4.01464
2.3399833368251164	16.044697	4.0055833
2.357513766054032	15.777893	3.9721396
2.3750442504648586	15.388226	3.922783
2.3925747904683963	15.124006	3.8889596
2.410105386475459	14.672681	3.8304935
2.4276360388968707	14.423303	3.7978024
2.445166748143469	14.241896	3.7738435
2.4626975146261025	13.994221	3.740885
2.4802283387556323	13.752727	3.7084668
2.4977592209429305	13.563476	3.6828625
2.5152901615988825	13.263267	3.6418767
2.5328211611343865	13.1853075	3.6311579
2.5503522199603523	12.908973	3.592906
2.5678833384877024	12.762898	3.57252
2.5854145171273712	12.454135	3.5290415
2.6029457562903064	12.173458	3.4890482
2.620477056387469	12.041897	3.4701436
2.6380084178298326	11.872808	3.4456942
2.655539841028383	11.773784	3.4312947
2.673071326394119	11.646576	3.412708
2.6906028743380523	11.505229	3.3919358
2.708134485271211	11.175002	3.3429031
2.7256661596046325	10.880291	3.2985287
2.743197897749369	10.723763	3.274716
2.760729700116486	10.727779	3.2753289
2.778261567117063	10.577357	3.252285
2.795793499162193	10.393927	3.2239614
2.8133254966629817	10.3247	3.2132072
2.830857560030551	10.196187	3.193147
2.8483896896760337	10.116374	3.1806247
2.865921886010578	9.734689	3.1200464
2.883454149445347	9.583223	3.095678
2.9009864803915177	9.567962	3.0932121
2.91851887926028	9.407989	3.0672445
2.9360513464628384	9.321817	3.0531652
2.953583882410413	9.191292	3.0317144
2.9711164875142373	9.0687895	3.0114431
2.9886491621855606	9.013572	3.0022612
3.0061819068356455	8.804582	2.9672515
3.023714721875769	8.766763	2.960872
3.041247607717225	8.664753	2.9435952
3.0587805647713213	8.535164	2.9215002
3.0763135934493806	8.301602	2.8812501
3.0938466941627407	7.972617	2.8235824
3.1113798673227544	7.786768	2.790478
3.1289131133407904	7.8148875	2.795512
3.1464464326282315	7.8387117	2.7997699
3.1639798255964786	7.930865	2.816179
3.1815132926569443	7.914079	2.8131974
3.1990468342210603	7.794583	2.791878
3.216580450700272	7.608907	2.7584248
3.2341141425060416	7.4996924	2.7385566
3.251647910049847	7.440541	2.7277355
3.2691817537431813	7.4487357	2.7292373
3.286715673997555	7.3404393	2.7093246
3.3042496712244938	7.2597256	2.6943877
3.32178374583554	7.0579724	2.6566844
3.339317898242251	6.858883	2.6189468
3.3568521288562034	6.801154	2.6079023
3.3743864380889876	6.754842	2.5990078
3.3919208263522127	6.769036	2.601737
3.4094552940575023	6.673205	2.5832548
3.4269898416164972	6.601856	2.5694077
3.444524469440858	6.618858	2.572714
3.4620591779422587	6.5895686	2.5670154
3.479593967532391	6.5889115	2.5668876
3.4971288386229658	6.547095	2.5587292
3.5146637916257086	6.615109	2.5719855
3.5321988269523628	6.586822	2.5664804
3.5497339450146903	6.5576596	2.5607927
3.5672691462244708	6.4616003	2.5419679
3.5848044309934988	6.424804	2.5347197
3.60233979973359	6.3892	2.5276868
3.619875252856575	6.3692617	2.5237396
3.6374107907743034	6.4294324	2.5356326
3.6549464138986427	6.3340373	2.5167513
3.6724821226414788	6.311687	2.5123072
3.690017917414714	6.334689	2.5168808
3.7075537986302702	6.384955	2.526847
3.7250897667000857	6.3915105	2.5281436
3.7426258220361235	6.528459	2.555085
3.7601619650503553	6.880443	2.62306
3.777698196154779	7.487418	2.7363148
3.7952345157614067	8.634189	2.938399
3.8127709242822716	9.446711	3.0735502
3.830307422129425	11.783089	3.4326503
3.847844009714936	30.529285	5.525331
3.8653806874508954	97.923035	9.895607
3.882917455749409	97.09497	9.853678
3.900454315022606	96.69925	9.833578
3.917991265682631	41.27109	6.424258
3.9355283081416506	10.963404	3.311103
3.9530654428118495	8.792535	2.965221
3.970602670105433	7.5686617	2.75112
3.9881399904346244	6.580426	2.5652342
4.005677404211669	6.4992166	2.5493562
4.023214911848827	6.4138145	2.532551
4.0407525137583855	6.416645	2.5331097
4.058290210352644	6.410358	2.5318685
4.075828002043927	6.3393717	2.5178108
4.0933658892445814	6.2473626	2.4994724
4.110903872366966	6.1875114	2.4874709
4.128441951823468	6.1120634	2.4722588
4.145980128026488	6.1096516	2.471771
4.163518401388452	6.129358	2.475754
4.181056772321807	6.182595	2.4864824
4.1985952412390155	6.2859874	2.5071871
4.216133808552567	6.3595667	2.5218182
4.233672474674966	6.4918365	2.5479083
4.251211240018741	6.6336	2.5755777
4.268750104996445	6.915187	2.6296742
4.286289070020643	7.8977084	2.8102863
4.303828135503928	9.506066	3.083191
4.3213673018589125	29.747425	5.45412
4.3389065694982305	90.85367	9.531719
4.356445938834537	166.04639	12.885899
4.3739854102805085	171.49565	13.095634
4.391524984248844	172.36407	13.12875
4.409064661152262	136.33139	11.676104
4.426604441403504	96.68708	9.832959
4.444144325415337	75.7215	8.70181
4.461684313600543	21.737204	4.6623173
4.47922440637193	22.08083	4.699024
4.496764604142329	20.337849	4.5097504
4.5143049073245916	18.611462	4.3141003
4.531845316331589	16.548437	4.067977
4.5493858315762195	13.74704	3.7077
4.566926453471405	11.45678	3.3847866
4.584467182430081	9.473473	3.0779006
4.602008018865218	8.35561	2.890607
4.619548963189798	7.57335	2.751972
4.637090015816834	7.0341167	2.652191
4.654631177159353	6.764274	2.6008217
4.672172447630417	6.5301485	2.5554156
4.689713827643102	6.4330983	2.5363553
4.7072553176105085	6.279393	2.5058718
4.724796917945764	6.164487	2.4828384
4.742338629062015	6.003434	2.4501905
4.759880451372434	5.8521595	2.4191236
4.777422385290215	5.724853	2.3926666
4.794964431228581	5.758229	2.399631
4.812506589600768	5.7340174	2.3945808
4.830048860820047	5.7197733	2.3916047
4.847591245299709	5.6889896	2.3851602
4.8651337434530655	5.692054	2.3858025
4.882676355693457	5.7447705	2.396825
4.900219082434242	5.758999	2.3997915
4.917761924088813	5.6735835	2.3819284
4.935304881070575	5.5968995	2.3657768
4.952847953792969	5.5323806	2.3521013
4.970391142669449	5.532721	2.3521736
4.9879344481135055	5.520648	2.349606
5.005477870538642	5.52222	2.3499405
5.023021410358394	5.506118	2.3465118
5.040565067986324	5.51139	2.347635
5.05810884383601	5.5389457	2.3534966
5.075652738321066	5.549661	2.3557718
5.09319675185512	5.517515	2.3489392
5.110740884851836	5.4155726	2.3271382
5.128285137724894	5.3866897	2.3209243
5.145829510888007	5.369373	2.3171906
5.163374004754908	5.398861	2.323545
5.1809186197393595	5.3639536	2.316021
5.198463356255145	5.315813	2.3056047
5.216008214716077	5.259875	2.2934418
5.233553195535998	5.2765765	2.29708
5.251098299128764	5.2936716	2.300798
5.268643525908272	5.2817154	2.2981982
5.286188876288432	5.265102	2.294581
5.3037343506831895	5.3111677	2.3045971
5.32127994950651	5.2975616	2.3016431
5.3388256731723915	5.352586	2.3135655
5.356371522094851	5.368146	2.316926
5.373917496687938	5.402409	2.3243084
5.391463597365729	5.4339724	2.3310883
5.40900982454232	5.4709425	2.3390045
5.426556178631843	5.4590163	2.3364537
5.444102660048449	5.3417645	2.3112257
5.4616492692063225	5.2654786	2.294663
5.479196006519669	5.3239026	2.3073583
5.496742872402727	5.349798	2.312963
5.514289867269756	5.358114	2.31476
5.531836991535049	5.221031	2.2849576
5.549384245612924	5.267251	2.2950492
5.566931629917724	5.296069	2.301319
5.584479144863822	5.357258	2.3145752
5.6020267908656205	5.362671	2.3157442
5.619574568337545	5.2905107	2.300111
5.637122477694054	5.1947618	2.279202
5.654670519349629	5.111202	2.2607968
5.672218693718784	5.0834913	2.25466
5.689767001216059	5.032114	2.2432375
5.707315442256021	5.035542	2.2440014
5.724864017253266	5.0912585	2.2563818
5.7424127266224225	5.2925134	2.3005464
5.75996157077814	5.336532	2.3100936
5.777510550135105	5.3477945	2.3125298
5.795059665108022	5.3392124	2.3106735
5.812608916111639	5.3274107	2.3081183
5.830158303560715	5.41474	2.3269594
5.847707827870055	5.4269834	2.3295887
5.86525748945448	5.506717	2.3466396
5.8828072887288485	5.609767	2.3684947
5.900357226108044	5.669378	2.3810456
5.917907302006979	5.7065773	2.3888443
5.9354575168406	6.265598	2.5031176
5.9530078710238765	6.917979	2.6302052
5.970558364971812	7.4927106	2.7372816
5.988108999099438	7.952747	2.8200614
6.005659773821818	8.509505	2.9171057
6.023210689554039	8.242294	2.8709397
6.040761746711227	8.559237	2.9256172
6.058312945708531	7.8230114	2.7969646
6.075864286961132	7.3074765	2.7032344
6.093415770884244	6.7198	2.5922577
6.1109673978931065	6.2522492	2.50045
6.128519168402993	5.648664	2.3766918
6.146071082829204	5.4440036	2.3332388
6.163623141587075	5.30464	2.3031805
6.181175345091969	5.2142735	2.2834783
6.198727693759281	5.211404	2.28285
6.216280188004435	5.2253714	2.285907
6.233832828242885	5.269846	2.2956145
6.251385614890126	5.3185935	2.3062077
6.268938548361669	5.2673564	2.2950723
6.286491629073067	5.2290773	2.2867177
6.304044857439898	5.1917324	2.2785373
6.321598233877777	5.05495	2.2483215
6.339151758802344	5.0034065	2.2368295
6.356705432629277	4.978205	2.2311893
6.37425925577428	4.9650035	2.2282288
6.391813228653095	4.9832897	2.2323284
6.409367351681486	4.9928756	2.2344744
6.426921625275259	5.087995	2.2556584
6.44447604985025	5.164749	2.2726085
6.46203062582232	5.2103734	2.2826242
6.47958535360737	5.2363687	2.2883112
6.497140233621328	5.161973	2.2719977
6.514695266280161	5.1080832	2.2601068
6.532250451999859	5.055948	2.2485435
6.549805791196454	5.011263	2.238585
6.567361284286002	5.0072536	2.2376893
6.584916931684597	5.0226135	2.241119
6.602472733808367	5.0953674	2.257292
6.6200286910734665	5.148538	2.269039
6.637584803896092	5.15221	2.269848
6.655141072692462	5.1682124	2.2733703
6.672697497878842	5.118262	2.2623575
6.690254079871514	5.086508	2.2553287
6.707810819086808	5.094842	2.2571757
6.725367715941078	5.082395	2.2544167
6.742924770850719	5.0304275	2.2428615
6.760481984232151	5.0031033	2.2367618
6.778039356501836	4.9989696	2.2358375
6.795596888076266	4.9923687	2.234361
6.813154579371963	5.023269	2.241265
6.830712430805492	4.9882417	2.2334373
6.84827044279344	4.992566	2.234405
6.865828615752445	4.966706	2.2286108
6.883386950099159	5.021984	2.2409785
6.900945446250287	5.1016097	2.2586744
6.918504104622553	5.1277294	2.2644491
6.936062925632727	5.1755185	2.2749765
6.953621909697607	5.156007	2.2706842
6.971181057234028	5.208548	2.2822244
6.988740368658859	5.2165637	2.28398
7.006299844389007	5.2589016	2.2932296
7.023859484841407	5.280303	2.297891
7.041419290433036	5.3679976	2.316894
7.058979261580902	5.492822	2.343677
7.0765393987020495	5.698899	2.3872366
7.094099702213559	6.047726	2.4592125
7.111660172532549	6.4592247	2.5415006
7.129220810076164	6.8325295	2.6139107
7.146781615261595	7.4049478	2.7212033
7.16434258850606	7.6260405	2.7615287
7.181903730226821	8.024065	2.832678
7.1994650408411704	8.165618	2.8575544
7.217026520766437	8.298058	2.880635
7.234588170419983	8.540813	2.922467
7.252149990219215	8.523386	2.919484
7.269711980581568	8.511993	2.917532
7.2872741419245175	8.3191805	2.884299
7.304836474665574	8.015691	2.8311996
7.322398979222286	7.666939	2.7689238
7.339961656012233	7.375976	2.715875
7.357524505453039	7.0121646	2.648049
7.375087527962357	6.7090898	2.5901911
7.392650723957886	6.3685923	2.523607
7.410214093857353	5.975698	2.444524
7.427777638078528	5.748729	2.3976507
7.445341357039213	5.5252547	2.350586
7.4629052511572525	5.401689	2.3241534
7.480469320850524	5.32059	2.3066404
7.498033566536948	5.2790046	2.2976084
7.5155979886344735	5.257104	2.2928376
7.5331625875610975	5.265654	2.2947013
7.550727363734844	5.3035836	2.302951
7.568292317573788	5.2927923	2.300607
7.585857449496025	5.341909	2.311257
7.603422759919705	5.2851014	2.298935
7.620988249263007	5.2922373	2.3004863
7.638553917944147	5.2117863	2.2829337
7.656119766381391	5.207918	2.2820864
7.673685794993023	5.1973844	2.2797773
7.691252004197388	5.2190094	2.2845151
7.70881839441285	5.2726574	2.2962267
7.726384966057826	5.274812	2.296696
7.743951719550762	5.236473	2.2883341
7.761518655310149	5.2071924	2.2819273
7.779085773754511	5.2581587	2.2930675
7.796653075302419	5.316148	2.3056774
7.814220560372475	5.3662186	2.31651
7.831788229383323	5.382127	2.319941
7.8493560827536495	5.4134645	2.3266854
7.866924120902174	5.4058375	2.3250458
7.884492344247663	5.356609	2.314435
7.9020607532089135	5.318707	2.3062322
7.919629348204771	5.332213	2.3091586
7.937198129654115	5.4258547	2.3293464
7.954767097975865	5.429317	2.3300896
7.972336253588986	5.512725	2.3479192
7.989905596912472	5.488939	2.3428485
8.007475128365371	5.447994	2.3340938
8.025044848366756	5.440729	2.3325372
8.042614757335754	5.5327783	2.352186
8.060184855691523	5.6251707	2.3717442
8.07775514385327	5.778147	2.4037776
8.095325622240228	5.862818	2.4213257
8.112896291271687	5.944431	2.4381204
8.130467151366968	5.985556	2.4465396
8.148038202945436	6.006851	2.450888
8.165609446426497	6.025187	2.4546256
8.183180882229594	5.9997725	2.4494433
8.200752510774217	6.0248966	2.4545665
8.218324332479893	6.0844793	2.4666739
8.235896347766193	6.1204486	2.473954
8.253468557052724	6.0595913	2.4616237
8.27104096075914	6.031044	2.4558184
8.288613559305137	6.0580554	2.4613118
8.306186353110448	6.1568213	2.4812942
8.32375934259485	6.276317	2.5052578
8.341332528178162	6.293766	2.508738
8.358905910280246	6.288138	2.507616
8.376479489321003	6.2422204	2.4984436
8.394053265720377	6.262649	2.5025284
8.411627239898356	6.322082	2.514375
8.42920141227497	6.4029665	2.5304084
8.44677578327029	6.4290867	2.5355644
8.464350353304427	6.371337	2.5241508
8.48192512279754	6.3456745	2.5190623
8.499500092169827	6.2915745	2.508301
8.51707526184153	6.265746	2.5031471
8.534650632232934	6.293556	2.508696
8.552226203764365	6.232501	2.4964979
8.569801976856192	6.2309365	2.4961843
8.587377951928834	6.2563996	2.5012796
8.60495412940274	6.308088	2.5115907
8.622530509698416	6.3944926	2.5287335
8.6401070932364	6.486857	2.5469308
8.657683880437283	6.51777	2.5529923
8.675260871721695	6.7219014	2.592663
8.692838067510303	6.877026	2.6224084
8.710415468223834	7.104459	2.665419
8.727993074283043	7.264053	2.6951907
8.745570886108737	7.3067703	2.7031038
8.763148904121765	7.3211694	2.705766
8.78072712874302	7.307938	2.7033198
8.798305560393441	7.5090103	2.7402573
8.815884199494006	7.600154	2.7568376
8.833463046465745	7.771206	2.7876883
8.851042101729728	7.961608	2.8216321
8.86862136570707	8.310126	2.882729
8.886200838818924	8.545202	2.9232178
8.903780521486505	8.560885	2.925899
8.921360414131055	8.705953	2.9505851
8.938940517173874	8.914215	2.9856682
8.956520831036297	9.070265	3.011688
8.97410135613971	9.261633	3.043293
8.99168209290554	9.276909	3.0458019
9.009263041755265	9.49195	3.080901
9.026844203110405	9.723895	3.1183162
9.044425577392525	9.907578	3.1476307
9.062007165023239	9.984247	3.159786
9.079588966424197	10.209024	3.1951563
9.097170982017108	10.280068	3.2062545
9.11475321222372	11.375206	3.372715
9.132335657465825	12.369101	3.5169733
9.149918318165264	12.470998	3.53143
9.167501194743924	13.121694	3.622388
9.18508428762374	12.801618	3.5779347
9.202667597226693	12.777799	3.5746047
9.220251123974803	12.339531	3.5127668
9.237834868290143	12.071844	3.4744558
9.255418830594836	11.875957	3.446151
9.273003011311046	11.383649	3.3739665
9.290587410860985	11.056971	3.3252022
9.308172029666911	10.274437	3.2053761
9.32575686815113	9.974915	3.1583087
9.343341926735997	8.851938	2.9752207
9.360927205843916	8.71259	2.9517097
9.378512705897327	8.581364	2.9293964
9.396098427318728	8.2779455	2.877142
9.413684370530664	8.216646	2.8664694
9.431270535955722	8.096116	2.8453674
9.448856924016539	8.054676	2.838076
9.466443535135806	7.887312	2.808436
9.484030369736251	7.878236	2.8068194
9.501617428240658	7.8592715	2.8034391
9.519204711071852	7.875361	2.8063073
9.536792218652714	7.8930926	2.809465
9.55437995140617	7.8982244	2.810378
9.571967909755191	7.9445505	2.8186078
9.589556094122802	7.9669385	2.8225765
9.60714450493207	7.942587	2.8182595
9.624733142606116	7.9030824	2.811242
9.642322007568108	7.9914894	2.8269222
9.659911100241267	8.116779	2.8489962
9.677500421048851	8.168105	2.8579898
9.695089970414175	8.1953945	2.8627598
9.712679748760609	8.152708	2.8552947
9.730269756511557	8.170349	2.8583822
9.747859994090492	8.160827	2.8567162
9.765450461920915	8.27891	2.8773096
9.78304116042639	8.332781	2.8866556
9.800632090030527	8.366856	2.8925517
9.81822325115699	8.365742	2.8923593
9.835814644229481	8.293749	2.8798869
9.853406269671762	8.339373	2.887797
9.870998127907646	8.313959	2.8833938
9.888590219360985	8.385765	2.8958185
9.906182544455698	8.396464	2.8976653
9.923775103615734	8.416045	2.901042
9.941367897265108	8.337831	2.88753
9.958960925827878	8.349924	2.8896234
9.97655418972816	8.40014	2.8982995
9.994147689390106	8.441304	2.9053922
10.011741425237934	8.3746395	2.893897
10.029335397695904	8.347268	2.889164
10.04692960718833	8.458453	2.908342
10.06452405413958	8.513621	2.9178112
10.082118738974064	8.520271	2.9189503
10.099713662116246	8.38318	2.8953722
10.117308823990651	8.363057	2.891895
10.134904225021844	8.351802	2.8899484
10.152499865634445	8.305925	2.8820002
10.170095746253125	8.307944	2.8823504
10.18769186730261	8.311277	2.8829286
10.205288229207675	8.279199	2.8773596
10.222884832393145	8.169321	2.8582025
10.2404816772839	8.132273	2.851714
10.258078764304868	8.204886	2.8644173
10.275676093881035	8.273208	2.8763185
10.293273666437438	8.27307	2.8762946
10.310871482399158	8.2564535	2.8734045
10.32846954219134	8.239325	2.8704224
10.346067846239173	8.2237625	2.8677104
10.363666394967908	8.186109	2.8611376
10.38126518880283	8.088769	2.8440762
10.398864228169298	8.139957	2.853061
10.416463513492713	8.152099	2.8551881
10.434063045198531	8.211304	2.8655372
10.451662823712262	8.25984	2.8739936
10.469262849459467	8.351248	2.8898525
10.486863122865758	8.257406	2.8735702
10.504463644356806	8.195602	2.8627963
10.522064414358338	8.108331	2.847513
10.539665433296118	8.052519	2.837696
10.557266701595987	8.021244	2.83218
10.574868219683818	7.919569	2.814173
10.592469987985552	7.791502	2.7913263
10.610072006927185	7.702199	2.7752836
10.627674276934751	7.622444	2.7608774
10.64527679843435	7.5082283	2.7401147
10.662879571852143	7.4269214	2.7252378
10.680482597614331	7.2959175	2.7010956
10.698085876147173	7.146109	2.6732206
10.715689407876988	7.0010214	2.6459444
10.733293193230146	6.8858566	2.6240916
10.750897232633072	6.7337985	2.5949564
10.76850152651225	6.6282988	2.5745482
10.786106075294207	6.48793	2.5471416
10.803710879405534	6.4142747	2.532642
10.821315939272877	6.401484	2.5301154
10.83892125532294	6.409131	2.5316262
10.856526827982472	6.3931556	2.528469
10.874132657678285	6.3543987	2.5207932
10.891738744837243	6.323911	2.5147388
10.909345089886271	6.265625	2.503123
10.926951693252343	6.1709647	2.4841425
10.944558555362494	6.0696554	2.4636672
10.96216567664381	6.0032883	2.450161
10.979773057523436	5.9994164	2.4493706
10.997380698428573	5.925827	2.434302
11.014988599786477	5.798901	2.4080908
11.032596762024461	5.678933	2.3830512
11.050205185569892	5.6339617	2.3735967
11.067813870850198	5.61752	2.3701308
11.085422818292859	5.5505114	2.3559523
11.10303202832541	5.480429	2.3410316
11.120641501375454	5.435359	2.3313856
11.138251237870636	5.422927	2.328718
11.155861238238671	5.399059	2.3235874
11.173471502907317	5.3274775	2.308133
11.191082032304402	5.243897	2.2899556
11.208692826857805	5.1516514	2.2697248
11.226303886995465	5.156766	2.2708514
11.243915213145371	5.1197934	2.262696
11.261526805735578	5.04534	2.2461834
11.279138665194196	4.932297	2.2208776
11.296750791949393	4.871726	2.2071986
11.314363186429393	4.849333	2.20212
11.331975849062479	4.858558	2.2042136
11.34958878027699	4.8280005	2.197271
11.36720198050133	4.775029	2.185184
11.384815450163948	4.6773834	2.162726
11.402429189693366	4.601895	2.1452026
11.420043199518153	4.589541	2.1423213
11.437657480066942	63.505424	7.969029
11.455272031768422	85.173836	9.228968
11.472886855051353	107.52221	10.369291
11.490501950344528	99.18793	9.959313
11.508117318076819	84.58378	9.196944
11.52573295867715	45.9635	6.779639
11.543348872574514	4.2227826	2.054941
11.560965060197946	4.1242723	2.0308304
11.57858152197655	4.136826	2.0339189
11.59619825833949	4.11661	2.028943
11.613815269715985	4.1055336	2.0262117
11.631432556535323	38.57826	6.2111397
11.649050119226837	83.066315	9.114073
11.666667958219929	93.43852	9.66636
11.68428607394406	107.70714	10.378205
11.701904466828756	82.52518	9.084337
11.719523137303586	65.369804	8.085159
11.737142085798196	4.5831895	2.1408384
11.754761312742286	3.7090638	1.925893
11.772380818565619	3.6920009	1.921458
11.790000603698015	3.6948798	1.922207
11.80762066856935	3.6590571	1.9128662
11.825241013609572	3.6278296	1.9046862
11.842861639248683	3.6126866	1.9007069
11.860482545916748	3.5711126	1.8897388
11.878103734043883	3.5421357	1.8820562
11.895725204060282	3.4646783	1.8613646
11.91334695639619	3.4331372	1.8528727
11.930968991481919	3.440346	1.8548169
11.948591309747824	3.417731	1.8487107
11.966213911624347	3.3964863	1.8429558
11.98383679754198	3.3335557	1.8258028
12.001459967931268	3.3366005	1.8266364
12.019083423222835	3.345477	1.8290645
12.036707163847352	3.3384817	1.8271513
12.05433119023556	3.3013928	1.8169736
12.071955502818259	3.2972045	1.8158206
12.089580102026313	3.2710047	1.808592
12.107204988290643	3.2283764	1.7967683
12.12483016204224	3.1860929	1.784963
12.142455623712152	3.1515	1.7752465
12.16008137373149	3.1281881	1.7686684
12.177707412531431	3.1137116	1.7645712
12.19533374054321	3.1573799	1.7769017
12.212960358198126	3.144714	1.7733341
12.230587265927545	3.100213	1.7607422
12.248214464162889	3.0379646	1.7429758
12.265841953335649	3.024902	1.7392246
12.283469733877375	3.0514255	1.746833
12.301097806219685	3.0514352	1.7468358
12.31872617079425	3.0407426	1.7437725
12.336354828032825	3.0095656	1.73481
12.353983778367205	2.9703693	1.7234759
12.371613022229262	2.946871	1.7166452
12.389242560050928	2.9320045	1.7123097
12.406872392264201	2.9303477	1.7118258
12.424502519301143	2.9382153	1.7141223
12.442132941593874	2.9343472	1.7129936
12.459763659574586	2.8991888	1.7027004
12.477394673675532	2.8750806	1.6956062
12.49502598432903	2.8450325	1.6867224
12.51265759196746	2.8458834	1.6869746
12.530289497023267	2.81694	1.6783743
12.547921699928967	2.8379645	1.684626
12.565554201117134	2.8550396	1.6896863
12.583187001020404	2.8695295	1.6939685
12.600820100071486	2.870996	1.6944014
12.618453498703152	2.8521123	1.6888198
12.636087197348235	2.8429675	1.6861101
12.65372119643964	2.822919	1.6801544
12.671355496410326	2.8180332	1.6786999
12.68899009769333	2.8502429	1.6882663
12.706625000721749	2.8975155	1.702209
12.724260205928752	2.9441495	1.7158524
12.741895713747551	2.9520226	1.7181451
12.759531524611454	3.0103986	1.7350501
12.777167638953818	3.018787	1.7374656
12.794804057208072	3.0582016	1.7487714
12.812440779807702	3.0618863	1.7498246
12.830077807186271	3.2410748	1.8002986
12.847715139777405	3.2458398	1.8016214
12.865352778014795	3.4920454	1.8687016
12.882990722332197	3.5971851	1.8966247
12.90062897316344	3.691266	1.9212668
12.918267530942412	3.7940755	1.9478387
12.935906396103071	3.697312	1.9228396
12.953545569079449	3.855111	1.9634436
12.971185050305628	3.6892004	1.9207292
12.988824840215775	3.6998968	1.9235116
13.006464939244115	3.6868677	1.9201218
13.024105347824943	3.5206146	1.8763301
13.041746066392617	3.5982094	1.8968947
13.05938709538157	3.4014966	1.8443147
13.077028435226296	3.4237435	1.8503361
13.094670086361363	3.3306468	1.825006
13.112312049221401	3.193933	1.7871578
13.129954324241112	3.0584998	1.7488567
13.147596911855258	2.8637702	1.6922678
13.165239812498685	2.897943	1.7023345
13.182883026606293	2.8448052	1.686655
13.200526554613058	2.8056946	1.6750208
13.218170396954017	2.7760005	1.6661334
13.235814554064284	2.7787354	1.6669539
13.253459026379034	2.7856717	1.6690332
13.271103814333523	2.7392342	1.6550632
13.288748918363058	2.747896	1.6576779
13.306394338903031	2.7496061	1.6581936
13.32404007638889	2.7410684	1.6556172
13.341686131256164	2.7415473	1.6557618
13.359332503940449	2.7005923	1.6433479
13.376979194877402	2.6812036	1.6374382
13.394626204502751	2.71298	1.6471126
13.412273533252307	2.7761414	1.6661757
13.429921181561937	2.7558358	1.660071
13.447569149867581	2.7496994	1.6582217
13.465217438605247	2.75218	1.6589696
13.482866048211022	2.7731862	1.6652886
13.500514979121052	2.770622	1.6645186
13.518164231771568	2.6922529	1.6408086
13.535813806598844	2.6929264	1.6410139
13.553463704039254	2.7076414	1.6454912
13.571113924529229	2.7162428	1.6481028
13.588764468505275	2.6909554	1.6404132
13.606415336403956	2.706559	1.6451623
13.624066528661917	2.775561	1.6660016
13.641718045715882	2.84724	1.6873766
13.659369888002635	2.9128046	1.706694
13.67702205595903	2.9989107	1.7317363
13.694674550021993	3.0961533	1.759589
13.712327370628532	3.1660905	1.7793511
13.729980518215713	3.2020452	1.789426
13.747633993220681	3.2499835	1.8027711
13.765287796080647	3.2857807	1.8126723
13.7829419272329	3.3342493	1.8259927
13.800596387114801	3.3769588	1.8376504
13.818251176163775	3.3621137	1.8336067
13.835906294817324	3.3871408	1.8404186
13.853561743513023	3.4105458	1.8467664
13.871217522688525	3.488314	1.8677028
13.888873632781538	3.5596354	1.8866996
13.906530074229858	3.5773213	1.8913808
13.92418684747135	3.554397	1.8853109
13.941843952943948	3.5214944	1.8765645
13.959501391085665	3.487604	1.8675127
13.977159162334578	3.4276085	1.8513801
13.994817267128846	3.3914356	1.841585
14.012475705906693	3.2810133	1.8113568
14.030134479106424	3.2132354	1.79255
14.047793587166414	3.105344	1.7621987
14.065453030525108	3.084538	1.7562853
14.083112809621026	3.0591967	1.749056
14.100772924892766	3.029437	1.7405279
14.118433376778997	2.9616117	1.7209334
14.136094165718458	2.8793669	1.6968697
14.153755292149969	2.8134005	1.6773194
14.171416756512416	2.7534778	1.6593606
14.189078559244768	2.6937828	1.6412748
14.20674070078606	2.6298857	1.6216922
14.224403181575408	2.542509	1.5945247
14.242066002051999	2.5023491	1.5818815
14.259729162655093	2.4731948	1.5726395
14.277392663824022	2.433162	1.5598596
14.295056505998208	2.430721	1.559077
14.312720689617128	2.3928626	1.546888
14.330385215120348	2.3629286	1.5371821
14.348050082947497	2.3351116	1.5281072
14.3657152935383	2.383795	1.5439544
14.383380847332528	2.4243624	1.5570364
14.401046744770051	2.447266	1.564374
14.418712986290798	2.4025443	1.5500143
14.436379572334793	2.390791	1.5462183
14.454046503342123	2.3929908	1.5469295
14.471713779752946	2.4370382	1.5611016
14.489381402007504	2.4348483	1.5604
14.507049370546113	2.4070573	1.5514694
14.524717685809168	2.4060872	1.5511568
14.542386348237134	2.4549494	1.5668278
14.560055358270553	2.5060806	1.5830605
14.577724716350051	2.5239067	1.5886809
14.595394422916325	2.4995072	1.5809829
14.61306447841015	2.4908273	1.5782355
14.63073488327237	2.4883857	1.5774618
14.648405637943917	2.5006368	1.5813402
14.6660767428658	2.5024529	1.5819143
14.683748198479094	2.5235949	1.5885826
14.701420005224954	2.5484135	1.5963751
14.719092163544628	2.663366	1.6319822
14.73676467387942	2.73041	1.6523952
14.754437536670727	2.7418547	1.6558547
14.772110752360014	2.7047687	1.644618
14.78978432138882	2.7344918	1.6536299
14.807458244198777	2.7525885	1.6590927
14.82513252123159	2.7305384	1.6524341
14.842807152929028	2.7304957	1.6524211
14.860482139732962	2.7011762	1.6435255
14.87815748208531	2.664936	1.6324632
14.8958331804281	2.6654124	1.6326091
14.91350923520342	2.6566854	1.6299342
14.931185646853438	2.7117252	1.6467317
14.948862415820408	2.7298803	1.6522349
14.966539542546656	2.706567	1.6451647
14.98421702747459	2.651624	1.6283808
15.001894871046696	2.6178932	1.6179905
15.019573073705542	2.6062524	1.6143892
15.037251635893766	2.6193733	1.6184478
15.054930558054092	2.6697788	1.6339458
15.072609840629323	2.7401617	1.6553434
15.090289484062351	2.866705	1.6931347
15.107969488796124	3.1446168	1.7733067
15.125649855273691	3.5111144	1.8737968
15.14333058393817	3.9978423	1.9994605
15.161011675232768	4.9662595	2.2285106
15.17869312960076	6.3554463	2.521001
15.196374947485506	8.283688	2.8781395
15.214057129330447	11.492087	3.3899982
15.231739675579114	16.404371	4.050231
15.249422586675102	21.47376	4.633979
15.267105863062092	24.680899	4.9679875
15.284789505183847	24.857769	4.9857564
15.302473513484218	22.763182	4.7710776
15.320157888407127	19.154028	4.3765316
15.337842630396578	14.89986	3.8600338
15.355527739896656	11.620799	3.4089293
15.37321321735153	9.011632	3.001938
15.39089906320545	6.569359	2.563076
15.408585277902748	4.917119	2.2174578
15.42627186188783	3.7882094	1.9463323
15.443958815605198	3.2740176	1.8094246
15.461646139499424	2.99708	1.7312077
15.479333834015168	2.842361	1.6859303
15.497021899597165	2.763222	1.6622941
15.514710336690234	2.7018294	1.6437242
15.53239914573928	2.6665494	1.6329572
15.550088327189297	2.5988376	1.6120911
15.567777881485336	2.5621917	1.6006848
15.58546780907256	2.543918	1.5949664
15.6031581103962	2.537747	1.5930307
15.620848785901568	2.5008588	1.5814104
15.638539836034063	2.480713	1.575028
15.656231261239173	2.4532585	1.5662881
15.673923061962451	2.475272	1.5732996
15.691615238649552	2.472834	1.5725248
15.709307791746202	2.451577	1.5657512
15.727000721698221	2.414458	1.5538527
15.744694028951498	2.404767	1.5507312
15.76238771395202	2.394644	1.5474638
15.780081777145844	2.3712442	1.5398844
15.797776218979125	2.3409872	1.5300285
15.815471039898094	2.38272	1.5436062
15.833166240349064	2.4490044	1.5649295
15.850861820778437	2.45171	1.5657938
15.868557781632699	2.4590688	1.5681418
15.886254123358412	2.4311836	1.5592253
15.903950846402232	2.4512746	1.5656548
15.921647951210897	2.4027712	1.5500875
15.939345438231225	2.4022856	1.5499308
15.957043307910133	2.3971605	1.5482767
15.974741560694602	2.4489574	1.5649145
15.992440197031714	2.4693184	1.5714065
16.01013921736862	2.4991343	1.580865
16.02783862215259	2.466297	1.5704448
16.045538411830933	2.397584	1.5484134
16.06323858685107	2.3804815	1.5428809
16.080939147660512	2.4144075	1.5538363
16.09864009470684	2.4332297	1.5598813
16.11634142843774	2.416854	1.5546234
16.134043149300954	2.4064915	1.551287
16.15174525774433	2.4067442	1.5513685
16.169447754215817	2.4137778	1.5536338
16.18715063916342	2.4456909	1.5638704
16.204853913035244	2.4826164	1.5756321
16.222557576279478	2.4931595	1.5789742
16.240261629344403	22.483244	4.74165
16.257966072678386	43.017185	6.5587487
16.275670906729868	38.115505	6.1737757
16.293376131947387	2.5256515	1.5892298
16.31108174877957	2.5629704	1.600928
16.328787757675133	2.5704806	1.6032718
16.34649415908287	2.564416	1.6013794
16.364200953451657	2.6135077	1.6166347
16.38190814123048	2.6473927	1.627081
16.39961572286839	2.6823847	1.6377988
16.41732369881455	2.6965132	1.6421063
16.43503206951817	2.7605937	1.6615034
16.45274083542859	2.8363795	1.6841555
16.47044999699522	2.8812187	1.6974152
16.488159554667558	2.8868268	1.6990664
16.505869508895184	2.9052792	1.7044879
16.523579860127786	2.949067	1.7172848
16.541290608815117	3.0158918	1.7366323
16.559001755407035	3.116883	1.7654697
16.57671330035348	3.1688898	1.7801375
16.59442524410448	3.1801763	1.7833048
16.61213758711015	3.1987731	1.7885114
16.629850329820705	3.2561297	1.804475
16.647563472686436	3.3306582	1.8250091
16.665277016157724	3.410577	1.8467748
16.682990960685053	3.4562113	1.8590889
16.70070530671898	3.4872327	1.8674134
16.718420054710155	3.5027568	1.8715653
16.736135205109335	3.568952	1.8891671
16.753850758367335	3.6220403	1.9031658
16.771566714935087	3.6900284	1.9209447
16.789283075263597	3.7274432	1.9306587
16.80699983980398	3.776192	1.9432427
16.82471700900741	3.8698297	1.9671882
16.84243458332518	3.9754877	1.9938625
16.860152563208665	4.049422	2.0123174
16.87787094910932	4.0702753	2.0174923
16.89558974147871	4.1382804	2.0342765
16.913308940768466	4.170716	2.042233
16.931028547430333	4.2514486	2.0619042
16.94874856191613	4.299518	2.073528
16.966468984677785	4.375595	2.0917923
16.98418981616729	4.481111	2.1168635
17.00191105683676	4.5901957	2.1424742
17.019632707138374	4.626861	2.1510139
17.03735476752442	4.623496	2.1502316
17.05507723844728	4.612463	2.1476645
17.072800120359403	4.618836	2.1491477
17.090523413713353	4.6895933	2.165547
17.108247118961785	4.744627	2.1782165
17.125971236557437	4.7778587	2.1858313
17.143695766953133	4.7436624	2.177995
17.161420710601806	4.672273	2.161544
17.179146067956477	4.6745944	2.162081
17.19687183947025	4.6978116	2.1674435
17.21459802559634	4.701992	2.1684077
17.232324626788028	4.726995	2.1741652
17.25005164349871	4.712772	2.170892
17.267779076181863	4.7107124	2.1704175
17.285506925291074	4.6962714	2.1670883
17.30323519127999	4.6949153	2.1667752
17.320963874602384	4.612401	2.14765
17.33869297571211	4.5316	2.1287556
17.356422495063114	4.532953	2.1290731
17.37415243310944	4.5889688	2.1421878
17.391882790305218	4.5868535	2.141694
17.40961356710468	4.5807767	2.140275
17.42734476396215	4.5440483	2.1316774
17.445076381332044	4.567543	2.137181
17.462808419668868	4.5909076	2.1426404
17.48054087942723	4.7521257	2.1799371
17.498273761061835	5.0455585	2.246232
17.51600706502747	5.5351605	2.3526921
17.533740791779024	6.281432	2.5062785
17.551474941771485	7.78932	2.7909353
17.56920951545993	8.921545	2.9868956
17.586944513299528	11.098921	3.3315043
17.60467993574556	12.762299	3.5724359
17.622415783253373	14.497584	3.8075693
17.64015205627843	15.817559	3.9771295
17.657888755276293	16.879889	4.1085143
17.675625880702604	17.47485	4.180293
17.69336343301311	17.375513	4.1683946
17.71110141266366	16.553455	4.068594
17.728839820110178	15.479697	3.9344246
17.746578655808705	14.479252	3.8051612
17.764317920215372	12.996491	3.6050646
17.7820576137864	11.4504385	3.3838496
17.79979773697811	9.394325	3.0650163
17.81753829024692	7.421333	2.7242124
17.835279274049356	5.7923865	2.4067378
17.85302068884201	4.8532224	2.203003
17.870762535081607	4.2714376	2.0667458
17.888504813224934	3.9610522	1.9902393
17.90624752372891	3.762332	1.9396732
17.923990667050536	3.6445055	1.9090588
17.941734243646895	3.5586064	1.8864269
17.959478253975185	3.48096	1.865733
17.9772226984927	3.432264	1.852637
17.994967577656833	3.4687288	1.8624524
18.01271289192506	3.5144067	1.874675
18.030458641754965	3.5243878	1.8773353
18.04820482760425	3.449456	1.8572711
18.06595144993067	3.4079869	1.8460734
18.083698509192125	3.3821745	1.8390689
18.101446005846576	3.3303118	1.8249142
18.119193940352105	3.2792346	1.8108658
18.136942313166887	3.233642	1.798233
18.1546911247492	3.2236254	1.7954458
18.1724403755574	3.1922765	1.7866943
18.19019006604997	3.1678667	1.7798502
18.207940196685467	3.1417575	1.7725004
18.225690767922575	3.1494985	1.7746826
18.243441780220046	3.1362815	1.770955
18.261193234036764	3.094888	1.7592294
18.278945129831676	3.0543463	1.7476689
18.29669746806386	3.0573053	1.7485151
18.314450249192483	3.0739918	1.7532803
18.3322034736768	3.0942085	1.7590362
18.349957141976184	3.0757196	1.753773
18.3677112545501	3.1004045	1.7607965
18.385465811858108	3.1408904	1.7722558
18.403220814359884	3.145041	1.7734263
18.420976262515172	3.1287236	1.7688198
18.43873215678387	3.1583426	1.7771727
18.456488497625923	3.1911416	1.7863767
18.474245285501407	3.318952	1.8217992
18.492002520870486	3.3835697	1.8394482
18.50976020419343	3.4523385	1.8580469
18.527518335930615	3.749302	1.9363114
18.545276916542516	4.326166	2.079944
18.563035946489688	4.4758897	2.11563
18.580795426232832	4.9527626	2.2254803
18.598555356232698	4.8676233	2.206269
18.616315736950185	5.1956906	2.2794058
18.63407656884626	4.7895412	2.188502
18.65183785238201	5.036032	2.2441106
18.669599588018617	4.815854	2.1945055
18.68736177621737	4.787803	2.1881049
18.705124417439652	4.728561	2.1745255
18.72288751214696	4.5773053	2.139464
18.740651060800886	4.7611847	2.182014
18.758415063863115	4.424936	2.103553
18.77617952179546	4.5724726	2.138334
18.793944435059814	4.266033	2.0654378
18.811709804118184	4.3100553	2.0760672
18.829475629432675	4.246379	2.0606744
18.8472419114655	4.033216	2.0082867
18.86500865067897	4.113671	2.0282187
18.88277584753551	3.803592	1.95028
18.90054350249763	3.8127031	1.9526144
18.918311616027957	3.4876297	1.8675196
18.936080188589226	3.3943229	1.8423688
18.953849220644265	3.0985932	1.7602822
18.971618712656007	2.9385493	1.7142197
18.9893886650875	2.846855	1.6872625
19.007159078401887	8.005786	2.8294497
19.024929953062408	32.89002	5.734982
19.042701289532435	32.848156	5.731331
19.060473088275405	25.391617	5.0390096
19.07824534975489	2.644386	1.6261568
19.096018074434568	2.626378	1.6206104
19.113791262778197	2.6145654	1.6169617
19.13156491524966	2.6211975	1.6190113
19.149339032312945	2.5686212	1.6026919
19.167113614432136	2.5784478	1.6057546
19.184888662071433	2.5639946	1.6012478
19.202664175695123	2.5490792	1.5965836
19.220440155767623	2.491772	1.5785347
19.238216602753447	2.5005178	1.5813025
19.2559935171172	2.5204883	1.5876045
19.27377089932361	2.559617	1.5998803
19.291548749837514	2.560865	1.6002703
19.309327069123835	2.5415325	1.5942185
19.32710585764763	2.4886167	1.577535
19.344885115874032	2.4810967	1.5751498
19.362664844268313	2.5048814	1.5826817
19.380445043295822	2.548766	1.5964855
19.39822571342203	2.5690129	1.6028141
19.41600685511252	2.5708537	1.6033882
19.43378846883297	2.5442533	1.5950716
19.451570555049173	2.5103598	1.5844115
19.469353114227037	2.491723	1.5785192
19.48713614683254	2.489276	1.5777439
19.50491965333182	2.5089457	1.5839652
19.52270363419109	2.5739272	1.6043464
19.540488089876686	2.5940568	1.6106076
19.55827302085503	2.5803204	1.6063375
19.576058427592674	2.525769	1.5892668
19.593844310556282	2.5133698	1.5853611
19.611630670212598	2.5204258	1.5875849
19.629417507028506	2.5280662	1.5899893
19.64720482147098	2.5262713	1.5894248
19.6649926140071	2.4905486	1.5781472
19.682780885104084	2.4464724	1.5641203
19.70056963522921	2.4452727	1.5637368
19.718358864849908	2.461325	1.568861
19.7361485744337	2.5112512	1.5846928
19.753938764448215	2.5312312	1.5909843
19.771729435361202	2.5141509	1.5856074
19.789520587640506	2.519566	1.5873141
19.807312221754092	2.5434434	1.5948176
19.825104338170043	2.5337412	1.591773
19.842896937356517	2.497764	1.5804316
19.860690019781824	2.5158544	1.5861444
19.87848358591436	2.5392044	1.5934881
19.896277636222635	2.5453649	1.59542
19.914072171175278	2.5633824	1.6010567
19.931867191241015	2.5426981	1.594584
19.94966269688869	2.5109115	1.5845855
19.967458688587264	2.5076973	1.5835711
19.985255166805807	2.5395308	1.5935905
20.00305213201348	2.5360515	1.5924985
20.020849584679578	2.51988	1.587413
20.038647525273507	2.5194857	1.5872887
20.05644595426477	2.5123599	1.5850426
20.07424487212299	2.5081317	1.5837082
20.092044279317903	2.5065012	1.5831933
20.109844176319353	2.5379987	1.5931097
20.127644563597304	2.5398667	1.5936959
20.145445441621817	2.515764	1.586116
20.16324681086307	2.4481585	1.5646592
20.181048671791373	2.4356575	1.5606593
20.198851024877122	2.4144657	1.5538551
20.216653870590836	2.4100862	1.5524452
20.234457209403146	2.434201	1.5601926
20.252261041784802	2.445367	1.563767
20.270065368206662	2.4507768	1.5654957
20.287870189139685	2.415469	1.5541779
20.305675505054968	2.4144866	1.5538619
20.323481316423702	2.4039085	1.5504543
20.341287623717207	2.3923454	1.5467209
20.359094427406884	2.3698447	1.53943
20.376901727964288	2.3688786	1.5391161
20.39470952586107	2.3872721	1.54508
20.41251782156899	2.366275	1.5382701
20.430326615559935	2.3605146	1.5363966
20.448135908305886	2.3580174	1.5355837
20.465945700278965	2.3444054	1.5311451
20.483755991951384	2.333932	1.5277212
20.50156678379548	2.3399997	1.5297058
20.519378076283708	2.3871253	1.5450325
20.537189869888635	2.404291	1.5505776
20.55500216508294	2.405812	1.5510681
20.572814962339415	2.3885508	1.5454937
20.59062826213098	2.3823683	1.5434922
20.60844206493066	2.3680627	1.5388511
20.626256371211593	2.3497207	1.5328798
20.644071181447032	2.3367393	1.5286397
20.66188649611036	2.3659256	1.5381565
20.67970231567506	2.3872657	1.5450779
20.697518640614742	2.3940725	1.5472791
20.715335471403122	2.3780947	1.5421072
20.73315280851404	2.3350008	1.5280709
20.750970652421447	2.3278627	1.5257335
20.768789003599412	2.3446631	1.5312293
20.786607862522136	2.3280249	1.5257866
20.8044272296639	2.2958398	1.5152029
20.82224710549913	2.3194242	1.5229656
20.84006749050237	2.3636873	1.5374287
20.857888385148268	3.953065	1.9882317
20.8757097899116	46.02678	6.7843037
20.893531705267254	64.83264	8.051872
20.911354131690224	83.83783	9.1563
20.92917706965566	69.09772	8.312504
20.94700051963877	50.17682	7.08356
20.96482448211493	29.425129	5.4244933
20.982648957559622	4.1608806	2.0398238
21.00047394644843	2.2839034	1.5112588
21.01829944925707	2.272627	1.5075235
21.036125466461375	2.2859335	1.5119303
21.053951998537297	2.2841477	1.5113397
21.071779045960906	2.2834764	1.5111176
21.089606609208378	2.2563374	1.502111
21.10743468875603	2.2570403	1.502345
21.12526328508028	2.275709	1.5085453
21.143092398657675	2.2609591	1.5036486
21.16092202996488	2.245337	1.4984449
21.17875217947867	2.2361517	1.4953768
21.19658284767596	2.2204978	1.4901335
21.21441403503377	2.1856475	1.4783936
21.232245742029225	2.1696427	1.4729707
21.2500779691396	2.1766825	1.4753584
21.26791071684227	2.2116663	1.4871672
21.28574398561475	2.242092	1.4973617
21.30357777593465	2.2477927	1.499264
21.321412088279704	2.2105417	1.4867891
21.339246923127792	2.173044	1.4741248
21.357082280956888	2.16214	1.4704217
21.3749181622451	2.1989105	1.4828724
21.392754567470647	2.209628	1.4864818
21.41059149711187	2.1666949	1.4719697
21.42842895164726	2.1514788	1.466792
21.446266931555378	2.154835	1.4679356
21.464105437314945	2.186676	1.4787414
21.481944469404798	2.1804602	1.4766382
21.49978402830388	2.1642606	1.4711426
21.51762411449127	2.1182425	1.4554183
21.53546472844617	2.0804193	1.4423659
21.553305870647876	2.0827112	1.4431602
21.571147541575865	2.1021016	1.4498626
21.58898974170967	2.1360905	1.461537
21.60683247152899	2.1396804	1.4627646
21.62467573151363	2.1511023	1.4666637
21.642519522143523	2.1365156	1.4616824
21.660363843898722	2.0906613	1.4459119
21.6782086972594	2.0842757	1.4437021
21.696054082705864	2.113172	1.4536754
21.713900000718535	2.1073463	1.4516702
21.73174645177795	2.0872545	1.4447334
21.749593436364794	2.0543418	1.4332975
21.767440954959845	2.0523424	1.4325999
21.785289008044032	2.0464222	1.4305321
21.803137596098388	2.026035	1.4233886
21.820986719604086	2.003185	1.4153392
21.838836379042412	2.042325	1.4290993
21.85668657489478	2.0368562	1.4271847
21.87453730764273	2.0504158	1.4319273
21.892388577767914	2.0462	1.4304545
21.91024038575213	2.0518553	1.4324299
21.928092732077285	2.045968	1.4303734
21.945945617225426	2.0588033	1.4348531
21.963799041678694	2.054469	1.433342
21.981653005919398	31.375193	5.6013565
21.999507510429943	78.14226	8.839811
22.01736255569286	73.09603	8.549622
22.035218142190818	4.190611	2.0470982
22.05307427040661	2.0095453	1.4175843
22.07093094082315	1.9921615	1.4114395
22.088788153923474	1.988274	1.4100617
22.106645910190746	2.018685	1.4208044
22.12450421010827	2.083491	1.4434303
22.142363054159464	2.0864806	1.4444655
22.16022244282787	2.041433	1.4287872
22.178082376597164	1.9770675	1.4060823
22.195942855951145	1.9493017	1.396174
22.213803881373742	1.9615889	1.4005673
22.231665453349002	1.9883097	1.4100744
22.24952757236111	2.0189652	1.420903
22.26739023889438	2.0178962	1.4205267
22.28525345343323	2.0049899	1.4159766
22.30311721646225	2.010162	1.4178019
22.320981528466113	1.9842285	1.4086264
22.33884638992964	1.9778919	1.4063754
22.356711801337788	1.9807726	1.4073993
22.37457776317561	1.986479	1.409425
22.392444275928337	1.9888158	1.4102538
22.410311340081282	2.0018008	1.4148501
22.428178956119904	2.0139847	1.4191493
22.446047124529805	2.001058	1.4145876
22.46391584579669	1.9839935	1.4085431
22.481785120406414	1.9865822	1.4094616
22.49965494884496	1.9889032	1.4102848
22.51752533159841	1.9916291	1.411251
22.53539626915302	1.9972938	1.4132564
22.553267761995137	1.9847907	1.408826
22.571139810611264	1.9447844	1.3945552
22.589012415488025	1.9070135	1.3809466
22.60688557711216	1.9306536	1.3894796
22.624759295970566	1.9809932	1.4074776
22.642633572550263	1.984829	1.4088396
22.660508407338362	1.9621767	1.4007772
22.67838380082217	1.9419061	1.3935229
22.696259753489077	1.9453667	1.3947641
22.714136265826614	1.9441295	1.3943205
22.73201333832246	1.9565924	1.3987825
22.74989097146439	1.9411346	1.393246
22.76776916574035	1.9351703	1.391104
22.785647921638393	1.9533256	1.3976142
22.803527239646712	1.994668	1.4123272
22.82140712025363	1.9609333	1.4003333
22.839287563947593	1.895453	1.3767545
22.85716857121719	1.8955734	1.3767983
22.875050142551135	1.9472926	1.3954543
22.892932278438277	1.9699831	1.4035609
22.910814979367604	1.9353459	1.391167
22.928698245828222	1.8990635	1.3780651
22.946582078309387	1.9383099	1.392232
22.96446647730047	1.9286783	1.3887687
22.98235144329098	1.9502176	1.3965019
23.000236976770562	1.9206765	1.3858848
23.018123078229	1.9358224	1.3913383
23.03600974815619	1.9354882	1.3912183
23.053896987042194	1.9684547	1.4030163
23.071784795377173	1.9678218	1.4027908
23.08967317365145	1.9726539	1.4045119
23.10756212235546	1.9245573	1.3872842
23.125451641979787	1.8909633	1.375123
23.143341733015134	1.9037538	1.3797659
23.161232395952357	1.950792	1.3967075
23.179123631282426	1.9334463	1.3904842
23.197015439496468	1.9194983	1.3854597
23.214907821085717	1.9163442	1.3843209
23.23280077654157	1.9698409	1.4035102
23.250694306355538	2.0023932	1.4150594
23.268588411019277	2.0008087	1.4144994
23.28648309102458	1.9752609	1.4054397
23.304378346863356	1.9493346	1.3961858
23.322274179027676	1.9555784	1.39842
23.340170588009723	1.9480426	1.395723
23.358067574301852	1.9313191	1.3897191
23.37596513839651	1.9121513	1.3828056
23.39386328078629	1.9373189	1.3918761
23.411762001963947	1.9629189	1.4010421
23.429661302422353	1.9506962	1.3966733
23.4475611826545	1.9458631	1.3949419
23.46546164315356	1.9550474	1.3982301
23.48336268441279	1.952896	1.3974606
23.501264306925638	1.923531	1.3869143
23.51916651118564	1.9272314	1.3882476
23.537069297686497	1.9435818	1.394124
23.554972666922037	1.9315546	1.3898038
23.57287661938623	1.9245224	1.3872715
23.59078115557318	1.909353	1.3817934
23.608686275977128	1.9483376	1.3958286
23.62659198109246	2.0068219	1.4166234
23.6444982714137	2.0361564	1.4269395
23.66240514743549	2.0273454	1.4238487
23.68031260965263	2.014644	1.4193815
23.698220658560068	1.9971999	1.4132233
23.716129294652845	1.9875288	1.4097974
23.7340385184262	1.9184442	1.3850791
23.75194833037546	1.9331185	1.3903663
23.769858730996123	1.9458908	1.3949519
23.78776972078382	1.959721	1.3999003
23.80568130023431	1.9477912	1.3956329
23.823593469843495	1.9597545	1.3999124
23.841506230107424	1.9624199	1.400864
23.859419581522275	1.9692975	1.4033166
23.87733352458438	1.9643149	1.4015402
23.89524805979019	1.9520109	1.3971438
23.913163187636318	1.9276845	1.3884108
23.931078908619508	1.9878922	1.4099263
23.948995223236633	2.0155425	1.419698
23.966912131984735	2.0241847	1.4227384
23.98482963536096	2.0419118	1.4289548
24.002747733862616	2.0561984	1.4339451
24.020666427987155	2.0865748	1.4444981
24.038585718232156	2.113716	1.4538624
24.056505605095353	2.1313684	1.4599206
24.074426089074617	2.132937	1.4604578
24.092347170667946	2.073511	1.4399691
24.110268850373515	2.0346992	1.4264288
24.128191128689586	2.0477326	1.4309901
24.146114006114626	2.0715837	1.4392997
24.164037483147187	2.12343	1.4571993
24.181961560286005	2.120189	1.4560869
24.199886238029926	2.090456	1.445841
24.21781151687797	2.10641	1.4513477
24.235737397329274	2.0679522	1.4380376
24.253663879883135	2.04324	1.4294195
24.271590965038975	2.0521884	1.4325461
24.289518653296376	2.0750859	1.4405159
24.30744694515505	2.0482051	1.4311552
24.32537584111486	2.071949	1.4394267
24.34330534167581	2.0707645	1.4390152
24.361235447338046	2.1280367	1.4587792
24.379166158601876	2.1278923	1.4587296
24.39709747596772	2.0902517	1.4457703
24.41502939993615	2.0613337	1.4357345
24.432961931007917	2.0908396	1.4459736
24.450895069683856	2.117907	1.4553031
24.468828816465	2.0743897	1.4402741
24.4867631718525	2.0030327	1.4152853
24.504698136347656	1.9598255	1.3999376
24.52263371045192	1.922472	1.3865323
24.540569894666874	1.9473193	1.3954638
24.558506689494266	1.9549541	1.3981967
24.57644409543597	1.9831902	1.4082578
24.594382112994012	1.9687775	1.4031314
24.61232074267057	1.9724314	1.4044328
24.630259984967953	1.9473383	1.3954706
24.64819984038863	1.9765623	1.4059026
24.66614030943522	2.0070558	1.416706
24.684081392610462	2.002477	1.415089
24.702023090417274	1.9979287	1.4134811
24.7199654033587	2.0359082	1.4268526
24.737908331937927	2.0604396	1.4354231
24.755851876658305	2.0626743	1.4362013
24.773796038023324	2.072166	1.439502
24.79174081653661	2.1161492	1.454699
24.809686212701962	2.1553922	1.4681253
24.827632227023294	2.163065	1.4707361
24.8455788600047	2.1516051	1.466835
24.8635261121504	2.118353	1.4554563
24.88147398396475	2.0995188	1.4489716
24.899422475952303	2.1234708	1.4572134
24.917371588617698	2.1488829	1.4659069
24.935321322465768	2.233614	1.494528
24.953271678001478	2.3063447	1.5186654
24.97122265572994	2.4643214	1.5698158
24.989174256156414	2.7592561	1.6611009
25.00712647978632	3.2673442	1.8075796
25.02507932712521	3.8046916	1.9505619
25.043032798678798	4.394251	2.096247
25.060986894952933	5.100352	2.258396
25.078941616453637	5.8805647	2.4249876
25.096896963687055	6.802019	2.608068
25.114852937159508	7.860349	2.8036315
25.132809537377444	8.3284855	2.8859115
25.150766764847468	8.385205	2.895722
25.168724620076347	7.7130556	2.7772388
25.186683103570985	6.595205	2.568113
25.204642215838426	5.4278703	2.329779
25.222601957385894	4.173863	2.0430033
25.24056232872074	3.2422204	1.8006166
25.25852333035048	2.7030292	1.6440891
25.276484962782778	2.3402085	1.5297741
25.294447226525435	2.1300087	1.4594549
25.312410122086423	2.0219376	1.4219486
25.330373649973843	1.9613056	1.4004662
25.348337810695988	1.9392976	1.3925866
25.366302604761245	1.9265256	1.3879933
25.384268032678207	1.9375198	1.3919482
25.40223409495558	1.9441562	1.39433
25.420200792102257	1.9099182	1.381998
25.438168124627246	1.8972603	1.3774108
25.45613609303974	1.8787537	1.3706764
25.474104697849057	1.8827375	1.3721288
25.492073939564698	1.8636332	1.3651495
25.510043818696285	1.8895482	1.3746084
25.528014335753614	1.8818245	1.3717961
25.54598549124664	1.8378453	1.3556715
25.56395728568544	1.8185779	1.3485466
25.58192971958028	1.8506101	1.3603714
25.59990279344156	1.8789562	1.3707502
25.617876507779833	1.8687254	1.3670133
25.635850863105826	1.8686025	1.3669684
25.653825859930386	1.8748022	1.3692342
25.671801498764548	1.9051692	1.3802787
25.68977778011949	1.9015502	1.378967
25.707754704506524	1.8812257	1.3715779
25.725732272437153	1.8617201	1.3644487
25.743710484423012	1.8574623	1.3628875
25.761689340975888	1.8694057	1.3672621
25.77966884260774	1.8397593	1.3563772
25.797648989830662	1.8440886	1.3579723
25.815629783156922	1.8895379	1.3746047
25.83361122309895	1.8682622	1.3668438
25.85159331016929	1.8300769	1.3528033
25.869576044880695	1.8009727	1.3420032
25.887559427746034	1.8285648	1.3522444
25.90554345927836	1.8586053	1.3633068
25.92352813999086	1.8558111	1.3622816
25.94151347039689	1.8271412	1.3517178
25.959499451009965	1.8102951	1.3454721
25.97748608234374	1.8009019	1.3419769
25.995473364912062	1.783673	1.3355422
26.013461299228904	1.7882668	1.337261
26.03144988580839	1.7997729	1.3415562
26.04943912516483	1.8296179	1.3526337
26.067429017812675	1.8360933	1.3550252
26.085419564266537	1.8526384	1.3611165
26.103410765041186	1.8575655	1.3629254
26.12140262065155	1.8605287	1.364012
26.139395131612723	1.8448887	1.3582668
26.157388298439948	1.8262484	1.3513876
26.17538212164861	1.8187987	1.3486284
26.193376601754295	1.8186972	1.3485909
26.211371739272714	1.8283814	1.3521765
26.229367534719746	1.8260907	1.3513292
26.247363988611433	1.8044162	1.3432856
26.26536110146397	1.7789322	1.3337662
26.283358873793727	1.8093601	1.3451246
26.301357306117204	1.8144239	1.3470055
26.319356398951104	1.8297943	1.3526989
26.33735615281224	1.8098538	1.3453081
26.35535656821762	1.8491436	1.3598322
26.373357645684404	1.87199	1.3682069
26.39135938572991	1.8735195	1.3687657
26.409361788871614	1.8698668	1.3674308
26.427364855627165	1.8374778	1.355536
26.445368586514352	1.8724699	1.3683822
26.46337298205115	1.8920039	1.3755013
26.48137804275568	1.9109372	1.3823665
26.499383769146217	1.8751105	1.3693467
26.517390161741215	1.8562211	1.362432
26.53539722105928	1.838484	1.3559071
26.553404947619182	1.8569034	1.3626825
26.571413341939856	1.8569468	1.3626983
26.589422404540397	1.8219581	1.3497993
26.60743213594006	1.8097137	1.345256
26.62544253665827	1.8465987	1.3588961
26.64345360721459	1.8429381	1.3575486
26.66146534812879	1.8317016	1.3534037
26.679477759920758	1.8541809	1.3616831
26.69749084311057	1.8708831	1.3678023
26.71550459821847	1.9033582	1.3796225
26.733519025764842	1.8621355	1.3646009
26.751534126270258	1.7774577	1.3332133
26.769549900255434	1.7371998	1.3180288
26.787566348241267	1.783992	1.3356616
26.80558347074881	1.8083042	1.344732
26.823601268299267	1.8413129	1.3569498
26.841619741414036	1.7880447	1.3371779
26.85963889061465	1.73663	1.3178126
26.877658716422832	1.7096777	1.3075465
26.89567921936045	1.7395815	1.3189319
26.913700399949544	1.8233218	1.3503044
26.93172225871233	1.8833356	1.3723468
26.949744796171174	1.9070336	1.3809539
26.967768012848605	1.8344611	1.3544228
26.98579190926733	1.8207517	1.3493524
27.003816485950225	1.8356991	1.3548797
27.021841743420318	1.8411074	1.3568741
27.039867682200814	1.7982483	1.3409878
27.057894302815072	1.7969896	1.3405184
27.07592160578664	1.812013	1.3461103
27.0939495916392	1.788266	1.3372606
27.111978260896635	1.7557586	1.3250505
27.13000761408296	1.7675042	1.3294752
27.148037651722397	1.829577	1.3526186
27.166068374339304	1.8883646	1.3741778
27.184099782458215	1.8829799	1.3722172
27.20213187660384	1.8769531	1.3700194
27.22016465730105	1.8855939	1.3731693
27.23819812507487	1.899089	1.3780744
27.256232280450533	1.8857179	1.3732145
27.274267123953383	1.8559946	1.3623489
27.292302656108987	1.839443	1.3562607
27.31033887744306	1.8561171	1.3623939
27.32837578848146	1.8380526	1.3557479
27.34641338975026	1.8203897	1.3492182
27.364451681775673	1.8298684	1.3527263
27.382490665084074	1.8500029	1.3601481
27.400530340202046	1.8452919	1.3584152
27.41857070765629	1.8196186	1.3489324
27.436611767973726	1.856677	1.3625994
27.454653521681404	1.8839482	1.3725699
27.472695969306564	1.8451332	1.3583568
27.490739111376627	1.8529379	1.3612267
27.508782948419153	1.8293849	1.3525475
27.526827480961902	1.8388978	1.3560597
27.54487270953279	1.8383486	1.3558571
27.562918634659898	1.8394318	1.3562565
27.580965256871508	1.782089	1.334949
27.599012576696026	1.8063871	1.344019
27.617060594662068	1.864822	1.3655849
27.63510931129842	1.8350747	1.3546493
27.65315872713401	1.8357581	1.3549016
27.67120884269797	1.8506333	1.3603798
27.68925965851958	1.8921385	1.3755503
27.707311175128307	1.91462	1.383698
27.725363393053787	1.910924	1.3823618
27.74341631282583	1.8961586	1.3770107
27.7614699349744	1.8658774	1.3659712
27.77952426002968	2.0513628	1.4322579
27.797579288521973	2.124179	1.4574564
27.815635020981784	2.4896696	1.5778687
27.83369145793979	2.5708447	1.6033853
27.85174859992682	2.4833345	1.5758599
27.869806447473923	2.3473964	1.5321215
27.887865001112267	2.02988	1.4247386
27.905924261373233	1.9183506	1.3850453
27.92398422878836	1.9497288	1.3963269
27.94204490388936	1.9700521	1.4035854
27.96010628720813	1.9491315	1.396113
27.978168379276728	1.8535163	1.3614391
27.9962311806274	1.8388772	1.356052
28.014294691792568	1.8657621	1.365929
28.0323589133048	1.8877522	1.3739549
28.050423845696887	1.8918818	1.3754569
28.068489489501758	1.9104658	1.3821961
28.086555845252523	1.9287746	1.3888032
28.104622913482487	1.8946111	1.3764488
28.122690694725115	1.8984296	1.3778352
28.14075918951405	1.8888719	1.3743623
28.15882839838312	1.8665423	1.3662146
28.176898321866304	1.8622823	1.3646547
28.1949689604978	1.8867679	1.3735967
28.213040314811945	1.9588077	1.3995742
28.23111238534327	2.0103688	1.4178748
28.249185172626493	1.997384	1.4132884
28.267258677196473	1.9845462	1.4087392
28.285332899588294	1.944723	1.3945333
28.303407840337172	1.9325538	1.3901632
28.321483499978545	1.9269469	1.3881451
28.33955987904799	1.9686667	1.4030918
28.357636978081285	1.9462225	1.3950708
28.37571479761439	1.9366392	1.3916318
28.393793338183425	1.951451	1.3969434
28.41187260032469	1.972944	1.4046153
28.429952584574686	2.0093138	1.4175026
28.448033291470065	1.9958465	1.4127443
28.46611472154769	1.9552287	1.3982949
28.484196875344566	1.9541689	1.397916
28.502279753397914	2.038449	1.4277426
28.52036335624511	2.0527651	1.4327474
28.538447684423716	2.0322995	1.4255874
28.556532738471482	1.9726048	1.4044945
28.574618518926325	1.9859885	1.4092511
28.59270502632635	2.037476	1.4274019
28.61079226120985	2.055538	1.4337147
28.628880224115274	2.0490947	1.4314659
28.646968915581287	2.0588603	1.4348729
28.66505833614671	2.069689	1.4386414
28.68314848635055	2.1120481	1.4532888
28.701239366732004	2.1477149	1.4655083
28.71933097783044	2.081714	1.4428146
28.737423320185403	2.0353627	1.4266614
28.75551639433665	2.1189408	1.4556582
28.773610200824074	2.1796181	1.4763529
28.791704740187793	2.1712918	1.4735304
28.80980001296809	2.1236823	1.4572859
28.827896019705413	2.1525753	1.4671657
28.845992760940433	2.179426	1.4762878
28.86409023721397	2.1379802	1.4621834
28.88218844906704	2.0644906	1.4368335
28.900287397040845	2.1344454	1.4609741
28.918387081676755	2.2144656	1.488108
28.936487503516343	2.2693737	1.5064441
28.954588663101365	2.2337224	1.4945643
28.97269056097374	2.3066173	1.5187552
28.990793197675597	2.3546045	1.5344721
29.00889657374923	2.3899484	1.5459458
29.027000689737125	2.361826	1.5368233
29.04510554618196	2.3922963	1.546705
29.06321114362659	2.4545624	1.5667043
29.08131748261405	2.472045	1.5722739
29.099424563687567	2.517517	1.5866685
29.11753238739057	2.5504944	1.5970267
29.13564095426663	2.5804663	1.606383
29.15375026485954	2.6260006	1.620494
29.171860319713275	2.6508205	1.628134
29.18997111937199	2.700153	1.6432142
29.20808266438002	2.7692041	1.6640925
29.226194955281898	2.7620316	1.661936
29.244307992622335	2.7188272	1.6488867
29.26242177694624	2.7398877	1.6552606
29.2805363087987	2.851631	1.6886773
29.29865158872498	2.89553	1.7016257
29.316767617270557	2.8843598	1.6983403
29.334884394981064	2.8861327	1.6988622
29.353001922402367	2.9559662	1.7192924
29.37112020008047	3.065226	1.7507787
29.389239228561596	3.222099	1.7950206
29.407359008392152	3.4211655	1.8496393
29.42547954011872	3.7176847	1.9281299
29.44360082428809	4.345551	2.0845985
29.46172286144722	5.3509555	2.3132133
29.479845652143283	6.962105	2.63858
29.497969196923606	9.126493	3.0210087
29.516093496335728	11.836792	3.440464
29.5342185509274	14.7868805	3.8453712
29.55234436124651	17.062294	4.130653
29.570470927841175	18.296791	4.277475
29.588598251259686	17.836933	4.223379
29.60672633205055	16.332262	4.0413194
29.624855170762405	14.183498	3.7660985
29.642984767944146	11.636661	3.411255
29.66111512414481	8.964163	2.9940212
29.67924623991366	6.6294737	2.5747764
29.697378115800138	5.069708	2.2516012
29.71551075235387	4.200287	2.0494602
29.733644150124675	3.8372645	1.9588937
29.751778309662576	3.64964	1.9104031
29.769913231517766	3.500499	1.870962
29.78804891624066	3.432843	1.8527933
29.806185364381818	3.4268367	1.8511717
29.82432257649206	3.4196954	1.8492419
29.842460553122333	3.3337243	1.8258489
29.86059929482382	3.3326154	1.8255452
29.878738802147872	3.3385	1.8271563
29.896879075646048	3.3303108	1.824914
29.915020115870114	3.3590512	1.8327714
29.933161923371976	3.3302035	1.8248845
29.951304498703777	3.272714	1.8090644
29.969447842417857	3.332433	1.8254952
29.987591955066733	3.3601573	1.8330731
30.005736837203123	3.327101	1.8240342
30.023882489379943	3.3148494	1.8206728
30.04202891215028	3.2488222	1.802449
30.060176106067455	3.1529882	1.7756655
30.078324071684946	3.122615	1.7670922
30.09647280955646	3.1595619	1.7775156
30.114622320235863	3.156879	1.7767608
30.132772604277257	3.1262586	1.7681229
30.1509236622349	3.1251109	1.7677983
30.16907549466328	3.1666467	1.7795074
30.18722810211705	3.103389	1.7616439
30.205381485151097	3.0329802	1.7415453
30.22353564432045	3.0639696	1.7504199
30.241690580180403	3.11031	1.7636071
30.25984629328638	3.1034966	1.7616744
30.278002784194037	3.0894573	1.7576852
30.296160053459246	3.065153	1.7507578
30.314318101638033	3.0174987	1.7370949
30.332476929286646	2.921866	1.7093467
30.35063653696153	2.9107099	1.7060803
30.368796925219307	2.950408	1.7176752
30.386958094616844	2.9204006	1.708918
30.40512004571115	2.920359	1.7089058
30.423282779059463	2.955515	1.7191612
30.441446295219233	2.877279	1.6962544
30.459610594748067	2.834258	1.6835254
30.47777567820382	2.8903272	1.7000962
30.495941546144504	2.88681	1.6990615
30.51410819912835	2.8285463	1.6818283
30.532275637713795	2.7999182	1.6732956
30.55044386245946	2.8503206	1.6882893
30.56861287392416	2.9022424	1.703597
30.586782672666956	2.8545613	1.6895447
30.604953259247047	2.827853	1.6816221
30.623124634223885	2.7782614	1.6668117
30.641296798157075	2.7651374	1.6628703
30.659469751606462	2.804582	1.6746887
30.677643495132074	2.8188624	1.6789469
30.695818029294152	2.7707756	1.6645647
30.713993354653116	2.7451768	1.6568575
30.73216947176962	2.7906878	1.6705352
30.75034638120448	2.7592578	1.6611013
30.768524083518756	2.8004997	1.6734693
30.786702579273673	2.910302	1.7059608
30.80488186903069	2.978652	1.7258772
30.82306195335144	3.0482666	1.7459286
30.841242832797782	3.1888452	1.7857338
30.85942450793176	3.4335067	1.8529724
30.877606979315637	3.7692072	1.9414446
30.895790247511883	4.1549253	2.0383635
30.913974313083134	4.5470233	2.132375
30.932159176592283	4.8034616	2.1916802
30.95034483860237	4.8284283	2.1973684
30.968531299676698	4.5745335	2.1388159
30.98671856037873	4.2895284	2.0711176
31.00490662127215	3.9859085	1.996474
31.023095482920848	3.6085362	1.8996148
31.04128514588892	3.1670895	1.7796319
31.059475610740662	2.7743082	1.6656255
31.07766687804056	2.5809276	1.6065266
31.09585894835335	2.5352573	1.5922492
31.11405182224393	2.5466187	1.5958129
31.132245500277417	2.5385928	1.5932962
31.15043998301914	2.451007	1.5655692
31.168635271034628	2.3641644	1.537584
31.18683136488964	2.3879535	1.5453005
31.20502826515008	2.4380965	1.5614406
31.223225972382135	2.4360392	1.5607816
31.241424487152155	2.4517922	1.56582
31.259623810026692	2.42574	1.5574788
31.27782394157253	2.3705468	1.5396581
31.296024882356644	2.363832	1.5374758
31.314226632946237	2.464831	1.5699781
31.332429193908684	2.5426054	1.5945549
31.350632565811598	2.5600395	1.6000123
31.368836749222787	2.5754514	1.6048213
31.387041744710295	2.5557396	1.5986681
31.40524755284232	2.5380352	1.5931212
31.423454174187317	2.5983388	1.6119363
31.441661609313922	2.5807848	1.6064821
31.459869858791002	2.4404533	1.5621951
31.478078923187628	2.4128554	1.5533369
31.496288803073064	2.4471939	1.564351
31.514499499016807	2.466776	1.5705973
31.532711011588546	2.4098134	1.5523573
31.550923341358178	2.330469	1.5265874
31.56913648889584	2.2836368	1.5111706
31.587350454771844	2.2840772	1.5113164
31.605565239556732	2.272087	1.5073444
31.62378084382127	2.2410257	1.4970056
31.641997268136382	2.2475176	1.4991723
31.660214513073274	2.3189852	1.5228214
31.67843257920331	2.3496299	1.5328503
31.6966514670981	2.3331504	1.5274653
31.71487117732944	2.3210685	1.5235053
31.733091710469346	2.379469	1.5425527
31.751313067090052	2.3361824	1.5284575
31.769535247764008	2.255613	1.5018699
31.787758253063878	2.2434764	1.4978238
31.805982083562526	2.3160617	1.5218613
31.824206739833024	2.3964596	1.5480503
31.84243222244869	2.418327	1.5550971
31.860658531983013	2.377991	1.5420736
31.878885669009737	2.3554692	1.5347538
31.897113634102784	2.2695353	1.5064977
31.91534242783632	2.093187	1.4467851
31.933572050784694	2.1276531	1.4586477
31.951802503522508	2.2287445	1.492898
31.970033786624548	2.283766	1.5112134
31.988265900665834	2.291584	1.5137979
32.006498846221575	2.2707975	1.5069165
32.02473262386724	2.2804685	1.5101221
32.04296723417845	2.2992113	1.516315
32.0612026777311	2.2997918	1.5165064
32.07943895510129	2.2973275	1.5156938
32.097676066865304	2.2163708	1.4887481
32.115914013599685	2.252624	1.5008744
32.13415279588115	2.2879972	1.5126127
32.152392414286666	2.2635565	1.5045121
32.1706328693934	2.282714	1.5108653
32.18887416177875	2.1839223	1.4778099
32.20711629202032	2.0861742	1.4443594
32.225359260695924	2.0382361	1.4276681
32.243603068383614	2.079501	1.4420475
32.26184771566166	2.1723208	1.4738796
32.28009320310852	2.2271345	1.4923587
32.2983395313029	2.174097	1.4744819
32.31658670082372	2.16363	1.4709283
32.33483471225012	2.1890855	1.4795558
32.35308356616143	2.2397516	1.49658
32.371333263137245	2.1575897	1.4688736
32.38958380375734	2.0838008	1.4435376
32.407835188601744	1.9810667	1.4075037
32.42608741825067	2.0034845	1.415445
32.444340493284585	1.9942896	1.4121932
32.46259441428416	2.0137408	1.4190633
32.48084918183028	2.077656	1.4414077
32.49910479650405	2.1343596	1.4609448
32.51736125888683	2.1414874	1.4633821
32.53561856956014	2.1831844	1.4775603
32.5538767291058	2.17451	1.474622
32.572135738105764	2.089665	1.4455674
32.59039559714228	2.0455265	1.430219
32.608656306797776	2.0672867	1.4378062
32.62691786765491	2.103371	1.4503003
32.645180280296586	2.1454074	1.464721
32.663443545305896	2.1024075	1.4499681
32.68170766326619	2.139708	1.462774
32.69997263476099	2.1468704	1.4652202
32.7182384603741	2.0312445	1.4252174
32.7365051406895	1.9253913	1.3875847
32.75477267629144	1.929943	1.3892238
32.77304106776434	1.9915096	1.4112085
32.79131031569289	1.9646939	1.4016753
32.809580420661966	1.8932848	1.3759669
32.827851383256714	1.9564401	1.398728
32.84612320406245	2.1023462	1.449947
32.86439588366476	2.0591285	1.4349663
32.88266942264945	2.0256267	1.4232451
32.9009438216025	2.0168626	1.4201629
32.9192190811102	1.9581314	1.3993325
32.937495201758985	1.9521489	1.3971932
32.95577218413556	1.9664397	1.402298
32.974050028826866	1.9514887	1.3969569
32.992328736420035	1.9680654	1.4028776
33.010608307502444	1.9675701	1.402701
33.02888874266169	1.9251039	1.3874811
33.047170042485604	1.927724	1.388425
33.06545220756225	1.9497231	1.3963249
33.083735238479896	1.97529	1.4054501
33.10201913582707	1.9797837	1.4070479
33.12030390019248	2.0207262	1.4215225
33.138589532165135	2.1035602	1.4503655
33.15687603233419	2.061455	1.4357768
33.17516340128909	2.0063393	1.4164531
33.19345163961947	1.9355552	1.3912424
33.211740747915215	1.955463	1.3983787
33.23003072676643	1.9940704	1.4121156
33.248321576763466	1.9837011	1.4084393
33.266613298496885	1.980867	1.4074328
33.28490589255747	1.9149674	1.3838235
33.30319935953626	1.9398509	1.3927853
33.32149370002451	1.9257574	1.3877167
33.339788914613706	1.8367666	1.3552736
33.358085003895575	1.8905904	1.3749875
33.376381968462034	1.9698254	1.4035047
33.39467980890529	1.884566	1.372795
33.41297852581774	1.8601245	1.3638638
33.43127811979204	1.9249862	1.3874388
33.44957859142105	1.9108179	1.3823234
33.467879941297866	1.9694244	1.4033618
33.486182170015844	2.0271523	1.423781
33.50448527816853	1.9934664	1.4119017
33.522789266349754	1.8971419	1.3773677
33.541094135153514	1.9269722	1.3881543
33.55939988517411	2.0351994	1.4266042
33.57770651700602	2.0052574	1.416071
33.59601403124398	1.944472	1.3944433
33.61432242848296	1.9221264	1.3864077
33.632631709318154	1.9744291	1.4051439
33.650941874344994	2.0070121	1.4166906
33.66925292415916	2.0613763	1.4357494
33.68756485935654	2.0547943	1.4334553
33.70587768053328	2.056094	1.4339086
33.724191388285746	2.021758	1.4218854
33.74250598321054	1.9999901	1.4142101
33.760821465904506	2.0263236	1.4234899
33.77913783696474	1.9704139	1.4037143
33.79745509698852	1.9509002	1.3967463
33.815773246573414	2.0094323	1.4175445
33.8340922863172	2.0314047	1.4252735
33.852412216817896	1.9882851	1.4100657
33.87073303867377	2.0405755	1.4284872
33.889054752483304	2.065168	1.4370692
33.907377358845245	1.9745722	1.4051948
33.92570085835853	1.8639624	1.3652701
33.94402525162239	1.944023	1.3942822
33.96235053923627	1.9407023	1.393091
33.980676721799824	1.9727484	1.4045457
33.999003799912984	1.9119133	1.3827195
34.01733177417592	1.8632038	1.3649923
34.03566064518901	1.8159746	1.347581
34.0539904135529	1.7687428	1.3299409
34.07232107986846	1.8570799	1.3627472
34.090652644736785	2.0327134	1.4257326
34.108985108759235	2.0701938	1.4388168
34.12731847253742	1.9545122	1.3980387
34.14565273667313	1.7973	1.3406342
34.16398790176847	1.9024763	1.3793029
34.18232396842574	1.9898553	1.4106224
34.20066093724749	1.9872521	1.4096993
34.21899880883651	2.011578	1.4183011
34.23733758379583	2.0140193	1.4191614
34.25567726272874	1.8969637	1.377303
34.27401784623872	1.9767997	1.4059871
34.29235933492957	2.0770192	1.4411868
34.31070172940526	1.9465356	1.395183
34.32904503027003	1.9287827	1.3888062
34.347389238128386	1.9316366	1.3898333
34.36573435358502	1.8821654	1.3719203
34.38408037724492	1.8531947	1.361321
34.402427309713296	1.971818	1.4042144
34.42077515159559	2.104674	1.4507495
34.43912390349752	2.0743608	1.4402641
34.45747356602499	2.0244014	1.4228146
34.47582413978423	1.9742129	1.4050668
34.49417562538163	1.8556044	1.3622057
34.51252802342388	1.7118422	1.3083738
34.53088133451789	1.850816	1.360447
34.54923555927084	1.8782405	1.3704891
34.567590698290104	1.8635033	1.3651019
34.58594675218336	1.8780656	1.3704253
34.6043037215585	1.9326208	1.3901873
34.62266160702365	1.8947226	1.3764893
34.641020409187234	1.9741632	1.4050492
34.65938012865785	2.052921	1.4328018
34.677740766044394	1.9680914	1.4028867
34.69610232195598	1.9175332	1.3847502
34.714464797002016	1.989359	1.4104464
34.73282819179208	1.975009	1.4053501
34.751192506936064	2.0597162	1.4351711
34.76955774304408	2.1010506	1.4495001
34.7879239007265	2.2064366	1.485408
34.80629098059391	2.3281	1.5258112
34.824658983257194	2.280205	1.5100348
34.843027909327446	2.0478172	1.4310197
34.86139775941603	2.0023777	1.415054
34.879768534134534	2.04184	1.4289297
34.89814023409483	1.969298	1.4033167
34.91651285990901	1.8858123	1.3732488
34.93488641218944	1.9272592	1.3882576
34.95326089154871	1.907207	1.3810166
34.97163629859967	1.7175128	1.3105391
34.99001263395542	1.6882532	1.299328
35.00838989822934	1.8065802	1.3440908
35.02676809203499	2.006046	1.4163495
35.04514721598624	2.1947925	1.4814832
35.063527270697215	2.1193469	1.4557977
35.081908256782256	1.9136878	1.3833611
35.10029017485597	1.8906468	1.375008
35.11867302553321	2.0852811	1.4440503
35.137056809429104	2.2580502	1.502681
35.155441527159006	2.132576	1.4603342
35.173827179338524	2.2261584	1.4920316
35.19221376658354	2.1800346	1.4764941
35.21060128951017	1.9849868	1.4088956
35.2289897487348	1.8524806	1.3610586
35.24737914487405	1.8026141	1.3426147
35.26576947854479	1.7639241	1.3281281
35.28416075036418	1.9811693	1.4075402
35.30255296094958	2.2114427	1.487092
35.32094611091867	2.1710823	1.4734592
35.33934020088932	1.778946	1.3337713
35.35773523147969	1.8001288	1.3416888
35.3761312033082	2.0957046	1.4476548
35.394528116993506	2.240194	1.4967278
35.41292597315452	2.3509016	1.533265
35.431324772410434	2.1715872	1.4736307
35.449724515380666	1.987451	1.4097698
35.46812520268491	2.0363963	1.4270235
35.486526834943106	2.1366189	1.4617177
35.504929412775454	2.4613254	1.5688611
35.52333293680242	2.6385844	1.624372
35.54173740764471	2.1929598	1.4808645
35.560142825923286	1.754652	1.3246328
35.5785491922594	2.1845767	1.4780314
35.59695650727454	2.0622993	1.4360708
35.61536477159042	1.8038257	1.3430657
