0.008763373481513119	0.61777776	0.7859884
0.026290120649546365	0.5194514	0.72072977
0.043816868432600686	0.34014595	0.5832203
0.06134361724069026	0.21681434	0.46563327
0.07887036748382949	0.2280433	0.4775388
0.0963971195720331	0.23189093	0.48155054
0.11392387391531617	0.18048464	0.42483485
0.1314506309236943	0.09895758	0.31457525
0.1489773910071836	0.0057877945	0.07607756
0.16650415457580078	0.076879665	0.27727184
0.18403092203956356	0.13295998	0.36463678
0.20155769380849	0.18495783	0.43006724
0.2190844702925996	0.2063057	0.45420888
0.2366112519019124	0.15486099	0.3935238
0.2541380390464497	0.16367349	0.4045658
0.27166483213623416	0.10575392	0.3251983
0.28919163158128947	0.13702454	0.37016827
0.3067184377916406	0.12630682	0.35539672
0.324245251177314	0.14122404	0.37579787
0.34177207214833777	0.18295857	0.42773658
0.3592989011147415	0.2043388	0.4520385
0.37682573848655654	0.17565161	0.41910812
0.39435258467381573	0.11641111	0.34119073
0.41187944008655414	0.1057765	0.325233
0.42940630513480854	0.10335848	0.32149413
0.446933180228618	0.1185631	0.34432992
0.4644600657780234	0.1210538	0.34792787
0.48198696219306775	0.122860014	0.35051394
0.49951386988379676	0.14239767	0.37735617
0.5170407892602581	0.14557114	0.38153785
0.5345677207325025	0.2080079	0.45607883
0.5520946647105822	0.225883	0.47527152
0.5696216216045534	0.26334	0.5131666
0.5871485918244737	0.22188573	0.4710475
0.6046755757804043	0.18794031	0.43352082
0.6222025738824094	0.18023361	0.4245393
0.6397295865405557	0.18671887	0.43210977
0.6572566141649129	0.2065301	0.45445582
0.6747836571655547	0.19202363	0.438205
0.6923107159525568	0.1800758	0.4243534
0.7098377909359992	0.18830457	0.43394074
0.7273648825259653	0.19775108	0.4446921
0.7448919911325411	0.20793004	0.45599347
0.762419117165817	0.24623594	0.49622166
0.7799462610358868	0.23699011	0.4868163
0.7974734231528482	0.25648758	0.506446
0.8150006039268024	0.23319855	0.48290637
0.8325278037678551	0.22243509	0.47163025
0.8500550230861152	0.20727862	0.45527864
0.8675822622916969	0.1904524	0.43640852
0.8851095217947171	0.2100571	0.45831987
0.9026368020052984	0.20977095	0.45800757
0.9201641033335665	0.1786408	0.4226592
0.9376914261896523	0.191608	0.43773052
0.9552187709836915	0.22501668	0.47435924
0.9727461381258234	0.25758892	0.5075322
0.990273528026193	0.24902378	0.4990228
1.0078009410949496	0.18820864	0.4338302
1.0253283777422473	0.1677656	0.409592
1.0428558383782454	0.15574725	0.39464825
1.0603833234131086	0.1951667	0.44177675
1.0779108332570058	0.27073723	0.5203242
1.0954383683201119	0.31559446	0.56177795
1.112965929012607	0.35941592	0.59951305
1.1304935157446763	0.46460208	0.68161726
1.1480211289265108	0.49797902	0.70567626
1.1655487689683062	1.3438061	1.1592265
1.1830764362802655	1.6539938	1.2860769
1.200604131272596	2.0776818	1.4414166
1.2181318543555117	2.3661613	1.5382332
1.235659605939232	2.4293668	1.5586426
1.253187386433982	3.85299	1.9629034
1.270715196249994	6.2051196	2.4910078
1.2882430357975057	11.295799	3.3609223
1.3057709054867608	15.935633	3.991946
1.3232988057280106	21.774717	4.666339
1.3408267369315112	26.543781	5.1520658
1.358354699507526	30.255554	5.500505
1.3758826938663256	34.100384	5.8395534
1.3934107204181858	36.20317	6.016907
1.410938779573391	36.548817	6.045562
1.4284668717422309	37.232533	6.1018467
1.4459949973350033	36.468475	6.0389132
1.4635231567620117	36.47455	6.0394163
1.4810513504335687	35.874336	5.9895186
1.4985795787599925	35.38173	5.948254
1.5161078421516088	35.10786	5.9251885
1.5336361410187505	34.218136	5.849627
1.5511644757717598	34.305397	5.857081
1.5686928468209842	34.938946	5.9109173
1.58622125457678	35.673637	5.972741
1.6037496994495108	36.996075	6.08244
1.621278181849548	36.643814	6.0534134
1.6388067021872719	37.20783	6.099822
1.6563352608730693	36.462204	6.038394
1.673863858317336	36.238403	6.019834
1.6913924949304753	35.77617	5.9813185
1.7089211711228998	34.50579	5.874163
1.7264498873050296	33.002033	5.7447395
1.7439786438872935	31.820963	5.6410074
1.7615074412801288	31.160892	5.5821943
1.779036279893981	30.53241	5.525614
1.796565160139305	29.806519	5.4595346
1.814094082426564	28.815123	5.367972
1.8316230471662298	28.006456	5.292113
1.849152054768784	26.927197	5.189142
1.8666811056447168	26.421087	5.140145
1.8842102002045273	26.109797	5.1097746
1.901739338858724	25.583672	5.0580306
1.9192685220178245	25.247173	5.024657
1.9367977500923557	24.210165	4.9203825
1.9543270234928547	23.871244	4.885821
1.971856342629867	23.382164	4.8355107
1.9893857079139496	22.91924	4.7874045
2.006915119755667	22.490227	4.7423863
2.0244445785655945	21.875643	4.67714
2.0419740847543175	21.442019	4.630553
2.0595036387324317	21.265759	4.611481
2.0770332409105414	20.661198	4.545459
2.094562891699263	20.56486	4.5348496
2.1120925915092217	19.897118	4.4606185
2.129622340751053	19.362492	4.4002833
2.1471521398354043	187.24197	13.683639
2.1646819891729323	443.4202	21.057545
2.182211889174303	439.703	20.969097
2.1997418402501974	452.3837	21.269314
2.2172718428113023	432.4239	20.794804
2.234801897268317	320.48166	17.902002
2.2523320040319548	16.85029	4.1049104
2.269862163512935	16.57429	4.071153
2.287392376121992	16.407204	4.0505805
2.304922642269869	16.260023	4.032372
2.322452962367322	16.036951	4.0046163
2.3399833368251164	15.684385	3.9603517
2.357513766054032	15.351084	3.918046
2.3750442504648586	15.037252	3.8777897
2.3925747904683963	14.720922	3.8367853
2.410105386475459	14.383955	3.7926185
2.4276360388968707	13.803177	3.7152627
2.445166748143469	13.638381	3.693018
2.4626975146261025	13.355297	3.65449
2.4802283387556323	13.250327	3.6400998
2.4977592209429305	12.882651	3.589241
2.5152901615988825	12.655549	3.557464
2.5328211611343865	12.498544	3.535328
2.5503522199603523	12.505534	3.5363164
2.5678833384877024	12.479935	3.532695
2.5854145171273712	12.296327	3.5066118
2.6029457562903064	12.001753	3.4643545
2.620477056387469	11.650673	3.4133081
2.6380084178298326	11.353284	3.3694634
2.655539841028383	11.31316	3.3635042
2.673071326394119	11.39528	3.3756895
2.6906028743380523	11.19942	3.3465536
2.708134485271211	10.862661	3.2958553
2.7256661596046325	10.547362	3.2476702
2.743197897749369	10.150673	3.186012
2.760729700116486	10.239636	3.1999433
2.778261567117063	10.170574	3.189134
2.795793499162193	10.257143	3.2026775
2.8133254966629817	10.138054	3.184031
2.830857560030551	9.84034	3.1369317
2.8483896896760337	9.535102	3.087896
2.865921886010578	9.297047	3.049106
2.883454149445347	9.1798935	3.0298338
2.9009864803915177	9.119344	3.0198252
2.91851887926028	8.980154	2.9966905
2.9360513464628384	8.846389	2.974288
2.953583882410413	8.727988	2.9543169
2.9711164875142373	8.6761875	2.9455369
2.9886491621855606	8.526393	2.919999
3.0061819068356455	8.342293	2.8883028
3.023714721875769	8.118453	2.84929
3.041247607717225	8.146544	2.8542151
3.0587805647713213	8.153594	2.85545
3.0763135934493806	8.110176	2.847837
3.0938466941627407	7.9372582	2.817314
3.1113798673227544	7.7426333	2.7825587
3.1289131133407904	7.621429	2.7606936
3.1464464326282315	7.520705	2.7423904
3.1639798255964786	7.475735	2.734179
3.1815132926569443	7.4141703	2.7228973
3.1990468342210603	7.361805	2.7132647
3.216580450700272	7.295755	2.7010655
3.2341141425060416	7.2730384	2.6968572
3.251647910049847	7.26739	2.6958096
3.2691817537431813	7.1716857	2.6780002
3.286715673997555	7.101435	2.664852
3.3042496712244938	6.947784	2.635865
3.32178374583554	6.854119	2.6180372
3.339317898242251	6.8326077	2.6139257
3.3568521288562034	6.88571	2.6240635
3.3743864380889876	6.837235	2.6148107
3.3919208263522127	6.792475	2.6062376
3.4094552940575023	6.63841	2.5765111
3.4269898416164972	6.5741467	2.56401
3.444524469440858	6.408266	2.5314553
3.4620591779422587	6.315855	2.5131364
3.479593967532391	6.255135	2.5010269
3.4971288386229658	6.327506	2.5154533
3.5146637916257086	6.3164797	2.5132608
3.5321988269523628	6.342087	2.5183501
3.5497339450146903	6.295678	2.509119
3.5672691462244708	6.220573	2.4941077
3.5848044309934988	6.179662	2.4858925
3.60233979973359	6.127017	2.4752812
3.619875252856575	6.2007165	2.4901237
3.6374107907743034	6.1416707	2.4782395
3.6549464138986427	6.113823	2.4726145
3.6724821226414788	6.069548	2.4636452
3.690017917414714	6.1135798	2.4725654
3.7075537986302702	6.1658416	2.4831114
3.7250897667000857	6.2211823	2.4942298
3.7426258220361235	6.437109	2.5371459
3.7601619650503553	6.815905	2.6107287
3.777698196154779	7.347866	2.7106948
3.7952345157614067	8.3157	2.8836954
3.8127709242822716	9.0142	3.0023658
3.830307422129425	11.153879	3.3397424
3.847844009714936	29.937565	5.4715233
3.8653806874508954	97.45485	9.8719225
3.882917455749409	96.752625	9.836291
3.900454315022606	96.54901	9.825935
3.917991265682631	41.135406	6.413689
3.9355283081416506	10.7196245	3.2740839
3.9530654428118495	8.509747	2.917147
3.970602670105433	7.229279	2.688732
3.9881399904346244	6.4676256	2.5431528
4.005677404211669	6.4471607	2.539126
4.023214911848827	6.4095845	2.5317156
4.0407525137583855	6.309967	2.5119648
4.058290210352644	6.2484455	2.499689
4.075828002043927	6.190622	2.488096
4.0933658892445814	6.188072	2.4875836
4.110903872366966	6.0907946	2.4679534
4.128441951823468	5.993594	2.4481819
4.145980128026488	5.9331236	2.4358003
4.163518401388452	5.961544	2.4416273
4.181056772321807	6.009915	2.4515128
4.1985952412390155	6.0149326	2.4525359
4.216133808552567	6.0067387	2.4508648
4.233672474674966	6.115715	2.4729972
4.251211240018741	6.3141413	2.5127954
4.268750104996445	6.6143117	2.5718305
4.286289070020643	7.475725	2.7341774
4.303828135503928	9.013395	3.0022318
4.3213673018589125	29.253723	5.408671
4.3389065694982305	90.44266	9.510135
4.356445938834537	165.61726	12.869237
4.3739854102805085	171.12842	13.081606
4.391524984248844	171.97057	13.113755
4.409064661152262	136.07233	11.665005
4.426604441403504	96.33818	9.815202
4.444144325415337	75.61	8.695401
4.461684313600543	21.541927	4.6413283
4.47922440637193	21.884634	4.6781015
4.496764604142329	20.155926	4.4895353
4.5143049073245916	18.22481	4.2690525
4.531845316331589	16.077522	4.0096784
4.5493858315762195	13.223546	3.6364193
4.566926453471405	10.940822	3.3076913
4.584467182430081	8.89903	2.9831243
4.602008018865218	7.9030857	2.8112428
4.619548963189798	7.3783407	2.71631
4.637090015816834	6.9735394	2.6407459
4.654631177159353	6.7599077	2.5999823
4.672172447630417	6.4458275	2.5388634
4.689713827643102	6.2991953	2.5098197
4.7072553176105085	6.066352	2.4629965
4.724796917945764	5.860697	2.4208877
4.742338629062015	5.748518	2.3976066
4.759880451372434	5.674074	2.3820314
4.777422385290215	5.677083	2.382663
4.794964431228581	5.636738	2.3741815
4.812506589600768	5.5221033	2.3499155
4.830048860820047	5.3617625	2.315548
4.847591245299709	5.360975	2.315378
4.8651337434530655	5.4659753	2.3379426
4.882676355693457	5.59305	2.364963
4.900219082434242	5.567105	2.3594713
4.917761924088813	5.492607	2.3436313
4.935304881070575	5.4428196	2.3329852
4.952847953792969	5.403894	2.3246276
4.970391142669449	5.3209243	2.3067129
4.9879344481135055	5.304132	2.30307
5.005477870538642	5.2563453	2.2926722
5.023021410358394	5.2830935	2.2984982
5.040565067986324	5.360191	2.3152087
5.05810884383601	5.3627906	2.31577
5.075652738321066	5.392617	2.322201
5.09319675185512	5.327643	2.3081686
5.110740884851836	5.267943	2.2951999
5.128285137724894	5.2060685	2.281681
5.145829510888007	5.1818104	2.276359
5.163374004754908	5.148156	2.2689548
5.1809186197393595	5.171811	2.2741616
5.198463356255145	5.2148085	2.2835956
5.216008214716077	5.268942	2.2954175
5.233553195535998	5.2267137	2.2862008
5.251098299128764	5.205622	2.2815833
5.268643525908272	5.136791	2.266449
5.286188876288432	5.1353126	2.2661228
5.3037343506831895	5.0846205	2.2549102
5.32127994950651	5.073511	2.2524457
5.3388256731723915	5.172661	2.2743485
5.356371522094851	5.2284045	2.2865705
5.373917496687938	5.258966	2.2932436
5.391463597365729	5.1694	2.2736316
5.40900982454232	5.083996	2.2547717
5.426556178631843	5.093608	2.2569022
5.444102660048449	5.1590595	2.2713563
5.4616492692063225	5.1880975	2.2777395
5.479196006519669	5.2312655	2.287196
5.496742872402727	5.1656027	2.2727962
5.514289867269756	5.158482	2.2712293
5.531836991535049	5.1366887	2.2664263
5.549384245612924	5.1480637	2.2689345
5.566931629917724	5.141389	2.2674632
5.584479144863822	5.078652	2.2535865
5.6020267908656205	5.0595956	2.2493546
5.619574568337545	5.048784	2.24695
5.637122477694054	4.9874015	2.2332492
5.654670519349629	4.9137573	2.2166996
5.672218693718784	4.873316	2.2075589
5.689767001216059	4.896062	2.2127047
5.707315442256021	5.032015	2.2432153
5.724864017253266	5.0888405	2.2558458
5.7424127266224225	5.067678	2.2511504
5.75996157077814	5.077216	2.2532678
5.777510550135105	5.054687	2.2482631
5.795059665108022	5.09036	2.2561827
5.812608916111639	5.154923	2.2704456
5.830158303560715	5.2138543	2.2833867
5.847707827870055	5.258975	2.2932456
5.86525748945448	5.2819877	2.2982576
5.8828072887288485	5.3831077	2.3201525
5.900357226108044	5.4211397	2.328334
5.917907302006979	5.535591	2.3527837
5.9354575168406	6.1905093	2.4880733
5.9530078710238765	6.8207555	2.6116576
5.970558364971812	7.37913	2.7164555
5.988108999099438	7.717067	2.777961
6.005659773821818	8.197484	2.8631248
6.023210689554039	7.9912696	2.8268833
6.040761746711227	8.351699	2.8899305
6.058312945708531	7.7575755	2.7852426
6.075864286961132	7.246687	2.691967
6.093415770884244	6.5535884	2.5599978
6.1109673978931065	5.984587	2.4463415
6.128519168402993	5.3818097	2.3198729
6.146071082829204	5.240726	2.2892632
6.163623141587075	5.1031466	2.2590146
6.181175345091969	5.082212	2.2543762
6.198727693759281	5.010802	2.238482
6.216280188004435	5.084388	2.2548587
6.233832828242885	5.080114	2.2539108
6.251385614890126	5.1072345	2.2599192
6.268938548361669	5.05441	2.2482016
6.286491629073067	4.9794955	2.2314782
6.304044857439898	4.9117594	2.216249
6.321598233877777	4.927858	2.219878
6.339151758802344	4.9070954	2.2151964
6.356705432629277	5.0238714	2.2413995
6.37425925577428	4.9251585	2.2192698
6.391813228653095	4.9047	2.2146556
6.409367351681486	4.855861	2.2036018
6.426921625275259	4.851698	2.202657
6.44447604985025	4.80605	2.1922705
6.46203062582232	4.793084	2.1893113
6.47958535360737	4.8317657	2.1981277
6.497140233621328	4.8944016	2.2123294
6.514695266280161	4.9107	2.2160099
6.532250451999859	4.8893094	2.2111783
6.549805791196454	4.90197	2.2140393
6.567361284286002	4.901343	2.2138977
6.584916931684597	5.0113263	2.2385993
6.602472733808367	5.0353036	2.2439482
6.6200286910734665	5.0602655	2.2495034
6.637584803896092	5.0151424	2.2394514
6.655141072692462	4.97639	2.2307823
6.672697497878842	4.946641	2.2241046
6.690254079871514	4.970854	2.229541
6.707810819086808	5.006138	2.23744
6.725367715941078	4.9983068	2.2356894
6.742924770850719	4.979635	2.2315094
6.760481984232151	4.9424677	2.2231662
6.778039356501836	4.8856015	2.2103398
6.795596888076266	4.8504114	2.202365
6.813154579371963	4.8142557	2.1941411
6.830712430805492	4.7931457	2.1893253
6.84827044279344	4.8316035	2.1980908
6.865828615752445	4.8620872	2.2050142
6.883386950099159	4.860657	2.2046897
6.900945446250287	4.850663	2.2024221
6.918504104622553	4.837683	2.1994734
6.936062925632727	4.817391	2.1948555
6.953621909697607	4.8891525	2.2111428
6.971181057234028	4.9676504	2.2288227
6.988740368658859	5.0310974	2.2430108
7.006299844389007	5.103064	2.2589962
7.023859484841407	5.190434	2.2782524
7.041419290433036	5.2869267	2.299332
7.058979261580902	5.407223	2.3253436
7.0765393987020495	5.6041074	2.3672996
7.094099702213559	5.9580946	2.4409208
7.111660172532549	6.3871417	2.5272796
7.129220810076164	6.7033973	2.589092
7.146781615261595	7.2876577	2.6995661
7.16434258850606	7.4369345	2.7270744
7.181903730226821	7.9358773	2.8170688
7.1994650408411704	8.106139	2.8471282
7.217026520766437	8.289381	2.8791285
7.234588170419983	8.517637	2.9184992
7.252149990219215	8.478421	2.911773
7.269711980581568	8.360866	2.8915162
7.2872741419245175	8.129765	2.8512743
7.304836474665574	7.670227	2.7695174
7.322398979222286	7.307319	2.7032053
7.339961656012233	7.0572853	2.6565552
7.357524505453039	6.7784944	2.6035542
7.375087527962357	6.608296	2.5706606
7.392650723957886	6.2981772	2.5096169
7.410214093857353	5.90814	2.4306667
7.427777638078528	5.640464	2.3749661
7.445341357039213	5.386805	2.320949
7.4629052511572525	5.28041	2.2979143
7.480469320850524	5.226073	2.2860606
7.498033566536948	5.2083797	2.2821875
7.5155979886344735	5.1677246	2.273263
7.5331625875610975	5.1277294	2.2644491
7.550727363734844	5.128747	2.2646737
7.568292317573788	5.162633	2.272143
7.585857449496025	5.152303	2.2698686
7.603422759919705	5.1672707	2.273163
7.620988249263007	5.1178327	2.2622628
7.638553917944147	5.129175	2.2647681
7.656119766381391	5.1167555	2.2620246
7.673685794993023	5.134735	2.2659955
7.691252004197388	5.1068654	2.2598374
7.70881839441285	5.1322603	2.2654493
7.726384966057826	5.1503673	2.269442
7.743951719550762	5.163756	2.27239
7.761518655310149	5.1439323	2.268024
7.779085773754511	5.175635	2.2750022
7.796653075302419	5.1939898	2.2790327
7.814220560372475	5.160607	2.2716968
7.831788229383323	5.1570873	2.2709222
7.8493560827536495	5.1543694	2.2703235
7.866924120902174	5.1606865	2.2717144
7.884492344247663	5.159814	2.2715223
7.9020607532089135	5.1967864	2.2796462
7.919629348204771	5.2289915	2.2866988
7.937198129654115	5.3189664	2.3062885
7.954767097975865	5.3223743	2.307027
7.972336253588986	5.372837	2.317938
7.989905596912472	5.327103	2.3080518
8.007475128365371	5.3302283	2.3087287
8.025044848366756	5.299506	2.3020656
8.042614757335754	5.447206	2.333925
8.060184855691523	5.560135	2.3579938
8.07775514385327	5.730789	2.3939066
8.095325622240228	5.7883306	2.405895
8.112896291271687	5.8051667	2.4093914
8.130467151366968	5.9031963	2.4296494
8.148038202945436	5.8680687	2.4224098
8.165609446426497	5.8549614	2.4197028
8.183180882229594	5.854566	2.419621
8.200752510774217	5.851048	2.418894
8.218324332479893	5.9047017	2.4299593
8.235896347766193	5.9003477	2.429063
8.253468557052724	5.8509374	2.4188712
8.27104096075914	5.8415046	2.4169204
8.288613559305137	5.9262404	2.434387
8.306186353110448	6.0607295	2.461855
8.32375934259485	6.169388	2.4838252
8.341332528178162	6.197007	2.489379
8.358905910280246	6.178437	2.4856462
8.376479489321003	6.164399	2.4828207
8.394053265720377	6.230574	2.4961119
8.411627239898356	6.163282	2.482596
8.42920141227497	6.143059	2.4785194
8.44677578327029	6.0839677	2.4665701
8.464350353304427	6.0813894	2.4660473
8.48192512279754	6.082112	2.4661937
8.499500092169827	6.101863	2.4701948
8.51707526184153	6.112925	2.472433
8.534650632232934	6.133785	2.4766479
8.552226203764365	6.105315	2.4708936
8.569801976856192	6.100019	2.4698217
8.587377951928834	6.190834	2.4881387
8.60495412940274	6.2570577	2.5014112
8.622530509698416	6.2579374	2.501587
8.6401070932364	6.2964153	2.509266
8.657683880437283	6.408911	2.5315828
8.675260871721695	6.5974307	2.5685465
8.692838067510303	6.705127	2.589426
8.710415468223834	6.816662	2.6108737
8.727993074283043	6.9898133	2.6438255
8.745570886108737	7.0162525	2.6488209
8.763148904121765	7.062199	2.6574798
8.78072712874302	7.054154	2.6559658
8.798305560393441	7.2651715	2.6953983
8.815884199494006	7.3753715	2.7157636
8.833463046465745	7.538277	2.7455924
8.851042101729728	7.673468	2.7701025
8.86862136570707	7.967319	2.822644
8.886200838818924	8.137478	2.8526266
8.903780521486505	8.224309	2.8678057
8.921360414131055	8.323804	2.8851004
8.938940517173874	8.457254	2.908136
8.956520831036297	8.580856	2.9293098
8.97410135613971	8.861317	2.9767964
8.99168209290554	8.985413	2.997568
9.009263041755265	9.268579	3.044434
9.026844203110405	9.456952	3.0752158
9.044425577392525	9.595505	3.0976613
9.062007165023239	9.679482	3.1111867
9.079588966424197	9.95781	3.1555998
9.097170982017108	10.121831	3.1814826
9.11475321222372	11.128919	3.3360033
9.132335657465825	11.950611	3.4569657
9.149918318165264	12.010343	3.465594
9.167501194743924	12.588773	3.5480661
9.18508428762374	12.263248	3.501892
9.202667597226693	12.337476	3.5124743
9.220251123974803	12.033875	3.4689877
9.237834868290143	11.754514	3.4284856
9.255418830594836	11.553075	3.3989813
9.273003011311046	11.050471	3.324225
9.290587410860985	10.838317	3.29216
9.308172029666911	10.176156	3.1900089
9.32575686815113	9.8782	3.1429603
9.343341926735997	8.560814	2.9258869
9.360927205843916	8.421087	2.901911
9.378512705897327	8.2926855	2.8797023
9.396098427318728	8.136318	2.8524232
9.413684370530664	8.022269	2.832361
9.431270535955722	7.8666687	2.8047583
9.448856924016539	7.727609	2.7798579
9.466443535135806	7.555225	2.748677
9.484030369736251	7.5211644	2.742474
9.501617428240658	7.4947877	2.737661
9.519204711071852	7.496941	2.7380543
9.536792218652714	7.5111217	2.7406425
9.55437995140617	7.605624	2.7578297
9.571967909755191	7.7377524	2.7816815
9.589556094122802	7.864958	2.8044531
9.60714450493207	7.835846	2.799258
9.624733142606116	7.7826424	2.7897387
9.642322007568108	7.7908278	2.7912054
9.659911100241267	7.8557854	2.8028173
9.677500421048851	7.9091544	2.812322
9.695089970414175	7.9325805	2.8164837
9.712679748760609	7.9343777	2.8168027
9.730269756511557	7.9753847	2.8240724
9.747859994090492	8.007745	2.8297958
9.765450461920915	8.0158615	2.8312297
9.78304116042639	8.048175	2.8369305
9.800632090030527	8.113588	2.848436
9.81822325115699	8.227021	2.8682785
9.835814644229481	8.296877	2.88043
9.853406269671762	8.304952	2.8818314
9.870998127907646	8.295547	2.880199
9.888590219360985	8.283867	2.8781707
9.906182544455698	8.202277	2.8639617
9.923775103615734	8.142645	2.853532
9.941367897265108	8.091918	2.8446298
9.958960925827878	8.096184	2.8453794
9.97655418972816	8.17023	2.8583615
9.994147689390106	8.215402	2.8662522
10.011741425237934	8.223218	2.8676155
10.029335397695904	8.221828	2.867373
10.04692960718833	8.214847	2.8661554
10.06452405413958	8.222706	2.867526
10.082118738974064	8.152381	2.8552375
10.099713662116246	8.12098	2.8497334
10.117308823990651	8.062069	2.8393784
10.134904225021844	8.066799	2.8402112
10.152499865634445	8.153061	2.8553565
10.170095746253125	8.221062	2.8672395
10.18769186730261	8.246047	2.871593
10.205288229207675	8.146547	2.8542156
10.222884832393145	8.037469	2.835043
10.2404816772839	7.944767	2.8186462
10.258078764304868	7.973571	2.8237512
10.275676093881035	7.9961753	2.827751
10.293273666437438	7.9699388	2.823108
10.310871482399158	7.957133	2.820839
10.32846954219134	7.944246	2.818554
10.346067846239173	7.97249	2.8235598
10.363666394967908	7.957322	2.8208725
10.38126518880283	8.026134	2.833043
10.398864228169298	8.100625	2.8461597
10.416463513492713	8.114721	2.848635
10.434063045198531	8.0236635	2.8326073
10.451662823712262	7.98719	2.8261616
10.469262849459467	8.123575	2.8501887
10.486863122865758	8.104217	2.8467906
10.504463644356806	8.074064	2.8414898
10.522064414358338	7.914289	2.8132346
10.539665433296118	7.8280168	2.7978594
10.557266701595987	7.7706327	2.7875855
10.574868219683818	7.646801	2.765285
10.592469987985552	7.547452	2.7472627
10.610072006927185	7.459574	2.7312222
10.627674276934751	7.377311	2.7161207
10.64527679843435	7.2342863	2.689663
10.662879571852143	7.153172	2.6745415
10.680482597614331	7.0464964	2.6545238
10.698085876147173	7.020657	2.6496522
10.715689407876988	6.8415103	2.615628
10.733293193230146	6.75752	2.599523
10.750897232633072	6.6747155	2.583547
10.76850152651225	6.5992813	2.5689065
10.786106075294207	6.5001926	2.5495474
10.803710879405534	6.4159613	2.5329747
10.821315939272877	6.3605843	2.5220199
10.83892125532294	6.307397	2.5114532
10.856526827982472	6.233279	2.4966536
10.874132657678285	6.1342278	2.4767373
10.891738744837243	6.0735793	2.4644632
10.909345089886271	6.016058	2.4527655
10.926951693252343	6.034146	2.4564497
10.944558555362494	5.987679	2.4469733
10.96216567664381	5.896736	2.4283197
10.979773057523436	5.82728	2.413976
10.997380698428573	5.7961006	2.4075093
11.014988599786477	5.702542	2.3879995
11.032596762024461	5.621705	2.3710134
11.050205185569892	5.5632772	2.35866
11.067813870850198	5.526417	2.3508332
11.085422818292859	5.452664	2.335094
11.10303202832541	5.3630137	2.315818
11.120641501375454	5.2941976	2.3009124
11.138251237870636	5.26836	2.295291
11.155861238238671	5.175489	2.27497
11.173471502907317	5.150505	2.2694724
11.191082032304402	5.0684943	2.2513316
11.208692826857805	5.040003	2.244995
11.226303886995465	4.916149	2.2172391
11.243915213145371	4.851403	2.2025902
11.261526805735578	4.7875185	2.1880398
11.279138665194196	4.7441573	2.1781087
11.296750791949393	4.7144275	2.1712732
11.314363186429393	4.6915493	2.1659985
11.331975849062479	4.679567	2.1632307
11.34958878027699	4.645919	2.1554394
11.36720198050133	4.58345	2.1408994
11.384815450163948	4.559315	2.1352553
11.402429189693366	4.5275326	2.1278
11.420043199518153	4.5019484	2.1217794
11.437657480066942	63.43291	7.964478
11.455272031768422	85.14816	9.227576
11.472886855051353	107.53783	10.370045
11.490501950344528	99.159	9.957861
11.508117318076819	84.518745	9.193408
11.52573295867715	45.86403	6.772299
11.543348872574514	4.1540713	2.038154
11.560965060197946	3.9688177	1.9921892
11.57858152197655	3.904365	1.9759467
11.59619825833949	3.8914223	1.9726688
11.613815269715985	3.9307008	1.9825995
11.631432556535323	38.459164	6.2015452
11.649050119226837	82.96129	9.108309
11.666667958219929	93.34647	9.661598
11.68428607394406	107.629326	10.374455
11.701904466828756	82.45973	9.080734
11.719523137303586	65.31514	8.081779
11.737142085798196	4.557879	2.134919
11.754761312742286	3.6912153	1.9212536
11.772380818565619	3.6647015	1.914341
11.790000603698015	3.6380665	1.9073716
11.80762066856935	3.5720391	1.8899839
11.825241013609572	3.533314	1.8797112
11.842861639248683	3.5121307	1.874068
11.860482545916748	3.464476	1.8613104
11.878103734043883	3.430392	1.8521317
11.895725204060282	3.3665216	1.8348083
11.91334695639619	3.35306	1.8311362
11.930968991481919	3.2914143	1.8142256
11.948591309747824	3.2774975	1.8103861
11.966213911624347	3.2455087	1.8015295
11.98383679754198	3.2131658	1.7925305
12.001459967931268	3.2020364	1.7894235
12.019083423222835	3.2106364	1.7918248
12.036707163847352	3.2119584	1.7921938
12.05433119023556	3.2054584	1.7903794
12.071955502818259	3.2090507	1.7913823
12.089580102026313	3.216151	1.7933631
12.107204988290643	3.2029023	1.7896655
12.12483016204224	3.2262387	1.7961733
12.142455623712152	3.1815832	1.7836993
12.16008137373149	3.1337838	1.7702496
12.177707412531431	3.074624	1.7534606
12.19533374054321	3.0177722	1.7371737
12.212960358198126	2.9868515	1.728251
12.230587265927545	2.9930665	1.7300482
12.248214464162889	2.9696326	1.7232622
12.265841953335649	2.9819765	1.72684
12.283469733877375	2.9501574	1.7176023
12.301097806219685	2.9784284	1.7258124
12.31872617079425	2.9620636	1.7210647
12.336354828032825	2.9493344	1.7173626
12.353983778367205	2.8990664	1.7026645
12.371613022229262	2.881418	1.697474
12.389242560050928	2.838495	1.6847833
12.406872392264201	2.8366473	1.684235
12.424502519301143	2.8520312	1.6887958
12.442132941593874	2.8424027	1.6859426
12.459763659574586	2.8088713	1.6759688
12.477394673675532	2.7871587	1.6694785
12.49502598432903	2.799202	1.6730816
12.51265759196746	2.7685845	1.6639063
12.530289497023267	2.748344	1.657813
12.547921699928967	2.7413602	1.6557053
12.565554201117134	2.778036	1.6667441
12.583187001020404	2.8162878	1.6781799
12.600820100071486	2.783226	1.6683004
12.618453498703152	2.7567837	1.6603565
12.636087197348235	2.7254767	1.6509018
12.65372119643964	2.7276556	1.6515616
12.671355496410326	2.7368317	1.6543373
12.68899009769333	2.729587	1.6521462
12.706625000721749	2.8030386	1.6742277
12.724260205928752	2.8785326	1.6966239
12.741895713747551	2.92081	1.7090378
12.759531524611454	2.93397	1.7128835
12.777167638953818	2.9170036	1.7079238
12.794804057208072	2.9137762	1.7069787
12.812440779807702	2.9604006	1.7205814
12.830077807186271	3.122107	1.7669485
12.847715139777405	3.1691082	1.7801989
12.865352778014795	3.3959641	1.8428142
12.882990722332197	3.5305157	1.8789667
12.90062897316344	3.6242924	1.9037575
12.918267530942412	3.667316	1.9150238
12.935906396103071	3.5426872	1.8822027
12.953545569079449	3.7128398	1.9268731
12.971185050305628	3.5748262	1.8907211
12.988824840215775	3.5461938	1.883134
13.006464939244115	3.5151675	1.874878
13.024105347824943	3.360287	1.8331085
13.041746066392617	3.4528306	1.8581793
13.05938709538157	3.273469	1.809273
13.077028435226296	3.3005638	1.8167454
13.094670086361363	3.2259629	1.7960966
13.112312049221401	3.1139636	1.7646426
13.129954324241112	3.0108845	1.73519
13.147596911855258	2.8267035	1.6812804
13.165239812498685	2.836958	1.6843271
13.182883026606293	2.803889	1.6744817
13.200526554613058	2.745933	1.6570857
13.218170396954017	2.69674	1.6421753
13.235814554064284	2.67135	1.6344265
13.253459026379034	2.6891944	1.6398764
13.271103814333523	2.6908636	1.6403852
13.288748918363058	2.6597054	1.6308603
13.306394338903031	2.6017442	1.6129923
13.32404007638889	2.5724587	1.6038886
13.341686131256164	2.6152046	1.6171594
13.359332503940449	2.646211	1.6267178
13.376979194877402	2.675415	1.6356696
13.394626204502751	2.688593	1.6396929
13.412273533252307	2.717751	1.6485603
13.429921181561937	2.6984594	1.6426988
13.447569149867581	2.6809483	1.6373601
13.465217438605247	2.6527789	1.6287353
13.482866048211022	2.6257074	1.6204034
13.500514979121052	2.6626506	1.631763
13.518164231771568	2.6579347	1.6303173
13.535813806598844	2.644232	1.6261095
13.553463704039254	2.6287096	1.6213295
13.571113924529229	2.6289086	1.6213909
13.588764468505275	2.6489525	1.6275603
13.606415336403956	2.6726096	1.6348118
13.624066528661917	2.7160697	1.6480503
13.641718045715882	2.762224	1.661994
13.659369888002635	2.825863	1.6810303
13.67702205595903	2.8961995	1.7018224
13.694674550021993	2.963147	1.7213794
13.712327370628532	3.0045462	1.7333627
13.729980518215713	3.0762615	1.7539275
13.747633993220681	3.1626642	1.7783881
13.765287796080647	3.2131042	1.7925134
13.7829419272329	3.2484326	1.8023409
13.800596387114801	3.276518	1.8101155
13.818251176163775	3.2665384	1.8073567
13.835906294817324	3.31292	1.8201429
13.853561743513023	3.3512256	1.8306353
13.871217522688525	3.3895035	1.8410604
13.888873632781538	3.4053588	1.8453615
13.906530074229858	3.4034753	1.844851
13.92418684747135	3.405209	1.8453208
13.941843952943948	3.4345403	1.8532512
13.959501391085665	3.4363978	1.8537524
13.977159162334578	3.4253674	1.8507748
13.994817267128846	3.3637583	1.8340552
14.012475705906693	3.2820535	1.8116438
14.030134479106424	3.166418	1.7794431
14.047793587166414	3.091924	1.7583867
14.065453030525108	3.034273	1.7419164
14.083112809621026	2.998632	1.7316558
14.100772924892766	2.9326258	1.7124912
14.118433376778997	2.8975723	1.7022257
14.136094165718458	2.8412623	1.6856045
14.153755292149969	2.801343	1.6737213
14.171416756512416	2.707467	1.6454383
14.189078559244768	2.6489458	1.6275582
14.20674070078606	2.5854607	1.6079367
14.224403181575408	2.5608022	1.6002507
14.242066002051999	2.5002322	1.5812123
14.259729162655093	2.4225407	1.5564513
14.277392663824022	2.3868763	1.5449519
14.295056505998208	2.3987405	1.5487868
14.312720689617128	2.3803556	1.5428401
14.330385215120348	2.3656154	1.5380557
14.348050082947497	2.3163939	1.5219704
14.3657152935383	2.3371267	1.5287664
14.383380847332528	2.3385253	1.5292238
14.401046744770051	2.368825	1.5390987
14.418712986290798	2.366658	1.5383946
14.436379572334793	2.3828847	1.5436596
14.454046503342123	2.391406	1.5464171
14.471713779752946	2.3637545	1.5374507
14.489381402007504	2.3372326	1.5288011
14.507049370546113	2.2865887	1.5121471
14.524717685809168	2.2834034	1.5110935
14.542386348237134	2.3236918	1.524366
14.560055358270553	2.3905976	1.5461557
14.577724716350051	2.4416912	1.5625912
14.595394422916325	2.4548838	1.5668069
14.61306447841015	2.441997	1.5626891
14.63073488327237	2.4402058	1.5621158
14.648405637943917	2.4473007	1.564385
14.6660767428658	2.4334767	1.5599605
14.683748198479094	2.4648497	1.569984
14.701420005224954	2.5200946	1.5874805
14.719092163544628	2.6348155	1.6232115
14.73676467387942	2.662565	1.6317368
14.754437536670727	2.6520088	1.6284989
14.772110752360014	2.653466	1.6289463
14.78978432138882	2.693355	1.6411444
14.807458244198777	2.713283	1.6472046
14.82513252123159	2.667025	1.6331029
14.842807152929028	2.6537347	1.6290288
14.860482139732962	2.5986943	1.6120466
14.87815748208531	2.620982	1.6189446
14.8958331804281	2.6409044	1.625086
14.91350923520342	2.665381	1.6325995
14.931185646853438	2.6997306	1.6430857
14.948862415820408	2.6806173	1.6372591
14.966539542546656	2.6694102	1.6338329
14.98421702747459	2.6119142	1.6161418
15.001894871046696	2.581995	1.6068587
15.019573073705542	2.5882926	1.6088171
15.037251635893766	2.6203096	1.618737
15.054930558054092	2.659244	1.6307188
15.072609840629323	2.6653173	1.6325799
15.090289484062351	2.7395566	1.6551605
15.107969488796124	2.8962243	1.7018297
15.125649855273691	3.0957427	1.7594723
15.14333058393817	3.5152326	1.8748953
15.161011675232768	4.101959	2.0253294
15.17869312960076	4.765665	2.1830404
15.196374947485506	5.4905357	2.3431892
15.214057129330447	6.83473	2.6143317
15.231739675579114	8.949197	2.991521
15.249422586675102	13.47582	3.6709425
15.267105863062092	18.011415	4.2439857
15.284789505183847	25.169453	5.0169168
15.302473513484218	30.014254	5.4785266
15.320157888407127	34.13136	5.842205
15.337842630396578	33.17795	5.7600307
15.355527739896656	30.431305	5.5164576
15.37321321735153	23.79546	4.878059
15.39089906320545	16.233084	4.0290303
15.408585277902748	10.424557	3.2287083
15.42627186188783	6.430425	2.5358284
15.443958815605198	4.5951104	2.143621
15.461646139499424	3.761049	1.9393424
15.479333834015168	3.3427675	1.8283237
15.497021899597165	3.0029035	1.7328888
15.514710336690234	2.8047214	1.6747302
15.53239914573928	2.6315134	1.622194
15.550088327189297	2.5476704	1.5961423
15.567777881485336	2.4709325	1.57192
15.58546780907256	2.45252	1.5660523
15.6031581103962	2.4562554	1.5672445
15.620848785901568	2.448899	1.5648959
15.638539836034063	2.465007	1.5700341
15.656231261239173	2.4430485	1.5630255
15.673923061962451	2.4470599	1.5643082
15.691615238649552	2.4329705	1.5597982
15.709307791746202	2.4098668	1.5523746
15.727000721698221	2.4032128	1.5502299
15.744694028951498	2.4157634	1.5542727
15.76238771395202	2.4291515	1.5585736
15.780081777145844	2.4102778	1.5525069
15.797776218979125	2.4277067	1.55811
15.815471039898094	2.4301593	1.5588968
15.833166240349064	2.4490087	1.5649309
15.850861820778437	2.45826	1.567884
15.868557781632699	2.4697978	1.5715591
15.886254123358412	2.440427	1.5621866
15.903950846402232	2.4431918	1.5630713
15.921647951210897	2.4531617	1.5662572
15.939345438231225	2.5016668	1.5816659
15.957043307910133	2.517838	1.5867697
15.974741560694602	2.5280395	1.589981
15.992440197031714	2.4899004	1.5779418
16.01013921736862	2.475017	1.5732187
16.02783862215259	2.4673746	1.5707879
16.045538411830933	2.4588492	1.5680718
16.06323858685107	2.433886	1.5600917
16.080939147660512	2.421949	1.5562612
16.09864009470684	2.443306	1.5631078
16.11634142843774	2.456756	1.5674043
16.134043149300954	2.4533205	1.5663079
16.15174525774433	2.4291775	1.558582
16.169447754215817	2.4022846	1.5499306
16.18715063916342	2.3986065	1.5487435
16.204853913035244	2.4177341	1.5549065
16.222557576279478	2.4527142	1.5661143
16.240261629344403	22.46567	4.739796
16.257966072678386	42.985237	6.5563126
16.275670906729868	38.081795	6.171045
16.293376131947387	2.5118146	1.5848706
16.31108174877957	2.5252512	1.5891039
16.328787757675133	2.543013	1.5946828
16.34649415908287	2.5272825	1.5897429
16.364200953451657	2.5812848	1.6066377
16.38190814123048	2.6147473	1.617018
16.39961572286839	2.644887	1.6263108
16.41732369881455	2.6513758	1.6283046
16.43503206951817	2.6884823	1.6396592
16.45274083542859	2.7129903	1.6471157
16.47044999699522	2.7610998	1.6616558
16.488159554667558	2.819066	1.6790074
16.505869508895184	2.9046702	1.7043093
16.523579860127786	2.9791946	1.7260344
16.541290608815117	3.0352101	1.7421855
16.559001755407035	3.0911648	1.7581708
16.57671330035348	3.1885276	1.7856449
16.59442524410448	3.2432845	1.8009121
16.61213758711015	3.3912244	1.8415277
16.629850329820705	3.428214	1.8515437
16.647563472686436	3.5201962	1.8762186
16.665277016157724	3.4627497	1.8608465
16.682990960685053	3.4633114	1.8609974
16.70070530671898	3.4735548	1.8637475
16.718420054710155	3.5287268	1.8784906
16.736135205109335	3.5693612	1.8892753
16.753850758367335	3.6078885	1.8994442
16.771566714935087	3.6711328	1.91602
16.789283075263597	3.738225	1.933449
16.80699983980398	3.7611146	1.9393593
16.82471700900741	3.7973783	1.9486862
16.84243458332518	3.8628469	1.9654126
16.860152563208665	3.9343925	1.9835303
16.87787094910932	4.0079923	2.001997
16.89558974147871	4.0881276	2.0219119
16.913308940768466	4.1485524	2.0367997
16.931028547430333	4.183054	2.0452516
16.94874856191613	4.192303	2.0475116
16.966468984677785	4.2641926	2.0649922
16.98418981616729	4.339023	2.0830321
17.00191105683676	4.41905	2.1021538
17.019632707138374	4.484	2.1175458
17.03735476752442	4.545665	2.1320565
17.05507723844728	4.5862103	2.1415439
17.072800120359403	4.611211	2.147373
17.090523413713353	4.571408	2.1380851
17.108247118961785	4.5498123	2.133029
17.125971236557437	4.549563	2.1329703
17.143695766953133	4.5938163	2.143319
17.161420710601806	4.6500006	2.156386
17.179146067956477	4.6558614	2.1577444
17.19687183947025	4.649196	2.1561995
17.21459802559634	4.647628	2.1558359
17.232324626788028	4.6419654	2.1545222
17.25005164349871	4.6632714	2.159461
17.267779076181863	4.676333	2.162483
17.285506925291074	4.646092	2.1554794
17.30323519127999	4.5746603	2.1388454
17.320963874602384	4.500346	2.121402
17.33869297571211	4.4847574	2.1177247
17.356422495063114	4.5082836	2.123272
17.37415243310944	4.4890466	2.118737
17.391882790305218	4.501264	2.1216183
17.40961356710468	4.4899154	2.118942
17.42734476396215	4.5549774	2.1342392
17.445076381332044	4.593802	2.1433156
17.462808419668868	4.598857	2.1444945
17.48054087942723	4.67013	2.1610484
17.498273761061835	4.770747	2.184204
17.51600706502747	5.096703	2.257588
17.533740791779024	5.698105	2.3870704
17.551474941771485	6.654091	2.5795524
17.56920951545993	8.546495	2.923439
17.586944513299528	9.822971	3.134162
17.60467993574556	12.691511	3.5625148
17.622415783253373	15.393668	3.9234765
17.64015205627843	18.179363	4.263726
17.657888755276293	20.482689	4.5257807
17.675625880702604	22.071955	4.69808
17.69336343301311	20.779663	4.5584717
17.71110141266366	18.783165	4.333955
17.728839820110178	15.954612	3.9943225
17.746578655808705	12.740868	3.5694351
17.764317920215372	10.450121	3.2326646
17.7820576137864	8.734575	2.9554315
17.79979773697811	7.4180155	2.7236035
17.81753829024692	6.1375055	2.4773989
17.835279274049356	5.3362923	2.3100417
17.85302068884201	4.5620027	2.1358845
17.870762535081607	4.1218987	2.030246
17.888504813224934	3.8721473	1.9677773
17.90624752372891	3.7044406	1.9246924
17.923990667050536	3.5900803	1.8947507
17.941734243646895	3.5102415	1.8735639
17.959478253975185	3.464897	1.8614234
17.9772226984927	3.436649	1.8538201
17.994967577656833	3.4205472	1.8494722
18.01271289192506	3.3966289	1.8429946
18.030458641754965	3.3443031	1.8287436
18.04820482760425	3.3065574	1.8183942
18.06595144993067	3.2927775	1.8146012
18.083698509192125	3.286598	1.8128977
18.101446005846576	3.2287064	1.7968601
18.119193940352105	3.1675942	1.7797736
18.136942313166887	3.138179	1.7714906
18.1546911247492	3.1239114	1.767459
18.1724403755574	3.1115398	1.7639557
18.19019006604997	3.0957024	1.7594608
18.207940196685467	3.0984895	1.7602527
18.225690767922575	3.091192	1.7581786
18.243441780220046	3.0414624	1.7439789
18.261193234036764	3.0280647	1.7401335
18.278945129831676	3.0220976	1.7384181
18.29669746806386	3.0400307	1.7435684
18.314450249192483	3.0245686	1.7391287
18.3322034736768	2.97973	1.7261894
18.349957141976184	2.971619	1.7238384
18.3677112545501	3.0053353	1.7335902
18.385465811858108	3.029664	1.740593
18.403220814359884	3.034579	1.7420043
18.420976262515172	3.0466905	1.7454772
18.43873215678387	3.050222	1.7464885
18.456488497625923	3.0802796	1.7550725
18.474245285501407	3.1580222	1.7770824
18.492002520870486	3.2235558	1.7954264
18.50976020419343	3.2975204	1.8159076
18.527518335930615	3.5334828	1.8797561
18.545276916542516	4.093489	2.0232372
18.563035946489688	4.3048506	2.0748134
18.580795426232832	4.748031	2.1789978
18.598555356232698	4.665863	2.160061
18.616315736950185	4.906675	2.2151015
18.63407656884626	4.6115756	2.1474578
18.65183785238201	4.819931	2.195434
18.669599588018617	4.6718264	2.1614408
18.68736177621737	4.6656356	2.1600082
18.705124417439652	4.624064	2.1503637
18.72288751214696	4.3881497	2.0947912
18.740651060800886	4.532662	2.129005
18.758415063863115	4.263142	2.0647378
18.77617952179546	4.413105	2.1007392
18.793944435059814	4.1474066	2.0365183
18.811709804118184	4.1063604	2.0264156
18.829475629432675	4.061682	2.0153615
18.8472419114655	3.8806655	1.9699405
18.86500865067897	3.9834485	1.9958578
18.88277584753551	3.6767437	1.9174837
18.90054350249763	3.6985679	1.9231662
18.918311616027957	3.3839467	1.8395506
18.936080188589226	3.260184	1.805598
18.953849220644265	2.9534357	1.7185563
18.971618712656007	2.8655713	1.6927998
18.9893886650875	2.8585918	1.690737
19.007159078401887	8.013037	2.8307307
19.024929953062408	32.85557	5.731978
19.042701289532435	32.77896	5.7252913
19.060473088275405	25.334679	5.0333567
19.07824534975489	2.589697	1.6092535
19.096018074434568	2.5871608	1.6084653
19.113791262778197	2.605986	1.6143067
19.13156491524966	2.5943427	1.6106963
19.149339032312945	2.5602813	1.6000879
19.167113614432136	2.5382059	1.5931748
19.184888662071433	2.563188	1.600996
19.202664175695123	2.5487359	1.5964761
19.220440155767623	2.4763227	1.5736336
19.238216602753447	2.452866	1.5661628
19.2559935171172	2.4455106	1.5638129
19.27377089932361	2.486071	1.576728
19.291548749837514	2.4908645	1.5782473
19.309327069123835	2.4910643	1.5783106
19.32710585764763	2.4683304	1.5710921
19.344885115874032	2.486308	1.5768031
19.362664844268313	2.518919	1.5871103
19.380445043295822	2.5171852	1.586564
19.39822571342203	2.515253	1.5859549
19.41600685511252	2.518395	1.5869452
19.43378846883297	2.5199478	1.5874343
19.451570555049173	2.4892786	1.5777447
19.469353114227037	2.4673197	1.5707704
19.48713614683254	2.4452555	1.5637313
19.50491965333182	2.431036	1.559178
19.52270363419109	2.4330258	1.559816
19.540488089876686	2.4724429	1.5724003
19.55827302085503	2.4850006	1.5763885
19.576058427592674	2.4870849	1.5770494
19.593844310556282	2.4486947	1.5648305
19.611630670212598	2.4490237	1.5649357
19.629417507028506	2.4439478	1.5633131
19.64720482147098	2.4585395	1.567973
19.6649926140071	2.4688423	1.571255
19.682780885104084	2.4568853	1.5674455
19.70056963522921	2.4483454	1.564719
19.718358864849908	2.4226475	1.5564857
19.7361485744337	2.4758484	1.5734829
19.753938764448215	2.4772632	1.5739324
19.771729435361202	2.4492989	1.5650235
19.789520587640506	2.4263597	1.5576776
19.807312221754092	2.4555542	1.5670208
19.825104338170043	2.467418	1.5708017
19.842896937356517	2.4924982	1.5787648
19.860690019781824	2.5109534	1.5845988
19.87848358591436	2.5235498	1.5885684
19.896277636222635	2.5159035	1.58616
19.914072171175278	2.491318	1.578391
19.931867191241015	2.4651577	1.5700821
19.94966269688869	2.4807835	1.5750504
19.967458688587264	2.4727342	1.572493
19.985255166805807	2.4783237	1.5742693
20.00305213201348	2.4634843	1.5695491
20.020849584679578	2.4529417	1.566187
20.038647525273507	2.458296	1.5678954
20.05644595426477	2.4625864	1.569263
20.07424487212299	2.4127016	1.5532874
20.092044279317903	2.3824298	1.5435122
20.109844176319353	2.346681	1.5318881
20.127644563597304	2.3461	1.5316985
20.145445441621817	2.3538995	1.5342423
20.16324681086307	2.411999	1.5530611
20.181048671791373	2.4349647	1.5604373
20.198851024877122	2.4238389	1.5568683
20.216653870590836	2.3990574	1.548889
20.234457209403146	2.3717885	1.5400612
20.252261041784802	2.346848	1.5319426
20.270065368206662	2.3478785	1.5322789
20.287870189139685	2.3566096	1.5351253
20.305675505054968	2.3320107	1.5270922
20.323481316423702	2.2855647	1.5118084
20.341287623717207	2.307142	1.5189279
20.359094427406884	2.3516197	1.5334991
20.376901727964288	2.3653364	1.537965
20.39470952586107	2.3367476	1.5286424
20.41251782156899	2.3495815	1.5328344
20.430326615559935	2.3200545	1.5231725
20.448135908305886	2.321769	1.5237352
20.465945700278965	2.3260157	1.5251281
20.483755991951384	2.3476048	1.5321895
20.50156678379548	2.3407276	1.5299437
20.519378076283708	2.3273814	1.5255758
20.537189869888635	2.3031216	1.5176039
20.55500216508294	2.2962277	1.5153309
20.572814962339415	2.2824702	1.5107846
20.59062826213098	2.3147714	1.5214373
20.60844206493066	2.3303895	1.5265614
20.626256371211593	2.3247378	1.5247091
20.644071181447032	2.3120756	1.5205511
20.66188649611036	2.281665	1.5105182
20.67970231567506	2.2992027	1.5163122
20.697518640614742	2.3163078	1.5219421
20.715335471403122	2.3173296	1.5222778
20.73315280851404	2.2817848	1.5105578
20.750970652421447	2.2848694	1.5115784
20.768789003599412	2.2846363	1.5115013
20.786607862522136	2.2802393	1.5100461
20.8044272296639	2.2445083	1.4981683
20.82224710549913	2.2567134	1.5022361
20.84006749050237	2.2570233	1.5023392
20.857888385148268	3.795142	1.9481124
20.8757097899116	45.90678	6.775454
20.893531705267254	64.789246	8.049177
20.911354131690224	83.84787	9.156848
20.92917706965566	69.09528	8.312357
20.94700051963877	50.11524	7.0792117
20.96482448211493	29.374676	5.419841
20.982648957559622	4.112848	2.0280156
21.00047394644843	2.2009869	1.4835724
21.01829944925707	2.2072709	1.4856887
21.036125466461375	2.2195477	1.4898146
21.053951998537297	2.2412014	1.4970642
21.071779045960906	2.2267065	1.4922153
21.089606609208378	2.2145813	1.4881469
21.10743468875603	2.1903987	1.4799995
21.12526328508028	2.1696708	1.4729803
21.143092398657675	2.1715655	1.4736233
21.16092202996488	2.1865504	1.4786988
21.17875217947867	2.1688652	1.4727068
21.19658284767596	2.1703126	1.473198
21.21441403503377	2.1336074	1.4606873
21.232245742029225	2.1361158	1.4615457
21.2500779691396	2.137038	1.4618611
21.26791071684227	2.1479242	1.4655799
21.28574398561475	2.1233337	1.4571663
21.30357777593465	2.1547287	1.4678994
21.321412088279704	2.1626103	1.4705817
21.339246923127792	2.1565168	1.4685084
21.357082280956888	2.141105	1.4632515
21.3749181622451	2.139074	1.4625574
21.392754567470647	2.1450102	1.4645853
21.41059149711187	2.1405327	1.463056
21.42842895164726	2.1372373	1.4619293
21.446266931555378	2.1081803	1.4519573
21.464105437314945	2.0791278	1.4419181
21.481944469404798	2.0954812	1.4475777
21.49978402830388	2.0963092	1.4478637
21.51762411449127	2.0926805	1.44661
21.53546472844617	2.0778165	1.4414634
21.553305870647876	2.090771	1.4459498
21.571147541575865	2.0790637	1.4418958
21.58898974170967	2.0522103	1.4325538
21.60683247152899	2.0062993	1.4164389
21.62467573151363	2.0116327	1.4183204
21.642519522143523	2.0301719	1.424841
21.660363843898722	2.0643027	1.4367682
21.6782086972594	2.0962596	1.4478465
21.696054082705864	2.1118743	1.453229
21.713900000718535	2.0524745	1.432646
21.73174645177795	2.0506997	1.4320264
21.749593436364794	2.0443513	1.4298081
21.767440954959845	2.0297382	1.4246888
21.785289008044032	2.0070102	1.4166899
21.803137596098388	2.0127673	1.4187204
21.820986719604086	1.9959584	1.412784
21.838836379042412	2.0292726	1.4245254
21.85668657489478	2.0237315	1.4225792
21.87453730764273	2.0263104	1.4234853
21.892388577767914	2.0058444	1.4162784
21.91024038575213	1.994441	1.4122468
21.928092732077285	1.9707055	1.4038181
21.945945617225426	1.9575679	1.3991312
21.963799041678694	1.9439591	1.3942593
21.981653005919398	31.24232	5.589483
21.999507510429943	78.06179	8.8352585
22.01736255569286	73.04196	8.546459
22.035218142190818	4.148371	2.036755
22.05307427040661	1.9883435	1.4100864
22.07093094082315	2.0144231	1.4193038
22.088788153923474	2.023907	1.4226408
22.106645910190746	1.9980794	1.4135344
22.12450421010827	1.983694	1.4084367
22.142363054159464	1.963339	1.401192
22.16022244282787	1.9684381	1.4030104
22.178082376597164	1.965228	1.4018658
22.195942855951145	1.9708623	1.403874
22.213803881373742	1.9714403	1.4040799
22.231665453349002	1.963809	1.4013597
22.24952757236111	1.9755388	1.4055387
22.26739023889438	2.0079157	1.4170095
22.28525345343323	1.9759868	1.405698
22.30311721646225	1.9690092	1.4032139
22.320981528466113	1.9355357	1.3912354
22.33884638992964	1.9593569	1.3997703
22.356711801337788	1.9419571	1.3935412
22.37457776317561	1.9374504	1.3919233
22.392444275928337	1.9170591	1.3845791
22.410311340081282	1.9378811	1.392078
22.428178956119904	1.9371463	1.391814
22.446047124529805	1.9014273	1.3789225
22.46391584579669	1.8728263	1.3685125
22.481785120406414	1.8896638	1.3746505
22.49965494884496	1.9145516	1.3836732
22.51752533159841	1.9375627	1.3919636
22.53539626915302	1.9303585	1.3893734
22.553267761995137	1.9040854	1.379886
22.571139810611264	1.8829402	1.3722026
22.589012415488025	1.9181489	1.3849726
22.60688557711216	1.9403003	1.3929466
22.624759295970566	1.9153258	1.383953
22.642633572550263	1.9141548	1.3835298
22.660508407338362	1.9160539	1.384216
22.67838380082217	1.9209111	1.3859694
22.696259753489077	1.9217552	1.3862739
22.714136265826614	1.9152926	1.3839409
22.73201333832246	1.8824518	1.3720247
22.74989097146439	1.8823127	1.371974
22.76776916574035	1.9209895	1.3859977
22.785647921638393	1.9466106	1.3952099
22.803527239646712	1.9247353	1.3873483
22.82140712025363	1.904651	1.380091
22.839287563947593	1.8794782	1.3709407
22.85716857121719	1.8536416	1.3614851
22.875050142551135	1.8317454	1.3534199
22.892932278438277	1.8013588	1.3421471
22.910814979367604	1.8312219	1.3532265
22.928698245828222	1.8317848	1.3534344
22.946582078309387	1.8758881	1.3696307
22.96446647730047	1.8632878	1.365023
22.98235144329098	1.9117914	1.3826754
23.000236976770562	1.9219289	1.3863364
23.018123078229	1.9128944	1.3830743
23.03600974815619	1.8654118	1.3658007
23.053896987042194	1.8482338	1.3594977
23.071784795377173	1.8590877	1.3634837
23.08967317365145	1.8688325	1.3670524
23.10756212235546	1.8755109	1.3694929
23.125451641979787	1.9053587	1.3803473
23.143341733015134	1.9377131	1.3920176
23.161232395952357	1.9699033	1.4035325
23.179123631282426	1.9811223	1.4075234
23.197015439496468	1.9604855	1.4001734
23.214907821085717	1.9254975	1.387623
23.23280077654157	1.90097	1.3787566
23.250694306355538	1.8871225	1.3737258
23.268588411019277	1.8957155	1.3768499
23.28648309102458	1.8987701	1.3779587
23.304378346863356	1.9181368	1.3849682
23.322274179027676	1.9872794	1.409709
23.340170588009723	1.9970489	1.4131697
23.358067574301852	1.973678	1.4048765
23.37596513839651	1.9664309	1.4022949
23.39386328078629	1.9602033	1.4000726
23.411762001963947	1.9695005	1.403389
23.429661302422353	1.9465973	1.3952051
23.4475611826545	1.9349443	1.3910228
23.46546164315356	1.8953884	1.376731
23.48336268441279	1.8945168	1.3764145
23.501264306925638	1.8798915	1.3710914
23.51916651118564	1.8531716	1.3613125
23.537069297686497	1.8886063	1.3742658
23.554972666922037	1.919334	1.3854003
23.57287661938623	1.9197208	1.3855399
23.59078115557318	1.9148891	1.3837951
23.608686275977128	1.8852367	1.3730392
23.62659198109246	1.8697976	1.3674054
23.6444982714137	1.8538696	1.3615688
23.66240514743549	1.9091341	1.3817142
23.68031260965263	1.9143662	1.3836062
23.698220658560068	1.9317808	1.3898852
23.716129294652845	1.9363018	1.3915106
23.7340385184262	1.9113134	1.3825026
23.75194833037546	1.8594767	1.3636262
23.769858730996123	1.8664658	1.3661866
23.78776972078382	1.9136015	1.3833299
23.80568130023431	1.9259914	1.3878009
23.823593469843495	1.9254164	1.3875937
23.841506230107424	1.902695	1.3793821
23.859419581522275	1.8461626	1.3587357
23.87733352458438	1.8394909	1.3562783
23.89524805979019	1.8717787	1.3681296
23.913163187636318	1.9063109	1.3806922
23.931078908619508	1.9195317	1.3854717
23.948995223236633	1.9582071	1.3993596
23.966912131984735	1.9644372	1.4015838
23.98482963536096	2.0031214	1.4153167
24.002747733862616	2.0353441	1.4266548
24.020666427987155	2.077623	1.4413961
24.038585718232156	2.037107	1.4272726
24.056505605095353	1.9950598	1.4124659
24.074426089074617	2.0049279	1.4159547
24.092347170667946	2.0359488	1.4268668
24.110268850373515	2.072792	1.4397194
24.128191128689586	2.078561	1.4417216
24.146114006114626	2.11045	1.4527388
24.164037483147187	2.07734	1.441298
24.181961560286005	2.0320745	1.4255085
24.199886238029926	2.0008833	1.4145259
24.21781151687797	2.0437593	1.4296011
24.235737397329274	2.0808685	1.4425216
24.253663879883135	2.0857892	1.4442261
24.271590965038975	2.07436	1.4402639
24.289518653296376	2.0292866	1.4245303
24.30744694515505	2.0344064	1.4263262
24.32537584111486	2.0274942	1.4239011
24.34330534167581	2.0467656	1.4306521
24.361235447338046	2.0329268	1.4258075
24.379166158601876	1.9910995	1.4110632
24.39709747596772	2.022623	1.4221895
24.41502939993615	2.0328016	1.4257635
24.432961931007917	2.024495	1.4228475
24.450895069683856	1.9922755	1.4114798
24.468828816465	1.9663554	1.4022679
24.4867631718525	1.9764247	1.4058537
24.504698136347656	1.9770662	1.4060818
24.52263371045192	1.9701506	1.4036205
24.540569894666874	1.9333969	1.3904665
24.558506689494266	1.9093385	1.3817881
24.57644409543597	1.9082721	1.3814023
24.594382112994012	1.8921909	1.3755693
24.61232074267057	1.9023613	1.3792611
24.630259984967953	1.8804264	1.3712864
24.64819984038863	1.9450428	1.394648
24.66614030943522	1.9760085	1.4057057
24.684081392610462	1.980254	1.407215
24.702023090417274	2.0155315	1.4196942
24.7199654033587	2.0096684	1.4176277
24.737908331937927	1.970791	1.4038486
24.755851876658305	1.954758	1.3981266
24.773796038023324	1.9791042	1.4068063
24.79174081653661	1.985222	1.408979
24.809686212701962	2.004844	1.4159251
24.827632227023294	2.053731	1.4330844
24.8455788600047	2.073187	1.4398566
24.8635261121504	2.1216607	1.4565922
24.88147398396475	2.1065843	1.4514077
24.899422475952303	2.0929253	1.4466946
24.917371588617698	2.1114132	1.4530703
24.935321322465768	2.1567235	1.4685787
24.953271678001478	2.285935	1.5119308
24.97122265572994	2.487395	1.5771477
24.989174256156414	2.8306296	1.6824476
25.00712647978632	3.367635	1.8351117
25.02507932712521	4.3620048	2.0885413
25.043032798678798	5.8561106	2.4199402
25.060986894952933	7.5460525	2.7470078
25.078941616453637	9.001963	3.000327
25.096896963687055	9.906006	3.1473808
25.114852937159508	10.610245	3.257337
25.132809537377444	10.341184	3.2157712
25.150766764847468	9.587775	3.0964134
25.168724620076347	8.268954	2.8755789
25.186683103570985	7.2082705	2.6848223
25.204642215838426	5.916031	2.4322891
25.222601957385894	4.728448	2.1744995
25.24056232872074	3.589775	1.8946701
25.25852333035048	2.8526986	1.6889933
25.276484962782778	2.428349	1.5583161
25.294447226525435	2.196793	1.4821583
25.312410122086423	2.033703	1.4260796
25.330373649973843	1.9424646	1.3937232
25.348337810695988	1.9250269	1.3874534
25.366302604761245	1.9522884	1.3972431
25.384268032678207	1.9262061	1.3878783
25.40223409495558	1.9021895	1.3791989
25.420200792102257	1.8986969	1.3779321
25.438168124627246	1.8963743	1.3770891
25.45613609303974	1.8983829	1.3778182
25.474104697849057	1.840483	1.356644
25.492073939564698	1.833713	1.3541466
25.510043818696285	1.870466	1.3676498
25.528014335753614	1.9233727	1.3868572
25.54598549124664	1.8842024	1.3726625
25.56395728568544	1.8543006	1.3617271
25.58192971958028	1.8743348	1.3690635
25.59990279344156	1.8852128	1.3730305
25.617876507779833	1.879308	1.3708786
25.635850863105826	1.8636571	1.3651583
25.653825859930386	1.8707575	1.3677564
25.671801498764548	1.8849632	1.3729396
25.68977778011949	1.9008847	1.3787258
25.707754704506524	1.8724934	1.3683908
25.725732272437153	1.8826567	1.3720994
25.743710484423012	1.8618325	1.3644898
25.761689340975888	1.8085966	1.3448408
25.77966884260774	1.7918369	1.3385952
25.797648989830662	1.8522527	1.3609749
25.815629783156922	1.8475844	1.3592588
25.83361122309895	1.7782784	1.333521
25.85159331016929	1.7629573	1.327764
25.869576044880695	1.812341	1.3462322
25.887559427746034	1.8555615	1.36219
25.90554345927836	1.8485142	1.3596008
25.92352813999086	1.8202469	1.3491653
25.94151347039689	1.8345543	1.3544573
25.959499451009965	1.8364342	1.355151
25.97748608234374	1.8360815	1.3550209
25.995473364912062	1.8067267	1.3441453
26.013461299228904	1.8154328	1.3473799
26.03144988580839	1.8276976	1.3519237
26.04943912516483	1.8194853	1.348883
26.067429017812675	1.7986994	1.341156
26.085419564266537	1.810262	1.3454598
26.103410765041186	1.8297971	1.3527
26.12140262065155	1.8028678	1.3427091
26.139395131612723	1.8127964	1.3464012
26.157388298439948	1.8154573	1.3473891
26.17538212164861	1.842916	1.3575404
26.193376601754295	1.8386736	1.3559769
26.211371739272714	1.8196334	1.3489379
26.229367534719746	1.829354	1.3525362
26.247363988611433	1.8213389	1.3495699
26.26536110146397	1.7891537	1.3375925
26.283358873793727	1.7746902	1.332175
26.301357306117204	1.764725	1.3284295
26.319356398951104	1.7996651	1.341516
26.33735615281224	1.8135151	1.3466681
26.35535656821762	1.8215635	1.3496531
26.373357645684404	1.840089	1.3564988
26.39135938572991	1.8419678	1.3571912
26.409361788871614	1.8175212	1.3481548
26.427364855627165	1.8188955	1.3486643
26.445368586514352	1.8522911	1.360989
26.46337298205115	1.8249645	1.3509125
26.48137804275568	1.8226218	1.3500451
26.499383769146217	1.8790963	1.3708013
26.517390161741215	1.9094316	1.3818219
26.53539722105928	1.8946905	1.3764776
26.553404947619182	1.8354669	1.354794
26.571413341939856	1.8072839	1.3443526
26.589422404540397	1.8045428	1.3433328
26.60743213594006	1.8474948	1.3592259
26.62544253665827	1.8340292	1.3542633
26.64345360721459	1.7968515	1.3404669
26.66146534812879	1.8036426	1.3429977
26.679477759920758	1.80529	1.3436108
26.69749084311057	1.8044709	1.343306
26.71550459821847	1.7975228	1.3407173
26.733519025764842	1.8122828	1.3462105
26.751534126270258	1.8304341	1.3529353
26.769549900255434	1.8335702	1.3540939
26.787566348241267	1.8617136	1.3644463
26.80558347074881	1.8670348	1.3663948
26.823601268299267	1.856282	1.3624544
26.841619741414036	1.808337	1.3447442
26.85963889061465	1.8052733	1.3436046
26.877658716422832	1.7647903	1.3284541
26.89567921936045	1.7773758	1.3331826
26.913700399949544	1.795466	1.33995
26.93172225871233	1.812927	1.3464497
26.949744796171174	1.8152962	1.3473293
26.967768012848605	1.8294369	1.3525668
26.98579190926733	1.8577408	1.3629897
27.003816485950225	1.8439351	1.3579158
27.021841743420318	1.8368578	1.3553072
27.039867682200814	1.8008517	1.3419582
27.057894302815072	1.7887034	1.3374242
27.07592160578664	1.8117036	1.3459954
27.0939495916392	1.812032	1.3461174
27.111978260896635	1.8533626	1.3613826
27.13000761408296	1.8367583	1.3552705
27.148037651722397	1.8129104	1.3464437
27.166068374339304	1.8122498	1.3461983
27.184099782458215	1.7878224	1.3370948
27.20213187660384	1.8252842	1.3510308
27.22016465730105	1.821312	1.3495599
27.23819812507487	1.799626	1.3415014
27.256232280450533	1.8080181	1.3446256
27.274267123953383	1.824682	1.3508079
27.292302656108987	1.8360711	1.3550171
27.31033887744306	1.8391105	1.3561381
27.32837578848146	1.8116106	1.3459609
27.34641338975026	1.8044461	1.3432968
27.364451681775673	1.8013476	1.3421429
27.382490665084074	1.8111624	1.3457943
27.400530340202046	1.7639762	1.3281476
27.41857070765629	1.7774767	1.3332204
27.436611767973726	1.8171968	1.3480344
27.454653521681404	1.829871	1.3527273
27.472695969306564	1.8158393	1.3475308
27.490739111376627	1.7842826	1.3357704
27.508782948419153	1.7873728	1.3369266
27.526827480961902	1.8487433	1.3596851
27.54487270953279	1.8610357	1.3641979
27.562918634659898	1.8335644	1.3540918
27.580965256871508	1.8562458	1.3624411
27.599012576696026	1.8197676	1.3489876
27.617060594662068	1.7784129	1.3335716
27.63510931129842	1.8000841	1.3416722
27.65315872713401	1.8485968	1.3596312
27.67120884269797	1.8886195	1.3742706
27.68925965851958	1.9161425	1.384248
27.707311175128307	1.8404334	1.3566257
27.725363393053787	1.7945099	1.3395932
27.74341631282583	1.8355305	1.3548175
27.7614699349744	1.9075477	1.38114
27.77952426002968	2.104174	1.4505771
27.797579288521973	2.1696484	1.4729726
27.815635020981784	2.6212857	1.6190385
27.83369145793979	2.6640995	1.6322069
27.85174859992682	2.4343178	1.56023
27.869806447473923	2.2965684	1.5154433
27.887865001112267	2.053297	1.432933
27.905924261373233	1.9700948	1.4036007
27.92398422878836	1.9097508	1.3819374
27.94204490388936	1.8356442	1.3548595
27.96010628720813	1.8242351	1.3506424
27.978168379276728	1.8014901	1.342196
27.9962311806274	1.8156806	1.347472
28.014294691792568	1.8796027	1.370986
28.0323589133048	1.903846	1.3797992
28.050423845696887	1.8644738	1.3654574
28.068489489501758	1.8423707	1.3573396
28.086555845252523	1.8337944	1.3541766
28.104622913482487	1.8797526	1.3710407
28.122690694725115	1.9134308	1.3832681
28.14075918951405	1.9193032	1.3853892
28.15882839838312	1.928461	1.3886904
28.176898321866304	1.9484504	1.395869
28.1949689604978	1.9429506	1.3938977
28.213040314811945	1.948053	1.3957267
28.23111238534327	1.9295151	1.3890699
28.249185172626493	1.9100479	1.3820448
28.267258677196473	2.0079484	1.4170209
28.285332899588294	2.0125408	1.4186405
28.303407840337172	1.956302	1.3986787
28.321483499978545	1.9637512	1.401339
28.33955987904799	1.9947386	1.4123521
28.357636978081285	1.9896032	1.410533
28.37571479761439	2.0072775	1.4167842
28.393793338183425	2.0168862	1.4201711
28.41187260032469	2.0029051	1.4152403
28.429952584574686	1.9868022	1.4095397
28.448033291470065	2.042317	1.4290966
28.46611472154769	2.0683074	1.4381611
28.484196875344566	2.0988898	1.4487545
28.502279753397914	2.055951	1.4338589
28.52036335624511	2.0379806	1.4275786
28.538447684423716	2.0192196	1.4209925
28.556532738471482	1.9882543	1.4100547
28.574618518926325	1.9659177	1.4021119
28.59270502632635	2.011431	1.4182492
28.61079226120985	2.059564	1.4351182
28.628880224115274	2.046122	1.4304272
28.646968915581287	2.006199	1.4164035
28.66505833614671	2.0213995	1.4217592
28.68314848635055	2.0752592	1.440576
28.701239366732004	2.1121752	1.4533324
28.71933097783044	2.0986876	1.4486848
28.737423320185403	2.0952125	1.4474849
28.75551639433665	2.125989	1.4580772
28.773610200824074	2.1260288	1.4580908
28.791704740187793	2.1288133	1.4590453
28.80980001296809	2.142943	1.4638793
28.827896019705413	2.14013	1.4629183
28.845992760940433	2.1802468	1.4765658
28.86409023721397	2.2051332	1.4849691
28.88218844906704	2.2261262	1.4920208
28.900287397040845	2.2592738	1.5030881
28.918387081676755	2.2973638	1.5157057
28.936487503516343	2.223736	1.4912196
28.954588663101365	2.1955745	1.4817472
28.97269056097374	2.2681558	1.5060397
28.990793197675597	2.3794732	1.5425541
29.00889657374923	2.3895168	1.5458062
29.027000689737125	2.3592231	1.5359763
29.04510554618196	2.365089	1.5378846
29.06321114362659	2.4754114	1.573344
29.08131748261405	2.5486555	1.5964509
29.099424563687567	2.5389323	1.5934027
29.11753238739057	2.5571036	1.5990946
29.13564095426663	2.5916224	1.6098516
29.15375026485954	2.6333754	1.6227678
29.171860319713275	2.693288	1.641124
29.18997111937199	2.6682825	1.6334878
29.20808266438002	2.6709595	1.634307
29.226194955281898	2.7319062	1.6528479
29.244307992622335	2.886484	1.6989655
29.26242177694624	2.9660954	1.7222356
29.2805363087987	2.8927658	1.7008133
29.29865158872498	2.9035637	1.7039846
29.316767617270557	2.9929848	1.7300245
29.334884394981064	3.0033205	1.7330091
29.353001922402367	3.0206773	1.7380096
29.37112020008047	3.0209868	1.7380986
29.389239228561596	3.1029103	1.761508
29.407359008392152	3.3003514	1.8166869
29.42547954011872	3.6181183	1.9021351
29.44360082428809	4.0392337	2.0097845
29.46172286144722	4.965066	2.2282429
29.479845652143283	6.596075	2.5682826
29.497969196923606	9.275418	3.045557
29.516093496335728	13.170511	3.6291199
29.5342185509274	17.043247	4.128347
29.55234436124651	20.348349	4.5109143
29.570470927841175	21.749588	4.6636453
29.588598251259686	21.339033	4.619419
29.60672633205055	19.707893	4.4393573
29.624855170762405	16.61819	4.0765414
29.642984767944146	13.059097	3.6137373
29.66111512414481	9.523344	3.0859916
29.67924623991366	7.067489	2.658475
29.697378115800138	5.2892075	2.2998278
29.71551075235387	4.3703985	2.0905497
29.733644150124675	3.8907492	1.9724982
29.751778309662576	3.6112852	1.9003382
29.769913231517766	3.3912308	1.8415295
29.78804891624066	3.3750155	1.8371215
29.806185364381818	3.3826022	1.8391852
29.82432257649206	3.351525	1.8307171
29.842460553122333	3.3255908	1.8236202
29.86059929482382	3.3396556	1.8274724
29.878738802147872	3.378258	1.8380038
29.896879075646048	3.4037848	1.8449349
29.915020115870114	3.3458445	1.829165
29.933161923371976	3.2586744	1.8051798
29.951304498703777	3.15837	1.7771803
29.969447842417857	3.18326	1.7841693
29.987591955066733	3.2228963	1.7952427
30.005736837203123	3.2459812	1.8016607
30.023882489379943	3.2314944	1.7976358
30.04202891215028	3.1910088	1.7863395
30.060176106067455	3.198408	1.7884094
30.078324071684946	3.2011087	1.7891642
30.09647280955646	3.193095	1.7869233
30.114622320235863	3.1981914	1.7883488
30.132772604277257	3.1967154	1.7879361
30.1509236622349	3.222604	1.7951612
30.16907549466328	3.1979084	1.7882696
30.18722810211705	3.1326592	1.769932
30.205381485151097	3.0720627	1.7527301
30.22353564432045	3.064682	1.7506233
30.241690580180403	3.102236	1.7613165
30.25984629328638	3.0745227	1.7534317
30.278002784194037	3.0480158	1.7458568
30.296160053459246	3.0164595	1.7367958
30.314318101638033	2.9600065	1.720467
30.332476929286646	2.982389	1.7269595
30.35063653696153	2.958971	1.720166
30.368796925219307	2.8650625	1.6926495
30.386958094616844	2.7992737	1.673103
30.40512004571115	2.8402777	1.6853124
30.423282779059463	2.8219743	1.6798733
30.441446295219233	2.795436	1.6719557
30.459610594748067	2.8255854	1.6809478
30.47777567820382	2.9327824	1.7125368
30.495941546144504	2.9541967	1.7187777
30.51410819912835	2.8614542	1.6915834
30.532275637713795	2.827503	1.6815181
30.55044386245946	2.8240373	1.6804873
30.56861287392416	2.815128	1.6778344
30.586782672666956	2.806915	1.675385
30.604953259247047	2.8395119	1.6850852
30.623124634223885	2.8429055	1.6860918
30.641296798157075	2.7949507	1.6718106
30.659469751606462	2.7087455	1.6458267
30.677643495132074	2.6913614	1.6405369
30.695818029294152	2.6660743	1.6328118
30.713993354653116	2.6320817	1.6223692
30.73216947176962	2.6422293	1.6254935
30.75034638120448	2.7090619	1.6459228
30.768524083518756	2.7564821	1.6602657
30.786702579273673	2.8369248	1.6843174
30.80488186903069	2.921293	1.709179
30.82306195335144	3.0363925	1.7425247
30.841242832797782	3.2203102	1.7945223
30.85942450793176	3.616747	1.9017746
30.877606979315637	4.039853	2.0099385
30.895790247511883	4.364484	2.0891347
30.913974313083134	4.7473364	2.1788383
30.932159176592283	5.149013	2.2691436
30.95034483860237	5.5230174	2.35011
30.968531299676698	5.512002	2.3477652
30.98671856037873	5.2998443	2.302139
31.00490662127215	4.9375496	2.2220597
31.023095482920848	4.3925743	2.095847
31.04128514588892	3.77434	1.9427661
31.059475610740662	3.2463984	1.8017765
31.07766687804056	2.8297527	1.6821868
31.09585894835335	2.6336994	1.6228677
31.11405182224393	2.4808607	1.5750748
31.132245500277417	2.4162703	1.5544357
31.15043998301914	2.4571435	1.5675279
31.168635271034628	2.481927	1.5754132
31.18683136488964	2.4684694	1.5711364
31.20502826515008	2.418121	1.555031
31.223225972382135	2.349696	1.5328718
31.241424487152155	2.3599808	1.5362229
31.259623810026692	2.4176521	1.5548801
31.27782394157253	2.440515	1.5622147
31.296024882356644	2.410508	1.5525811
31.314226632946237	2.3743465	1.5408914
31.332429193908684	2.3251133	1.5248322
31.350632565811598	2.3770993	1.5417844
31.368836749222787	2.4466865	1.5641887
31.387041744710295	2.5223014	1.5881755
31.40524755284232	2.577392	1.6054258
31.423454174187317	2.5309196	1.5908864
31.441661609313922	2.4551246	1.5668837
31.459869858791002	2.4294715	1.5586762
31.478078923187628	2.430241	1.558923
31.496288803073064	2.3546338	1.5344816
31.514499499016807	2.3249567	1.5247809
31.532711011588546	2.3136618	1.5210726
31.550923341358178	2.2788322	1.5095801
31.56913648889584	2.2406359	1.4968754
31.587350454771844	2.2353184	1.4950981
31.605565239556732	2.2649581	1.5049778
31.62378084382127	2.3432505	1.5307679
31.641997268136382	2.4300172	1.5588512
31.660214513073274	2.4102917	1.5525115
31.67843257920331	2.3268926	1.5254155
31.6966514670981	2.2441607	1.4980522
31.71487117732944	2.2704222	1.5067921
31.733091710469346	2.4286752	1.5584208
31.751313067090052	2.5073793	1.5834707
31.769535247764008	2.428883	1.5584874
31.787758253063878	2.3146634	1.5214018
31.805982083562526	2.2446213	1.498206
31.824206739833024	2.2256377	1.4918572
31.84243222244869	2.1907525	1.4801191
31.860658531983013	2.2131655	1.4876711
31.878885669009737	2.219596	1.4898309
31.897113634102784	2.212071	1.4873033
31.91534242783632	2.189747	1.4797794
31.933572050784694	2.2055087	1.4850955
31.951802503522508	2.2261622	1.4920329
31.970033786624548	2.252294	1.5007645
31.988265900665834	2.158449	1.469166
32.006498846221575	2.0470254	1.430743
32.02473262386724	2.0600178	1.4352763
32.04296723417845	2.1725569	1.4739596
32.0612026777311	2.2795038	1.5098026
32.07943895510129	2.212654	1.4874992
32.097676066865304	2.0924056	1.446515
32.115914013599685	2.0000038	1.414215
32.13415279588115	2.0575423	1.4344136
32.152392414286666	2.1183276	1.4554476
32.1706328693934	2.1995769	1.4830971
32.18887416177875	2.2168365	1.4889045
32.20711629202032	2.239044	1.4963435
32.225359260695924	2.2133565	1.4877354
32.243603068383614	2.1511195	1.4666696
32.26184771566166	2.1082644	1.4519864
32.28009320310852	2.1198125	1.4559575
32.2983395313029	2.121277	1.4564605
32.31658670082372	2.09231	1.446482
32.33483471225012	2.048345	1.4312041
32.35308356616143	2.0373683	1.4273641
32.371333263137245	2.0309744	1.4251226
32.38958380375734	2.0612528	1.4357064
32.407835188601744	2.1449952	1.4645802
32.42608741825067	2.2276435	1.4925293
32.444340493284585	2.1264827	1.4582465
32.46259441428416	2.0163066	1.4199672
32.48084918183028	1.9235055	1.3869051
32.49910479650405	1.9876531	1.4098415
32.51736125888683	2.0860653	1.4443218
32.53561856956014	2.1269665	1.4584123
32.5538767291058	2.1596982	1.4695911
32.572135738105764	2.0932164	1.4467952
32.59039559714228	2.019064	1.4209377
32.608656306797776	1.9740165	1.404997
32.62691786765491	2.0969684	1.4480913
32.645180280296586	2.1583722	1.4691399
32.663443545305896	2.096781	1.4480265
32.68170766326619	1.9820015	1.4078357
32.69997263476099	1.880367	1.3712648
32.7182384603741	1.9134662	1.383281
32.7365051406895	1.9686508	1.4030862
32.75477267629144	1.9326427	1.3901953
32.77304106776434	2.058521	1.4347547
32.79131031569289	2.122892	1.4570147
32.809580420661966	2.1048124	1.4507972
32.827851383256714	2.0875146	1.4448234
32.84612320406245	1.9893475	1.4104422
32.86439588366476	1.968621	1.4030756
32.88266942264945	1.9661543	1.4021963
32.9009438216025	2.0199804	1.4212601
32.9192190811102	2.0229027	1.4222878
32.937495201758985	2.0247216	1.4229271
32.95577218413556	2.0011213	1.4146099
32.974050028826866	1.9550823	1.3982426
32.992328736420035	1.9146172	1.3836969
33.010608307502444	1.8868132	1.3736131
33.02888874266169	1.908729	1.3815676
33.047170042485604	2.0124094	1.4185941
33.06545220756225	2.0016541	1.4147983
33.083735238479896	1.9824636	1.4079999
33.10201913582707	1.9765935	1.4059137
33.12030390019248	1.9651757	1.4018472
33.138589532165135	1.9671224	1.4025414
33.15687603233419	2.0196803	1.4211545
33.17516340128909	2.0750468	1.4405023
33.19345163961947	2.081253	1.4426548
33.211740747915215	2.0287108	1.4243282
33.23003072676643	1.9758378	1.405645
33.248321576763466	1.930606	1.3894625
33.266613298496885	1.9624673	1.4008809
33.28490589255747	1.9770404	1.4060727
33.30319935953626	1.966586	1.4023502
33.32149370002451	1.8799198	1.3711016
33.339788914613706	1.9217777	1.386282
33.358085003895575	2.0187619	1.4208314
33.376381968462034	2.0884562	1.4451492
33.39467980890529	2.0088308	1.4173323
33.41297852581774	1.903551	1.3796923
33.43127811979204	1.9105687	1.3822333
33.44957859142105	1.9663527	1.402267
33.467879941297866	1.936647	1.3916347
33.486182170015844	1.9480109	1.3957117
33.50448527816853	1.9695895	1.4034207
33.522789266349754	1.995323	1.412559
33.541094135153514	1.9632735	1.4011686
33.55939988517411	1.963137	1.40112
33.57770651700602	1.9510211	1.3967896
33.59601403124398	1.9654775	1.4019549
33.61432242848296	1.9652417	1.4018707
33.632631709318154	1.9799287	1.4070994
33.650941874344994	1.9220637	1.3863851
33.66925292415916	1.8342171	1.3543327
33.68756485935654	1.8031061	1.3427979
33.70587768053328	1.8762501	1.3697628
33.724191388285746	1.8610958	1.3642199
33.74250598321054	1.8259536	1.3512785
33.760821465904506	1.8883011	1.3741547
33.77913783696474	1.9819849	1.4078299
33.79745509698852	2.0622766	1.4360629
33.815773246573414	2.0804431	1.4423741
33.8340922863172	2.0351775	1.4265965
33.852412216817896	1.9541693	1.3979161
33.87073303867377	1.9701569	1.4036227
33.889054752483304	1.9688262	1.4031487
33.907377358845245	1.9116834	1.3826364
33.92570085835853	1.8804735	1.3713036
33.94402525162239	1.9748881	1.4053072
33.96235053923627	2.0461266	1.4304289
33.980676721799824	1.9657166	1.4020401
33.999003799912984	1.9256351	1.3876725
34.01733177417592	1.978803	1.4066993
34.03566064518901	2.073044	1.4398069
34.0539904135529	2.0988247	1.4487321
34.07232107986846	2.0357049	1.4267813
34.090652644736785	1.9374359	1.3919181
34.108985108759235	1.8510475	1.360532
34.12731847253742	1.9988458	1.4138055
34.14565273667313	2.0776896	1.4414194
34.16398790176847	1.9964318	1.4129515
34.18232396842574	1.9886662	1.4102007
34.20066093724749	2.0307627	1.4250484
34.21899880883651	2.0197558	1.4211812
34.23733758379583	1.8814429	1.371657
34.25567726272874	1.7819266	1.3348882
34.27401784623872	1.727731	1.3144318
34.29235933492957	1.8437898	1.3578622
34.31070172940526	1.9173149	1.3846714
34.32904503027003	1.9526408	1.3973693
34.347389238128386	2.0524452	1.4326358
34.36573435358502	2.0368872	1.4271955
34.38408037724492	1.9808556	1.4074287
34.402427309713296	2.0339642	1.4261712
34.42077515159559	1.9438233	1.3942107
34.43912390349752	1.8625555	1.3647548
34.45747356602499	1.8311046	1.3531832
34.47582413978423	1.8806083	1.3713528
34.49417562538163	1.9831994	1.4082611
34.51252802342388	2.2042336	1.4846662
34.53088133451789	2.210779	1.4868689
34.54923555927084	1.9826442	1.408064
34.567590698290104	1.943175	1.3939781
34.58594675218336	2.0001447	1.4142647
34.6043037215585	1.9928554	1.4116853
34.62266160702365	1.8059946	1.343873
34.641020409187234	1.7992438	1.3413589
34.65938012865785	1.8592138	1.3635299
34.677740766044394	1.9249119	1.387412
34.69610232195598	1.9455104	1.3948156
34.714464797002016	1.9060582	1.3806007
34.73282819179208	1.8546653	1.361861
34.751192506936064	1.8094252	1.3451488
34.76955774304408	1.833152	1.3539394
34.7879239007265	1.8760016	1.3696721
34.80629098059391	2.0095332	1.41758
34.824658983257194	2.0654478	1.4371666
34.843027909327446	1.9757434	1.4056114
34.86139775941603	1.9473637	1.3954798
34.879768534134534	2.0702434	1.4388341
34.89814023409483	2.1190312	1.4556892
34.91651285990901	1.9968643	1.4131045
34.93488641218944	1.8816725	1.3717407
34.95326089154871	2.021569	1.4218189
34.97163629859967	2.1371143	1.4618872
34.99001263395542	1.9959124	1.4127676
35.00838989822934	2.1300788	1.459479
35.02676809203499	2.2487884	1.4995961
35.04514721598624	1.9301629	1.3893031
35.063527270697215	1.8503441	1.3602735
35.081908256782256	1.90591	1.380547
35.10029017485597	1.8283505	1.3521651
35.11867302553321	1.7505844	1.3230965
35.137056809429104	1.7705632	1.3306252
35.155441527159006	1.9878855	1.4099239
35.173827179338524	2.035469	1.4266987
35.19221376658354	1.9046242	1.3800813
35.21060128951017	1.9148097	1.3837665
35.2289897487348	1.9942095	1.4121648
35.24737914487405	1.9652759	1.401883
35.26576947854479	2.1114368	1.4530784
35.28416075036418	1.9763706	1.4058344
35.30255296094958	1.7425821	1.320069
35.32094611091867	2.0341976	1.426253
35.33934020088932	2.280745	1.5102136
35.35773523147969	2.1102467	1.4526688
35.3761312033082	2.2573066	1.5024335
35.394528116993506	2.1560855	1.4683615
35.41292597315452	1.8021506	1.342442
35.431324772410434	2.045285	1.4301347
35.449724515380666	2.269908	1.5066214
35.46812520268491	2.0774846	1.4413482
35.486526834943106	1.8222177	1.3498955
35.504929412775454	1.7638825	1.3281124
35.52333293680242	1.7815759	1.3347569
35.54173740764471	1.8302494	1.3528671
35.560142825923286	1.7953751	1.3399161
35.5785491922594	1.9199136	1.3856095
35.59695650727454	2.23887	1.4962853
35.61536477159042	1.8569168	1.3626873
