0.008763373481513119	0.051685803	0.22734512
0.026290120649546365	0.18429624	0.4292974
0.043816868432600686	0.12367553	0.35167533
0.06134361724069026	0.10256808	0.32026252
0.07887036748382949	0.10269214	0.32045615
0.0963971195720331	0.23737095	0.4872073
0.11392387391531617	0.34696358	0.58903617
0.1314506309236943	0.3670364	0.6058353
0.1489773910071836	0.3406779	0.58367616
0.16650415457580078	0.23476534	0.4845259
0.18403092203956356	0.15072124	0.38822833
0.20155769380849	0.09533192	0.30875868
0.2190844702925996	0.074911535	0.27369973
0.2366112519019124	0.063294224	0.25158343
0.2541380390464497	0.042337645	0.20576113
0.27166483213623416	0.086155176	0.29352203
0.28919163158128947	0.13412657	0.36623296
0.3067184377916406	0.16422617	0.40524828
0.324245251177314	0.14514613	0.3809805
0.34177207214833777	0.13875099	0.37249294
0.3592989011147415	0.124477	0.35281298
0.37682573848655654	0.12610579	0.35511377
0.39435258467381573	0.131988	0.36330155
0.41187944008655414	0.13301685	0.36471477
0.42940630513480854	0.1265708	0.3557679
0.446933180228618	0.14567453	0.38167334
0.4644600657780234	0.12154775	0.34863698
0.48198696219306775	0.16430812	0.40534937
0.49951386988379676	0.17514884	0.41850787
0.5170407892602581	0.20665672	0.45459512
0.5345677207325025	0.20224394	0.4497154
0.5520946647105822	0.17830293	0.4222593
0.5696216216045534	0.1519196	0.38976866
0.5871485918244737	0.15531255	0.39409715
0.6046755757804043	0.18708831	0.43253705
0.6222025738824094	0.2089029	0.45705897
0.6397295865405557	0.16580468	0.40719122
0.6572566141649129	0.15133263	0.38901496
0.6747836571655547	0.16308935	0.40384322
0.6923107159525568	0.23543176	0.4852131
0.7098377909359992	0.24797781	0.4979737
0.7273648825259653	0.2480671	0.49806336
0.7448919911325411	0.23836519	0.48822656
0.762419117165817	0.18831684	0.43395486
0.7799462610358868	0.20163167	0.44903415
0.7974734231528482	0.2119668	0.46039852
0.8150006039268024	0.24509475	0.49507046
0.8325278037678551	0.22742248	0.47688833
0.8500550230861152	0.22542648	0.474791
0.8675822622916969	0.20750341	0.45552543
0.8851095217947171	0.22549075	0.47485867
0.9026368020052984	0.2253203	0.47467914
0.9201641033335665	0.2229008	0.4721237
0.9376914261896523	0.22085012	0.46994695
0.9552187709836915	0.19440968	0.44091913
0.9727461381258234	0.16018514	0.40023136
0.990273528026193	0.1748921	0.41820103
1.0078009410949496	0.19833353	0.44534653
1.0253283777422473	0.26393673	0.51374775
1.0428558383782454	0.29630548	0.5443395
1.0603833234131086	0.2734273	0.5229028
1.0779108332570058	0.28785974	0.5365256
1.0954383683201119	0.32002804	0.5657102
1.112965929012607	0.37051016	0.60869545
1.1304935157446763	0.44355983	0.66600287
1.1480211289265108	0.47857556	0.69179153
1.1655487689683062	1.2591721	1.1221284
1.1830764362802655	1.59554	1.2631469
1.200604131272596	2.0727127	1.4396919
1.2181318543555117	2.4750917	1.5732424
1.235659605939232	2.4782915	1.574259
1.253187386433982	4.040072	2.009993
1.270715196249994	6.356167	2.521144
1.2882430357975057	11.849376	3.4422922
1.3057709054867608	16.795588	4.098242
1.3232988057280106	23.066385	4.8027477
1.3408267369315112	28.368631	5.326221
1.358354699507526	32.43888	5.695514
1.3758826938663256	36.849026	6.0703397
1.3934107204181858	38.417492	6.1981845
1.410938779573391	38.455177	6.201224
1.4284668717422309	38.92302	6.2388315
1.4459949973350033	38.367214	6.1941276
1.4635231567620117	38.547848	6.208691
1.4810513504335687	37.75149	6.144224
1.4985795787599925	36.597885	6.0496187
1.5161078421516088	35.929173	5.994095
1.5336361410187505	34.688766	5.889717
1.5511644757717598	34.701107	5.8907647
1.5686928468209842	35.433056	5.952567
1.58622125457678	36.325905	6.0270977
1.6037496994495108	38.1512	6.176666
1.621278181849548	38.195976	6.1802893
1.6388067021872719	38.82156	6.230695
1.6563352608730693	38.22135	6.182342
1.673863858317336	37.177116	6.097304
1.6913924949304753	36.23444	6.019505
1.7089211711228998	34.814655	5.9003944
1.7264498873050296	33.62718	5.7988944
1.7439786438872935	32.8388	5.7305145
1.7615074412801288	31.723608	5.6323714
1.779036279893981	31.252836	5.5904236
1.796565160139305	30.572094	5.529204
1.814094082426564	30.156599	5.4915023
1.8316230471662298	29.735577	5.453034
1.849152054768784	28.69675	5.356935
1.8666811056447168	28.080263	5.2990813
1.8842102002045273	27.034325	5.1994543
1.901739338858724	26.49916	5.1477337
1.9192685220178245	26.166288	5.115299
1.9367977500923557	25.581821	5.0578475
1.9543270234928547	25.09824	5.0098143
1.971856342629867	24.28983	4.928471
1.9893857079139496	23.69663	4.8679185
2.006915119755667	23.123695	4.8087106
2.0244445785655945	22.5853	4.7523994
2.0419740847543175	22.443989	4.737509
2.0595036387324317	21.904503	4.680225
2.0770332409105414	21.303543	4.6155763
2.094562891699263	20.691168	4.5487547
2.1120925915092217	20.00058	4.472201
2.129622340751053	19.644293	4.432188
2.1471521398354043	187.81834	13.704683
2.1646819891729323	444.2877	21.078133
2.182211889174303	440.57162	20.989798
2.1997418402501974	452.85663	21.280428
2.2172718428113023	432.9188	20.8067
2.234801897268317	321.01147	17.916794
2.2523320040319548	17.360264	4.166565
2.269862163512935	17.04804	4.128927
2.287392376121992	16.584312	4.0723844
2.304922642269869	16.206993	4.025791
2.322452962367322	15.948332	3.9935362
2.3399833368251164	15.697745	3.962038
2.357513766054032	15.626945	3.953093
2.3750442504648586	15.427834	3.927828
2.3925747904683963	15.311428	3.912982
2.410105386475459	15.033939	3.8773625
2.4276360388968707	14.550049	3.8144526
2.445166748143469	14.166905	3.763895
2.4626975146261025	13.923503	3.731421
2.4802283387556323	13.7282095	3.70516
2.4977592209429305	13.661801	3.6961875
2.5152901615988825	13.428965	3.664555
2.5328211611343865	13.218339	3.6357033
2.5503522199603523	13.149941	3.6262848
2.5678833384877024	12.964892	3.6006794
2.5854145171273712	12.83065	3.5819898
2.6029457562903064	12.431582	3.5258448
2.620477056387469	12.245055	3.4992936
2.6380084178298326	12.221344	3.495904
2.655539841028383	12.152133	3.485991
2.673071326394119	11.938469	3.455209
2.6906028743380523	11.517964	3.3938127
2.708134485271211	11.233846	3.351693
2.7256661596046325	11.049877	3.3241355
2.743197897749369	10.833471	3.2914238
2.760729700116486	10.768663	3.2815642
2.778261567117063	10.578339	3.2524357
2.795793499162193	10.324463	3.2131703
2.8133254966629817	10.052662	3.1705933
2.830857560030551	9.740235	3.120935
2.8483896896760337	9.592583	3.0971894
2.865921886010578	9.624244	3.1022966
2.883454149445347	9.594056	3.0974274
2.9009864803915177	9.595926	3.0977292
2.91851887926028	9.544688	3.089448
2.9360513464628384	9.499728	3.0821629
2.953583882410413	9.365426	3.0602984
2.9711164875142373	9.106329	3.0176694
2.9886491621855606	8.839959	2.973207
3.0061819068356455	8.811864	2.9684784
3.023714721875769	8.819544	2.9697716
3.041247607717225	8.771829	2.9617274
3.0587805647713213	8.605674	2.933543
3.0763135934493806	8.483921	2.912717
3.0938466941627407	8.397579	2.8978577
3.1113798673227544	8.382355	2.8952296
3.1289131133407904	8.2513	2.8725076
3.1464464326282315	8.052632	2.837716
3.1639798255964786	7.900245	2.8107374
3.1815132926569443	7.892615	2.8093798
3.1990468342210603	7.8156834	2.7956543
3.216580450700272	7.718674	2.7782502
3.2341141425060416	7.489912	2.7367704
3.251647910049847	7.3123317	2.7041323
3.2691817537431813	7.2103415	2.6852078
3.286715673997555	7.0839076	2.661561
3.3042496712244938	7.1058865	2.6656868
3.32178374583554	6.8800144	2.6229782
3.339317898242251	6.771583	2.6022265
3.3568521288562034	6.6791544	2.584406
3.3743864380889876	6.8114743	2.6098802
3.3919208263522127	6.855838	2.6183655
3.4094552940575023	6.8509645	2.6174347
3.4269898416164972	6.813135	2.6101983
3.444524469440858	6.698512	2.5881484
3.4620591779422587	6.6424255	2.5772903
3.479593967532391	6.528366	2.5550668
3.4971288386229658	6.432206	2.5361795
3.5146637916257086	6.3788366	2.525636
3.5321988269523628	6.3674088	2.5233724
3.5497339450146903	6.3284135	2.5156338
3.5672691462244708	6.302563	2.5104907
3.5848044309934988	6.277432	2.5054803
3.60233979973359	6.3385167	2.517641
3.619875252856575	6.4736953	2.5443459
3.6374107907743034	6.520681	2.5535624
3.6549464138986427	6.4465756	2.5390108
3.6724821226414788	6.284581	2.5069067
3.690017917414714	6.2407646	2.4981523
3.7075537986302702	6.266417	2.5032814
3.7250897667000857	6.3692694	2.5237412
3.7426258220361235	6.544627	2.5582469
3.7601619650503553	6.8778744	2.6225703
3.777698196154779	7.5024924	2.7390678
3.7952345157614067	8.479299	2.9119234
3.8127709242822716	9.259312	3.0429118
3.830307422129425	11.354778	3.3696852
3.847844009714936	30.028973	5.47987
3.8653806874508954	97.66326	9.882472
3.882917455749409	96.93467	9.845541
3.900454315022606	96.89602	9.843577
3.917991265682631	41.488544	6.44116
3.9355283081416506	10.967993	3.311796
3.9530654428118495	8.695987	2.948896
3.970602670105433	7.5170927	2.7417316
3.9881399904346244	6.6838517	2.5853145
4.005677404211669	6.6755757	2.5837135
4.023214911848827	6.650798	2.5789142
4.0407525137583855	6.6192565	2.5727916
4.058290210352644	6.613609	2.5716937
4.075828002043927	6.428039	2.5353577
4.0933658892445814	6.352873	2.5204906
4.110903872366966	6.329734	2.5158963
4.128441951823468	6.3165326	2.5132713
4.145980128026488	6.2934947	2.508684
4.163518401388452	6.2854996	2.5070899
4.181056772321807	6.296896	2.5093617
4.1985952412390155	6.2845316	2.5068967
4.216133808552567	6.2394514	2.4978893
4.233672474674966	6.250056	2.5000112
4.251211240018741	6.459388	2.5415325
4.268750104996445	6.6991253	2.5882668
4.286289070020643	7.6234407	2.7610579
4.303828135503928	9.304684	3.050358
4.3213673018589125	29.712997	5.450963
4.3389065694982305	90.948	9.536666
4.356445938834537	166.23344	12.893155
4.3739854102805085	171.84828	13.109092
4.391524984248844	172.60942	13.13809
4.409064661152262	136.70381	11.69204
4.426604441403504	96.998375	9.848775
4.444144325415337	76.17957	8.728091
4.461684313600543	22.292854	4.721531
4.47922440637193	22.78369	4.7732263
4.496764604142329	20.97541	4.579892
4.5143049073245916	18.99179	4.3579574
4.531845316331589	16.873466	4.1077323
4.5493858315762195	13.986649	3.7398727
4.566926453471405	11.615856	3.4082043
4.584467182430081	9.502393	3.082595
4.602008018865218	8.302845	2.8814657
4.619548963189798	7.594489	2.75581
4.637090015816834	7.0246115	2.6503983
4.654631177159353	6.8036966	2.6083896
4.672172447630417	6.534104	2.5561893
4.689713827643102	6.412342	2.5322602
4.7072553176105085	6.121773	2.4742217
4.724796917945764	5.997605	2.4490008
4.742338629062015	5.911559	2.4313698
4.759880451372434	5.881692	2.42522
4.777422385290215	5.853052	2.4193082
4.794964431228581	5.820545	2.4125807
4.812506589600768	5.77921	2.4039989
4.830048860820047	5.741048	2.3960483
4.847591245299709	5.698724	2.3871999
4.8651337434530655	5.656244	2.378286
4.882676355693457	5.666542	2.38045
4.900219082434242	5.6898866	2.3853483
4.917761924088813	5.621609	2.3709934
4.935304881070575	5.6513824	2.3772635
4.952847953792969	5.655569	2.378144
4.970391142669449	5.653582	2.3777263
4.9879344481135055	5.6476617	2.376481
5.005477870538642	5.529976	2.3515902
5.023021410358394	5.5855594	2.3633788
5.040565067986324	5.555368	2.3569827
5.05810884383601	5.544458	2.3546672
5.075652738321066	5.533879	2.3524199
5.09319675185512	5.5046177	2.3461921
5.110740884851836	5.452308	2.335018
5.128285137724894	5.404745	2.3248107
5.145829510888007	5.4006906	2.3239386
5.163374004754908	5.41443	2.3268929
5.1809186197393595	5.4255867	2.329289
5.198463356255145	5.413718	2.3267398
5.216008214716077	5.451096	2.3347583
5.233553195535998	5.3871913	2.3210323
5.251098299128764	5.3988323	2.3235388
5.268643525908272	5.394804	2.3226717
5.286188876288432	5.415095	2.3270357
5.3037343506831895	5.402721	2.3243754
5.32127994950651	5.339936	2.31083
5.3388256731723915	5.2457643	2.2903633
5.356371522094851	5.191367	2.2784572
5.373917496687938	5.2156363	2.2837768
5.391463597365729	5.3331676	2.3093653
5.40900982454232	5.428451	2.3299036
5.426556178631843	5.4156084	2.327146
5.444102660048449	5.3396916	2.3107772
5.4616492692063225	5.27606	2.2969675
5.479196006519669	5.280652	2.297967
5.496742872402727	5.2674065	2.295083
5.514289867269756	5.3032894	2.3028872
5.531836991535049	5.255233	2.2924294
5.549384245612924	5.213918	2.2834005
5.566931629917724	5.2580914	2.293053
5.584479144863822	5.2538157	2.2921205
5.6020267908656205	5.21802	2.2842987
5.619574568337545	5.1678033	2.2732804
5.637122477694054	5.1287117	2.2646658
5.654670519349629	5.1627917	2.2721777
5.672218693718784	5.1461062	2.2685032
5.689767001216059	5.2327867	2.2875285
5.707315442256021	5.2565145	2.292709
5.724864017253266	5.222698	2.2853224
5.7424127266224225	5.16834	2.2733984
5.75996157077814	5.113339	2.2612693
5.777510550135105	5.1710415	2.2739923
5.795059665108022	5.2785597	2.2975116
5.812608916111639	5.2973566	2.3015988
5.830158303560715	5.324248	2.3074331
5.847707827870055	5.3140798	2.3052287
5.86525748945448	5.348417	2.3126645
5.8828072887288485	5.5500507	2.3558545
5.900357226108044	5.6793127	2.3831308
5.917907302006979	5.789502	2.4061384
5.9354575168406	6.4217944	2.534126
5.9530078710238765	7.0278854	2.651016
5.970558364971812	7.458248	2.7309794
5.988108999099438	7.6795154	2.7711937
6.005659773821818	8.216027	2.8663614
6.023210689554039	8.075031	2.84166
6.040761746711227	8.552089	2.9243956
6.058312945708531	7.912828	2.812975
6.075864286961132	7.4273167	2.7253103
6.093415770884244	6.7845907	2.6047246
6.1109673978931065	6.2264166	2.4952788
6.128519168402993	5.6154027	2.369684
6.146071082829204	5.425342	2.3292363
6.163623141587075	5.3434167	2.311583
6.181175345091969	5.275607	2.296869
6.198727693759281	5.2287693	2.2866502
6.216280188004435	5.180359	2.27604
6.233832828242885	5.129931	2.264935
6.251385614890126	5.171088	2.2740028
6.268938548361669	5.216454	2.2839558
6.286491629073067	5.209588	2.282452
6.304044857439898	5.251204	2.2915506
6.321598233877777	5.263367	2.294203
6.339151758802344	5.1951275	2.2792823
6.356705432629277	5.126481	2.2641733
6.37425925577428	5.0200763	2.2405527
6.391813228653095	5.001487	2.2364004
6.409367351681486	5.0097666	2.2382507
6.426921625275259	5.0001802	2.2361083
6.44447604985025	5.0123606	2.23883
6.46203062582232	5.0620036	2.2498896
6.47958535360737	5.023567	2.2413316
6.497140233621328	5.0180264	2.2400951
6.514695266280161	4.976968	2.230912
6.532250451999859	5.0445004	2.2459965
6.549805791196454	5.0523467	2.2477427
6.567361284286002	5.1119847	2.2609699
6.584916931684597	5.110789	2.2607055
6.602472733808367	5.102996	2.2589812
6.6200286910734665	5.1099973	2.2605302
6.637584803896092	5.138972	2.26693
6.655141072692462	5.1070547	2.2598794
6.672697497878842	5.0189443	2.2403
6.690254079871514	5.014179	2.2392364
6.707810819086808	5.0015416	2.2364128
6.725367715941078	5.043712	2.245821
6.742924770850719	5.015271	2.23948
6.760481984232151	5.0319943	2.2432108
6.778039356501836	5.0475755	2.246681
6.795596888076266	5.0635495	2.2502332
6.813154579371963	5.035511	2.2439945
6.830712430805492	4.951664	2.2252336
6.84827044279344	4.985208	2.232758
6.865828615752445	5.0226073	2.2411175
6.883386950099159	5.114537	2.2615342
6.900945446250287	5.1011996	2.2585835
6.918504104622553	5.0860486	2.2552269
6.936062925632727	5.057647	2.2489214
6.953621909697607	5.019136	2.2403429
6.971181057234028	5.0649333	2.2505407
6.988740368658859	5.091703	2.2564802
7.006299844389007	5.17867	2.275669
7.023859484841407	5.2670307	2.2950013
7.041419290433036	5.366427	2.316555
7.058979261580902	5.570697	2.3602324
7.0765393987020495	5.7743573	2.4029891
7.094099702213559	6.1735644	2.4846659
7.111660172532549	6.51618	2.552681
7.129220810076164	6.8911657	2.625103
7.146781615261595	7.447675	2.729043
7.16434258850606	7.6346626	2.7630894
7.181903730226821	8.017599	2.8315365
7.1994650408411704	8.201835	2.8638844
7.217026520766437	8.382867	2.895318
7.234588170419983	8.651732	2.9413826
7.252149990219215	8.627995	2.9373448
7.269711980581568	8.530219	2.9206538
7.2872741419245175	8.280961	2.877666
7.304836474665574	7.8851037	2.8080428
7.322398979222286	7.5227633	2.7427657
7.339961656012233	7.2535214	2.6932364
7.357524505453039	6.9081674	2.6283393
7.375087527962357	6.628802	2.574646
7.392650723957886	6.4140763	2.5326028
7.410214093857353	6.141559	2.478217
7.427777638078528	5.874906	2.4238205
7.445341357039213	5.6535497	2.3777194
7.4629052511572525	5.508657	2.3470528
7.480469320850524	5.451239	2.3347888
7.498033566536948	5.410477	2.3260431
7.5155979886344735	5.3354025	2.309849
7.5331625875610975	5.26429	2.294404
7.550727363734844	5.2541027	2.292183
7.568292317573788	5.3132534	2.3050497
7.585857449496025	5.384908	2.3205404
7.603422759919705	5.3312902	2.3089588
7.620988249263007	5.2505336	2.2914042
7.638553917944147	5.1865673	2.2774036
7.656119766381391	5.16798	2.2733192
7.673685794993023	5.204907	2.2814264
7.691252004197388	5.186798	2.2774544
7.70881839441285	5.229524	2.2868152
7.726384966057826	5.2884655	2.2996664
7.743951719550762	5.284519	2.298808
7.761518655310149	5.2603817	2.2935522
7.779085773754511	5.2731676	2.2963378
7.796653075302419	5.350859	2.3131924
7.814220560372475	5.369813	2.3172858
7.831788229383323	5.368063	2.3169081
7.8493560827536495	5.3674603	2.316778
7.866924120902174	5.409767	2.3258905
7.884492344247663	5.437861	2.331922
7.9020607532089135	5.437642	2.3318753
7.919629348204771	5.411537	2.326271
7.937198129654115	5.420202	2.3281326
7.954767097975865	5.4157224	2.3271704
7.972336253588986	5.445558	2.333572
7.989905596912472	5.4364514	2.33162
8.007475128365371	5.524566	2.3504395
8.025044848366756	5.55777	2.3574922
8.042614757335754	5.6980214	2.3870528
8.060184855691523	5.701758	2.3878355
8.07775514385327	5.817104	2.4118674
8.095325622240228	5.8447833	2.4175987
8.112896291271687	5.898164	2.4286137
8.130467151366968	5.893413	2.4276352
8.148038202945436	5.9445496	2.4381447
8.165609446426497	5.99623	2.4487202
8.183180882229594	6.1027093	2.4703662
8.200752510774217	6.0872083	2.4672267
8.218324332479893	6.0665216	2.463031
8.235896347766193	6.035797	2.456786
8.253468557052724	6.0728955	2.4643245
8.27104096075914	6.1121287	2.472272
8.288613559305137	6.137674	2.477433
8.306186353110448	6.14175	2.4782555
8.32375934259485	6.1776404	2.485486
8.341332528178162	6.2179837	2.4935884
8.358905910280246	6.304813	2.5109386
8.376479489321003	6.371685	2.5242198
8.394053265720377	6.3898416	2.5278137
8.411627239898356	6.408589	2.5315192
8.42920141227497	6.4389887	2.5375164
8.44677578327029	6.460305	2.541713
8.464350353304427	6.4158487	2.5329525
8.48192512279754	6.2678285	2.5035632
8.499500092169827	6.2187114	2.4937344
8.51707526184153	6.1455436	2.4790206
8.534650632232934	6.200133	2.4900067
8.552226203764365	6.232502	2.4964979
8.569801976856192	6.216742	2.4933395
8.587377951928834	6.2375016	2.497499
8.60495412940274	6.2829776	2.5065868
8.622530509698416	6.3183303	2.513629
8.6401070932364	6.425866	2.5349293
8.657683880437283	6.5622964	2.561698
8.675260871721695	6.785846	2.6049657
8.692838067510303	6.99531	2.6448648
8.710415468223834	7.114889	2.6673748
8.727993074283043	7.2186437	2.6867533
8.745570886108737	7.20719	2.684621
8.763148904121765	7.309993	2.7036998
8.78072712874302	7.3026505	2.7023416
8.798305560393441	7.573024	2.7519128
8.815884199494006	7.721428	2.7787457
8.833463046465745	7.9227967	2.8147464
8.851042101729728	8.063464	2.839624
8.86862136570707	8.363531	2.891977
8.886200838818924	8.490165	2.9137888
8.903780521486505	8.520252	2.9189472
8.921360414131055	8.575335	2.9283671
8.938940517173874	8.667299	2.9440277
8.956520831036297	8.856306	2.9759545
8.97410135613971	9.137682	3.0228598
8.99168209290554	9.324252	3.0535638
9.009263041755265	9.610341	3.100055
9.026844203110405	9.8697405	3.1416142
9.044425577392525	10.049403	3.1700795
9.062007165023239	10.153613	3.1864734
9.079588966424197	10.421389	3.2282176
9.097170982017108	10.560264	3.249656
9.11475321222372	11.552826	3.3989449
9.132335657465825	12.391328	3.5201318
9.149918318165264	12.461649	3.530106
9.167501194743924	13.05529	3.6132104
9.18508428762374	12.754862	3.571395
9.202667597226693	12.755479	3.5714812
9.220251123974803	12.384637	3.5191813
9.237834868290143	11.975103	3.4605062
9.255418830594836	11.88835	3.4479487
9.273003011311046	11.401285	3.3765788
9.290587410860985	11.246507	3.3535812
9.308172029666911	10.622685	3.259246
9.32575686815113	10.277027	3.2057803
9.343341926735997	8.95793	2.99298
9.360927205843916	8.755746	2.959011
9.378512705897327	8.538363	2.9220479
9.396098427318728	8.367965	2.8927433
9.413684370530664	8.221563	2.867327
9.431270535955722	8.0702305	2.840815
9.448856924016539	8.0055685	2.8294113
9.466443535135806	7.8261304	2.7975223
9.484030369736251	7.877203	2.8066356
9.501617428240658	7.9072847	2.8119895
9.519204711071852	7.888596	2.8086646
9.536792218652714	7.8738155	2.806032
9.55437995140617	7.848228	2.8014688
9.571967909755191	7.9251246	2.8151598
9.589556094122802	7.9836507	2.8255355
9.60714450493207	8.060113	2.8390338
9.624733142606116	8.058583	2.8387644
9.642322007568108	8.117646	2.8491483
9.659911100241267	8.120299	2.849614
9.677500421048851	8.164917	2.857432
9.695089970414175	8.169404	2.858217
9.712679748760609	8.2146635	2.8661234
9.730269756511557	8.235554	2.8697655
9.747859994090492	8.199006	2.8633907
9.765450461920915	8.153759	2.8554788
9.78304116042639	8.188913	2.8616278
9.800632090030527	8.291395	2.8794782
9.81822325115699	8.332751	2.8866506
9.835814644229481	8.360107	2.891385
9.853406269671762	8.380155	2.8948498
9.870998127907646	8.434137	2.9041586
9.888590219360985	8.469094	2.9101708
9.906182544455698	8.487112	2.9132648
9.923775103615734	8.521803	2.9192128
9.941367897265108	8.5096	2.917122
9.958960925827878	8.4545	2.9076624
9.97655418972816	8.411981	2.9003415
9.994147689390106	8.372682	2.8935587
10.011741425237934	8.402815	2.898761
10.029335397695904	8.380956	2.894988
10.04692960718833	8.345501	2.888858
10.06452405413958	8.284893	2.878349
10.082118738974064	8.293276	2.8798048
10.099713662116246	8.313884	2.8833807
10.117308823990651	8.272186	2.8761408
10.134904225021844	8.238363	2.870255
10.152499865634445	8.271639	2.8760457
10.170095746253125	8.399514	2.8981915
10.18769186730261	8.402232	2.8986604
10.205288229207675	8.403938	2.8989546
10.222884832393145	8.326973	2.8856494
10.2404816772839	8.304393	2.8817344
10.258078764304868	8.244464	2.8713174
10.275676093881035	8.236967	2.8700118
10.293273666437438	8.238179	2.8702228
10.310871482399158	8.265739	2.8750198
10.32846954219134	8.244978	2.871407
10.346067846239173	8.277201	2.8770125
10.363666394967908	8.29423	2.8799706
10.38126518880283	8.3133335	2.8832853
10.398864228169298	8.402287	2.8986697
10.416463513492713	8.407847	2.8996289
10.434063045198531	8.345752	2.8889015
10.451662823712262	8.275415	2.876702
10.469262849459467	8.20466	2.8643777
10.486863122865758	8.125389	2.8505068
10.504463644356806	8.131724	2.8516178
10.522064414358338	8.124994	2.8504376
10.539665433296118	8.087065	2.8437765
10.557266701595987	8.09577	2.8453066
10.574868219683818	7.980912	2.8250508
10.592469987985552	7.9083295	2.8121753
10.610072006927185	7.7303185	2.780345
10.627674276934751	7.623595	2.761086
10.64527679843435	7.42528	2.7249367
10.662879571852143	7.3676233	2.7143366
10.680482597614331	7.2709417	2.6964684
10.698085876147173	7.2264276	2.6882014
10.715689407876988	7.159256	2.6756785
10.733293193230146	7.0453672	2.6543112
10.750897232633072	6.910351	2.6287546
10.76850152651225	6.8456964	2.6164281
10.786106075294207	6.7236795	2.593006
10.803710879405534	6.645602	2.5779066
10.821315939272877	6.4725814	2.5441267
10.83892125532294	6.325062	2.5149674
10.856526827982472	6.2357364	2.4971457
10.874132657678285	6.2924447	2.5084746
10.891738744837243	6.362152	2.5223308
10.909345089886271	6.3593836	2.521782
10.926951693252343	6.271354	2.5042672
10.944558555362494	6.2022133	2.4904244
10.96216567664381	6.1607137	2.4820786
10.979773057523436	6.140648	2.478033
10.997380698428573	6.046521	2.4589674
11.014988599786477	5.960741	2.441463
11.032596762024461	5.8229675	2.4130826
11.050205185569892	5.7846065	2.4051208
11.067813870850198	5.7240944	2.392508
11.085422818292859	5.628852	2.3725202
11.10303202832541	5.531588	2.3519328
11.120641501375454	5.417648	2.327584
11.138251237870636	5.3652534	2.3163016
11.155861238238671	5.3357954	2.3099341
11.173471502907317	5.30938	2.3042092
11.191082032304402	5.2261033	2.2860672
11.208692826857805	5.1433992	2.2679064
11.226303886995465	5.0952954	2.257276
11.243915213145371	5.065766	2.2507257
11.261526805735578	4.997448	2.2354972
11.279138665194196	4.921611	2.2184703
11.296750791949393	4.844592	2.2010434
11.314363186429393	4.8124666	2.1937335
11.331975849062479	4.793401	2.1893837
11.34958878027699	4.7734165	2.184815
11.36720198050133	4.712493	2.1708276
11.384815450163948	4.657026	2.1580143
11.402429189693366	4.59228	2.1429605
11.420043199518153	4.5131035	2.1244066
11.437657480066942	63.4641	7.966436
11.455272031768422	85.176254	9.229098
11.472886855051353	107.62722	10.374354
11.490501950344528	99.24364	9.9621105
11.508117318076819	84.54472	9.19482
11.52573295867715	45.894543	6.774551
11.543348872574514	4.195233	2.0482268
11.560965060197946	4.168581	2.0417104
11.57858152197655	4.122854	2.0304813
11.59619825833949	4.055941	2.0139368
11.613815269715985	4.08916	2.0221672
11.631432556535323	38.660442	6.217752
11.649050119226837	83.19846	9.121319
11.666667958219929	93.58942	9.674162
11.68428607394406	107.82886	10.384068
11.701904466828756	82.616585	9.089367
11.719523137303586	65.43351	8.089098
11.737142085798196	4.680302	2.1634007
11.754761312742286	3.8077545	1.9513469
11.772380818565619	3.7545505	1.9376663
11.790000603698015	3.674449	1.9168853
11.80762066856935	3.6448398	1.9091463
11.825241013609572	3.6316106	1.9056785
11.842861639248683	3.5997908	1.8973114
11.860482545916748	3.5478354	1.8835698
11.878103734043883	3.4881198	1.8676509
11.895725204060282	3.4290822	1.8517781
11.91334695639619	3.410951	1.846876
11.930968991481919	3.4227326	1.8500628
11.948591309747824	3.419766	1.8492609
11.966213911624347	3.3841002	1.8395925
11.98383679754198	3.306459	1.8183671
12.001459967931268	3.2235255	1.7954179
12.019083423222835	3.2625046	1.8062404
12.036707163847352	3.2824786	1.8117611
12.05433119023556	3.3064518	1.8183651
12.071955502818259	3.3094532	1.8191903
12.089580102026313	3.3150997	1.8207415
12.107204988290643	3.3032484	1.8174841
12.12483016204224	3.242698	1.8007493
12.142455623712152	3.196889	1.7879846
12.16008137373149	3.124846	1.7677234
12.177707412531431	3.1472323	1.774044
12.19533374054321	3.1580472	1.7770895
12.212960358198126	3.1885695	1.7856566
12.230587265927545	3.1477244	1.7741828
12.248214464162889	3.0751412	1.7536081
12.265841953335649	3.0402403	1.7436285
12.283469733877375	3.0422149	1.7441946
12.301097806219685	3.0806634	1.7551819
12.31872617079425	3.0443797	1.7448151
12.336354828032825	2.9959617	1.7308847
12.353983778367205	2.9276235	1.71103
12.371613022229262	2.9141424	1.707086
12.389242560050928	2.928141	1.7111812
12.406872392264201	2.9039352	1.7040937
12.424502519301143	2.8954933	1.7016149
12.442132941593874	2.8817275	1.6975652
12.459763659574586	2.8986118	1.702531
12.477394673675532	2.8816137	1.6975317
12.49502598432903	2.904408	1.7042323
12.51265759196746	2.903945	1.7040966
12.530289497023267	2.8910882	1.70032
12.547921699928967	2.8793604	1.6968678
12.565554201117134	2.8121479	1.676946
12.583187001020404	2.8110864	1.6766294
12.600820100071486	2.8051534	1.6748592
12.618453498703152	2.8401463	1.6852734
12.636087197348235	2.8460646	1.6870283
12.65372119643964	2.8382986	1.684725
12.671355496410326	2.8566067	1.6901499
12.68899009769333	2.880214	1.6971194
12.706625000721749	2.9086156	1.7054664
12.724260205928752	2.9771004	1.7254276
12.741895713747551	3.025255	1.739326
12.759531524611454	3.030248	1.7407607
12.777167638953818	3.0358746	1.7423761
12.794804057208072	3.0250704	1.739273
12.812440779807702	3.076919	1.7541149
12.830077807186271	3.2350256	1.7986177
12.847715139777405	3.2663913	1.8073161
12.865352778014795	3.4651701	1.8614968
12.882990722332197	3.5765986	1.8911897
12.90062897316344	3.6646335	1.9143232
12.918267530942412	3.7746212	1.9428384
12.935906396103071	3.6535878	1.9114361
12.953545569079449	3.8292296	1.9568417
12.971185050305628	3.605183	1.898732
12.988824840215775	3.6218982	1.9031285
13.006464939244115	3.583141	1.8929187
13.024105347824943	3.420414	1.8494362
13.041746066392617	3.5181913	1.8756843
13.05938709538157	3.3425934	1.828276
13.077028435226296	3.366705	1.8348583
13.094670086361363	3.2511048	1.803082
13.112312049221401	3.177084	1.7824377
13.129954324241112	3.1012304	1.761031
13.147596911855258	2.9027386	1.7037425
13.165239812498685	2.8778722	1.6964293
13.182883026606293	2.8077757	1.6756419
13.200526554613058	2.7719393	1.6649143
13.218170396954017	2.7592483	1.6610985
13.235814554064284	2.7567353	1.660342
13.253459026379034	2.7235587	1.6503208
13.271103814333523	2.6863544	1.6390102
13.288748918363058	2.6990283	1.642872
13.306394338903031	2.7069943	1.6452945
13.32404007638889	2.7339113	1.6534543
13.341686131256164	2.763081	1.6622518
13.359332503940449	2.73975	1.655219
13.376979194877402	2.7170157	1.6483372
13.394626204502751	2.7253072	1.6508504
13.412273533252307	2.7781732	1.6667852
13.429921181561937	2.7745824	1.6657078
13.447569149867581	2.757996	1.6607215
13.465217438605247	2.7423444	1.6560025
13.482866048211022	2.7527418	1.6591389
13.500514979121052	2.737533	1.6545492
13.518164231771568	2.7121527	1.6468614
13.535813806598844	2.690793	1.6403637
13.553463704039254	2.7203429	1.6493462
13.571113924529229	2.7214966	1.6496959
13.588764468505275	2.7249882	1.6507539
13.606415336403956	2.7322345	1.6529472
13.624066528661917	2.7798665	1.6672932
13.641718045715882	2.8641264	1.692373
13.659369888002635	2.9191928	1.7085645
13.67702205595903	2.9468594	1.7166419
13.694674550021993	3.0054634	1.7336272
13.712327370628532	3.1144414	1.764778
13.729980518215713	3.2278454	1.7966206
13.747633993220681	3.330165	1.8248739
13.765287796080647	3.3624258	1.8336918
13.7829419272329	3.4116356	1.8470614
13.800596387114801	3.376607	1.8375546
13.818251176163775	3.3708062	1.8359755
13.835906294817324	3.3982956	1.8434467
13.853561743513023	3.479022	1.8652136
13.871217522688525	3.5262847	1.8778404
13.888873632781538	3.5943112	1.8958669
13.906530074229858	3.5856633	1.8935847
13.92418684747135	3.5942833	1.8958595
13.941843952943948	3.5855727	1.8935609
13.959501391085665	3.5444508	1.8826711
13.977159162334578	3.4495144	1.8572868
13.994817267128846	3.3676963	1.8351284
14.012475705906693	3.2778819	1.8104922
14.030134479106424	3.206646	1.790711
14.047793587166414	3.16457	1.7789239
14.065453030525108	3.1139553	1.7646402
14.083112809621026	3.0594735	1.749135
14.100772924892766	2.9968333	1.7311364
14.118433376778997	2.934333	1.7129896
14.136094165718458	2.8556888	1.6898783
14.153755292149969	2.7975895	1.6725997
14.171416756512416	2.7626143	1.6621114
14.189078559244768	2.701362	1.643582
14.20674070078606	2.6231322	1.6196086
14.224403181575408	2.54983	1.5968187
14.242066002051999	2.524965	1.5890138
14.259729162655093	2.491428	1.5784258
14.277392663824022	2.4816368	1.5753212
14.295056505998208	2.4387445	1.561648
14.312720689617128	2.4235847	1.5567867
14.330385215120348	2.3796453	1.5426099
14.348050082947497	2.382041	1.5433862
14.3657152935383	2.3948603	1.5475336
14.383380847332528	2.419577	1.555499
14.401046744770051	2.4006734	1.5494107
14.418712986290798	2.402484	1.5499948
14.436379572334793	2.395066	1.5476
14.454046503342123	2.4053288	1.5509123
14.471713779752946	2.434328	1.5602334
14.489381402007504	2.41487	1.5539852
14.507049370546113	2.39251	1.546774
14.524717685809168	2.3976386	1.548431
14.542386348237134	2.3989546	1.5488559
14.560055358270553	2.4096053	1.5522903
14.577724716350051	2.4746163	1.5730913
14.595394422916325	2.5101707	1.5843518
14.61306447841015	2.5790665	1.6059473
14.63073488327237	2.5565734	1.5989288
14.648405637943917	2.5715504	1.6036054
14.6660767428658	2.5238366	1.5886587
14.683748198479094	2.5257082	1.5892477
14.701420005224954	2.537461	1.592941
14.719092163544628	2.6309347	1.6220156
14.73676467387942	2.682674	1.637887
14.754437536670727	2.7278776	1.6516287
14.772110752360014	2.7311718	1.6526258
14.78978432138882	2.7152464	1.6478004
14.807458244198777	2.747244	1.6574812
14.82513252123159	2.7596931	1.6612325
14.842807152929028	2.7575982	1.6606017
14.860482139732962	2.6789353	1.6367453
14.87815748208531	2.6742485	1.6353129
14.8958331804281	2.687173	1.6392598
14.91350923520342	2.6722026	1.6346873
14.931185646853438	2.6899137	1.6400957
14.948862415820408	2.6775084	1.6363094
14.966539542546656	2.7358754	1.6540482
14.98421702747459	2.7063076	1.6450859
15.001894871046696	2.7047377	1.6446086
15.019573073705542	2.7189384	1.6489204
15.037251635893766	2.7426379	1.6560911
15.054930558054092	2.7637396	1.6624498
15.072609840629323	2.7816968	1.6678419
15.090289484062351	2.8785026	1.6966151
15.107969488796124	3.1968026	1.7879604
15.125649855273691	3.6218505	1.903116
15.14333058393817	4.0864806	2.0215046
15.161011675232768	4.9955354	2.2350695
15.17869312960076	6.305709	2.511117
15.196374947485506	8.151641	2.8551078
15.214057129330447	11.225809	3.350494
15.231739675579114	15.963513	3.9954367
15.249422586675102	21.043095	4.5872755
15.267105863062092	24.183151	4.917637
15.284789505183847	24.676973	4.9675922
15.302473513484218	22.623	4.756364
15.320157888407127	19.07095	4.3670297
15.337842630396578	14.796493	3.846621
15.355527739896656	11.57252	3.4018407
15.37321321735153	9.014821	3.002469
15.39089906320545	6.5951786	2.568108
15.408585277902748	4.946458	2.2240634
15.42627186188783	3.8754296	1.9686111
15.443958815605198	3.3059332	1.8182225
15.461646139499424	2.9833856	1.727248
15.479333834015168	2.7978497	1.6726774
15.497021899597165	2.7338507	1.6534361
15.514710336690234	2.6893964	1.6399379
15.53239914573928	2.6465402	1.626819
15.550088327189297	2.586331	1.6082073
15.567777881485336	2.557651	1.5992658
15.58546780907256	2.5766866	1.6052061
15.6031581103962	2.5420537	1.5943819
15.620848785901568	2.4794304	1.5746207
15.638539836034063	2.4553657	1.5669607
15.656231261239173	2.4348748	1.5604085
15.673923061962451	2.392057	1.5466276
15.691615238649552	2.383969	1.5440108
15.709307791746202	2.4249277	1.557218
15.727000721698221	2.429352	1.5586379
15.744694028951498	2.4154935	1.5541857
15.76238771395202	2.4225264	1.5564467
15.780081777145844	2.4171066	1.5547047
15.797776218979125	2.391549	1.5464634
15.815471039898094	2.3764927	1.5415877
15.833166240349064	2.3858938	1.5446339
15.850861820778437	2.3941739	1.5473118
15.868557781632699	2.4023368	1.5499474
15.886254123358412	2.397728	1.5484599
15.903950846402232	2.3474503	1.5321391
15.921647951210897	2.3410664	1.5300543
15.939345438231225	2.3985198	1.5487155
15.957043307910133	2.4576805	1.5676991
15.974741560694602	2.448702	1.5648329
15.992440197031714	2.422398	1.5564055
16.01013921736862	2.4169955	1.5546689
16.02783862215259	2.400648	1.5494025
16.045538411830933	2.3962436	1.5479804
16.06323858685107	2.4122775	1.5531508
16.080939147660512	2.4464147	1.5641019
16.09864009470684	2.452755	1.5661274
16.11634142843774	2.4625044	1.5692369
16.134043149300954	2.4258456	1.5575126
16.15174525774433	2.4049506	1.5507903
16.169447754215817	2.3751404	1.541149
16.18715063916342	2.3726969	1.540356
16.204853913035244	2.4225447	1.5564526
16.222557576279478	2.4487934	1.5648621
16.240261629344403	22.429039	4.7359304
16.257966072678386	42.96528	6.5547905
16.275670906729868	38.090813	6.1717753
16.293376131947387	2.532095	1.5912558
16.31108174877957	2.5679345	1.6024777
16.328787757675133	2.6127303	1.6163942
16.34649415908287	2.6102479	1.6156261
16.364200953451657	2.6405575	1.6249793
16.38190814123048	2.667773	1.6333319
16.39961572286839	2.7127914	1.6470554
16.41732369881455	2.733976	1.6534739
16.43503206951817	2.7339087	1.6534536
16.45274083542859	2.7474842	1.6575537
16.47044999699522	2.791709	1.6708407
16.488159554667558	2.8503525	1.6882987
16.505869508895184	2.8924887	1.7007319
16.523579860127786	2.9237952	1.7099109
16.541290608815117	2.9744523	1.72466
16.559001755407035	3.0167506	1.7368796
16.57671330035348	3.0390656	1.7432916
16.59442524410448	3.092821	1.7586417
16.61213758711015	3.1687322	1.7800933
16.629850329820705	3.2520397	1.8033413
16.647563472686436	3.3409927	1.8278383
16.665277016157724	3.4024792	1.844581
16.682990960685053	3.4760609	1.8644197
16.70070530671898	3.517992	1.8756311
16.718420054710155	3.5418658	1.8819846
16.736135205109335	3.6133523	1.900882
16.753850758367335	3.6754935	1.9171576
16.771566714935087	3.7428377	1.9346415
16.789283075263597	3.7690208	1.9413966
16.80699983980398	3.82235	1.9550831
16.82471700900741	3.8880475	1.9718132
16.84243458332518	3.9410644	1.9852114
16.860152563208665	3.9546685	1.9886348
16.87787094910932	3.9855068	1.9963734
16.89558974147871	4.0755315	2.0187945
16.913308940768466	4.1994977	2.0492675
16.931028547430333	4.2909913	2.0714707
16.94874856191613	4.3711605	2.090732
16.966468984677785	4.412048	2.1004875
16.98418981616729	4.4743905	2.1152756
17.00191105683676	4.5241857	2.1270132
17.019632707138374	4.6062093	2.146208
17.03735476752442	4.6339183	2.1526537
17.05507723844728	4.664086	2.1596494
17.072800120359403	4.684594	2.1643922
17.090523413713353	4.6790657	2.1631148
17.108247118961785	4.695822	2.1669846
17.125971236557437	4.6991477	2.1677518
17.143695766953133	4.731199	2.1751318
17.161420710601806	4.7646365	2.1828048
17.179146067956477	4.8103533	2.1932518
17.19687183947025	4.7485304	2.1791122
17.21459802559634	4.70165	2.168329
17.232324626788028	4.7169995	2.1718655
17.25005164349871	4.7417164	2.1775482
17.267779076181863	4.70574	2.1692717
17.285506925291074	4.665673	2.1600168
17.30323519127999	4.6667128	2.1602576
17.320963874602384	4.6676235	2.1604683
17.33869297571211	4.659366	2.1585565
17.356422495063114	4.642648	2.1546805
17.37415243310944	4.6263876	2.150904
17.391882790305218	4.619794	2.1493707
17.40961356710468	4.604815	2.1458833
17.42734476396215	4.557541	2.1348398
17.445076381332044	4.5140247	2.1246235
17.462808419668868	4.5949535	2.1435843
17.48054087942723	4.727574	2.1742985
17.498273761061835	5.023523	2.2413216
17.51600706502747	5.4928775	2.343689
17.533740791779024	6.1711884	2.4841876
17.551474941771485	7.657043	2.7671363
17.56920951545993	8.769155	2.9612758
17.586944513299528	10.996474	3.3160932
17.60467993574556	12.730701	3.5680108
17.622415783253373	14.465216	3.8033164
17.64015205627843	15.844135	3.9804692
17.657888755276293	16.92186	4.113619
17.675625880702604	17.476784	4.1805243
17.69336343301311	17.294905	4.1587143
17.71110141266366	16.409262	4.0508347
17.728839820110178	15.311811	3.9130309
17.746578655808705	14.384011	3.792626
17.764317920215372	12.926049	3.5952816
17.7820576137864	11.382877	3.373852
17.79979773697811	9.3497	3.0577278
17.81753829024692	7.5244374	2.7430708
17.835279274049356	5.946617	2.4385686
17.85302068884201	4.932106	2.2208345
17.870762535081607	4.261923	2.0644424
17.888504813224934	3.9573932	1.9893198
17.90624752372891	3.7452111	1.9352548
17.923990667050536	3.632865	1.9060076
17.941734243646895	3.5598876	1.8867664
17.959478253975185	3.5392935	1.881301
17.9772226984927	3.4953175	1.8695768
17.994967577656833	3.461299	1.8604567
18.01271289192506	3.4132586	1.8475007
18.030458641754965	3.4082496	1.8461446
18.04820482760425	3.4102004	1.8466728
18.06595144993067	3.39806	1.8433828
18.083698509192125	3.3280199	1.8242861
18.101446005846576	3.2947075	1.815133
18.119193940352105	3.3248422	1.823415
18.136942313166887	3.3603141	1.8331159
18.1546911247492	3.29749	1.8158993
18.1724403755574	3.2357228	1.7988114
18.19019006604997	3.2029562	1.7896805
18.207940196685467	3.2224782	1.7951262
18.225690767922575	3.182483	1.7839515
18.243441780220046	3.139418	1.7718402
18.261193234036764	3.0890436	1.7575675
18.278945129831676	3.0750666	1.7535868
18.29669746806386	3.092334	1.7585033
18.314450249192483	3.1243963	1.7675962
18.3322034736768	3.1258948	1.76802
18.349957141976184	3.1488843	1.7745095
18.3677112545501	3.126573	1.7682118
18.385465811858108	3.1089656	1.7632259
18.403220814359884	3.1121385	1.7641255
18.420976262515172	3.128251	1.7686863
18.43873215678387	3.1576366	1.776974
18.456488497625923	3.1617517	1.7781315
18.474245285501407	3.2146256	1.7929378
18.492002520870486	3.3085582	1.8189442
18.50976020419343	3.3776536	1.8378394
18.527518335930615	3.663226	1.9139556
18.545276916542516	4.203286	2.0501916
18.563035946489688	4.362807	2.0887332
18.580795426232832	4.894803	2.2124202
18.598555356232698	4.804663	2.1919541
18.616315736950185	5.165485	2.2727704
18.63407656884626	4.80119	2.1911619
18.65183785238201	5.0347767	2.243831
18.669599588018617	4.7907147	2.18877
18.68736177621737	4.8092155	2.1929924
18.705124417439652	4.8178215	2.1949537
18.72288751214696	4.6538467	2.1572776
18.740651060800886	4.7403154	2.1772265
18.758415063863115	4.3656163	2.0894058
18.77617952179546	4.5268826	2.1276472
18.793944435059814	4.317044	2.0777497
18.811709804118184	4.3507867	2.085854
18.829475629432675	4.325921	2.0798848
18.8472419114655	4.0965505	2.0239937
18.86500865067897	4.185841	2.0459328
18.88277584753551	3.8532784	1.9629769
18.90054350249763	3.850632	1.9623027
18.918311616027957	3.4985855	1.8704506
18.936080188589226	3.3653476	1.8344884
18.953849220644265	3.05677	1.7483621
18.971618712656007	2.8922818	1.700671
18.9893886650875	2.8542955	1.689466
19.007159078401887	8.061468	2.8392725
19.024929953062408	32.915436	5.7371974
19.042701289532435	32.858856	5.7322645
19.060473088275405	25.42567	5.0423875
19.07824534975489	2.7068107	1.6452388
19.096018074434568	2.6774278	1.6362847
19.113791262778197	2.6510284	1.6281979
19.13156491524966	2.6455638	1.626519
19.149339032312945	2.634178	1.623015
19.167113614432136	2.598318	1.6119299
19.184888662071433	2.5805864	1.6064204
19.202664175695123	2.5588346	1.5996357
19.220440155767623	2.5708573	1.6033893
19.238216602753447	2.543326	1.5947808
19.2559935171172	2.5826845	1.6070733
19.27377089932361	2.5845165	1.6076431
19.291548749837514	2.551652	1.5973891
19.309327069123835	2.5029397	1.5820682
19.32710585764763	2.4972045	1.5802546
19.344885115874032	2.4990218	1.5808295
19.362664844268313	2.4886496	1.5775454
19.380445043295822	2.481666	1.5753305
19.39822571342203	2.4981484	1.5805532
19.41600685511252	2.509245	1.5840596
19.43378846883297	2.5043707	1.5825204
19.451570555049173	2.4695227	1.5714716
19.469353114227037	2.4962313	1.5799466
19.48713614683254	2.5113268	1.5847167
19.50491965333182	2.5005248	1.5813048
19.52270363419109	2.4616258	1.568957
19.540488089876686	2.493045	1.578938
19.55827302085503	2.5539012	1.598093
19.576058427592674	2.597245	1.6115971
19.593844310556282	2.6021392	1.6131147
19.611630670212598	2.6081922	1.6149899
19.629417507028506	2.6048484	1.6139543
19.64720482147098	2.5569093	1.5990338
19.6649926140071	2.5346482	1.5920578
19.682780885104084	2.522506	1.5882399
19.70056963522921	2.5128026	1.5851822
19.718358864849908	2.5081005	1.5836984
19.7361485744337	2.52941	1.5904119
19.753938764448215	2.5457354	1.5955361
19.771729435361202	2.511589	1.5847994
19.789520587640506	2.5215433	1.5879368
19.807312221754092	2.5662823	1.601962
19.825104338170043	2.6017883	1.613006
19.842896937356517	2.5964384	1.6113467
19.860690019781824	2.566471	1.602021
19.87848358591436	2.5917459	1.60989
19.896277636222635	2.5955436	1.6110691
19.914072171175278	2.6121106	1.6162025
19.931867191241015	2.5734751	1.6042055
19.94966269688869	2.526555	1.5895141
19.967458688587264	2.4748576	1.573168
19.985255166805807	2.4896443	1.5778607
20.00305213201348	2.5122516	1.5850084
20.020849584679578	2.4914174	1.5784224
20.038647525273507	2.474264	1.5729793
20.05644595426477	2.4638581	1.5696682
20.07424487212299	2.4914591	1.5784357
20.092044279317903	2.4961112	1.5799086
20.109844176319353	2.4931812	1.578981
20.127644563597304	2.5084212	1.5837996
20.145445441621817	2.4952981	1.5796512
20.16324681086307	2.482825	1.5756983
20.181048671791373	2.4784162	1.5742986
20.198851024877122	2.4599135	1.5684111
20.216653870590836	2.4255726	1.557425
20.234457209403146	2.3815494	1.543227
20.252261041784802	2.381122	1.5430886
20.270065368206662	2.36452	1.5376996
20.287870189139685	2.386031	1.5446782
20.305675505054968	2.391662	1.5464998
20.323481316423702	2.3798232	1.5426675
20.341287623717207	2.3497999	1.5329057
20.359094427406884	2.366883	1.5384678
20.376901727964288	2.3882282	1.5453893
20.39470952586107	2.3788638	1.5423566
20.41251782156899	2.3517742	1.5335495
20.430326615559935	2.3594673	1.5360558
20.448135908305886	2.3814313	1.5431887
20.465945700278965	2.380119	1.5427635
20.483755991951384	2.3619826	1.5368743
20.50156678379548	2.3656065	1.5380528
20.519378076283708	2.3550673	1.5346228
20.537189869888635	2.3508809	1.5332582
20.55500216508294	2.3301098	1.5264697
20.572814962339415	2.3128033	1.5207903
20.59062826213098	2.329926	1.5264095
20.60844206493066	2.3442922	1.5311081
20.626256371211593	2.3907144	1.5461935
20.644071181447032	2.410819	1.5526812
20.66188649611036	2.4035215	1.5503294
20.67970231567506	2.3787649	1.5423245
20.697518640614742	2.3267233	1.5253601
20.715335471403122	2.3495328	1.5328186
20.73315280851404	2.3531487	1.5339977
20.750970652421447	2.3754785	1.5412587
20.768789003599412	2.3386936	1.5292788
20.786607862522136	2.332876	1.5273755
20.8044272296639	2.3462973	1.5317628
20.82224710549913	2.3646061	1.5377276
20.84006749050237	2.3632603	1.5372899
20.857888385148268	3.87814	1.9692993
20.8757097899116	45.984116	6.781159
20.893531705267254	64.841675	8.052433
20.911354131690224	83.870865	9.158104
20.92917706965566	69.13636	8.314828
20.94700051963877	50.218613	7.086509
20.96482448211493	29.43007	5.4249487
20.982648957559622	4.167734	2.041503
21.00047394644843	2.2547147	1.5015707
21.01829944925707	2.2638462	1.5046083
21.036125466461375	2.2250948	1.4916751
21.053951998537297	2.2229898	1.4909694
21.071779045960906	2.2499368	1.4999789
21.089606609208378	2.2425756	1.4975232
21.10743468875603	2.2191854	1.489693
21.12526328508028	2.2226727	1.4908631
21.143092398657675	2.2505016	1.5001673
21.16092202996488	2.277672	1.5091958
21.17875217947867	2.2719502	1.507299
21.19658284767596	2.2581496	1.502714
21.21441403503377	2.2246368	1.4915216
21.232245742029225	2.2071974	1.485664
21.2500779691396	2.1954794	1.481715
21.26791071684227	2.188518	1.479364
21.28574398561475	2.152275	1.4670634
21.30357777593465	2.166061	1.4717543
21.321412088279704	2.179159	1.4761975
21.339246923127792	2.1754901	1.4749542
21.357082280956888	2.1712334	1.4735106
21.3749181622451	2.1829133	1.4774685
21.392754567470647	2.1964061	1.4820276
21.41059149711187	2.2034106	1.484389
21.42842895164726	2.1834214	1.4776405
21.446266931555378	2.1588929	1.4693172
21.464105437314945	2.1537306	1.4675595
21.481944469404798	2.1405835	1.4630733
21.49978402830388	2.1387236	1.4624375
21.51762411449127	2.117951	1.4553181
21.53546472844617	2.1139076	1.4539284
21.553305870647876	2.1160114	1.4546516
21.571147541575865	2.1266794	1.458314
21.58898974170967	2.1207392	1.4562758
21.60683247152899	2.1371765	1.4619085
21.62467573151363	2.1084776	1.4520597
21.642519522143523	2.1127448	1.4535284
21.660363843898722	2.0731697	1.4398506
21.6782086972594	2.0839088	1.443575
21.696054082705864	2.076525	1.4410152
21.713900000718535	2.0669193	1.4376785
21.73174645177795	2.0694482	1.4385577
21.749593436364794	2.059675	1.4351568
21.767440954959845	2.0622134	1.4360409
21.785289008044032	2.0728066	1.4397244
21.803137596098388	2.072295	1.4395468
21.820986719604086	2.0709264	1.4390714
21.838836379042412	2.036283	1.4269838
21.85668657489478	2.025264	1.4231178
21.87453730764273	2.0099802	1.4177377
21.892388577767914	1.9973063	1.4132609
21.91024038575213	1.9564934	1.3987471
21.928092732077285	1.9525265	1.3973284
21.945945617225426	1.9468132	1.3952825
21.963799041678694	1.9939667	1.4120789
21.981653005919398	31.36204	5.600182
21.999507510429943	78.18535	8.842248
22.01736255569286	73.118904	8.55096
22.035218142190818	4.1960697	2.048431
22.05307427040661	2.0418768	1.4289426
22.07093094082315	2.057759	1.4344891
22.088788153923474	2.048934	1.4314098
22.106645910190746	2.0125904	1.418658
22.12450421010827	2.0019915	1.4149175
22.142363054159464	2.0125475	1.4186429
22.16022244282787	1.9878279	1.4099035
22.178082376597164	2.0187905	1.4208415
22.195942855951145	2.0092025	1.4174634
22.213803881373742	2.0434668	1.4294988
22.231665453349002	2.0336468	1.4260598
22.24952757236111	2.0220826	1.4219995
22.26739023889438	1.9981639	1.4135643
22.28525345343323	2.0014107	1.4147122
22.30311721646225	2.0152442	1.419593
22.320981528466113	2.0257244	1.4232794
22.33884638992964	2.0336657	1.4260665
22.356711801337788	2.0165544	1.4200543
22.37457776317561	2.0099459	1.4177256
22.392444275928337	1.9962944	1.4129028
22.410311340081282	2.0046182	1.4158454
22.428178956119904	1.9810835	1.4075097
22.446047124529805	1.9813617	1.4076085
22.46391584579669	1.9720576	1.4042996
22.481785120406414	2.0064442	1.4164901
22.49965494884496	2.0026724	1.4151582
22.51752533159841	2.0087306	1.417297
22.53539626915302	2.0153031	1.4196137
22.553267761995137	2.0089722	1.4173821
22.571139810611264	1.9979128	1.4134754
22.589012415488025	1.9872743	1.4097072
22.60688557711216	1.9888767	1.4102753
22.624759295970566	1.973613	1.4048533
22.642633572550263	1.9801358	1.407173
22.660508407338362	1.9840398	1.4085594
22.67838380082217	1.9607238	1.4002584
22.696259753489077	1.9425893	1.3937681
22.714136265826614	1.9465053	1.3951721
22.73201333832246	1.9475412	1.3955433
22.74989097146439	1.9352382	1.3911284
22.76776916574035	1.9395491	1.392677
22.785647921638393	1.963152	1.4011253
22.803527239646712	1.9350463	1.3910594
22.82140712025363	1.8977642	1.3775936
22.839287563947593	1.8919783	1.375492
22.85716857121719	1.9072824	1.3810439
22.875050142551135	1.8975859	1.3775289
22.892932278438277	1.8839128	1.372557
22.910814979367604	1.9077053	1.3811971
22.928698245828222	1.9378175	1.3920552
22.946582078309387	1.9332683	1.3904202
22.96446647730047	1.9267124	1.3880607
22.98235144329098	1.8848882	1.3729123
23.000236976770562	1.912678	1.3829961
23.018123078229	1.9093815	1.3818038
23.03600974815619	1.9217342	1.3862662
23.053896987042194	1.9084277	1.3814585
23.071784795377173	1.9000627	1.3784276
23.08967317365145	1.874372	1.3690771
23.10756212235546	1.8623942	1.3646957
23.125451641979787	1.9008896	1.3787276
23.143341733015134	1.9528267	1.3974358
23.161232395952357	1.9782139	1.40649
23.179123631282426	1.9550619	1.3982353
23.197015439496468	1.9580414	1.3993003
23.214907821085717	1.9785173	1.4065977
23.23280077654157	1.9720303	1.40429
23.250694306355538	1.9619218	1.4006861
23.268588411019277	1.9642229	1.4015074
23.28648309102458	1.984267	1.4086401
23.304378346863356	1.9655036	1.4019642
23.322274179027676	1.9386255	1.3923453
23.340170588009723	1.9353257	1.3911599
23.358067574301852	1.9138244	1.3834105
23.37596513839651	1.9548665	1.3981655
23.39386328078629	1.9660573	1.4021616
23.411762001963947	1.9721752	1.4043416
23.429661302422353	1.9702344	1.4036504
23.4475611826545	1.9641042	1.401465
23.46546164315356	1.9197888	1.3855644
23.48336268441279	1.9002006	1.3784777
23.501264306925638	1.9570578	1.3989488
23.51916651118564	1.9868267	1.4095484
23.537069297686497	1.9441942	1.3943436
23.554972666922037	1.9219321	1.3863376
23.57287661938623	1.9272188	1.3882431
23.59078115557318	1.9544454	1.3980148
23.608686275977128	1.9493464	1.3961899
23.62659198109246	1.9531933	1.3975669
23.6444982714137	1.9230112	1.3867267
23.66240514743549	1.920892	1.3859625
23.68031260965263	1.9146475	1.3837079
23.698220658560068	1.9220465	1.3863789
23.716129294652845	1.9452147	1.3947096
23.7340385184262	1.9561548	1.3986261
23.75194833037546	1.9752105	1.4054219
23.769858730996123	1.9661173	1.402183
23.78776972078382	1.9312742	1.3897029
23.80568130023431	1.9322125	1.3900404
23.823593469843495	1.9384631	1.392287
23.841506230107424	1.9609257	1.4003305
23.859419581522275	1.9229022	1.3866875
23.87733352458438	1.9326808	1.390209
23.89524805979019	1.9594772	1.3998133
23.913163187636318	1.9813151	1.4075919
23.931078908619508	1.9628627	1.4010221
23.948995223236633	2.0091853	1.4174573
23.966912131984735	2.067766	1.4379729
23.98482963536096	2.095162	1.4474674
24.002747733862616	2.0587697	1.4348414
24.020666427987155	2.056499	1.4340498
24.038585718232156	2.0811334	1.4426134
24.056505605095353	2.1026247	1.450043
24.074426089074617	2.0913143	1.4461377
24.092347170667946	2.1292543	1.4591964
24.110268850373515	2.1329482	1.4604616
24.128191128689586	2.1600897	1.4697244
24.146114006114626	2.1620657	1.4703964
24.164037483147187	2.151681	1.4668609
24.181961560286005	2.1033561	1.4502952
24.199886238029926	2.0939867	1.4470614
24.21781151687797	2.0993567	1.4489157
24.235737397329274	2.1015294	1.4496653
24.253663879883135	2.0824637	1.4430745
24.271590965038975	2.115555	1.4544947
24.289518653296376	2.090186	1.4457476
24.30744694515505	2.0396392	1.4281594
24.32537584111486	2.0250053	1.4230268
24.34330534167581	2.058289	1.4346739
24.361235447338046	2.0359287	1.4268597
24.379166158601876	2.0157025	1.4197544
24.39709747596772	2.0247314	1.4229306
24.41502939993615	2.041764	1.4289031
24.432961931007917	2.0087998	1.4173213
24.450895069683856	1.9975883	1.4133606
24.468828816465	1.9865636	1.4094551
24.4867631718525	2.0058236	1.416271
24.504698136347656	2.023489	1.4224939
24.52263371045192	2.0170996	1.4202464
24.540569894666874	1.9974207	1.4133013
24.558506689494266	1.9332544	1.3904152
24.57644409543597	1.9152508	1.3839259
24.594382112994012	1.9240109	1.3870872
24.61232074267057	1.9924946	1.4115576
24.630259984967953	2.0154665	1.4196713
24.64819984038863	2.0139914	1.4191517
24.66614030943522	1.9849963	1.408899
24.684081392610462	1.9898201	1.4106098
24.702023090417274	1.9811463	1.407532
24.7199654033587	1.9865737	1.4094586
24.737908331937927	2.0068846	1.4166455
24.755851876658305	2.071585	1.4393002
24.773796038023324	2.0781353	1.4415739
24.79174081653661	2.0609708	1.4356081
24.809686212701962	2.0497212	1.4316847
24.827632227023294	2.0630872	1.4363451
24.8455788600047	2.1084971	1.4520665
24.8635261121504	2.1314018	1.4599321
24.88147398396475	2.1302295	1.4595306
24.899422475952303	2.1160393	1.4546613
24.917371588617698	2.1354911	1.461332
24.935321322465768	2.2001731	1.4832981
24.953271678001478	2.2837498	1.511208
24.97122265572994	2.4434464	1.5631527
24.989174256156414	2.7509236	1.6585909
25.00712647978632	3.2268791	1.7963517
25.02507932712521	3.7807572	1.9444169
25.043032798678798	4.386984	2.0945127
25.060986894952933	4.980246	2.2316465
25.078941616453637	5.7833757	2.404865
25.096896963687055	6.727281	2.5937002
25.114852937159508	7.9190354	2.814078
25.132809537377444	8.37013	2.8931177
25.150766764847468	8.336325	2.8872695
25.168724620076347	7.7851524	2.7901886
25.186683103570985	6.809956	2.6095893
25.204642215838426	5.6385307	2.3745592
25.222601957385894	4.20937	2.0516748
25.24056232872074	3.2126245	1.7923796
25.25852333035048	2.653	1.6288033
25.276484962782778	2.3382957	1.5291487
25.294447226525435	2.134124	1.4608642
25.312410122086423	2.0414238	1.428784
25.330373649973843	1.9491867	1.3961327
25.348337810695988	1.9529145	1.3974671
25.366302604761245	1.962574	1.400919
25.384268032678207	1.9623194	1.4008281
25.40223409495558	1.9247409	1.3873503
25.420200792102257	1.8985924	1.3778942
25.438168124627246	1.8741492	1.3689957
25.45613609303974	1.8105327	1.3455603
25.474104697849057	1.8115661	1.3459443
25.492073939564698	1.8197908	1.3489963
25.510043818696285	1.8540586	1.3616382
25.528014335753614	1.8765606	1.3698761
25.54598549124664	1.8716543	1.3680842
25.56395728568544	1.8822988	1.371969
25.58192971958028	1.9037039	1.3797477
25.59990279344156	1.9208004	1.3859295
25.617876507779833	1.9421949	1.3936266
25.635850863105826	1.9009407	1.378746
25.653825859930386	1.8614124	1.3643359
25.671801498764548	1.8748435	1.3692492
25.68977778011949	1.8869973	1.3736802
25.707754704506524	1.8889862	1.374404
25.725732272437153	1.8708595	1.3677937
25.743710484423012	1.8645325	1.3654789
25.761689340975888	1.8477569	1.3593222
25.77966884260774	1.8583351	1.3632077
25.797648989830662	1.8734161	1.3687279
25.815629783156922	1.8530949	1.3612843
25.83361122309895	1.8432182	1.3576517
25.85159331016929	1.8308288	1.3530812
25.869576044880695	1.8772922	1.370143
25.887559427746034	1.8890325	1.3744208
25.90554345927836	1.863434	1.3650765
25.92352813999086	1.8690604	1.3671359
25.94151347039689	1.8917199	1.3753982
25.959499451009965	1.9001105	1.3784449
25.97748608234374	1.8691155	1.367156
25.995473364912062	1.8266772	1.3515462
26.013461299228904	1.8207662	1.3493577
26.03144988580839	1.8737764	1.3688595
26.04943912516483	1.8789457	1.3707464
26.067429017812675	1.8693098	1.3672271
26.085419564266537	1.8910555	1.3751565
26.103410765041186	1.8918927	1.3754609
26.12140262065155	1.8288183	1.3523381
26.139395131612723	1.7958046	1.3400763
26.157388298439948	1.8323854	1.3536563
26.17538212164861	1.861447	1.3643485
26.193376601754295	1.8350648	1.3546456
26.211371739272714	1.811322	1.3458536
26.229367534719746	1.8070005	1.3442472
26.247363988611433	1.822481	1.349993
26.26536110146397	1.8078593	1.3445666
26.283358873793727	1.8102646	1.3454608
26.301357306117204	1.8195158	1.3488942
26.319356398951104	1.8203034	1.3491862
26.33735615281224	1.7965022	1.3403366
26.35535656821762	1.8555174	1.3621738
26.373357645684404	1.8944539	1.3763916
26.39135938572991	1.8504871	1.360326
26.409361788871614	1.8101716	1.3454262
26.427364855627165	1.818927	1.3486761
26.445368586514352	1.8618895	1.3645107
26.46337298205115	1.8763471	1.3697982
26.48137804275568	1.8821511	1.3719151
26.499383769146217	1.9183264	1.3850366
26.517390161741215	1.9182653	1.3850145
26.53539722105928	1.9020954	1.3791648
26.553404947619182	1.8725648	1.3684169
26.571413341939856	1.8469733	1.359034
26.589422404540397	1.8526088	1.3611057
26.60743213594006	1.8840288	1.3725992
26.62544253665827	1.8882018	1.3741186
26.64345360721459	1.8634396	1.3650786
26.66146534812879	1.8087904	1.3449128
26.679477759920758	1.7735378	1.3317424
26.69749084311057	1.8126659	1.3463528
26.71550459821847	1.845689	1.3585614
26.733519025764842	1.7991774	1.3413342
26.751534126270258	1.8065759	1.3440893
26.769549900255434	1.7674628	1.3294597
26.787566348241267	1.7779837	1.3334105
26.80558347074881	1.8382545	1.3558224
26.823601268299267	1.8970674	1.3773407
26.841619741414036	1.880799	1.3714223
26.85963889061465	1.7982043	1.3409714
26.877658716422832	1.749031	1.3225093
26.89567921936045	1.8091383	1.3450421
26.913700399949544	1.8274486	1.3518316
26.93172225871233	1.7992527	1.3413622
26.949744796171174	1.797231	1.3406085
26.967768012848605	1.8250364	1.350939
26.98579190926733	1.8594358	1.3636113
27.003816485950225	1.8376007	1.3555813
27.021841743420318	1.8039582	1.3431151
27.039867682200814	1.7874097	1.3369404
27.057894302815072	1.779483	1.3339726
27.07592160578664	1.8056109	1.3437302
27.0939495916392	1.8398521	1.3564115
27.111978260896635	1.8513061	1.360627
27.13000761408296	1.8425773	1.3574157
27.148037651722397	1.7962328	1.3402361
27.166068374339304	1.7973739	1.3406618
27.184099782458215	1.8143123	1.3469641
27.20213187660384	1.8411094	1.3568748
27.22016465730105	1.828394	1.3521812
27.23819812507487	1.8465333	1.358872
27.256232280450533	1.845391	1.3584517
27.274267123953383	1.8108562	1.3456806
27.292302656108987	1.8210007	1.3494446
27.31033887744306	1.8027844	1.3426781
27.32837578848146	1.7933916	1.3391757
27.34641338975026	1.8191075	1.348743
27.364451681775673	1.8547225	1.361882
27.382490665084074	1.8311695	1.3532071
27.400530340202046	1.8120055	1.3461076
27.41857070765629	1.8367144	1.3552544
27.436611767973726	1.854159	1.361675
27.454653521681404	1.875328	1.3694261
27.472695969306564	1.871243	1.3679339
27.490739111376627	1.8284597	1.3522055
27.508782948419153	1.8074297	1.3444068
27.526827480961902	1.7992259	1.3413522
27.54487270953279	1.814411	1.3470007
27.562918634659898	1.8027685	1.3426721
27.580965256871508	1.7674617	1.3294592
27.599012576696026	1.7287364	1.3148142
27.617060594662068	1.7671596	1.3293456
27.63510931129842	1.7766341	1.3329043
27.65315872713401	1.7758025	1.3325924
27.67120884269797	1.8307048	1.3530354
27.68925965851958	1.8943045	1.3763374
27.707311175128307	1.8819925	1.3718573
27.725363393053787	1.8869629	1.3736677
27.74341631282583	1.8608292	1.3641222
27.7614699349744	1.851518	1.360705
27.77952426002968	1.9753184	1.4054602
27.797579288521973	2.0442815	1.4297837
27.815635020981784	2.516022	1.5861974
27.83369145793979	2.6187801	1.6182646
27.85174859992682	2.508625	1.583864
27.869806447473923	2.357773	1.5355042
27.887865001112267	1.9968145	1.4130869
27.905924261373233	1.8796715	1.3710111
27.92398422878836	1.872269	1.3683088
27.94204490388936	1.9120315	1.3827623
27.96010628720813	1.8975188	1.3775046
27.978168379276728	1.8828819	1.3721814
27.9962311806274	1.8745626	1.3691467
28.014294691792568	1.8878843	1.374003
28.0323589133048	1.8749565	1.3692905
28.050423845696887	1.848801	1.3597063
28.068489489501758	1.863062	1.3649403
28.086555845252523	1.8705124	1.3676667
28.104622913482487	1.8666831	1.3662661
28.122690694725115	1.8305638	1.3529832
28.14075918951405	1.8823665	1.3719937
28.15882839838312	1.9128752	1.3830673
28.176898321866304	1.9156147	1.3840573
28.1949689604978	1.9272379	1.3882499
28.213040314811945	1.9609689	1.4003459
28.23111238534327	1.9749804	1.40534
28.249185172626493	1.9460367	1.3950042
28.267258677196473	1.9720339	1.4042913
28.285332899588294	1.9962082	1.4128723
28.303407840337172	1.9360665	1.3914261
28.321483499978545	1.9063517	1.3807069
28.33955987904799	1.9522133	1.3972163
28.357636978081285	1.9981381	1.4135551
28.37571479761439	1.9771785	1.4061217
28.393793338183425	1.9605322	1.40019
28.41187260032469	1.9632615	1.4011643
28.429952584574686	1.9802201	1.407203
28.448033291470065	1.9462591	1.3950839
28.46611472154769	1.945989	1.3949871
28.484196875344566	1.9700373	1.4035802
28.502279753397914	1.9522134	1.3972163
28.52036335624511	1.9385084	1.3923032
28.538447684423716	1.9527097	1.397394
28.556532738471482	2.01386	1.4191053
28.574618518926325	2.0193017	1.4210213
28.59270502632635	2.0141547	1.4192091
28.61079226120985	1.9700112	1.4035709
28.628880224115274	2.0284026	1.42422
28.646968915581287	2.0933876	1.4468544
28.66505833614671	2.1025975	1.4500337
28.68314848635055	2.0979671	1.4484361
28.701239366732004	2.107134	1.4515971
28.71933097783044	2.1012034	1.4495529
28.737423320185403	2.077297	1.4412831
28.75551639433665	2.1100514	1.4526016
28.773610200824074	2.1211588	1.4564198
28.791704740187793	2.184964	1.4781624
28.80980001296809	2.257804	1.502599
28.827896019705413	2.2791564	1.5096875
28.845992760940433	2.2540934	1.5013639
28.86409023721397	2.2249196	1.4916164
28.88218844906704	2.2694955	1.5064845
28.900287397040845	2.3083017	1.5193096
28.918387081676755	2.345788	1.5315965
28.936487503516343	2.2810755	1.5103229
28.954588663101365	2.2901204	1.5133144
28.97269056097374	2.2641666	1.5047148
28.990793197675597	2.291882	1.5138963
29.00889657374923	2.3855655	1.5445276
29.027000689737125	2.4222	1.5563419
29.04510554618196	2.4086144	1.5519711
29.06321114362659	2.4003072	1.5492924
29.08131748261405	2.4401374	1.5620939
29.099424563687567	2.49287	1.5788826
29.11753238739057	2.5356588	1.5923752
29.13564095426663	2.569174	1.6028644
29.15375026485954	2.5960147	1.6112154
29.171860319713275	2.6313004	1.6221284
29.18997111937199	2.6548228	1.6293627
29.20808266438002	2.7416933	1.655806
29.226194955281898	2.8236625	1.6803757
29.244307992622335	2.848823	1.6878457
29.26242177694624	2.8448875	1.6866795
29.2805363087987	2.8703935	1.6942235
29.29865158872498	2.917082	1.7079468
29.316767617270557	2.895943	1.7017471
29.334884394981064	2.920545	1.7089603
29.353001922402367	2.9273872	1.7109609
29.37112020008047	3.0352752	1.7422041
29.389239228561596	3.2205784	1.794597
29.407359008392152	3.4404182	1.8548365
29.42547954011872	3.7823071	1.9448154
29.44360082428809	4.337872	2.0827558
29.46172286144722	5.3143687	2.3052914
29.479845652143283	6.8348246	2.6143498
29.497969196923606	8.82454	2.9706128
29.516093496335728	11.317105	3.3640904
29.5342185509274	14.133911	3.7595093
29.55234436124651	16.524216	4.0649986
29.570470927841175	17.989555	4.24141
29.588598251259686	17.822344	4.2216516
29.60672633205055	16.577139	4.071503
29.624855170762405	14.462852	3.8030057
29.642984767944146	11.643165	3.412208
29.66111512414481	8.914907	2.9857843
29.67924623991366	6.6271267	2.5743206
29.697378115800138	5.0688834	2.251418
29.71551075235387	4.246296	2.0606542
29.733644150124675	3.8098013	1.9518713
29.751778309662576	3.484583	1.8667037
29.769913231517766	3.379377	1.8383082
29.78804891624066	3.4038332	1.844948
29.806185364381818	3.4232051	1.8501905
29.82432257649206	3.3794558	1.8383297
29.842460553122333	3.3936765	1.8421934
29.86059929482382	3.4250705	1.8506947
29.878738802147872	3.42385	1.8503648
29.896879075646048	3.4153674	1.8480712
29.915020115870114	3.395139	1.8425903
29.933161923371976	3.3445666	1.8288156
29.951304498703777	3.3234432	1.8230313
29.969447842417857	3.317229	1.8213261
29.987591955066733	3.298042	1.8160512
30.005736837203123	3.3016162	1.817035
30.023882489379943	3.2548757	1.8041275
30.04202891215028	3.236763	1.7991006
30.060176106067455	3.2246366	1.7957273
30.078324071684946	3.2067308	1.7907348
30.09647280955646	3.184128	1.7844125
30.114622320235863	3.189258	1.7858495
30.132772604277257	3.1990361	1.788585
30.1509236622349	3.1935987	1.7870643
30.16907549466328	3.1710565	1.7807461
30.18722810211705	3.1046205	1.7619933
30.205381485151097	3.0902543	1.7579119
30.22353564432045	3.1010668	1.7609847
30.241690580180403	3.0915344	1.758276
30.25984629328638	3.024437	1.7390908
30.278002784194037	2.978109	1.7257198
30.296160053459246	2.9530544	1.7184453
30.314318101638033	2.9713032	1.7237469
30.332476929286646	2.9974942	1.7313273
30.35063653696153	2.9826725	1.7270415
30.368796925219307	2.9653764	1.7220268
30.386958094616844	2.9507558	1.7177764
30.40512004571115	2.9631093	1.7213684
30.423282779059463	3.0043592	1.7333088
30.441446295219233	2.9742827	1.7246109
30.459610594748067	2.9699721	1.7233607
30.47777567820382	2.9318805	1.7122735
30.495941546144504	2.9396935	1.7145535
30.51410819912835	2.899332	1.7027425
30.532275637713795	2.8416023	1.6857053
30.55044386245946	2.8623955	1.6918615
30.56861287392416	2.914762	1.7072674
30.586782672666956	2.8832111	1.6980021
30.604953259247047	2.8332813	1.6832354
30.623124634223885	2.7709994	1.664632
30.641296798157075	2.8028393	1.6741682
30.659469751606462	2.8122635	1.6769805
30.677643495132074	2.7929602	1.6712152
30.695818029294152	2.7145505	1.6475893
30.713993354653116	2.7321405	1.6529188
30.73216947176962	2.7560804	1.6601447
30.75034638120448	2.8011005	1.6736488
30.768524083518756	2.7602384	1.6613965
30.786702579273673	2.7644684	1.6626691
30.80488186903069	2.850888	1.6884573
30.82306195335144	2.9193208	1.708602
30.841242832797782	3.0745957	1.7534525
30.85942450793176	3.412371	1.8472604
30.877606979315637	3.8424566	1.9602185
30.895790247511883	4.1996317	2.0493002
30.913974313083134	4.573116	2.1384845
30.932159176592283	4.932838	2.2209992
30.95034483860237	4.9830394	2.2322721
30.968531299676698	4.683489	2.164137
30.98671856037873	4.3858204	2.094235
31.00490662127215	4.0016465	2.0004115
31.023095482920848	3.517591	1.8755242
31.04128514588892	3.1178737	1.7657502
31.059475610740662	2.8323138	1.682948
31.07766687804056	2.6598017	1.6308899
31.09585894835335	2.6071534	1.6146683
31.11405182224393	2.5401957	1.5937991
31.132245500277417	2.5058398	1.5829844
31.15043998301914	2.4964216	1.5800068
31.168635271034628	2.477979	1.5741597
31.18683136488964	2.4107802	1.5526687
31.20502826515008	2.3606675	1.5364463
31.223225972382135	2.3777711	1.5420023
31.241424487152155	2.4537044	1.5664304
31.259623810026692	2.4617908	1.5690095
31.27782394157253	2.4585989	1.567992
31.296024882356644	2.5043008	1.5824983
31.314226632946237	2.4924996	1.5787652
31.332429193908684	2.570625	1.6033169
31.350632565811598	2.5766623	1.6051985
31.368836749222787	2.5733538	1.6041676
31.387041744710295	2.6182966	1.6181152
31.40524755284232	2.6148205	1.6170406
31.423454174187317	2.547474	1.5960808
31.441661609313922	2.4599092	1.5684098
31.459869858791002	2.468884	1.5712683
31.478078923187628	2.4267938	1.557817
31.496288803073064	2.3990867	1.5488986
31.514499499016807	2.3702555	1.5395634
31.532711011588546	2.3486154	1.5325193
31.550923341358178	2.3924615	1.5467584
31.56913648889584	2.4106996	1.5526428
31.587350454771844	2.324077	1.5244924
31.605565239556732	2.3115609	1.5203818
31.62378084382127	2.411211	1.5528075
31.641997268136382	2.32594	1.5251032
31.660214513073274	2.2593904	1.5031269
31.67843257920331	2.3029127	1.5175351
31.6966514670981	2.3616858	1.5367777
31.71487117732944	2.4071116	1.551487
31.733091710469346	2.434513	1.5602926
31.751313067090052	2.4482896	1.5647011
31.769535247764008	2.3704164	1.5396156
31.787758253063878	2.3284278	1.5259187
31.805982083562526	2.3671682	1.5385604
31.824206739833024	2.3862877	1.5447614
31.84243222244869	2.3355787	1.52826
31.860658531983013	2.303092	1.5175941
31.878885669009737	2.3202646	1.5232415
31.897113634102784	2.3407733	1.5299586
31.91534242783632	2.2708046	1.5069189
31.933572050784694	2.212032	1.4872901
31.951802503522508	2.2936053	1.5144653
31.970033786624548	2.3010638	1.5169258
31.988265900665834	2.2786067	1.5095054
32.006498846221575	2.2822394	1.5107082
32.02473262386724	2.2379816	1.4959885
32.04296723417845	2.16472	1.4712988
32.0612026777311	2.1470745	1.4652898
32.07943895510129	2.1886098	1.4793952
32.097676066865304	2.216582	1.488819
32.115914013599685	2.1763072	1.4752313
32.13415279588115	2.1376436	1.4620682
32.152392414286666	2.150956	1.4666138
32.1706328693934	2.1446261	1.4644542
32.18887416177875	2.195098	1.4815863
32.20711629202032	2.2424705	1.497488
32.225359260695924	2.2342482	1.4947401
32.243603068383614	2.1942294	1.4812931
32.26184771566166	2.148986	1.465942
32.28009320310852	2.0871196	1.4446867
32.2983395313029	2.1639001	1.4710201
32.31658670082372	2.29211	1.5139716
32.33483471225012	2.278178	1.5093634
32.35308356616143	2.112392	1.453407
32.371333263137245	1.9973898	1.4132904
32.38958380375734	2.0178785	1.4205205
32.407835188601744	2.0699596	1.4387355
32.42608741825067	2.1066012	1.4514135
32.444340493284585	2.0786407	1.4417492
32.46259441428416	2.1433785	1.4640281
32.48084918183028	2.14096	1.463202
32.49910479650405	2.1420605	1.463578
32.51736125888683	2.1291902	1.4591745
32.53561856956014	2.0771496	1.441232
32.5538767291058	2.0297997	1.4247104
32.572135738105764	2.049323	1.4315457
32.59039559714228	2.014413	1.4193002
32.608656306797776	2.041763	1.4289027
32.62691786765491	2.0749884	1.440482
32.645180280296586	2.1084442	1.4520483
32.663443545305896	2.1145878	1.4541622
32.68170766326619	2.0133095	1.4189113
32.69997263476099	1.9683975	1.402996
32.7182384603741	1.9942287	1.4121716
32.7365051406895	1.9220376	1.3863757
32.75477267629144	1.8827196	1.3721223
32.77304106776434	1.9421911	1.3936251
32.79131031569289	2.00047	1.4143797
32.809580420661966	2.039778	1.428208
32.827851383256714	2.08214	1.4429622
32.84612320406245	2.0118053	1.4183812
32.86439588366476	2.023095	1.4223554
32.88266942264945	1.9973477	1.4132755
32.9009438216025	2.0196927	1.4211589
32.9192190811102	1.9955809	1.4126503
32.937495201758985	1.9255087	1.387627
32.95577218413556	1.9653859	1.4019222
32.974050028826866	2.0196126	1.4211308
32.992328736420035	1.9334815	1.3904969
33.010608307502444	1.8838284	1.3725263
33.02888874266169	1.927431	1.3883195
33.047170042485604	1.9379941	1.3921186
33.06545220756225	1.9049675	1.3802056
33.083735238479896	1.9864398	1.4094112
33.10201913582707	2.0716243	1.4393138
33.12030390019248	2.006019	1.41634
33.138589532165135	1.9517287	1.3970429
33.15687603233419	1.9190191	1.3852867
33.17516340128909	2.002815	1.4152085
33.19345163961947	2.0049145	1.4159501
33.211740747915215	1.9839526	1.4085286
33.23003072676643	2.001264	1.4146605
33.248321576763466	1.9310838	1.3896344
33.266613298496885	1.8571385	1.3627687
33.28490589255747	1.8527282	1.3611495
33.30319935953626	1.8641814	1.3653502
33.32149370002451	1.922139	1.3864123
33.339788914613706	2.0307524	1.4250447
33.358085003895575	1.9864826	1.4094263
33.376381968462034	1.9429779	1.3939074
33.39467980890529	1.9674413	1.4026551
33.41297852581774	1.9439112	1.3942422
33.43127811979204	1.9273895	1.3883046
33.44957859142105	1.9706088	1.4037838
33.467879941297866	1.996821	1.4130892
33.486182170015844	1.9699258	1.4035405
33.50448527816853	1.8640505	1.3653023
33.522789266349754	1.7949469	1.3397563
33.541094135153514	1.8094739	1.3451668
33.55939988517411	1.8398905	1.3564256
33.57770651700602	1.8944342	1.3763845
33.59601403124398	1.8587191	1.3633485
33.61432242848296	1.8405231	1.3566588
33.632631709318154	1.8867098	1.3735756
33.650941874344994	1.9792092	1.4068437
33.66925292415916	1.9936781	1.4119767
33.68756485935654	2.0061646	1.4163914
33.70587768053328	2.023472	1.422488
33.724191388285746	1.9681476	1.4029069
33.74250598321054	1.9287648	1.3887998
33.760821465904506	1.8389899	1.3560936
33.77913783696474	1.8112999	1.3458455
33.79745509698852	1.8516414	1.3607503
33.815773246573414	1.8827429	1.3721308
33.8340922863172	1.891375	1.3752726
33.852412216817896	1.9161747	1.3842596
33.87073303867377	1.960905	1.4003232
33.889054752483304	1.9959643	1.412786
33.907377358845245	1.8893778	1.3745464
33.92570085835853	1.8789122	1.3707342
33.94402525162239	1.9287108	1.3887804
33.96235053923627	1.9779745	1.4064049
33.980676721799824	1.9462576	1.3950833
33.999003799912984	1.8510649	1.3605385
34.01733177417592	1.9133027	1.3832219
34.03566064518901	1.9472334	1.3954331
34.0539904135529	1.9077665	1.3812191
34.07232107986846	1.9522095	1.3972149
34.090652644736785	2.067324	1.4378191
34.108985108759235	2.1056752	1.4510945
34.12731847253742	2.0979388	1.4484264
34.14565273667313	1.9914366	1.4111826
34.16398790176847	1.8940495	1.3762447
34.18232396842574	1.8893039	1.3745195
34.20066093724749	1.9604057	1.4001449
34.21899880883651	1.9510891	1.3968139
34.23733758379583	1.9373839	1.3918993
34.25567726272874	1.9552165	1.3982905
34.27401784623872	1.8906728	1.3750174
34.29235933492957	1.9150355	1.3838481
34.31070172940526	1.9041511	1.3799098
34.32904503027003	2.0280356	1.4240912
34.347389238128386	2.201939	1.4838933
34.36573435358502	2.1831107	1.4775354
34.38408037724492	2.072599	1.4396523
34.402427309713296	2.1179907	1.4553318
34.42077515159559	2.1447656	1.4645019
34.43912390349752	2.0919528	1.4463584
34.45747356602499	1.9092807	1.3817673
34.47582413978423	1.7609718	1.3270161
34.49417562538163	1.7839327	1.3356395
34.51252802342388	1.8429329	1.3575467
34.53088133451789	1.8622978	1.3646603
34.54923555927084	1.8169343	1.3479371
34.567590698290104	2.0585191	1.434754
34.58594675218336	2.138819	1.4624702
34.6043037215585	1.9636511	1.4013033
34.62266160702365	1.9292301	1.3889673
34.641020409187234	1.9509338	1.3967583
34.65938012865785	1.8778061	1.3703307
34.677740766044394	1.8823199	1.3719766
34.69610232195598	1.8412873	1.3569404
34.714464797002016	1.9831728	1.4082516
34.73282819179208	2.1372027	1.4619175
34.751192506936064	2.0705462	1.4389392
34.76955774304408	2.0302775	1.4248781
34.7879239007265	2.118301	1.4554384
34.80629098059391	2.1752949	1.4748881
34.824658983257194	2.1425147	1.4637332
34.843027909327446	2.026238	1.4234599
34.86139775941603	1.9645574	1.4016267
34.879768534134534	1.9624082	1.4008598
34.89814023409483	1.8268957	1.3516271
34.91651285990901	1.8231076	1.350225
34.93488641218944	1.9353406	1.3911653
34.95326089154871	1.9140625	1.3834965
34.97163629859967	1.7162296	1.3100494
34.99001263395542	1.8683506	1.3668762
35.00838989822934	2.0521035	1.4325165
35.02676809203499	2.0770886	1.4412109
35.04514721598624	2.3062725	1.5186417
35.063527270697215	2.3983274	1.5486534
35.081908256782256	2.2423415	1.497445
35.10029017485597	1.9909441	1.4110082
35.11867302553321	1.8486356	1.3596454
35.137056809429104	1.8889537	1.3743922
35.155441527159006	1.8966004	1.3771712
35.173827179338524	1.8346051	1.354476
35.19221376658354	1.966085	1.4021715
35.21060128951017	1.8326198	1.3537428
35.2289897487348	1.6932245	1.3012396
35.24737914487405	1.9189879	1.3852754
35.26576947854479	2.0977786	1.448371
35.28416075036418	1.9150425	1.3838506
35.30255296094958	1.8188149	1.3486345
35.32094611091867	1.8572562	1.3628118
35.33934020088932	2.1526144	1.4671791
35.35773523147969	2.2928782	1.5142252
35.3761312033082	2.1611185	1.4700743
35.394528116993506	1.9697444	1.4034759
35.41292597315452	1.9909759	1.4110194
35.431324772410434	2.0955288	1.4475942
35.449724515380666	2.3016114	1.5171063
35.46812520268491	2.1776266	1.4756783
35.486526834943106	2.4011512	1.5495648
35.504929412775454	2.9199593	1.7087889
35.52333293680242	2.6981046	1.6425909
35.54173740764471	1.9422028	1.3936293
35.560142825923286	1.4296132	1.1956644
35.5785491922594	1.2972671	1.1389763
35.59695650727454	1.9212044	1.3860751
35.61536477159042	2.6625504	1.6317323
