0.008763373481513119	0.0	0.0
0.026290120649546365	0.0	0.0
0.043816868432600686	0.0	0.0
0.06134361724069026	0.0	0.0
0.07887036748382949	0.0	0.0
0.0963971195720331	0.0	0.0
0.11392387391531617	0.0	0.0
0.1314506309236943	0.0	0.0
0.1489773910071836	0.021220885	0.1456739
0.16650415457580078	0.09460098	0.30757272
0.18403092203956356	0.103391394	0.32154533
0.20155769380849	0.15963517	0.3995437
0.2190844702925996	0.15810633	0.39762586
0.2366112519019124	0.17179114	0.41447693
0.2541380390464497	0.19805539	0.44503415
0.27166483213623416	0.16207099	0.4025804
0.28919163158128947	0.16379744	0.40471897
0.3067184377916406	0.12952451	0.35989514
0.324245251177314	0.08904226	0.2983995
0.34177207214833777	0.13944046	0.3734173
0.3592989011147415	0.1574385	0.3967852
0.37682573848655654	0.22456357	0.4738814
0.39435258467381573	0.2163981	0.4651861
0.41187944008655414	0.14304453	0.37821227
0.42940630513480854	0.12176279	0.34894526
0.446933180228618	0.11833918	0.34400463
0.4644600657780234	0.1487755	0.38571426
0.48198696219306775	0.15305537	0.39122292
0.49951386988379676	0.14015968	0.37437907
0.5170407892602581	0.13755307	0.37088147
0.5345677207325025	0.16828549	0.41022614
0.5520946647105822	0.19084536	0.4368585
0.5696216216045534	0.20846462	0.45657927
0.5871485918244737	0.20291589	0.45046186
0.6046755757804043	0.20773835	0.45578322
0.6222025738824094	0.20116137	0.44851017
0.6397295865405557	0.20790638	0.45596752
0.6572566141649129	0.22292405	0.47214833
0.6747836571655547	0.23502319	0.4847919
0.6923107159525568	0.21667096	0.46547928
0.7098377909359992	0.19606484	0.4427921
0.7273648825259653	0.15355986	0.39186716
0.7448919911325411	0.13767266	0.37104267
0.762419117165817	0.17271718	0.41559258
0.7799462610358868	0.18838756	0.43403634
0.7974734231528482	0.19815294	0.44514373
0.8150006039268024	0.21201175	0.46044734
0.8325278037678551	0.204833	0.4525848
0.8500550230861152	0.23139119	0.4810314
0.8675822622916969	0.21664697	0.4654535
0.8851095217947171	0.1978937	0.44485244
0.9026368020052984	0.16895205	0.41103777
0.9201641033335665	0.16191038	0.40238088
0.9376914261896523	0.17778789	0.421649
0.9552187709836915	0.18498008	0.4300931
0.9727461381258234	0.2064927	0.4544147
0.990273528026193	0.22905725	0.47859925
1.0078009410949496	0.24031335	0.49021766
1.0253283777422473	0.2524888	0.50248265
1.0428558383782454	0.27851233	0.5277427
1.0603833234131086	0.30130255	0.5489103
1.0779108332570058	0.3842882	0.6199098
1.0954383683201119	0.40845042	0.63910127
1.112965929012607	0.4621493	0.67981565
1.1304935157446763	0.5426691	0.7366608
1.1480211289265108	0.5545975	0.744713
1.1655487689683062	1.2879803	1.1348922
1.1830764362802655	1.578941	1.2565591
1.200604131272596	1.9942423	1.4121765
1.2181318543555117	2.3364995	1.5285612
1.235659605939232	2.3987584	1.5487926
1.253187386433982	4.036269	2.0090468
1.270715196249994	6.427349	2.5352218
1.2882430357975057	11.992863	3.4630713
1.3057709054867608	16.787489	4.097254
1.3232988057280106	22.558235	4.749551
1.3408267369315112	27.515635	5.245535
1.358354699507526	30.802319	5.5499835
1.3758826938663256	34.864666	5.9046307
1.3934107204181858	36.6739	6.055898
1.410938779573391	37.164898	6.096302
1.4284668717422309	37.508038	6.1243806
1.4459949973350033	36.63486	6.052674
1.4635231567620117	36.891388	6.073828
1.4810513504335687	36.753716	6.0624843
1.4985795787599925	36.094593	6.0078773
1.5161078421516088	35.898926	5.9915714
1.5336361410187505	34.968327	5.913402
1.5511644757717598	35.00176	5.9162283
1.5686928468209842	35.852406	5.987688
1.58622125457678	36.13522	6.0112576
1.6037496994495108	36.871883	6.072222
1.621278181849548	36.413586	6.034367
1.6388067021872719	37.50966	6.124513
1.6563352608730693	37.11426	6.0921474
1.673863858317336	36.454575	6.037762
1.6913924949304753	35.56726	5.9638295
1.7089211711228998	34.74781	5.894727
1.7264498873050296	33.850353	5.8181057
1.7439786438872935	32.841076	5.7307134
1.7615074412801288	32.04666	5.660977
1.779036279893981	31.462105	5.609109
1.796565160139305	30.463165	5.519345
1.814094082426564	29.462744	5.4279594
1.8316230471662298	28.53914	5.3422036
1.849152054768784	27.622671	5.2557273
1.8666811056447168	27.068235	5.2027144
1.8842102002045273	26.347527	5.132984
1.901739338858724	26.005861	5.099594
1.9192685220178245	25.311907	5.031094
1.9367977500923557	24.564665	4.9562755
1.9543270234928547	24.169165	4.9162145
1.971856342629867	23.709084	4.8691974
1.9893857079139496	23.544338	4.852251
2.006915119755667	23.115831	4.807893
2.0244445785655945	22.476135	4.7409
2.0419740847543175	21.986057	4.688929
2.0595036387324317	21.540014	4.641122
2.0770332409105414	21.197433	4.604067
2.094562891699263	21.084578	4.5917945
2.1120925915092217	20.228094	4.4975653
2.129622340751053	19.623837	4.42988
2.1471521398354043	187.63759	13.698087
2.1646819891729323	444.17056	21.075354
2.182211889174303	440.33945	20.984266
2.1997418402501974	452.66577	21.275944
2.2172718428113023	432.66953	20.80071
2.234801897268317	320.45685	17.901308
2.2523320040319548	16.884304	4.1090517
2.269862163512935	16.637564	4.078917
2.287392376121992	16.29554	4.0367737
2.304922642269869	16.108559	4.013547
2.322452962367322	15.746038	3.9681277
2.3399833368251164	15.4896965	3.9356952
2.357513766054032	15.255999	3.9058928
2.3750442504648586	14.840426	3.8523273
2.3925747904683963	14.642114	3.8265016
2.410105386475459	14.473197	3.8043656
2.4276360388968707	14.278368	3.7786727
2.445166748143469	13.987268	3.7399557
2.4626975146261025	13.747989	3.707828
2.4802283387556323	13.446978	3.667012
2.4977592209429305	13.265376	3.6421664
2.5152901615988825	12.97061	3.6014733
2.5328211611343865	12.791736	3.5765536
2.5503522199603523	12.592091	3.5485337
2.5678833384877024	12.253497	3.5004995
2.5854145171273712	11.8668785	3.4448335
2.6029457562903064	11.816663	3.4375374
2.620477056387469	11.909042	3.450948
2.6380084178298326	11.962808	3.4587293
2.655539841028383	11.858079	3.443556
2.673071326394119	11.605842	3.4067347
2.6906028743380523	11.340809	3.3676116
2.708134485271211	11.100276	3.3317077
2.7256661596046325	10.880202	3.298515
2.743197897749369	10.72173	3.2744052
2.760729700116486	10.62304	3.2593005
2.778261567117063	10.435544	3.2304091
2.795793499162193	10.298355	3.209105
2.8133254966629817	10.140175	3.184364
2.830857560030551	9.930466	3.1512642
2.8483896896760337	9.865427	3.1409278
2.865921886010578	9.682178	3.1116197
2.883454149445347	9.63537	3.1040893
2.9009864803915177	9.572775	3.09399
2.91851887926028	9.299493	3.049507
2.9360513464628384	9.070086	3.0116582
2.953583882410413	8.918022	2.9863057
2.9711164875142373	8.861417	2.9768133
2.9886491621855606	8.800753	2.9666061
3.0061819068356455	8.66935	2.944376
3.023714721875769	8.584028	2.9298513
3.041247607717225	8.4077425	2.8996108
3.0587805647713213	8.342005	2.888253
3.0763135934493806	8.285289	2.8784177
3.0938466941627407	8.190956	2.8619847
3.1113798673227544	8.002993	2.8289561
3.1289131133407904	7.83138	2.7984602
3.1464464326282315	7.7634115	2.78629
3.1639798255964786	7.7032356	2.7754703
3.1815132926569443	7.54567	2.7469382
3.1990468342210603	7.4761024	2.7342463
3.216580450700272	7.4124455	2.7225807
3.2341141425060416	7.3261147	2.7066796
3.251647910049847	7.276123	2.697429
3.2691817537431813	7.140586	2.6721876
3.286715673997555	7.0717783	2.6592815
3.3042496712244938	6.9612	2.6384087
3.32178374583554	6.8673663	2.6205661
3.339317898242251	6.9302635	2.6325393
3.3568521288562034	7.0572705	2.6565523
3.3743864380889876	7.0684247	2.6586509
3.3919208263522127	6.9473767	2.6357877
3.4094552940575023	6.7051387	2.5894282
3.4269898416164972	6.53559	2.55648
3.444524469440858	6.42499	2.5347564
3.4620591779422587	6.41096	2.5319874
3.479593967532391	6.4838614	2.5463428
3.4971288386229658	6.466416	2.5429149
3.5146637916257086	6.402995	2.530414
3.5321988269523628	6.2908106	2.508149
3.5497339450146903	6.230316	2.4960601
3.5672691462244708	6.203148	2.490612
3.5848044309934988	6.1396255	2.4778268
3.60233979973359	6.1200924	2.473882
3.619875252856575	6.066089	2.462943
3.6374107907743034	6.149204	2.4797587
3.6549464138986427	6.268129	2.5036232
3.6724821226414788	6.3492317	2.5197682
3.690017917414714	6.2893796	2.5078635
3.7075537986302702	6.272084	2.504413
3.7250897667000857	6.300068	2.5099936
3.7426258220361235	6.454049	2.540482
3.7601619650503553	6.672607	2.583139
3.777698196154779	7.2743773	2.6971054
3.7952345157614067	8.437764	2.904783
3.8127709242822716	9.349566	3.057706
3.830307422129425	11.863735	3.4443774
3.847844009714936	30.734367	5.5438585
3.8653806874508954	98.199745	9.909578
3.882917455749409	97.30387	9.864272
3.900454315022606	96.87883	9.842705
3.917991265682631	41.391407	6.433615
3.9355283081416506	10.98093	3.3137486
3.9530654428118495	8.857929	2.9762273
3.970602670105433	7.6412716	2.764285
3.9881399904346244	6.799915	2.6076646
4.005677404211669	6.650462	2.578849
4.023214911848827	6.529392	2.5552676
4.0407525137583855	6.4066377	2.5311337
4.058290210352644	6.317174	2.513399
4.075828002043927	6.270872	2.504171
4.0933658892445814	6.2896514	2.5079176
4.110903872366966	6.180609	2.486083
4.128441951823468	6.055569	2.4608066
4.145980128026488	5.975646	2.4445136
4.163518401388452	5.907935	2.4306245
4.181056772321807	5.7949495	2.4072702
4.1985952412390155	5.8511	2.4189048
4.216133808552567	5.964555	2.4422438
4.233672474674966	6.2296157	2.4959197
4.251211240018741	6.554142	2.5601058
4.268750104996445	6.795301	2.6067798
4.286289070020643	7.627044	2.7617104
4.303828135503928	9.164969	3.02737
4.3213673018589125	29.510494	5.4323564
4.3389065694982305	90.761604	9.526889
4.356445938834537	166.02496	12.885067
4.3739854102805085	171.26291	13.086745
4.391524984248844	172.12381	13.1195965
4.409064661152262	136.18105	11.669663
4.426604441403504	96.54731	9.82585
4.444144325415337	75.84962	8.709168
4.461684313600543	21.855839	4.675023
4.47922440637193	22.347107	4.7272725
4.496764604142329	20.675396	4.5470204
4.5143049073245916	18.75055	4.3301907
4.531845316331589	16.59735	4.0739846
4.5493858315762195	13.564338	3.6829793
4.566926453471405	11.27322	3.3575616
4.584467182430081	9.18141	3.0300841
4.602008018865218	8.12197	2.8499072
4.619548963189798	7.430245	2.7258475
4.637090015816834	6.9183583	2.6302772
4.654631177159353	6.6653843	2.5817406
4.672172447630417	6.384021	2.5266619
4.689713827643102	6.2204475	2.4940825
4.7072553176105085	5.9051504	2.4300516
4.724796917945764	5.74542	2.3969605
4.742338629062015	5.6972427	2.3868897
4.759880451372434	5.7222514	2.3921227
4.777422385290215	5.6754513	2.3823206
4.794964431228581	5.627611	2.3722587
4.812506589600768	5.61452	2.3694978
4.830048860820047	5.5342765	2.3525043
4.847591245299709	5.520613	2.3495984
4.8651337434530655	5.513321	2.3480463
4.882676355693457	5.514761	2.348353
4.900219082434242	5.658551	2.3787708
4.917761924088813	5.655614	2.3781536
4.935304881070575	5.655965	2.3782272
4.952847953792969	5.5408983	2.3539114
4.970391142669449	5.4904222	2.343165
4.9879344481135055	5.4964337	2.3444474
5.005477870538642	5.5010667	2.3454354
5.023021410358394	5.444374	2.3333182
5.040565067986324	5.363175	2.3158529
5.05810884383601	5.356933	2.3145049
5.075652738321066	5.4629374	2.3372927
5.09319675185512	5.4829154	2.3415625
5.110740884851836	5.4262075	2.3294222
5.128285137724894	5.3597155	2.315106
5.145829510888007	5.384637	2.320482
5.163374004754908	5.373686	2.3181212
5.1809186197393595	5.4036818	2.324582
5.198463356255145	5.4014096	2.3240933
5.216008214716077	5.4157853	2.327184
5.233553195535998	5.3088574	2.3040957
5.251098299128764	5.21638	2.2839396
5.268643525908272	5.157285	2.2709658
5.286188876288432	5.182454	2.2765005
5.3037343506831895	5.270223	2.2956967
5.32127994950651	5.3163753	2.3057265
5.3388256731723915	5.2670074	2.2949963
5.356371522094851	5.2559586	2.2925878
5.373917496687938	5.230355	2.2869968
5.391463597365729	5.191882	2.2785702
5.40900982454232	5.13855	2.266837
5.426556178631843	5.0880475	2.25567
5.444102660048449	5.0486135	2.246912
5.4616492692063225	5.060129	2.249473
5.479196006519669	5.048528	2.246893
5.496742872402727	5.1045504	2.2593253
5.514289867269756	5.1703324	2.2738366
5.531836991535049	5.194084	2.2790534
5.549384245612924	5.1767645	2.2752504
5.566931629917724	5.169523	2.2736585
5.584479144863822	5.1591644	2.2713795
5.6020267908656205	5.111244	2.260806
5.619574568337545	5.086595	2.2553482
5.637122477694054	5.026852	2.2420642
5.654670519349629	5.014849	2.2393858
5.672218693718784	4.9918942	2.2342548
5.689767001216059	5.044344	2.2459617
5.707315442256021	4.9618077	2.2275116
5.724864017253266	5.007104	2.2376559
5.7424127266224225	5.025778	2.2418246
5.75996157077814	5.06426	2.250391
5.777510550135105	5.087781	2.255611
5.795059665108022	5.151839	2.2697663
5.812608916111639	5.213663	2.2833447
5.830158303560715	5.3009973	2.3023894
5.847707827870055	5.3228908	2.3071392
5.86525748945448	5.3726406	2.3178957
5.8828072887288485	5.4975114	2.3446772
5.900357226108044	5.523211	2.3501513
5.917907302006979	5.5797276	2.3621447
5.9354575168406	6.215923	2.4931753
5.9530078710238765	6.8705425	2.621172
5.970558364971812	7.3931284	2.7190309
5.988108999099438	7.7129817	2.7772255
6.005659773821818	8.213143	2.8658583
6.023210689554039	7.9580417	2.821
6.040761746711227	8.535747	2.9216
6.058312945708531	7.9120255	2.8128324
6.075864286961132	7.4493895	2.729357
6.093415770884244	6.748939	2.597872
6.1109673978931065	6.075743	2.4649022
6.128519168402993	5.4696774	2.3387341
6.146071082829204	5.3070307	2.3036993
6.163623141587075	5.2198067	2.2846897
6.181175345091969	5.1929374	2.2788017
6.198727693759281	5.1777306	2.2754626
6.216280188004435	5.11257	2.2610993
6.233832828242885	5.094073	2.2570052
6.251385614890126	5.152013	2.2698045
6.268938548361669	5.2076635	2.2820306
6.286491629073067	5.1594925	2.2714517
6.304044857439898	5.1363463	2.266351
6.321598233877777	5.0373282	2.2443993
6.339151758802344	5.0229764	2.2411997
6.356705432629277	4.9108505	2.216044
6.37425925577428	4.895036	2.212473
6.391813228653095	4.9739323	2.2302315
6.409367351681486	5.047939	2.2467618
6.426921625275259	5.1315374	2.2652898
6.44447604985025	5.093125	2.2567952
6.46203062582232	5.0396175	2.2449093
6.47958535360737	5.0075746	2.237761
6.497140233621328	5.046027	2.2463365
6.514695266280161	5.068431	2.2513175
6.532250451999859	5.0027833	2.2366903
6.549805791196454	5.0051823	2.2372265
6.567361284286002	5.0506144	2.2473571
6.584916931684597	5.057647	2.2489214
6.602472733808367	5.063127	2.2501392
6.6200286910734665	5.0451326	2.2461374
6.637584803896092	5.006249	2.237465
6.655141072692462	5.0476675	2.2467015
6.672697497878842	5.0290904	2.2425632
6.690254079871514	4.9074435	2.215275
6.707810819086808	4.8334274	2.1985056
6.725367715941078	4.8347516	2.1988068
6.742924770850719	4.9308443	2.2205505
6.760481984232151	4.9420753	2.2230778
6.778039356501836	4.919762	2.2180536
6.795596888076266	5.0161905	2.2396853
6.813154579371963	5.070735	2.2518291
6.830712430805492	5.038972	2.2447655
6.84827044279344	4.862922	2.2052035
6.865828615752445	4.784953	2.1874535
6.883386950099159	4.8869085	2.2106354
6.900945446250287	4.9974203	2.235491
6.918504104622553	5.08879	2.2558346
6.936062925632727	5.0832014	2.2545955
6.953621909697607	5.033608	2.2435703
6.971181057234028	5.0527663	2.2478359
6.988740368658859	5.064202	2.2503781
7.006299844389007	5.197996	2.2799115
7.023859484841407	5.2655997	2.2946894
7.041419290433036	5.3273935	2.3081148
7.058979261580902	5.415221	2.3270628
7.0765393987020495	5.7113643	2.389846
7.094099702213559	6.1129513	2.4724383
7.111660172532549	6.4689555	2.543414
7.129220810076164	6.802188	2.6081004
7.146781615261595	7.2932115	2.7005947
7.16434258850606	7.567298	2.7508721
7.181903730226821	7.9442177	2.818549
7.1994650408411704	8.10101	2.8462274
7.217026520766437	8.264967	2.8748856
7.234588170419983	8.449096	2.9067328
7.252149990219215	8.417301	2.9012585
7.269711980581568	8.348005	2.8892915
7.2872741419245175	8.137525	2.8526347
7.304836474665574	7.753313	2.7844772
7.322398979222286	7.3867807	2.7178633
7.339961656012233	7.1372485	2.671563
7.357524505453039	6.809147	2.6094341
7.375087527962357	6.565473	2.5623178
7.392650723957886	6.2699046	2.5039778
7.410214093857353	5.9417253	2.4375653
7.427777638078528	5.7861238	2.4054363
7.445341357039213	5.6212287	2.370913
7.4629052511572525	5.4704895	2.3389077
7.480469320850524	5.3626494	2.3157394
7.498033566536948	5.3068447	2.303659
7.5155979886344735	5.2583985	2.29312
7.5331625875610975	5.163038	2.2722318
7.550727363734844	5.136627	2.2664127
7.568292317573788	5.113192	2.261237
7.585857449496025	5.1304274	2.2650447
7.603422759919705	5.133019	2.2656167
7.620988249263007	5.150528	2.2694774
7.638553917944147	5.172084	2.2742217
7.656119766381391	5.2322993	2.287422
7.673685794993023	5.2783318	2.297462
7.691252004197388	5.2479753	2.2908459
7.70881839441285	5.227002	2.2862637
7.726384966057826	5.165101	2.2726858
7.743951719550762	5.185124	2.2770867
7.761518655310149	5.197159	2.2797277
7.779085773754511	5.241068	2.2893379
7.796653075302419	5.248134	2.2908807
7.814220560372475	5.219437	2.2846088
7.831788229383323	5.1987348	2.2800734
7.8493560827536495	5.2129807	2.2831953
7.866924120902174	5.2876263	2.299484
7.884492344247663	5.350038	2.313015
7.9020607532089135	5.44447	2.3333387
7.919629348204771	5.424884	2.329138
7.937198129654115	5.38569	2.320709
7.954767097975865	5.3089824	2.304123
7.972336253588986	5.3180265	2.3060846
7.989905596912472	5.296964	2.3015134
8.007475128365371	5.310117	2.304369
8.025044848366756	5.3386316	2.3105478
8.042614757335754	5.481673	2.3412971
8.060184855691523	5.5601506	2.3579972
8.07775514385327	5.712431	2.3900692
8.095325622240228	5.678757	2.3830142
8.112896291271687	5.7331176	2.394393
8.130467151366968	5.8192835	2.4123192
8.148038202945436	5.979625	2.4453273
8.165609446426497	6.0359955	2.4568262
8.183180882229594	5.9782495	2.445046
8.200752510774217	5.945339	2.4383066
8.218324332479893	5.8630934	2.4213824
8.235896347766193	5.836219	2.4158268
8.253468557052724	5.88829	2.42658
8.27104096075914	5.928863	2.4349258
8.288613559305137	6.0462465	2.4589117
8.306186353110448	6.0694904	2.4636335
8.32375934259485	6.151005	2.4801219
8.341332528178162	6.176841	2.485325
8.358905910280246	6.149696	2.479858
8.376479489321003	6.1628833	2.4825156
8.394053265720377	6.2052402	2.491032
8.411627239898356	6.3086376	2.5117002
8.42920141227497	6.3442187	2.5187733
8.44677578327029	6.341814	2.5182958
8.464350353304427	6.230227	2.4960423
8.48192512279754	6.1750274	2.4849603
8.499500092169827	6.158351	2.4816024
8.51707526184153	6.181974	2.4863575
8.534650632232934	6.250719	2.5001438
8.552226203764365	6.266877	2.5033731
8.569801976856192	6.2588577	2.501771
8.587377951928834	6.214521	2.4928942
8.60495412940274	6.214896	2.4929693
8.622530509698416	6.243046	2.4986088
8.6401070932364	6.370797	2.5240438
8.657683880437283	6.4885554	2.5472643
8.675260871721695	6.63405	2.575665
8.692838067510303	6.8373203	2.614827
8.710415468223834	6.9409294	2.6345644
8.727993074283043	7.0526114	2.6556754
8.745570886108737	7.020925	2.6497028
8.763148904121765	7.0894084	2.6625943
8.78072712874302	7.148582	2.6736832
8.798305560393441	7.357057	2.7123895
8.815884199494006	7.545545	2.7469156
8.833463046465745	7.6651936	2.7686086
8.851042101729728	7.8063183	2.793979
8.86862136570707	8.074584	2.8415813
8.886200838818924	8.197342	2.8631
8.903780521486505	8.197282	2.8630896
8.921360414131055	8.307481	2.88227
8.938940517173874	8.489256	2.9136329
8.956520831036297	8.622555	2.9364188
8.97410135613971	8.860429	2.9766471
8.99168209290554	9.027409	3.0045645
9.009263041755265	9.385384	3.0635574
9.026844203110405	9.632488	3.103625
9.044425577392525	9.812498	3.1324906
9.062007165023239	9.925345	3.1504517
9.079588966424197	10.25092	3.201706
9.097170982017108	10.430888	3.2296886
9.11475321222372	11.566263	3.4009209
9.132335657465825	12.527734	3.539454
9.149918318165264	12.544402	3.5418077
9.167501194743924	13.060936	3.6139917
9.18508428762374	12.803337	3.578175
9.202667597226693	12.8662405	3.586954
9.220251123974803	12.576496	3.5463357
9.237834868290143	12.16258	3.487489
9.255418830594836	11.851159	3.4425511
9.273003011311046	11.291515	3.360285
9.290587410860985	11.103852	3.3322444
9.308172029666911	10.427601	3.2291796
9.32575686815113	10.124129	3.1818438
9.343341926735997	8.798202	2.9661763
9.360927205843916	8.552127	2.924402
9.378512705897327	8.369136	2.8929458
9.396098427318728	8.127215	2.8508272
9.413684370530664	7.9432826	2.818383
9.431270535955722	7.8318725	2.7985482
9.448856924016539	7.747387	2.783413
9.466443535135806	7.6626234	2.7681444
9.484030369736251	7.7395782	2.7820098
9.501617428240658	7.77959	2.7891917
9.519204711071852	7.81463	2.795466
9.536792218652714	7.8012776	2.7930768
9.55437995140617	7.8357553	2.799242
9.571967909755191	7.8415422	2.8002753
9.589556094122802	7.944418	2.8185844
9.60714450493207	7.963169	2.8219087
9.624733142606116	7.9720592	2.8234835
9.642322007568108	7.960856	2.8214989
9.659911100241267	7.950562	2.819674
9.677500421048851	8.038027	2.8351414
9.695089970414175	8.016325	2.8313115
9.712679748760609	8.022385	2.8323815
9.730269756511557	8.053148	2.837807
9.747859994090492	8.068318	2.8404787
9.765450461920915	8.166597	2.8577259
9.78304116042639	8.20066	2.8636794
9.800632090030527	8.190743	2.8619475
9.81822325115699	8.1871	2.861311
9.835814644229481	8.219323	2.8669362
9.853406269671762	8.258688	2.8737934
9.870998127907646	8.304572	2.8817654
9.888590219360985	8.3035755	2.8815925
9.906182544455698	8.284974	2.8783631
9.923775103615734	8.291935	2.879572
9.941367897265108	8.249355	2.872169
9.958960925827878	8.228482	2.8685331
9.97655418972816	8.224912	2.8679106
9.994147689390106	8.266714	2.8751893
10.011741425237934	8.250593	2.8723845
10.029335397695904	8.199762	2.8635228
10.04692960718833	8.233118	2.8693411
10.06452405413958	8.261598	2.8742995
10.082118738974064	8.294649	2.8800433
10.099713662116246	8.289838	2.8792078
10.117308823990651	8.2450285	2.8714159
10.134904225021844	8.197457	2.8631203
10.152499865634445	8.200185	2.8635964
10.170095746253125	8.270275	2.8758087
10.18769186730261	8.272623	2.876217
10.205288229207675	8.262989	2.8745415
10.222884832393145	8.271898	2.8760908
10.2404816772839	8.210115	2.86533
10.258078764304868	8.1866665	2.8612351
10.275676093881035	8.109362	2.8476942
10.293273666437438	8.073702	2.8414261
10.310871482399158	8.108124	2.8474767
10.32846954219134	8.148622	2.854579
10.346067846239173	8.28917	2.879092
10.363666394967908	8.32014	2.8844652
10.38126518880283	8.258936	2.8738365
10.398864228169298	8.226508	2.868189
10.416463513492713	8.195204	2.8627267
10.434063045198531	8.157939	2.8562107
10.451662823712262	8.161548	2.8568423
10.469262849459467	8.14972	2.8547714
10.486863122865758	8.0530815	2.8377953
10.504463644356806	8.100425	2.8461244
10.522064414358338	8.02655	2.8331168
10.539665433296118	7.97549	2.824091
10.557266701595987	7.8797135	2.8070827
10.574868219683818	7.8248496	2.7972932
10.592469987985552	7.806127	2.7939446
10.610072006927185	7.7027035	2.7753744
10.627674276934751	7.6008854	2.7569704
10.64527679843435	7.4125676	2.722603
10.662879571852143	7.2888255	2.6997826
10.680482597614331	7.14088	2.6722426
10.698085876147173	7.0076575	2.647198
10.715689407876988	6.9281325	2.6321347
10.733293193230146	6.856031	2.6184025
10.750897232633072	6.8001914	2.6077178
10.76850152651225	6.782901	2.6044004
10.786106075294207	6.730125	2.5942485
10.803710879405534	6.5957103	2.5682116
10.821315939272877	6.4307585	2.535894
10.83892125532294	6.2375665	2.497512
10.856526827982472	6.122044	2.4742765
10.874132657678285	6.1897073	2.4879122
10.891738744837243	6.196718	2.4893208
10.909345089886271	6.143605	2.4786298
10.926951693252343	6.0251603	2.4546201
10.944558555362494	6.012563	2.4520528
10.96216567664381	6.0383625	2.457308
10.979773057523436	5.9709163	2.4435458
10.997380698428573	5.9151235	2.4321027
11.014988599786477	5.8526382	2.4192226
11.032596762024461	5.7674503	2.4015517
11.050205185569892	5.6689506	2.3809557
11.067813870850198	5.536109	2.3528938
11.085422818292859	5.448424	2.3341858
11.10303202832541	5.3377404	2.310355
11.120641501375454	5.3377295	2.3103526
11.138251237870636	5.2527685	2.2918918
11.155861238238671	5.1921077	2.2786198
11.173471502907317	5.105539	2.259544
11.191082032304402	5.0961237	2.2574596
11.208692826857805	5.063022	2.250116
11.226303886995465	5.0818505	2.254296
11.243915213145371	5.038878	2.2447445
11.261526805735578	4.971363	2.2296553
11.279138665194196	4.9129095	2.2165084
11.296750791949393	4.814627	2.1942258
11.314363186429393	4.738521	2.1768146
11.331975849062479	4.616961	2.1487114
11.34958878027699	4.61935	2.1492672
11.36720198050133	4.635538	2.15303
11.384815450163948	4.5879874	2.1419587
11.402429189693366	4.4611626	2.1121464
11.420043199518153	4.365587	2.0893989
11.437657480066942	63.34729	7.959101
11.455272031768422	85.06193	9.222902
11.472886855051353	107.4922	10.367845
11.490501950344528	99.0949	9.954642
11.508117318076819	84.44366	9.189323
11.52573295867715	45.828503	6.7696753
11.543348872574514	4.0770473	2.01917
11.560965060197946	4.0209684	2.0052352
11.57858152197655	3.9396257	1.9848491
11.59619825833949	3.902743	1.9755361
11.613815269715985	3.9251676	1.9812036
11.631432556535323	38.50201	6.204999
11.649050119226837	83.07832	9.114731
11.666667958219929	93.4904	9.669044
11.68428607394406	107.737686	10.379677
11.701904466828756	82.55725	9.0861025
11.719523137303586	65.40862	8.08756
11.737142085798196	4.6500087	2.1563878
11.754761312742286	3.7611196	1.9393606
11.772380818565619	3.7021215	1.9240898
11.790000603698015	3.6224265	1.9032674
11.80762066856935	3.6030867	1.8981799
11.825241013609572	3.561127	1.8870949
11.842861639248683	3.5235872	1.877122
11.860482545916748	3.4489946	1.8571469
11.878103734043883	3.3985062	1.8435038
11.895725204060282	3.41953	1.8491971
11.91334695639619	3.390686	1.8413815
11.930968991481919	3.3796377	1.8383791
11.948591309747824	3.3288205	1.8245056
11.966213911624347	3.2811227	1.811387
11.98383679754198	3.295892	1.8154591
12.001459967931268	3.3050392	1.8179767
12.019083423222835	3.3152843	1.8207922
12.036707163847352	3.303404	1.8175269
12.05433119023556	3.2568743	1.8046812
12.071955502818259	3.2374854	1.7993014
12.089580102026313	3.2096324	1.7915447
12.107204988290643	3.1853883	1.7847656
12.12483016204224	3.1742508	1.7816428
12.142455623712152	3.1292322	1.7689636
12.16008137373149	3.1116197	1.7639784
12.177707412531431	3.1408558	1.772246
12.19533374054321	3.1372256	1.7712215
12.212960358198126	3.1151762	1.7649862
12.230587265927545	3.0402765	1.7436389
12.248214464162889	3.0083075	1.7344474
12.265841953335649	2.984093	1.7274528
12.283469733877375	2.9836285	1.7273183
12.301097806219685	2.969457	1.7232112
12.31872617079425	2.9592624	1.7202507
12.336354828032825	2.9398189	1.71459
12.353983778367205	2.924369	1.7100787
12.371613022229262	2.8883004	1.6995001
12.389242560050928	2.8732393	1.6950632
12.406872392264201	2.861633	1.6916362
12.424502519301143	2.8651578	1.6926777
12.442132941593874	2.8657274	1.692846
12.459763659574586	2.8425353	1.685982
12.477394673675532	2.8335204	1.6833063
12.49502598432903	2.8452482	1.6867864
12.51265759196746	2.854105	1.6894096
12.530289497023267	2.847342	1.6874069
12.547921699928967	2.839405	1.6850535
12.565554201117134	2.8228343	1.6801293
12.583187001020404	2.8547473	1.6895998
12.600820100071486	2.8315513	1.6827214
12.618453498703152	2.8511844	1.688545
12.636087197348235	2.803986	1.6745107
12.65372119643964	2.7767742	1.6663655
12.671355496410326	2.773426	1.6653607
12.68899009769333	2.7885041	1.6698815
12.706625000721749	2.8322415	1.6829265
12.724260205928752	2.8906577	1.7001934
12.741895713747551	2.9155614	1.7075015
12.759531524611454	2.9612184	1.7208191
12.777167638953818	2.969472	1.7232156
12.794804057208072	2.9787135	1.725895
12.812440779807702	3.065431	1.7508372
12.830077807186271	3.237293	1.7992479
12.847715139777405	3.3159597	1.8209777
12.865352778014795	3.499519	1.8707001
12.882990722332197	3.595885	1.896282
12.90062897316344	3.643681	1.9088428
12.918267530942412	3.6994026	1.9233831
12.935906396103071	3.598165	1.896883
12.953545569079449	3.792535	1.9474432
12.971185050305628	3.6257467	1.9041394
12.988824840215775	3.6355789	1.9067194
13.006464939244115	3.6523123	1.9111024
13.024105347824943	3.464874	1.8614172
13.041746066392617	3.5204294	1.8762808
13.05938709538157	3.3287382	1.824483
13.077028435226296	3.3591118	1.832788
13.094670086361363	3.2921183	1.8144195
13.112312049221401	3.2340307	1.7983412
13.129954324241112	3.1488302	1.7744943
13.147596911855258	2.9255793	1.7104325
13.165239812498685	2.8650084	1.6926335
13.182883026606293	2.7800646	1.6673526
13.200526554613058	2.7545972	1.6596979
13.218170396954017	2.7158267	1.6479765
13.235814554064284	2.7162983	1.6481197
13.253459026379034	2.7025077	1.6439306
13.271103814333523	2.6660347	1.6327996
13.288748918363058	2.6347973	1.6232059
13.306394338903031	2.616957	1.6177012
13.32404007638889	2.6138732	1.6167477
13.341686131256164	2.663565	1.6320431
13.359332503940449	2.6952243	1.6417139
13.376979194877402	2.6956394	1.6418402
13.394626204502751	2.7231653	1.6502016
13.412273533252307	2.7132263	1.6471874
13.429921181561937	2.712996	1.6471175
13.447569149867581	2.715321	1.6478231
13.465217438605247	2.7206318	1.6494339
13.482866048211022	2.689564	1.639989
13.500514979121052	2.6843505	1.6383988
13.518164231771568	2.6413937	1.6252365
13.535813806598844	2.6463256	1.6267531
13.553463704039254	2.6443648	1.6261504
13.571113924529229	2.6701865	1.6340705
13.588764468505275	2.6428082	1.6256716
13.606415336403956	2.6684885	1.6335509
13.624066528661917	2.657854	1.6302927
13.641718045715882	2.687952	1.6394975
13.659369888002635	2.7334952	1.6533285
13.67702205595903	2.8154075	1.6779176
13.694674550021993	2.9191236	1.7085443
13.712327370628532	3.0069625	1.7340596
13.729980518215713	3.1322603	1.7698193
13.747633993220681	3.1934187	1.7870139
13.765287796080647	3.219919	1.7944132
13.7829419272329	3.2478988	1.8021928
13.800596387114801	3.2561622	1.8044839
13.818251176163775	3.268263	1.8078338
13.835906294817324	3.3324466	1.8254989
13.853561743513023	3.4116025	1.8470523
13.871217522688525	3.479818	1.865427
13.888873632781538	3.4808822	1.8657123
13.906530074229858	3.5231557	1.8770071
13.92418684747135	3.548313	1.8836966
13.941843952943948	3.568367	1.8890122
13.959501391085665	3.4804912	1.8656075
13.977159162334578	3.4142358	1.8477651
13.994817267128846	3.3629193	1.8338264
14.012475705906693	3.2905045	1.8139747
14.030134479106424	3.2163684	1.7934237
14.047793587166414	3.095974	1.759538
14.065453030525108	3.0064561	1.7339135
14.083112809621026	2.9597604	1.7203954
14.100772924892766	2.9115613	1.7063297
14.118433376778997	2.8676069	1.693401
14.136094165718458	2.7722452	1.665006
14.153755292149969	2.7165525	1.6481967
14.171416756512416	2.6922514	1.6408082
14.189078559244768	2.672757	1.6348568
14.20674070078606	2.611946	1.6161517
14.224403181575408	2.558046	1.5993893
14.242066002051999	2.4912186	1.5783595
14.259729162655093	2.4766045	1.5737231
14.277392663824022	2.4858124	1.576646
14.295056505998208	2.4727724	1.5725051
14.312720689617128	2.4536216	1.566404
14.330385215120348	2.467005	1.5706702
14.348050082947497	2.4563286	1.5672679
14.3657152935383	2.4417908	1.562623
14.383380847332528	2.3930414	1.5469458
14.401046744770051	2.3521101	1.5336591
14.418712986290798	2.3174639	1.5223218
14.436379572334793	2.3360384	1.5284104
14.454046503342123	2.3459032	1.5316341
14.471713779752946	2.3464918	1.5318263
14.489381402007504	2.3279293	1.5257553
14.507049370546113	2.319635	1.5230348
14.524717685809168	2.3471315	1.5320351
14.542386348237134	2.3720913	1.5401595
14.560055358270553	2.4092612	1.5521795
14.577724716350051	2.4489307	1.564906
14.595394422916325	2.4579346	1.5677801
14.61306447841015	2.4900463	1.577988
14.63073488327237	2.4474812	1.5644428
14.648405637943917	2.4571385	1.5675262
14.6660767428658	2.4825892	1.5756234
14.683748198479094	2.5392199	1.593493
14.701420005224954	2.554098	1.5981545
14.719092163544628	2.5983999	1.6119553
14.73676467387942	2.600942	1.6127436
14.754437536670727	2.609652	1.6154418
14.772110752360014	2.6300883	1.6217548
14.78978432138882	2.628241	1.6211851
14.807458244198777	2.684894	1.6385646
14.82513252123159	2.665967	1.6327789
14.842807152929028	2.690132	1.6401621
14.860482139732962	2.6537685	1.6290392
14.87815748208531	2.6750214	1.6355493
14.8958331804281	2.704292	1.6444732
14.91350923520342	2.699993	1.6431655
14.931185646853438	2.7219179	1.6498235
14.948862415820408	2.675659	1.6357442
14.966539542546656	2.6599894	1.6309474
14.98421702747459	2.6514184	1.6283177
15.001894871046696	2.652717	1.6287163
15.019573073705542	2.6724198	1.6347537
15.037251635893766	2.6887457	1.6397395
15.054930558054092	2.6723213	1.6347237
15.072609840629323	2.6829433	1.6379693
15.090289484062351	2.8034792	1.6743593
15.107969488796124	3.0903444	1.7579376
15.125649855273691	3.4659448	1.8617048
15.14333058393817	3.9635007	1.9908543
15.161011675232768	4.945557	2.2238607
15.17869312960076	6.2933354	2.5086522
15.196374947485506	8.099118	2.845895
15.214057129330447	11.156782	3.340177
15.231739675579114	16.00889	4.001111
15.249422586675102	21.263031	4.6111856
15.267105863062092	24.661213	4.966006
15.284789505183847	25.113827	5.0113697
15.302473513484218	23.070807	4.803208
15.320157888407127	19.392872	4.4037337
15.337842630396578	15.046905	3.879034
15.355527739896656	11.6343975	3.4109232
15.37321321735153	8.999326	2.9998877
15.39089906320545	6.5060816	2.550702
15.408585277902748	4.837529	2.1994383
15.42627186188783	3.6872587	1.9202236
15.443958815605198	3.1632898	1.778564
15.461646139499424	2.877023	1.6961789
15.479333834015168	2.7098498	1.6461622
15.497021899597165	2.62563	1.6203796
15.514710336690234	2.590207	1.6094121
15.53239914573928	2.6008246	1.6127073
15.550088327189297	2.5906086	1.6095368
15.567777881485336	2.571045	1.6034478
15.58546780907256	2.5675218	1.6023488
15.6031581103962	2.548366	1.5963602
15.620848785901568	2.550715	1.5970958
15.638539836034063	2.5529232	1.597787
15.656231261239173	2.5107558	1.5845364
15.673923061962451	2.4481103	1.5646439
15.691615238649552	2.402702	1.5500652
15.709307791746202	2.394886	1.547542
15.727000721698221	2.4088008	1.5520312
15.744694028951498	2.3926115	1.5468069
15.76238771395202	2.3878229	1.5452582
15.780081777145844	2.40461	1.5506805
15.797776218979125	2.4068208	1.5513932
15.815471039898094	2.3983917	1.5486742
15.833166240349064	2.384232	1.5440959
15.850861820778437	2.3920517	1.5466259
15.868557781632699	2.393882	1.5472175
15.886254123358412	2.392613	1.5468073
15.903950846402232	2.3547301	1.534513
15.921647951210897	2.3492224	1.5327173
15.939345438231225	2.3571799	1.535311
15.957043307910133	2.4071667	1.5515046
15.974741560694602	2.4291253	1.5585651
15.992440197031714	2.4274645	1.5580323
16.01013921736862	2.4234152	1.5567322
16.02783862215259	2.4393291	1.5618352
16.045538411830933	2.3792915	1.5424953
16.06323858685107	2.3609467	1.5365372
16.080939147660512	2.3455632	1.5315231
16.09864009470684	2.3517797	1.5335513
16.11634142843774	2.3721423	1.540176
16.134043149300954	2.3924308	1.5467484
16.15174525774433	2.4529386	1.566186
16.169447754215817	2.4575732	1.5676649
16.18715063916342	2.4248092	1.5571799
16.204853913035244	2.4076574	1.5516628
16.222557576279478	2.3977282	1.5484599
16.240261629344403	22.406332	4.733533
16.257966072678386	42.982937	6.5561376
16.275670906729868	38.117615	6.1739464
16.293376131947387	2.515815	1.586132
16.31108174877957	2.5231192	1.5884329
16.328787757675133	2.5369115	1.5927685
16.34649415908287	2.5813818	1.6066679
16.364200953451657	2.6092606	1.6153206
16.38190814123048	2.6419587	1.6254103
16.39961572286839	2.6782005	1.6365209
16.41732369881455	2.6800108	1.6370739
16.43503206951817	2.6883786	1.6396276
16.45274083542859	2.700396	1.6432881
16.47044999699522	2.7467504	1.6573323
16.488159554667558	2.7951405	1.6718674
16.505869508895184	2.8631787	1.692093
16.523579860127786	2.9017208	1.7034438
16.541290608815117	2.9527855	1.7183671
16.559001755407035	2.9782634	1.7257646
16.57671330035348	3.0369308	1.7426792
16.59442524410448	3.1089234	1.763214
16.61213758711015	3.2067535	1.7907411
16.629850329820705	3.2596862	1.8054601
16.647563472686436	3.3478744	1.8297198
16.665277016157724	3.403771	1.8449311
16.682990960685053	3.446956	1.8565979
16.70070530671898	3.436351	1.8537397
16.718420054710155	3.4316237	1.8524642
16.736135205109335	3.4753895	1.8642397
16.753850758367335	3.635645	1.9067367
16.771566714935087	3.7175252	1.9280885
16.789283075263597	3.7639575	1.9400921
16.80699983980398	3.7769635	1.9434412
16.82471700900741	3.8272386	1.9563329
16.84243458332518	3.900583	1.9749894
16.860152563208665	3.9707267	1.9926683
16.87787094910932	4.0613937	2.01529
16.89558974147871	4.1316986	2.032658
16.913308940768466	4.1797857	2.0444524
16.931028547430333	4.21284	2.0525205
16.94874856191613	4.2796893	2.068741
16.966468984677785	4.319796	2.0784118
16.98418981616729	4.3469205	2.084927
17.00191105683676	4.37573	2.0918245
17.019632707138374	4.430616	2.1049027
17.03735476752442	4.529853	2.128345
17.05507723844728	4.579327	2.1399362
17.072800120359403	4.5750594	2.138939
17.090523413713353	4.590666	2.1425838
17.108247118961785	4.6064305	2.1462595
17.125971236557437	4.6540775	2.1573312
17.143695766953133	4.6563735	2.1578631
17.161420710601806	4.6821265	2.1638222
17.179146067956477	4.6567616	2.157953
17.19687183947025	4.6523194	2.1569235
17.21459802559634	4.603239	2.145516
17.232324626788028	4.628712	2.1514442
17.25005164349871	4.651722	2.156785
17.267779076181863	4.658276	2.158304
17.285506925291074	4.6274886	2.1511598
17.30323519127999	4.625859	2.150781
17.320963874602384	4.5834317	2.1408951
17.33869297571211	4.5002527	2.1213799
17.356422495063114	4.485781	2.1179662
17.37415243310944	4.505889	2.1227078
17.391882790305218	4.4992666	2.1211474
17.40961356710468	4.4617743	2.1122913
17.42734476396215	4.496796	2.120565
17.445076381332044	4.5303993	2.1284735
17.462808419668868	4.599317	2.1446018
17.48054087942723	4.6880555	2.165192
17.498273761061835	4.9257617	2.2194057
17.51600706502747	5.4440193	2.3332422
17.533740791779024	6.116768	2.47321
17.551474941771485	7.4846807	2.7358143
17.56920951545993	8.48819	2.9134498
17.586944513299528	10.769717	3.2817247
17.60467993574556	12.476932	3.53227
17.622415783253373	14.4365425	3.799545
17.64015205627843	16.065369	4.008163
17.657888755276293	17.250208	4.153337
17.675625880702604	17.80513	4.2196126
17.69336343301311	17.64163	4.200194
17.71110141266366	16.856302	4.105643
17.728839820110178	15.7782345	3.9721825
17.746578655808705	14.703867	3.834562
17.764317920215372	13.14334	3.6253746
17.7820576137864	11.468794	3.3865607
17.79979773697811	9.409101	3.0674257
17.81753829024692	7.485132	2.735897
17.835279274049356	5.8649993	2.421776
17.85302068884201	4.8406744	2.2001534
17.870762535081607	4.176109	2.0435529
17.888504813224934	3.856964	1.9639155
17.90624752372891	3.661742	1.9135679
17.923990667050536	3.529518	1.8787011
17.941734243646895	3.4499881	1.8574144
17.959478253975185	3.4523737	1.8580564
17.9772226984927	3.4973822	1.8701289
17.994967577656833	3.4763741	1.8645037
18.01271289192506	3.4161444	1.8482815
18.030458641754965	3.3534417	1.8312405
18.04820482760425	3.3234856	1.823043
18.06595144993067	3.3610358	1.8333127
18.083698509192125	3.3057976	1.8181852
18.101446005846576	3.2988925	1.8162854
18.119193940352105	3.2816503	1.8115326
18.136942313166887	3.293062	1.8146796
18.1546911247492	3.2143252	1.792854
18.1724403755574	3.1361568	1.7709198
18.19019006604997	3.101692	1.7611622
18.207940196685467	3.1041915	1.7618716
18.225690767922575	3.1319692	1.769737
18.243441780220046	3.127775	1.7685517
18.261193234036764	3.1226804	1.7671107
18.278945129831676	3.1072977	1.7627529
18.29669746806386	3.107916	1.7629282
18.314450249192483	3.0903368	1.7579354
18.3322034736768	3.0343268	1.7419319
18.349957141976184	3.017125	1.7369874
18.3677112545501	3.0443432	1.7448046
18.385465811858108	3.0535717	1.7474473
18.403220814359884	3.0309155	1.7409525
18.420976262515172	3.0564344	1.7482661
18.43873215678387	3.0994816	1.7605344
18.456488497625923	3.1481762	1.7743101
18.474245285501407	3.2091553	1.7914115
18.492002520870486	3.254734	1.8040881
18.50976020419343	3.315491	1.820849
18.527518335930615	3.6706955	1.915906
18.545276916542516	4.3076863	2.0754967
18.563035946489688	4.4808326	2.1167977
18.580795426232832	4.8090315	2.1929505
18.598555356232698	4.716594	2.1717722
18.616315736950185	5.0346484	2.2438023
18.63407656884626	4.70809	2.1698134
18.65183785238201	4.819262	2.1952817
18.669599588018617	4.585018	2.1412656
18.68736177621737	4.581367	2.1404128
18.705124417439652	4.585036	2.1412697
18.72288751214696	4.460703	2.1120377
18.740651060800886	4.629926	2.1517262
18.758415063863115	4.3931875	2.0959933
18.77617952179546	4.528511	2.1280298
18.793944435059814	4.260875	2.0641887
18.811709804118184	4.229014	2.0564566
18.829475629432675	4.197363	2.0487466
18.8472419114655	3.982582	1.9956408
18.86500865067897	4.1000905	2.024868
18.88277584753551	3.79926	1.949169
18.90054350249763	3.7863169	1.9458461
18.918311616027957	3.4037633	1.8449291
18.936080188589226	3.2812576	1.8114243
18.953849220644265	3.01217	1.7355604
18.971618712656007	2.8850327	1.6985384
18.9893886650875	2.8345113	1.6836007
19.007159078401887	8.065246	2.8399377
19.024929953062408	32.94571	5.7398353
19.042701289532435	32.83633	5.7302995
19.060473088275405	25.338861	5.033772
19.07824534975489	2.6150424	1.6171093
19.096018074434568	2.6253598	1.6202962
19.113791262778197	2.6170526	1.6177307
19.13156491524966	2.6051502	1.6140478
19.149339032312945	2.6029701	1.6133723
19.167113614432136	2.5664873	1.602026
19.184888662071433	2.5623791	1.6007433
19.202664175695123	2.5675251	1.6023499
19.220440155767623	2.5914514	1.6097986
19.238216602753447	2.597592	1.6117047
19.2559935171172	2.5646758	1.6014606
19.27377089932361	2.541744	1.5942848
19.291548749837514	2.50898	1.583976
19.309327069123835	2.54003	1.5937471
19.32710585764763	2.5689125	1.6027827
19.344885115874032	2.5446758	1.595204
19.362664844268313	2.496571	1.5800542
19.380445043295822	2.476551	1.5737062
19.39822571342203	2.4876325	1.5772231
19.41600685511252	2.5037181	1.5823141
19.43378846883297	2.495861	1.5798295
19.451570555049173	2.4864798	1.5768576
19.469353114227037	2.4641664	1.5697664
19.48713614683254	2.4769354	1.5738282
19.50491965333182	2.4875057	1.5771828
19.52270363419109	2.4793503	1.5745953
19.540488089876686	2.4472046	1.5643544
19.55827302085503	2.4755294	1.5733815
19.576058427592674	2.4978263	1.5804513
19.593844310556282	2.4930172	1.5789292
19.611630670212598	2.4642105	1.5697803
19.629417507028506	2.4700675	1.5716448
19.64720482147098	2.46355	1.5695701
19.6649926140071	2.4604578	1.5685847
19.682780885104084	2.4699361	1.5716031
19.70056963522921	2.4582255	1.5678729
19.718358864849908	2.465343	1.5701411
19.7361485744337	2.4771037	1.5738817
19.753938764448215	2.492045	1.5786213
19.771729435361202	2.5179267	1.5867976
19.789520587640506	2.523589	1.5885807
19.807312221754092	2.5306966	1.5908164
19.825104338170043	2.515864	1.5861475
19.842896937356517	2.5147069	1.5857828
19.860690019781824	2.5265467	1.5895115
19.87848358591436	2.533277	1.5916271
19.896277636222635	2.5127351	1.585161
19.914072171175278	2.5246382	1.588911
19.931867191241015	2.5139408	1.5855411
19.94966269688869	2.543367	1.5947937
19.967458688587264	2.496227	1.5799452
19.985255166805807	2.489263	1.5777398
20.00305213201348	2.4449813	1.5636436
20.020849584679578	2.4271502	1.5579314
20.038647525273507	2.4321485	1.5595347
20.05644595426477	2.4399316	1.562028
20.07424487212299	2.4293222	1.5586283
20.092044279317903	2.420048	1.5556504
20.109844176319353	2.43302	1.5598141
20.127644563597304	2.4272401	1.5579603
20.145445441621817	2.417923	1.5549672
20.16324681086307	2.439987	1.5620458
20.181048671791373	2.4292104	1.5585924
20.198851024877122	2.4222152	1.5563468
20.216653870590836	2.3950145	1.5475835
20.234457209403146	2.3799934	1.5427227
20.252261041784802	2.3649087	1.537826
20.270065368206662	2.3509696	1.5332872
20.287870189139685	2.3411481	1.530081
20.305675505054968	2.3330731	1.5274401
20.323481316423702	2.3451593	1.5313913
20.341287623717207	2.3390603	1.5293987
20.359094427406884	2.346054	1.5316834
20.376901727964288	2.3598914	1.5361938
20.39470952586107	2.3771281	1.5417938
20.41251782156899	2.3759954	1.5414264
20.430326615559935	2.321852	1.5237625
20.448135908305886	2.3042173	1.5179648
20.465945700278965	2.3169806	1.5221632
20.483755991951384	2.3719842	1.5401248
20.50156678379548	2.3630235	1.5372128
20.519378076283708	2.3623421	1.5369912
20.537189869888635	2.3551626	1.5346539
20.55500216508294	2.3594694	1.5360564
20.572814962339415	2.3275442	1.5256292
20.59062826213098	2.3014727	1.5170605
20.60844206493066	2.3067849	1.5188104
20.626256371211593	2.3568926	1.5352174
20.644071181447032	2.3507996	1.5332317
20.66188649611036	2.308599	1.5194074
20.67970231567506	2.2905989	1.5134724
20.697518640614742	2.306127	1.5185938
20.715335471403122	2.3033786	1.5176885
20.73315280851404	2.2884583	1.5127652
20.750970652421447	2.281419	1.5104367
20.768789003599412	2.2851875	1.5116837
20.786607862522136	2.2877905	1.5125444
20.8044272296639	2.280264	1.5100542
20.82224710549913	2.2881777	1.5126724
20.84006749050237	2.2859092	1.5119224
20.857888385148268	3.8349643	1.9583064
20.8757097899116	45.93995	6.7779016
20.893531705267254	64.786835	8.0490265
20.911354131690224	83.779915	9.153137
20.92917706965566	69.04252	8.309183
20.94700051963877	50.143944	7.0812387
20.96482448211493	29.411884	5.4232726
20.982648957559622	4.161831	2.0400567
21.00047394644843	2.259447	1.5031457
21.01829944925707	2.271042	1.5069977
21.036125466461375	2.2704508	1.5068015
21.053951998537297	2.244142	1.498046
21.071779045960906	2.2125258	1.4874562
21.089606609208378	2.2297132	1.4932225
21.10743468875603	2.2506776	1.5002259
21.12526328508028	2.25519	1.501729
21.143092398657675	2.2061622	1.4853156
21.16092202996488	2.2254004	1.4917777
21.17875217947867	2.2238746	1.4912661
21.19658284767596	2.2420695	1.4973541
21.21441403503377	2.235873	1.4952836
21.232245742029225	2.206525	1.4854376
21.2500779691396	2.1864786	1.4786747
21.26791071684227	2.1579552	1.4689981
21.28574398561475	2.174487	1.4746143
21.30357777593465	2.190105	1.4799004
21.321412088279704	2.1890166	1.4795326
21.339246923127792	2.1857338	1.4784228
21.357082280956888	2.1594696	1.4695134
21.3749181622451	2.1471174	1.4653045
21.392754567470647	2.1497867	1.4662151
21.41059149711187	2.1333208	1.4605892
21.42842895164726	2.0980098	1.4484508
21.446266931555378	2.0874045	1.4447852
21.464105437314945	2.1091542	1.4522928
21.481944469404798	2.1409976	1.4632149
21.49978402830388	2.1285465	1.4589539
21.51762411449127	2.1298394	1.459397
21.53546472844617	2.108722	1.4521439
21.553305870647876	2.123678	1.4572845
21.571147541575865	2.104416	1.4506605
21.58898974170967	2.0757818	1.4407574
21.60683247152899	2.0462744	1.4304805
21.62467573151363	2.0549593	1.4335129
21.642519522143523	2.0560412	1.4338902
21.660363843898722	2.053938	1.4331566
21.6782086972594	2.0526094	1.4326931
21.696054082705864	2.069492	1.4385729
21.713900000718535	2.088742	1.4452481
21.73174645177795	2.0952203	1.4474876
21.749593436364794	2.060776	1.4355403
21.767440954959845	2.0402348	1.4283679
21.785289008044032	2.024399	1.4228138
21.803137596098388	2.0073638	1.4168147
21.820986719604086	1.9862158	1.4093317
21.838836379042412	1.958009	1.3992888
21.85668657489478	1.964468	1.4015948
21.87453730764273	1.9889529	1.4103024
21.892388577767914	2.0195544	1.4211103
21.91024038575213	2.0208898	1.4215801
21.928092732077285	2.0104444	1.4179014
21.945945617225426	2.0037389	1.4155349
21.963799041678694	1.976393	1.4058424
21.981653005919398	31.295424	5.594231
21.999507510429943	78.09714	8.837258
22.01736255569286	73.035645	8.546089
22.035218142190818	4.126902	2.031478
22.05307427040661	1.9536828	1.397742
22.07093094082315	1.9877636	1.4098808
22.088788153923474	2.0109034	1.4180633
22.106645910190746	2.026395	1.4235151
22.12450421010827	1.9883823	1.4101001
22.142363054159464	1.9637814	1.4013498
22.16022244282787	1.9649751	1.4017757
22.178082376597164	2.0138383	1.4190977
22.195942855951145	1.9986316	1.4137297
22.213803881373742	1.9901551	1.4107286
22.231665453349002	1.975581	1.4055537
22.24952757236111	1.9798627	1.4070759
22.26739023889438	1.9735473	1.40483
22.28525345343323	1.942516	1.3937417
22.30311721646225	1.9596486	1.3998744
22.320981528466113	2.016301	1.4199651
22.33884638992964	2.0223446	1.4220916
22.356711801337788	1.9961553	1.4128536
22.37457776317561	1.9615104	1.4005393
22.392444275928337	1.9420284	1.3935668
22.410311340081282	1.950634	1.396651
22.428178956119904	1.942266	1.3936521
22.446047124529805	1.9490833	1.3960958
22.46391584579669	1.9654404	1.4019417
22.481785120406414	1.9819943	1.4078332
22.49965494884496	1.9704998	1.4037449
22.51752533159841	1.9587502	1.3995535
22.53539626915302	1.9511642	1.3968408
22.553267761995137	1.9400324	1.3928504
22.571139810611264	1.9185202	1.3851066
22.589012415488025	1.8925403	1.3756963
22.60688557711216	1.8835415	1.3724217
22.624759295970566	1.8752551	1.3693995
22.642633572550263	1.9184095	1.3850666
22.660508407338362	1.932139	1.390014
22.67838380082217	1.9678005	1.4027832
22.696259753489077	1.945489	1.3948079
22.714136265826614	1.9241663	1.3871433
22.73201333832246	1.8749781	1.3692983
22.74989097146439	1.9112382	1.3824754
22.76776916574035	1.9310668	1.3896283
22.785647921638393	1.9217356	1.3862668
22.803527239646712	1.9024941	1.3793093
22.82140712025363	1.9079852	1.3812984
22.839287563947593	1.9576062	1.3991448
22.85716857121719	1.9506829	1.3966684
22.875050142551135	1.9564502	1.3987316
22.892932278438277	1.9335955	1.3905379
22.910814979367604	1.9382728	1.3922187
22.928698245828222	1.9142858	1.3835771
22.946582078309387	1.9373386	1.3918831
22.96446647730047	1.9382901	1.3922249
22.98235144329098	1.9233485	1.3868484
23.000236976770562	1.9207853	1.385924
23.018123078229	1.9087571	1.3815777
23.03600974815619	1.8829968	1.3722233
23.053896987042194	1.885628	1.3731817
23.071784795377173	1.9041709	1.379917
23.08967317365145	1.8972509	1.3774073
23.10756212235546	1.8848252	1.3728894
23.125451641979787	1.8691381	1.3671643
23.143341733015134	1.9039001	1.3798189
23.161232395952357	1.9177109	1.3848144
23.179123631282426	1.9200995	1.3856765
23.197015439496468	1.9177142	1.3848156
23.214907821085717	1.935174	1.3911053
23.23280077654157	1.9292611	1.3889785
23.250694306355538	1.9284996	1.3887043
23.268588411019277	1.9458443	1.3949353
23.28648309102458	1.9727485	1.4045457
23.304378346863356	1.9596381	1.3998708
23.322274179027676	1.9307834	1.3895264
23.340170588009723	1.9385141	1.3923054
23.358067574301852	1.9253565	1.3875722
23.37596513839651	1.9381386	1.3921704
23.39386328078629	1.9122368	1.3828365
23.411762001963947	1.9026452	1.379364
23.429661302422353	1.9325384	1.3901577
23.4475611826545	1.9717615	1.4041942
23.46546164315356	1.9778701	1.4063677
23.48336268441279	1.9448528	1.3945798
23.501264306925638	1.947519	1.3955353
23.51916651118564	1.9682405	1.4029399
23.537069297686497	1.9950835	1.4124743
23.554972666922037	1.972412	1.4044259
23.57287661938623	1.9298525	1.3891913
23.59078115557318	1.8986946	1.3779312
23.608686275977128	1.901429	1.3789232
23.62659198109246	1.950147	1.3964766
23.6444982714137	1.9566005	1.3987854
23.66240514743549	1.9282584	1.3886174
23.68031260965263	1.9170324	1.3845694
23.698220658560068	1.8888571	1.374357
23.716129294652845	1.8818583	1.3718084
23.7340385184262	1.8605628	1.3640245
23.75194833037546	1.8984123	1.3778288
23.769858730996123	1.899845	1.3783487
23.78776972078382	1.9171616	1.384616
23.80568130023431	1.9100485	1.382045
23.823593469843495	1.9405395	1.3930324
23.841506230107424	1.9149948	1.3838334
23.859419581522275	1.8861493	1.3733715
23.87733352458438	1.8889077	1.3743753
23.89524805979019	1.896605	1.3771728
23.913163187636318	1.9330955	1.3903581
23.931078908619508	1.9583706	1.399418
23.948995223236633	1.9681975	1.4029247
23.966912131984735	1.9807662	1.4073969
23.98482963536096	2.0100694	1.4177692
24.002747733862616	2.0168426	1.4201559
24.020666427987155	2.011251	1.4181858
24.038585718232156	2.0176275	1.4204321
24.056505605095353	2.0050647	1.4160031
24.074426089074617	2.0459652	1.4303724
24.092347170667946	2.0420866	1.429016
24.110268850373515	2.0173025	1.4203178
24.128191128689586	1.9857651	1.4091718
24.146114006114626	1.9613044	1.4004658
24.164037483147187	2.0075345	1.4168749
24.181961560286005	2.0687973	1.4383315
24.199886238029926	2.0714405	1.43925
24.21781151687797	2.0428712	1.4292904
24.235737397329274	2.0167508	1.4201236
24.253663879883135	2.025199	1.4230949
24.271590965038975	2.0261214	1.4234189
24.289518653296376	1.9997828	1.4141368
24.30744694515505	2.0144272	1.4193052
24.32537584111486	2.0336077	1.4260461
24.34330534167581	2.0565593	1.434071
24.361235447338046	2.0503526	1.4319053
24.379166158601876	2.0268543	1.4236764
24.39709747596772	2.0281627	1.4241358
24.41502939993615	2.0235786	1.4225254
24.432961931007917	1.9996666	1.4140956
24.450895069683856	1.9653503	1.4019095
24.468828816465	1.8884443	1.3742068
24.4867631718525	1.892739	1.3757685
24.504698136347656	1.9504133	1.396572
24.52263371045192	1.9971828	1.4132172
24.540569894666874	1.9532764	1.3975966
24.558506689494266	1.9150888	1.3838674
24.57644409543597	1.9214616	1.386168
24.594382112994012	1.9408379	1.3931396
24.61232074267057	1.9250968	1.3874786
24.630259984967953	1.9210091	1.3860047
24.64819984038863	1.9344745	1.3908539
24.66614030943522	1.961217	1.4004346
24.684081392610462	1.9638256	1.4013656
24.702023090417274	1.9736906	1.404881
24.7199654033587	1.9492826	1.3961672
24.737908331937927	1.94381	1.3942058
24.755851876658305	1.9854238	1.4090507
24.773796038023324	2.0085523	1.4172341
24.79174081653661	2.0929663	1.4467088
24.809686212701962	2.1869729	1.4788418
24.827632227023294	2.1963978	1.4820249
24.8455788600047	2.1422603	1.4636463
24.8635261121504	2.1087446	1.4521518
24.88147398396475	2.0996008	1.4489999
24.899422475952303	2.090031	1.445694
24.917371588617698	2.1103451	1.4527026
24.935321322465768	2.1794558	1.476298
24.953271678001478	2.2553656	1.5017874
24.97122265572994	2.4560928	1.5671927
24.989174256156414	2.8030741	1.6742383
25.00712647978632	3.2751896	1.8097485
25.02507932712521	3.8768797	1.9689794
25.043032798678798	4.4389224	2.106875
25.060986894952933	5.0957446	2.2573757
25.078941616453637	5.7767153	2.4034798
25.096896963687055	6.72709	2.5936635
25.114852937159508	7.9521537	2.8199563
25.132809537377444	8.529779	2.9205787
25.150766764847468	8.689505	2.9477966
25.168724620076347	8.124339	2.8503227
25.186683103570985	6.96731	2.6395662
25.204642215838426	5.6450877	2.3759394
25.222601957385894	4.200071	2.0494075
25.24056232872074	3.1528733	1.7756332
25.25852333035048	2.5451398	1.5953494
25.276484962782778	2.2221613	1.4906915
25.294447226525435	2.1017878	1.4497544
25.312410122086423	2.0219858	1.4219655
25.330373649973843	1.955947	1.3985518
25.348337810695988	1.8960413	1.3769681
25.366302604761245	1.9151783	1.3838997
25.384268032678207	1.9126217	1.3829757
25.40223409495558	1.9182867	1.3850223
25.420200792102257	1.9165672	1.3844014
25.438168124627246	1.8890749	1.3744363
25.45613609303974	1.863013	1.3649224
25.474104697849057	1.8673933	1.366526
25.492073939564698	1.8791468	1.3708198
25.510043818696285	1.8662238	1.366098
25.528014335753614	1.8469282	1.3590174
25.54598549124664	1.8547087	1.3618768
25.56395728568544	1.8138093	1.3467773
25.58192971958028	1.8264747	1.3514713
25.59990279344156	1.8617282	1.3644516
25.617876507779833	1.9107186	1.3822874
25.635850863105826	1.8379885	1.3557243
25.653825859930386	1.7777747	1.3333322
25.671801498764548	1.780776	1.3344572
25.68977778011949	1.8423731	1.3573405
25.707754704506524	1.8887548	1.3743198
25.725732272437153	1.875903	1.369636
25.743710484423012	1.8546774	1.3618654
25.761689340975888	1.900519	1.3785931
25.77966884260774	1.9405243	1.3930271
25.797648989830662	1.9334158	1.3904732
25.815629783156922	1.8602328	1.3639035
25.83361122309895	1.8261014	1.3513333
25.85159331016929	1.8175409	1.348162
25.869576044880695	1.8707235	1.367744
25.887559427746034	1.891479	1.3753105
25.90554345927836	1.899492	1.3782206
25.92352813999086	1.8817891	1.3717831
25.94151347039689	1.9009696	1.3787565
25.959499451009965	1.9049793	1.3802099
25.97748608234374	1.8636478	1.3651549
25.995473364912062	1.8527485	1.3611571
26.013461299228904	1.8487396	1.3596836
26.03144988580839	1.8555008	1.3621677
26.04943912516483	1.8271108	1.3517066
26.067429017812675	1.8376198	1.3555883
26.085419564266537	1.8500988	1.3601834
26.103410765041186	1.8380419	1.355744
26.12140262065155	1.8484406	1.3595737
26.139395131612723	1.9252604	1.3875376
26.157388298439948	1.9005777	1.3786144
26.17538212164861	1.858392	1.3632286
26.193376601754295	1.8474491	1.359209
26.211371739272714	1.8785721	1.3706101
26.229367534719746	1.8579887	1.3630806
26.247363988611433	1.8277637	1.3519481
26.26536110146397	1.8274034	1.3518149
26.283358873793727	1.8797898	1.3710543
26.301357306117204	1.8707814	1.3677651
26.319356398951104	1.8149468	1.3471996
26.33735615281224	1.7678634	1.3296102
26.35535656821762	1.812683	1.3463591
26.373357645684404	1.9054264	1.3803718
26.39135938572991	1.8950136	1.3765949
26.409361788871614	1.8603686	1.3639534
26.427364855627165	1.8615932	1.3644022
26.445368586514352	1.8217089	1.349707
26.46337298205115	1.76804	1.3296766
26.48137804275568	1.8089814	1.3449838
26.499383769146217	1.8550563	1.3620045
26.517390161741215	1.8535769	1.3614613
26.53539722105928	1.7963899	1.3402947
26.553404947619182	1.7898092	1.3378376
26.571413341939856	1.7893738	1.3376747
26.589422404540397	1.8130583	1.3464985
26.60743213594006	1.8349285	1.3545953
26.62544253665827	1.7898271	1.3378443
26.64345360721459	1.7545474	1.3245933
26.66146534812879	1.7841723	1.3357291
26.679477759920758	1.8671708	1.3664446
26.69749084311057	1.8638449	1.365227
26.71550459821847	1.7717665	1.3310772
26.733519025764842	1.7692721	1.3301399
26.751534126270258	1.7771623	1.3331025
26.769549900255434	1.7970034	1.3405236
26.787566348241267	1.7373958	1.3181031
26.80558347074881	1.7925863	1.338875
26.823601268299267	1.8202068	1.3491504
26.841619741414036	1.8063136	1.3439916
26.85963889061465	1.7859654	1.3364002
26.877658716422832	1.7616637	1.3272768
26.89567921936045	1.7158015	1.3098861
26.913700399949544	1.7257495	1.3136779
26.93172225871233	1.775531	1.3324906
26.949744796171174	1.8615206	1.3643756
26.967768012848605	1.8485672	1.3596202
26.98579190926733	1.8278315	1.3519732
27.003816485950225	1.8369491	1.355341
27.021841743420318	1.8361874	1.3550599
27.039867682200814	1.8317556	1.3534237
27.057894302815072	1.8190253	1.3487124
27.07592160578664	1.8098876	1.3453207
27.0939495916392	1.7932298	1.3391153
27.111978260896635	1.7746927	1.3321759
27.13000761408296	1.7520219	1.3236396
27.148037651722397	1.7820077	1.3349186
27.166068374339304	1.8410202	1.356842
27.184099782458215	1.8416376	1.3570695
27.20213187660384	1.801433	1.3421748
27.22016465730105	1.7688223	1.3299708
27.23819812507487	1.7615321	1.3272272
27.256232280450533	1.7614102	1.3271813
27.274267123953383	1.7794791	1.3339711
27.292302656108987	1.8140936	1.3468829
27.31033887744306	1.8241595	1.3506145
27.32837578848146	1.7758095	1.332595
27.34641338975026	1.7410051	1.3194715
27.364451681775673	1.7606336	1.3268887
27.382490665084074	1.776952	1.3330237
27.400530340202046	1.7801181	1.3342106
27.41857070765629	1.753593	1.3242329
27.436611767973726	1.7597592	1.3265592
27.454653521681404	1.750976	1.3232445
27.472695969306564	1.7847786	1.3359561
27.490739111376627	1.7517538	1.3235384
27.508782948419153	1.7470957	1.3217775
27.526827480961902	1.7829205	1.3352605
27.54487270953279	1.8346335	1.3544865
27.562918634659898	1.779273	1.3338939
27.580965256871508	1.7824206	1.3350732
27.599012576696026	1.7939571	1.3393868
27.617060594662068	1.8256862	1.3511796
27.63510931129842	1.8027954	1.3426821
27.65315872713401	1.802528	1.3425826
27.67120884269797	1.8337024	1.3541427
27.68925965851958	1.8396716	1.3563449
27.707311175128307	1.8470066	1.3590462
27.725363393053787	1.8535161	1.361439
27.74341631282583	1.8705432	1.367678
27.7614699349744	1.8972963	1.3774238
27.77952426002968	2.0163987	1.4199995
27.797579288521973	2.1000586	1.4491578
27.815635020981784	2.4727201	1.5724885
27.83369145793979	2.5600057	1.6000018
27.85174859992682	2.4209497	1.5559402
27.869806447473923	2.2309785	1.493646
27.887865001112267	1.989368	1.4104495
27.905924261373233	1.914281	1.3835754
27.92398422878836	1.8983641	1.3778113
27.94204490388936	1.8678297	1.3666856
27.96010628720813	1.8792974	1.3708746
27.978168379276728	1.8929471	1.3758441
27.9962311806274	1.8702419	1.3675679
28.014294691792568	1.8684728	1.366921
28.0323589133048	1.858316	1.3632007
28.050423845696887	1.8045412	1.3433322
28.068489489501758	1.8141806	1.3469152
28.086555845252523	1.8343114	1.3543675
28.104622913482487	1.8756373	1.369539
28.122690694725115	1.8784744	1.3705745
28.14075918951405	1.8769822	1.37003
28.15882839838312	1.8526981	1.3611386
28.176898321866304	1.8553541	1.3621138
28.1949689604978	1.9058129	1.3805118
28.213040314811945	1.9214013	1.3861462
28.23111238534327	1.9241095	1.3871228
28.249185172626493	1.9250543	1.3874632
28.267258677196473	1.9174682	1.3847268
28.285332899588294	1.9155647	1.3840393
28.303407840337172	1.9083232	1.3814207
28.321483499978545	1.8817843	1.3717815
28.33955987904799	1.8646885	1.365536
28.357636978081285	1.9454423	1.3947911
28.37571479761439	2.0105424	1.417936
28.393793338183425	1.9980241	1.4135149
28.41187260032469	1.9579731	1.3992759
28.429952584574686	1.9604999	1.4001786
28.448033291470065	1.9895684	1.4105206
28.46611472154769	1.9958351	1.4127402
28.484196875344566	1.9916059	1.4112427
28.502279753397914	1.9470477	1.3953665
28.52036335624511	1.9576747	1.3991693
28.538447684423716	1.9820915	1.4078678
28.556532738471482	2.0044043	1.4157698
28.574618518926325	1.984816	1.4088349
28.59270502632635	1.9557939	1.398497
28.61079226120985	1.9430004	1.3939155
28.628880224115274	1.9683092	1.4029645
28.646968915581287	1.969932	1.4035426
28.66505833614671	2.0138555	1.4191037
28.68314848635055	2.0399177	1.4282569
28.701239366732004	2.0818198	1.4428513
28.71933097783044	2.0726411	1.439667
28.737423320185403	2.0935886	1.4469239
28.75551639433665	2.1568317	1.4686155
28.773610200824074	2.144106	1.4642766
28.791704740187793	2.062535	1.4361528
28.80980001296809	2.0067275	1.4165901
28.827896019705413	2.0866838	1.4445359
28.845992760940433	2.2091217	1.4863114
28.86409023721397	2.2162368	1.488703
28.88218844906704	2.2011092	1.4836136
28.900287397040845	2.182781	1.4774238
28.918387081676755	2.2377841	1.4959226
28.936487503516343	2.2915308	1.5137804
28.954588663101365	2.3430002	1.5306861
28.97269056097374	2.3389199	1.5293528
28.990793197675597	2.3036842	1.5177892
29.00889657374923	2.283708	1.5111942
29.027000689737125	2.3237498	1.5243851
29.04510554618196	2.3503408	1.5330821
29.06321114362659	2.3521674	1.5336777
29.08131748261405	2.4104044	1.5525477
29.099424563687567	2.4512026	1.5656317
29.11753238739057	2.513417	1.585376
29.13564095426663	2.580618	1.6064302
29.15375026485954	2.6185138	1.6181823
29.171860319713275	2.641779	1.625355
29.18997111937199	2.708561	1.6457707
29.20808266438002	2.7591257	1.6610616
29.226194955281898	2.7699654	1.6643213
29.244307992622335	2.7480495	1.6577241
29.26242177694624	2.7435176	1.6563567
29.2805363087987	2.8478265	1.6875504
29.29865158872498	2.8921394	1.7006291
29.316767617270557	2.9510891	1.7178735
29.334884394981064	2.9683456	1.7228887
29.353001922402367	3.0047557	1.7334231
29.37112020008047	3.0764005	1.753967
29.389239228561596	3.2086391	1.7912675
29.407359008392152	3.3977065	1.8432869
29.42547954011872	3.780035	1.9442313
29.44360082428809	4.414873	2.10116
29.46172286144722	5.3884177	2.3212965
29.479845652143283	6.846108	2.6165068
29.497969196923606	9.041122	3.006846
29.516093496335728	11.869137	3.4451613
29.5342185509274	14.869395	3.8560855
29.55234436124651	17.254025	4.153796
29.570470927841175	18.811121	4.3371787
29.588598251259686	18.631523	4.316425
29.60672633205055	17.344025	4.1646156
29.624855170762405	15.058262	3.8804977
29.642984767944146	12.110636	3.4800339
29.66111512414481	9.106865	3.0177584
29.67924623991366	6.63687	2.5762124
29.697378115800138	5.089805	2.2560596
29.71551075235387	4.1804876	2.044624
29.733644150124675	3.7554915	1.937909
29.751778309662576	3.543687	1.8824683
29.769913231517766	3.4844542	1.8666693
29.78804891624066	3.4165695	1.8483964
29.806185364381818	3.3640163	1.8341255
29.82432257649206	3.3259869	1.8237288
29.842460553122333	3.2920797	1.8144089
29.86059929482382	3.3227148	1.8228315
29.878738802147872	3.3928814	1.8419776
29.896879075646048	3.379955	1.8384655
29.915020115870114	3.3128715	1.8201295
29.933161923371976	3.3066106	1.8184088
29.951304498703777	3.32162	1.8225312
29.969447842417857	3.2701967	1.8083686
29.987591955066733	3.200902	1.7891065
30.005736837203123	3.198561	1.7884521
30.023882489379943	3.1982033	1.7883521
30.04202891215028	3.1504204	1.7749424
30.060176106067455	3.163407	1.778597
30.078324071684946	3.1975753	1.7881765
30.09647280955646	3.2267022	1.7963023
30.114622320235863	3.1901608	1.786102
30.132772604277257	3.0620654	1.7498758
30.1509236622349	3.006006	1.7337837
30.16907549466328	3.0393462	1.7433721
30.18722810211705	3.118653	1.7659708
30.205381485151097	3.0462112	1.7453399
30.22353564432045	3.0673358	1.7513812
30.241690580180403	3.101864	1.7612109
30.25984629328638	3.0454829	1.7451311
30.278002784194037	2.9851072	1.7277462
30.296160053459246	2.9943812	1.730428
30.314318101638033	2.9291523	1.7114767
30.332476929286646	2.8760855	1.6959026
30.35063653696153	2.8856018	1.6987059
30.368796925219307	2.9038444	1.704067
30.386958094616844	2.8988934	1.7026137
30.40512004571115	2.8382552	1.6847122
30.423282779059463	2.8306737	1.6824607
30.441446295219233	2.8935199	1.7010349
30.459610594748067	2.8560245	1.6899776
30.47777567820382	2.7955155	1.6719795
30.495941546144504	2.7419276	1.6558766
30.51410819912835	2.781268	1.6677134
30.532275637713795	2.795921	1.6721008
30.55044386245946	2.7788105	1.6669765
30.56861287392416	2.7677279	1.663649
30.586782672666956	2.7783303	1.6668324
30.604953259247047	2.8075871	1.6755856
30.623124634223885	2.8304815	1.6824034
30.641296798157075	2.804822	1.6747602
30.659469751606462	2.8032534	1.674292
30.677643495132074	2.7884204	1.6698564
30.695818029294152	2.7704072	1.664454
30.713993354653116	2.7193396	1.649042
30.73216947176962	2.7109444	1.6464946
30.75034638120448	2.7367976	1.6543269
30.768524083518756	2.738177	1.6547438
30.786702579273673	2.719395	1.6490588
30.80488186903069	2.7566144	1.6603055
30.82306195335144	2.929827	1.7116737
30.841242832797782	3.147528	1.7741274
30.85942450793176	3.487167	1.8673958
30.877606979315637	3.8387103	1.9592627
30.895790247511883	4.125545	2.0311437
30.913974313083134	4.47599	2.1156535
30.932159176592283	4.833988	2.1986332
30.95034483860237	5.048066	2.2467902
30.968531299676698	4.8622856	2.205059
30.98671856037873	4.432287	2.1052997
31.00490662127215	3.9432724	1.9857675
31.023095482920848	3.5406168	1.8816527
31.04128514588892	3.076195	1.7539085
31.059475610740662	2.7656574	1.6630266
31.07766687804056	2.5872014	1.608478
31.09585894835335	2.5129519	1.5852293
31.11405182224393	2.5695271	1.6029744
31.132245500277417	2.5896423	1.6092366
31.15043998301914	2.5792847	1.6060152
31.168635271034628	2.5602646	1.6000826
31.18683136488964	2.5287347	1.5901996
31.20502826515008	2.4471102	1.5643241
31.223225972382135	2.458121	1.5678396
31.241424487152155	2.501038	1.581467
31.259623810026692	2.482832	1.5757005
31.27782394157253	2.4758148	1.5734723
31.296024882356644	2.4893024	1.5777524
31.314226632946237	2.4613228	1.5688603
31.332429193908684	2.4297297	1.558759
31.350632565811598	2.3915546	1.5464652
31.368836749222787	2.3854582	1.5444928
31.387041744710295	2.42894	1.5585057
31.40524755284232	2.5265403	1.5895095
31.423454174187317	2.5650554	1.6015791
31.441661609313922	2.5389795	1.5934175
31.459869858791002	2.4023716	1.5499586
31.478078923187628	2.3393617	1.5294971
31.496288803073064	2.308408	1.5193446
31.514499499016807	2.3825054	1.5435367
31.532711011588546	2.3750784	1.541129
31.550923341358178	2.3837256	1.5439318
31.56913648889584	2.3751235	1.5411435
31.587350454771844	2.367504	1.5386695
31.605565239556732	2.336239	1.5284761
31.62378084382127	2.2772286	1.5090489
31.641997268136382	2.3058412	1.5184996
31.660214513073274	2.3014662	1.5170584
31.67843257920331	2.2932706	1.5143548
31.6966514670981	2.3501663	1.5330253
31.71487117732944	2.355206	1.5346681
31.733091710469346	2.2888725	1.512902
31.751313067090052	2.2982066	1.5159837
31.769535247764008	2.3181105	1.5225343
31.787758253063878	2.2650354	1.5050035
31.805982083562526	2.2688699	1.5062768
31.824206739833024	2.2379766	1.4959868
31.84243222244869	2.302889	1.5175273
31.860658531983013	2.2969737	1.5155771
31.878885669009737	2.2813876	1.5104263
31.897113634102784	2.2626386	1.504207
31.91534242783632	2.252812	1.500937
31.933572050784694	2.185992	1.47851
31.951802503522508	2.1867769	1.4787755
31.970033786624548	2.1944647	1.4813726
31.988265900665834	2.2510338	1.5003445
32.006498846221575	2.2750027	1.5083113
32.02473262386724	2.2793083	1.5097378
32.04296723417845	2.2715604	1.5071697
32.0612026777311	2.1594777	1.4695162
32.07943895510129	2.0952296	1.4474908
32.097676066865304	2.1726847	1.474003
32.115914013599685	2.2243013	1.4914092
32.13415279588115	2.2648332	1.5049363
32.152392414286666	2.2287881	1.4929127
32.1706328693934	2.1682014	1.4724814
32.18887416177875	2.1472204	1.4653397
32.20711629202032	2.2040513	1.4846047
32.225359260695924	2.1865819	1.4787096
32.243603068383614	2.1747682	1.4747095
32.26184771566166	2.2328122	1.4942597
32.28009320310852	2.1586728	1.4692422
32.2983395313029	2.1264608	1.458239
32.31658670082372	2.0594623	1.4350827
32.33483471225012	1.9944657	1.4122555
32.35308356616143	2.0367763	1.4271567
32.371333263137245	2.0471628	1.4307909
32.38958380375734	2.0826793	1.4431491
32.407835188601744	2.0843349	1.4437226
32.42608741825067	2.114342	1.4540777
32.444340493284585	2.1286628	1.4589938
32.46259441428416	2.1206965	1.4562612
32.48084918183028	2.0949864	1.4474068
32.49910479650405	2.0989518	1.448776
32.51736125888683	2.1191487	1.4557296
32.53561856956014	2.1308026	1.4597269
32.5538767291058	2.1108546	1.452878
32.572135738105764	2.0396256	1.4281546
32.59039559714228	2.056876	1.4341813
32.608656306797776	2.030134	1.4248277
32.62691786765491	2.0687714	1.4383224
32.645180280296586	2.0649295	1.4369862
32.663443545305896	2.058462	1.4347341
32.68170766326619	2.056354	1.4339993
32.69997263476099	2.0322373	1.4255656
32.7182384603741	2.0122762	1.4185472
32.7365051406895	1.9464806	1.3951633
32.75477267629144	1.8939573	1.3762112
32.77304106776434	1.876501	1.3698543
32.79131031569289	1.8690203	1.3671212
32.809580420661966	1.9177372	1.3848239
32.827851383256714	2.0193124	1.4210252
32.84612320406245	2.0760274	1.4408426
32.86439588366476	2.0855656	1.4441488
32.88266942264945	2.059902	1.4352359
32.9009438216025	2.0459342	1.4303615
32.9192190811102	2.0791342	1.4419203
32.937495201758985	2.0817075	1.4428123
32.95577218413556	1.9796302	1.4069934
32.974050028826866	1.9246057	1.3873016
32.992328736420035	1.9030594	1.3795142
33.010608307502444	2.0126011	1.4186617
33.02888874266169	2.0608215	1.4355562
33.047170042485604	2.0526743	1.4327157
33.06545220756225	1.9672903	1.4026012
33.083735238479896	1.9298836	1.3892025
33.10201913582707	2.0191488	1.4209676
33.12030390019248	2.055675	1.4337626
33.138589532165135	1.9833008	1.4082972
33.15687603233419	1.9619815	1.4007075
33.17516340128909	2.0012035	1.414639
33.19345163961947	2.025522	1.4232084
33.211740747915215	2.0087354	1.4172987
33.23003072676643	2.0055115	1.4161608
33.248321576763466	1.9587516	1.399554
33.266613298496885	1.9032693	1.3795903
33.28490589255747	1.8665818	1.366229
33.30319935953626	1.897722	1.3775783
33.32149370002451	2.0397072	1.4281832
33.339788914613706	2.0370383	1.4272485
33.358085003895575	1.8986876	1.3779287
33.376381968462034	1.8344513	1.3544192
33.39467980890529	1.8966167	1.3771771
33.41297852581774	1.8902448	1.3748617
33.43127811979204	1.863911	1.3652513
33.44957859142105	1.9161288	1.384243
33.467879941297866	1.9548206	1.398149
33.486182170015844	1.9529798	1.3974905
33.50448527816853	1.9581981	1.3993564
33.522789266349754	2.046547	1.4305757
33.541094135153514	2.021685	1.4218596
33.55939988517411	1.9197775	1.3855604
33.57770651700602	1.8397653	1.3563795
33.59601403124398	1.8154141	1.347373
33.61432242848296	1.8882324	1.3741297
33.632631709318154	1.9174637	1.3847251
33.650941874344994	1.8142946	1.3469576
33.66925292415916	1.7750949	1.3323269
33.68756485935654	1.8641065	1.3653228
33.70587768053328	1.9344643	1.3908502
33.724191388285746	1.9420784	1.3935847
33.74250598321054	1.9619423	1.4006935
33.760821465904506	1.9516705	1.397022
33.77913783696474	1.8770635	1.3700597
33.79745509698852	1.8648812	1.3656065
33.815773246573414	1.8861172	1.3733598
33.8340922863172	1.9167181	1.3844559
33.852412216817896	1.933459	1.3904887
33.87073303867377	1.7691059	1.3300774
33.889054752483304	1.7781092	1.3334576
33.907377358845245	1.8688238	1.3670493
33.92570085835853	1.9043959	1.3799986
33.94402525162239	1.9812855	1.4075814
33.96235053923627	1.9593772	1.3997775
33.980676721799824	1.900991	1.3787643
33.999003799912984	1.8440958	1.3579749
34.01733177417592	1.7614619	1.3272008
34.03566064518901	1.8366374	1.3552259
34.0539904135529	1.9470057	1.3953515
34.07232107986846	1.9153302	1.3839545
34.090652644736785	1.8877505	1.3739543
34.108985108759235	2.0116622	1.4183308
34.12731847253742	1.9407694	1.393115
34.14565273667313	1.8188263	1.3486387
34.16398790176847	1.8132263	1.346561
34.18232396842574	1.9417982	1.3934842
34.20066093724749	1.9904795	1.4108435
34.21899880883651	2.059208	1.4349941
34.23733758379583	2.0463102	1.430493
34.25567726272874	1.9930207	1.4117439
34.27401784623872	2.0000718	1.4142389
34.29235933492957	1.9251388	1.3874937
34.31070172940526	1.9299539	1.3892279
34.32904503027003	2.0372496	1.4273225
34.347389238128386	1.9399537	1.3928221
34.36573435358502	1.9543136	1.3979677
34.38408037724492	2.098245	1.448532
34.402427309713296	2.1674855	1.4722383
34.42077515159559	2.1429949	1.4638971
34.43912390349752	2.1022036	1.4498978
34.45747356602499	1.9360921	1.3914353
34.47582413978423	1.8984503	1.3778427
34.49417562538163	1.9517028	1.3970336
34.51252802342388	2.0003252	1.4143286
34.53088133451789	2.0135036	1.4189798
34.54923555927084	1.9854469	1.4090589
34.567590698290104	1.9531628	1.397556
34.58594675218336	1.8908653	1.3750874
34.6043037215585	1.8887877	1.3743317
34.62266160702365	1.8975222	1.3775058
34.641020409187234	1.8743442	1.369067
34.65938012865785	1.9175082	1.3847412
34.677740766044394	1.8423872	1.3573457
34.69610232195598	1.7782353	1.3335049
34.714464797002016	1.8711107	1.3678855
34.73282819179208	1.9468836	1.3953077
34.751192506936064	1.8366041	1.3552136
34.76955774304408	1.964474	1.4015969
34.7879239007265	1.9555372	1.3984052
34.80629098059391	1.8974885	1.3774935
34.824658983257194	1.8893607	1.3745402
34.843027909327446	1.7090955	1.3073238
34.86139775941603	1.7098299	1.3076047
34.879768534134534	1.9473225	1.395465
34.89814023409483	1.96082	1.4002928
34.91651285990901	1.8796841	1.3710157
34.93488641218944	1.8856937	1.3732057
34.95326089154871	1.7975335	1.3407212
34.97163629859967	1.6984873	1.3032602
34.99001263395542	1.6600096	1.2884136
35.00838989822934	1.8344277	1.3544104
35.02676809203499	1.8491619	1.359839
35.04514721598624	1.7024909	1.3047954
35.063527270697215	1.8111247	1.3457804
35.081908256782256	1.8797017	1.3710221
35.10029017485597	1.7947664	1.3396889
35.11867302553321	2.0261986	1.423446
35.137056809429104	2.1890566	1.4795461
35.155441527159006	2.1310377	1.4598074
35.173827179338524	2.1772597	1.475554
35.19221376658354	2.1917453	1.4804544
35.21060128951017	2.102013	1.4498321
35.2289897487348	2.1424277	1.4637034
35.24737914487405	2.077863	1.4414794
35.26576947854479	1.8061999	1.3439493
35.28416075036418	1.6692947	1.2920119
35.30255296094958	1.8312863	1.3532503
35.32094611091867	2.128357	1.4588889
35.33934020088932	2.1891513	1.479578
35.35773523147969	2.2875936	1.5124793
35.3761312033082	2.4252849	1.5573326
35.394528116993506	2.4321094	1.5595222
35.41292597315452	2.4646478	1.5699197
35.431324772410434	2.6032934	1.6134725
35.449724515380666	2.6397362	1.6247265
35.46812520268491	2.5582066	1.5994395
35.486526834943106	2.2067096	1.4854997
35.504929412775454	1.8762448	1.3697609
35.52333293680242	1.7965679	1.3403611
35.54173740764471	1.9078361	1.3812444
35.560142825923286	1.6448894	1.2825325
35.5785491922594	1.1429707	1.0690981
35.59695650727454	0.8582841	0.92643625
35.61536477159042	0.6149216	0.7841694
