0.008763373481513119	0.0	0.0
0.026290120649546365	0.11242709	0.3353015
0.043816868432600686	0.121336736	0.34833422
0.06134361724069026	0.1009537	0.31773213
0.07887036748382949	0.13233852	0.36378363
0.0963971195720331	0.09617062	0.31011388
0.11392387391531617	0.114543825	0.33844325
0.1314506309236943	0.11839865	0.34409106
0.1489773910071836	0.1503032	0.38768956
0.16650415457580078	0.16045491	0.40056825
0.18403092203956356	0.109999925	0.33166236
0.20155769380849	0.11749085	0.34276938
0.2190844702925996	0.16162571	0.402027
0.2366112519019124	0.15506059	0.39377734
0.2541380390464497	0.14757174	0.38415068
0.27166483213623416	0.093371935	0.30556822
0.28919163158128947	0.12254534	0.35006475
0.3067184377916406	0.14480492	0.3805324
0.324245251177314	0.16493693	0.4061243
0.34177207214833777	0.16815485	0.41006687
0.3592989011147415	0.1445752	0.38023046
0.37682573848655654	0.13647313	0.3694227
0.39435258467381573	0.16199341	0.40248406
0.41187944008655414	0.20101206	0.4483437
0.42940630513480854	0.21572654	0.4644637
0.446933180228618	0.21310022	0.4616278
0.4644600657780234	0.12881769	0.3589118
0.48198696219306775	0.106336914	0.3260934
0.49951386988379676	0.15010512	0.387434
0.5170407892602581	0.1784997	0.42249224
0.5345677207325025	0.20145209	0.44883415
0.5520946647105822	0.18412642	0.42909956
0.5696216216045534	0.14826767	0.38505542
0.5871485918244737	0.1453584	0.38125896
0.6046755757804043	0.12413249	0.35232443
0.6222025738824094	0.1369982	0.37013268
0.6397295865405557	0.15554388	0.39439052
0.6572566141649129	0.19309409	0.43942472
0.6747836571655547	0.17915581	0.42326802
0.6923107159525568	0.17863475	0.42265204
0.7098377909359992	0.16875196	0.4107943
0.7273648825259653	0.19148207	0.43758664
0.7448919911325411	0.21266907	0.46116057
0.762419117165817	0.20726034	0.45525855
0.7799462610358868	0.16727088	0.40898764
0.7974734231528482	0.14238322	0.377337
0.8150006039268024	0.16678347	0.40839133
0.8325278037678551	0.16892824	0.4110088
0.8500550230861152	0.17609102	0.419632
0.8675822622916969	0.16829701	0.41024017
0.8851095217947171	0.18060167	0.42497256
0.9026368020052984	0.2015058	0.44889396
0.9201641033335665	0.19682212	0.4436464
0.9376914261896523	0.2169473	0.46577603
0.9552187709836915	0.23110455	0.48073334
0.9727461381258234	0.23090057	0.48052114
0.990273528026193	0.19611785	0.44285196
1.0078009410949496	0.1726854	0.4155543
1.0253283777422473	0.19392143	0.4403651
1.0428558383782454	0.22115321	0.4702693
1.0603833234131086	0.2583124	0.50824445
1.0779108332570058	0.31801748	0.5639304
1.0954383683201119	0.32827455	0.5729525
1.112965929012607	0.37880346	0.6154701
1.1304935157446763	0.4889189	0.69922733
1.1480211289265108	0.53541696	0.73172194
1.1655487689683062	1.419814	1.1915594
1.1830764362802655	1.7129269	1.3087883
1.200604131272596	2.1007476	1.4493955
1.2181318543555117	2.3429003	1.5306536
1.235659605939232	2.3434286	1.5308261
1.253187386433982	3.885984	1.9712899
1.270715196249994	6.2343764	2.4968734
1.2882430357975057	11.743837	3.4269283
1.3057709054867608	16.728172	4.0900087
1.3232988057280106	22.652622	4.759477
1.3408267369315112	27.589323	5.252554
1.358354699507526	31.066343	5.573719
1.3758826938663256	35.11857	5.926092
1.3934107204181858	36.659626	6.0547194
1.410938779573391	37.075546	6.088969
1.4284668717422309	37.53191	6.1263294
1.4459949973350033	37.27161	6.1050477
1.4635231567620117	37.096916	6.090724
1.4810513504335687	36.257023	6.0213804
1.4985795787599925	35.4931	5.9576087
1.5161078421516088	35.242466	5.9365363
1.5336361410187505	34.823017	5.901103
1.5511644757717598	34.846066	5.9030557
1.5686928468209842	35.452133	5.9541693
1.58622125457678	35.7754	5.981254
1.6037496994495108	36.955746	6.079124
1.621278181849548	36.692154	6.057405
1.6388067021872719	37.74234	6.1434793
1.6563352608730693	37.611015	6.132782
1.673863858317336	37.145203	6.0946865
1.6913924949304753	36.332813	6.027671
1.7089211711228998	34.684937	5.889392
1.7264498873050296	33.31642	5.772038
1.7439786438872935	32.2009	5.674584
1.7615074412801288	31.306505	5.5952215
1.779036279893981	30.642782	5.535592
1.796565160139305	29.81914	5.4606905
1.814094082426564	29.184757	5.402292
1.8316230471662298	28.564474	5.3445745
1.849152054768784	27.760899	5.2688613
1.8666811056447168	27.570417	5.250754
1.8842102002045273	26.956854	5.191999
1.901739338858724	26.604206	5.1579266
1.9192685220178245	25.621813	5.0617995
1.9367977500923557	24.922132	4.992207
1.9543270234928547	24.128532	4.9120803
1.971856342629867	23.588882	4.8568387
1.9893857079139496	23.204561	4.8171115
2.006915119755667	22.89935	4.7853265
2.0244445785655945	22.2558	4.717605
2.0419740847543175	21.892185	4.6789083
2.0595036387324317	21.30904	4.6161714
2.0770332409105414	20.75419	4.555677
2.094562891699263	20.29917	4.50546
2.1120925915092217	19.702492	4.438749
2.129622340751053	19.426317	4.40753
2.1471521398354043	187.7022	13.700445
2.1646819891729323	444.3137	21.07875
2.182211889174303	440.5572	20.989454
2.1997418402501974	452.98193	21.283373
2.2172718428113023	433.05075	20.809872
2.234801897268317	320.91104	17.91399
2.2523320040319548	17.307226	4.1601954
2.269862163512935	16.878403	4.108333
2.287392376121992	16.51403	4.063746
2.304922642269869	16.060993	4.007617
2.322452962367322	15.654708	3.956603
2.3399833368251164	15.2218485	3.9015188
2.357513766054032	15.053047	3.8798256
2.3750442504648586	14.871493	3.8563576
2.3925747904683963	14.698718	3.8338907
2.410105386475459	14.542192	3.8134227
2.4276360388968707	14.229306	3.7721753
2.445166748143469	14.114215	3.756889
2.4626975146261025	13.680956	3.6987777
2.4802283387556323	13.279705	3.6441329
2.4977592209429305	13.070181	3.6152706
2.5152901615988825	12.992049	3.6044486
2.5328211611343865	13.103927	3.6199346
2.5503522199603523	12.91779	3.5941327
2.5678833384877024	12.6740265	3.5600598
2.5854145171273712	12.226023	3.496573
2.6029457562903064	11.911133	3.4512508
2.620477056387469	11.714958	3.422712
2.6380084178298326	11.56736	3.4010823
2.655539841028383	11.414328	3.3785098
2.673071326394119	11.223897	3.3502085
2.6906028743380523	11.024192	3.3202698
2.708134485271211	10.872176	3.2972984
2.7256661596046325	10.795381	3.2856324
2.743197897749369	10.813561	3.288398
2.760729700116486	10.606143	3.2567074
2.778261567117063	10.29687	3.2088737
2.795793499162193	10.012607	3.1642704
2.8133254966629817	9.94463	3.1535106
2.830857560030551	9.819267	3.133571
2.8483896896760337	9.787179	3.1284468
2.865921886010578	9.645824	3.1057727
2.883454149445347	9.539379	3.0885885
2.9009864803915177	9.478892	3.078781
2.91851887926028	9.332912	3.0549815
2.9360513464628384	9.285549	3.04722
2.953583882410413	9.029394	3.004895
2.9711164875142373	8.91568	2.9859135
2.9886491621855606	8.827416	2.9710968
3.0061819068356455	8.688714	2.9476624
3.023714721875769	8.534152	2.921327
3.041247607717225	8.318622	2.884202
3.0587805647713213	8.265715	2.8750155
3.0763135934493806	8.302988	2.8814907
3.0938466941627407	8.235066	2.8696806
3.1113798673227544	8.201763	2.863872
3.1289131133407904	7.893409	2.8095212
3.1464464326282315	7.777943	2.7888963
3.1639798255964786	7.682186	2.7716756
3.1815132926569443	7.6604657	2.7677546
3.1990468342210603	7.6837463	2.7719572
3.216580450700272	7.6723537	2.7699015
3.2341141425060416	7.618693	2.7601979
3.251647910049847	7.497675	2.7381883
3.2691817537431813	7.291497	2.7002773
3.286715673997555	7.188061	2.681056
3.3042496712244938	7.0925074	2.6631763
3.32178374583554	7.05567	2.6562512
3.339317898242251	7.0042562	2.6465557
3.3568521288562034	6.936837	2.6337876
3.3743864380889876	6.8208694	2.6116793
3.3919208263522127	6.7342277	2.5950391
3.4094552940575023	6.6699343	2.5826216
3.4269898416164972	6.5649805	2.5622218
3.444524469440858	6.5023007	2.5499609
3.4620591779422587	6.478929	2.5453742
3.479593967532391	6.436886	2.5371017
3.4971288386229658	6.3744783	2.524773
3.5146637916257086	6.355369	2.5209858
3.5321988269523628	6.3824854	2.5263581
3.5497339450146903	6.3978596	2.5293992
3.5672691462244708	6.3680453	2.5234985
3.5848044309934988	6.409619	2.5317225
3.60233979973359	6.438396	2.5373995
3.619875252856575	6.4435396	2.5384128
3.6374107907743034	6.385246	2.5269043
3.6549464138986427	6.3288217	2.515715
3.6724821226414788	6.3568764	2.5212846
3.690017917414714	6.390824	2.528008
3.7075537986302702	6.4192963	2.533633
3.7250897667000857	6.314257	2.5128186
3.7426258220361235	6.479747	2.5455346
3.7601619650503553	6.771032	2.6021206
3.777698196154779	7.4446225	2.7284834
3.7952345157614067	8.599811	2.9325433
3.8127709242822716	9.311559	3.0514846
3.830307422129425	11.478094	3.3879335
3.847844009714936	30.184015	5.493998
3.8653806874508954	97.63288	9.880936
3.882917455749409	96.88552	9.843044
3.900454315022606	96.553856	9.826182
3.917991265682631	41.215885	6.41996
3.9355283081416506	10.904277	3.3021624
3.9530654428118495	8.7415695	2.9566145
3.970602670105433	7.4628606	2.7318237
3.9881399904346244	6.491437	2.5478299
4.005677404211669	6.4677744	2.543182
4.023214911848827	6.405827	2.5309734
4.0407525137583855	6.46024	2.5417001
4.058290210352644	6.5027347	2.550046
4.075828002043927	6.4431114	2.5383284
4.0933658892445814	6.349234	2.5197687
4.110903872366966	6.2058563	2.4911556
4.128441951823468	6.025582	2.454706
4.145980128026488	5.974953	2.4443717
4.163518401388452	5.9525204	2.4397788
4.181056772321807	6.11005	2.4718516
4.1985952412390155	6.086821	2.4671483
4.216133808552567	6.1082883	2.4714952
4.233672474674966	6.146082	2.4791293
4.251211240018741	6.312964	2.5125613
4.268750104996445	6.553972	2.5600727
4.286289070020643	7.411727	2.7224486
4.303828135503928	9.080296	3.0133529
4.3213673018589125	29.37969	5.4203033
4.3389065694982305	90.6863	9.522936
4.356445938834537	165.89705	12.880103
4.3739854102805085	171.19962	13.084327
4.391524984248844	172.07143	13.1175995
4.409064661152262	136.11865	11.66699
4.426604441403504	96.410805	9.8189
4.444144325415337	75.5927	8.6944065
4.461684313600543	21.695677	4.6578617
4.47922440637193	22.229822	4.7148514
4.496764604142329	20.649036	4.5441213
4.5143049073245916	18.682299	4.3223023
4.531845316331589	16.591785	4.0733013
4.5493858315762195	13.640833	3.6933498
4.566926453471405	11.287877	3.3597436
4.584467182430081	9.167656	3.0278137
4.602008018865218	7.916572	2.8136404
4.619548963189798	7.26184	2.69478
4.637090015816834	6.702508	2.58892
4.654631177159353	6.473846	2.5443754
4.672172447630417	6.2462854	2.499257
4.689713827643102	6.2262506	2.4952457
4.7072553176105085	6.091963	2.4681902
4.724796917945764	5.877063	2.4242654
4.742338629062015	5.7387114	2.3955607
4.759880451372434	5.7383084	2.3954766
4.777422385290215	5.730597	2.3938665
4.794964431228581	5.7214265	2.3919504
4.812506589600768	5.725207	2.3927405
4.830048860820047	5.6769905	2.3826437
4.847591245299709	5.7383037	2.3954756
4.8651337434530655	5.6686535	2.3808935
4.882676355693457	5.643321	2.3755674
4.900219082434242	5.6673255	2.3806145
4.917761924088813	5.573464	2.3608184
4.935304881070575	5.55229	2.3563297
4.952847953792969	5.517486	2.348933
4.970391142669449	5.468281	2.3384356
4.9879344481135055	5.488237	2.3426986
5.005477870538642	5.4856887	2.3421547
5.023021410358394	5.4219446	2.328507
5.040565067986324	5.3888273	2.3213847
5.05810884383601	5.36312	2.3158412
5.075652738321066	5.36597	2.3164563
5.09319675185512	5.382501	2.3200219
5.110740884851836	5.4938293	2.3438919
5.128285137724894	5.474027	2.339664
5.145829510888007	5.4280257	2.3298123
5.163374004754908	5.3795257	2.3193805
5.1809186197393595	5.4022827	2.3242812
5.198463356255145	5.3617377	2.3155427
5.216008214716077	5.315961	2.3056366
5.233553195535998	5.2503614	2.2913668
5.251098299128764	5.2637787	2.2942927
5.268643525908272	5.250144	2.2913194
5.286188876288432	5.2643356	2.294414
5.3037343506831895	5.271722	2.2960231
5.32127994950651	5.2765837	2.2970815
5.3388256731723915	5.297912	2.3017194
5.356371522094851	5.3196797	2.306443
5.373917496687938	5.2929606	2.3006434
5.391463597365729	5.2194996	2.2846224
5.40900982454232	5.171825	2.2741647
5.426556178631843	5.154343	2.2703178
5.444102660048449	5.147434	2.2687957
5.4616492692063225	5.1689343	2.273529
5.479196006519669	5.2186446	2.2844353
5.496742872402727	5.283444	2.2985742
5.514289867269756	5.3143196	2.305281
5.531836991535049	5.272469	2.2961857
5.549384245612924	5.1907086	2.2783127
5.566931629917724	5.1683764	2.2734063
5.584479144863822	5.1411624	2.2674131
5.6020267908656205	5.1877847	2.2776709
5.619574568337545	5.1495304	2.2692578
5.637122477694054	5.1352916	2.2661183
5.654670519349629	5.1815763	2.2763076
5.672218693718784	5.211812	2.2829394
5.689767001216059	5.198814	2.2800908
5.707315442256021	5.0884213	2.255753
5.724864017253266	5.0801806	2.2539256
5.7424127266224225	5.0834136	2.2546427
5.75996157077814	5.115946	2.2618456
5.777510550135105	5.1999764	2.2803457
5.795059665108022	5.1809626	2.2761729
5.812608916111639	5.2140045	2.2834194
5.830158303560715	5.3145685	2.3053348
5.847707827870055	5.3165936	2.305774
5.86525748945448	5.422847	2.3287008
5.8828072887288485	5.5741577	2.3609655
5.900357226108044	5.592792	2.3649085
5.917907302006979	5.6301374	2.372791
5.9354575168406	6.255103	2.5010204
5.9530078710238765	6.877493	2.6224976
5.970558364971812	7.4477196	2.729051
5.988108999099438	7.7542872	2.784652
6.005659773821818	8.362699	2.891833
6.023210689554039	8.168114	2.8579912
6.040761746711227	8.555355	2.924954
6.058312945708531	7.9096675	2.8124132
6.075864286961132	7.3918247	2.718791
6.093415770884244	6.7186337	2.5920327
6.1109673978931065	6.186896	2.4873471
6.128519168402993	5.553072	2.3564956
6.146071082829204	5.4103603	2.326018
6.163623141587075	5.2895856	2.2999098
6.181175345091969	5.2275968	2.286394
6.198727693759281	5.2066865	2.2818165
6.216280188004435	5.175716	2.27502
6.233832828242885	5.1042747	2.2592642
6.251385614890126	5.1221795	2.2632232
6.268938548361669	5.097038	2.257662
6.286491629073067	5.064708	2.2504907
6.304044857439898	5.0844	2.2548614
6.321598233877777	5.0727844	2.2522843
6.339151758802344	4.978413	2.2312357
6.356705432629277	4.927871	2.2198808
6.37425925577428	4.9764495	2.2307956
6.391813228653095	4.991466	2.234159
6.409367351681486	5.007078	2.2376502
6.426921625275259	5.0158095	2.2396004
6.44447604985025	4.9818482	2.2320054
6.46203062582232	4.957659	2.2265801
6.47958535360737	4.8994975	2.213481
6.497140233621328	4.8576074	2.203998
6.514695266280161	4.832163	2.198218
6.532250451999859	4.8938956	2.2122152
6.549805791196454	5.0012736	2.2363527
6.567361284286002	5.0843573	2.254852
6.584916931684597	5.0824003	2.254418
6.602472733808367	5.0683193	2.2512927
6.6200286910734665	4.999724	2.2360063
6.637584803896092	5.0406404	2.245137
6.655141072692462	4.9892306	2.2336586
6.672697497878842	4.998265	2.2356799
6.690254079871514	4.9904075	2.233922
6.707810819086808	4.992288	2.2343428
6.725367715941078	4.9589124	2.2268615
6.742924770850719	4.930412	2.220453
6.760481984232151	4.9158187	2.2171645
6.778039356501836	4.860292	2.204607
6.795596888076266	4.9287987	2.2200897
6.813154579371963	4.9271426	2.2197168
6.830712430805492	5.0040245	2.2369678
6.84827044279344	5.0250444	2.241661
6.865828615752445	4.972693	2.2299535
6.883386950099159	4.975166	2.230508
6.900945446250287	4.933262	2.2210948
6.918504104622553	5.0054793	2.2372928
6.936062925632727	5.047089	2.2465727
6.953621909697607	5.04458	2.2460144
6.971181057234028	5.0398264	2.2449558
6.988740368658859	5.065489	2.250664
7.006299844389007	5.1211863	2.2630038
7.023859484841407	5.202458	2.2808897
7.041419290433036	5.31277	2.3049448
7.058979261580902	5.4794927	2.3408315
7.0765393987020495	5.7463107	2.3971465
7.094099702213559	6.0418773	2.458023
7.111660172532549	6.332808	2.5165071
7.129220810076164	6.613904	2.571751
7.146781615261595	7.20583	2.6843677
7.16434258850606	7.4971833	2.7380984
7.181903730226821	7.9300013	2.8160257
7.1994650408411704	8.063502	2.8396306
7.217026520766437	8.252454	2.8727086
7.234588170419983	8.456927	2.9080796
7.252149990219215	8.476141	2.9113812
7.269711980581568	8.359871	2.891344
7.2872741419245175	8.1681385	2.8579955
7.304836474665574	7.7275105	2.77984
7.322398979222286	7.4306884	2.7259288
7.339961656012233	7.1971107	2.682743
7.357524505453039	6.934365	2.6333182
7.375087527962357	6.735663	2.5953157
7.392650723957886	6.4400864	2.5377326
7.410214093857353	6.0552773	2.4607472
7.427777638078528	5.8243747	2.4133742
7.445341357039213	5.6250043	2.371709
7.4629052511572525	5.4470215	2.3338854
7.480469320850524	5.329179	2.3085015
7.498033566536948	5.2623816	2.2939882
7.5155979886344735	5.1551166	2.2704883
7.5331625875610975	5.145845	2.2684455
7.550727363734844	5.1225195	2.2632983
7.568292317573788	5.167151	2.2731369
7.585857449496025	5.214886	2.2836125
7.603422759919705	5.185391	2.2771454
7.620988249263007	5.189911	2.2781377
7.638553917944147	5.1701145	2.2737887
7.656119766381391	5.1993237	2.2802026
7.673685794993023	5.1869993	2.2774985
7.691252004197388	5.19081	2.2783349
7.70881839441285	5.213023	2.2832046
7.726384966057826	5.196845	2.279659
7.743951719550762	5.178073	2.275538
7.761518655310149	5.1943097	2.2791028
7.779085773754511	5.256291	2.2926602
7.796653075302419	5.3103027	2.3044095
7.814220560372475	5.2687106	2.2953672
7.831788229383323	5.2272744	2.2863233
7.8493560827536495	5.2698803	2.2956219
7.866924120902174	5.313956	2.305202
7.884492344247663	5.382991	2.3201272
7.9020607532089135	5.376574	2.3187442
7.919629348204771	5.4096565	2.325867
7.937198129654115	5.409223	2.3257737
7.954767097975865	5.3866096	2.320907
7.972336253588986	5.3806434	2.3196213
7.989905596912472	5.33268	2.3092597
8.007475128365371	5.3597393	2.3151112
8.025044848366756	5.4038997	2.3246288
8.042614757335754	5.5103707	2.3474178
8.060184855691523	5.6099315	2.3685293
8.07775514385327	5.751091	2.3981433
8.095325622240228	5.8449726	2.4176378
8.112896291271687	5.9664288	2.4426274
8.130467151366968	5.9868245	2.4467988
8.148038202945436	6.0382314	2.4572814
8.165609446426497	5.9717345	2.4437132
8.183180882229594	5.9985266	2.449189
8.200752510774217	5.9557166	2.4404337
8.218324332479893	5.942069	2.437636
8.235896347766193	5.9628925	2.4419034
8.253468557052724	5.8884573	2.4266143
8.27104096075914	5.9279237	2.4347327
8.288613559305137	5.9657826	2.442495
8.306186353110448	6.1167555	2.4732075
8.32375934259485	6.188088	2.4875867
8.341332528178162	6.250759	2.5001519
8.358905910280246	6.263966	2.5027916
8.376479489321003	6.2548647	2.5009727
8.394053265720377	6.256568	2.5013132
8.411627239898356	6.243587	2.498717
8.42920141227497	6.2916803	2.5083222
8.44677578327029	6.2947507	2.5089343
8.464350353304427	6.3469787	2.519321
8.48192512279754	6.3431425	2.5185597
8.499500092169827	6.2746205	2.5049193
8.51707526184153	6.2387595	2.497751
8.534650632232934	6.153391	2.480603
8.552226203764365	6.1485796	2.4796329
8.569801976856192	6.091652	2.4681273
8.587377951928834	6.1185045	2.473561
8.60495412940274	6.1754975	2.4850547
8.622530509698416	6.219257	2.4938438
8.6401070932364	6.3353233	2.5170069
8.657683880437283	6.464925	2.5426216
8.675260871721695	6.650827	2.5789196
8.692838067510303	6.8479905	2.6168666
8.710415468223834	6.9550457	2.637242
8.727993074283043	7.018596	2.6492634
8.745570886108737	7.00106	2.6459515
8.763148904121765	7.122672	2.6688335
8.78072712874302	7.160298	2.6758733
8.798305560393441	7.406181	2.7214298
8.815884199494006	7.5904045	2.7550688
8.833463046465745	7.7540255	2.784605
8.851042101729728	7.8753095	2.8062983
8.86862136570707	8.08644	2.8436666
8.886200838818924	8.24376	2.8711948
8.903780521486505	8.280224	2.8775377
8.921360414131055	8.416304	2.9010866
8.938940517173874	8.54168	2.9226153
8.956520831036297	8.779197	2.962971
8.97410135613971	9.083184	3.013832
8.99168209290554	9.2298765	3.0380712
9.009263041755265	9.448436	3.0738308
9.026844203110405	9.694022	3.1135225
9.044425577392525	9.9698925	3.1575136
9.062007165023239	10.065219	3.1725729
9.079588966424197	10.225543	3.1977403
9.097170982017108	10.236571	3.1994643
9.11475321222372	11.313299	3.363525
9.132335657465825	12.276748	3.503819
9.149918318165264	12.413007	3.5232098
9.167501194743924	13.06531	3.6145968
9.18508428762374	12.727085	3.567504
9.202667597226693	12.6373205	3.554901
9.220251123974803	12.315082	3.509285
9.237834868290143	11.968359	3.4595315
9.255418830594836	11.7896595	3.4336073
9.273003011311046	11.301259	3.3617346
9.290587410860985	11.089297	3.3300598
9.308172029666911	10.452365	3.2330117
9.32575686815113	10.192796	3.1926157
9.343341926735997	8.821795	2.9701507
9.360927205843916	8.588351	2.930589
9.378512705897327	8.347433	2.8891926
9.396098427318728	8.141843	2.8533914
9.413684370530664	8.123197	2.8501222
9.431270535955722	8.009198	2.8300526
9.448856924016539	7.953049	2.820115
9.466443535135806	7.7507524	2.7840173
9.484030369736251	7.7391763	2.7819376
9.501617428240658	7.638737	2.7638266
9.519204711071852	7.686181	2.7723963
9.536792218652714	7.7732325	2.7880518
9.55437995140617	7.862824	2.8040729
9.571967909755191	7.787329	2.7905786
9.589556094122802	7.804853	2.7937167
9.60714450493207	7.78774	2.7906523
9.624733142606116	7.8558116	2.802822
9.642322007568108	7.949135	2.819421
9.659911100241267	7.98698	2.8261244
9.677500421048851	8.029176	2.83358
9.695089970414175	8.072777	2.8412633
9.712679748760609	8.08956	2.8442152
9.730269756511557	8.128711	2.8510895
9.747859994090492	8.145237	2.8539863
9.765450461920915	8.1787615	2.8598535
9.78304116042639	8.238687	2.8703113
9.800632090030527	8.257953	2.8736653
9.81822325115699	8.227847	2.8684225
9.835814644229481	8.340724	2.8880312
9.853406269671762	8.361325	2.8915956
9.870998127907646	8.419889	2.9017045
9.888590219360985	8.373606	2.8937182
9.906182544455698	8.331372	2.8864117
9.923775103615734	8.293079	2.8797708
9.941367897265108	8.313809	2.8833678
9.958960925827878	8.300264	2.881018
9.97655418972816	8.326693	2.8856008
9.994147689390106	8.282072	2.8778589
10.011741425237934	8.267441	2.8753157
10.029335397695904	8.163221	2.857135
10.04692960718833	8.180518	2.8601606
10.06452405413958	8.190232	2.8618581
10.082118738974064	8.25351	2.8728924
10.099713662116246	8.246617	2.8716924
10.117308823990651	8.248294	2.8719842
10.134904225021844	8.211329	2.8655417
10.152499865634445	8.282985	2.8780174
10.170095746253125	8.280203	2.8775342
10.18769186730261	8.268055	2.8754225
10.205288229207675	8.179907	2.8600535
10.222884832393145	8.195214	2.8627284
10.2404816772839	8.167246	2.8578393
10.258078764304868	8.071268	2.8409977
10.275676093881035	8.040733	2.8356187
10.293273666437438	7.993448	2.8272686
10.310871482399158	8.085525	2.8435056
10.32846954219134	8.154099	2.8555384
10.346067846239173	8.186559	2.8612163
10.363666394967908	8.2194605	2.86696
10.38126518880283	8.188813	2.8616102
10.398864228169298	8.219963	2.8670478
10.416463513492713	8.235342	2.8697286
10.434063045198531	8.195659	2.862806
10.451662823712262	8.184877	2.8609226
10.469262849459467	8.24262	2.8709965
10.486863122865758	8.157737	2.8561752
10.504463644356806	8.109199	2.8476655
10.522064414358338	8.030903	2.8338847
10.539665433296118	8.009053	2.830027
10.557266701595987	7.9859405	2.8259406
10.574868219683818	7.8742466	2.8061087
10.592469987985552	7.7078233	2.7762966
10.610072006927185	7.5696287	2.7512958
10.627674276934751	7.4911714	2.7370005
10.64527679843435	7.3469357	2.7105231
10.662879571852143	7.1868677	2.6808333
10.680482597614331	7.057859	2.6566632
10.698085876147173	6.93768	2.6339476
10.715689407876988	6.794766	2.6066773
10.733293193230146	6.7649584	2.6009533
10.750897232633072	6.660304	2.5807564
10.76850152651225	6.6582985	2.5803678
10.786106075294207	6.551583	2.559606
10.803710879405534	6.4961762	2.5487597
10.821315939272877	6.4161305	2.533008
10.83892125532294	6.3443394	2.5187972
10.856526827982472	6.319034	2.513769
10.874132657678285	6.3405957	2.518054
10.891738744837243	6.3826857	2.5263977
10.909345089886271	6.295895	2.5091622
10.926951693252343	6.167715	2.4834886
10.944558555362494	6.061518	2.4620152
10.96216567664381	5.9973874	2.4489565
10.979773057523436	5.923186	2.4337597
10.997380698428573	5.8209486	2.4126642
11.014988599786477	5.8166437	2.411772
11.032596762024461	5.7828884	2.4047637
11.050205185569892	5.7055492	2.3886292
11.067813870850198	5.6021113	2.366878
11.085422818292859	5.5124316	2.3478568
11.10303202832541	5.4380064	2.3319533
11.120641501375454	5.3872647	2.3210483
11.138251237870636	5.3162317	2.3056955
11.155861238238671	5.2628336	2.2940867
11.173471502907317	5.148507	2.2690322
11.191082032304402	5.085457	2.2550957
11.208692826857805	5.00071	2.2362268
11.226303886995465	4.952656	2.2254562
11.243915213145371	4.947628	2.2243264
11.261526805735578	4.9605093	2.22722
11.279138665194196	4.9552345	2.2260356
11.296750791949393	4.897791	2.2130954
11.314363186429393	4.7734303	2.1848183
11.331975849062479	4.7279363	2.1743817
11.34958878027699	4.68273	2.1639616
11.36720198050133	4.6728706	2.1616824
11.384815450163948	4.662241	2.1592224
11.402429189693366	4.579006	2.1398613
11.420043199518153	4.491514	2.1193192
11.437657480066942	63.39355	7.9620066
11.455272031768422	85.093414	9.224609
11.472886855051353	107.475365	10.367033
11.490501950344528	99.04421	9.952096
11.508117318076819	84.43887	9.189063
11.52573295867715	45.83933	6.770475
11.543348872574514	4.1795907	2.0444047
11.560965060197946	4.098726	2.024531
11.57858152197655	4.060251	2.0150065
11.59619825833949	3.9899664	1.99749
11.613815269715985	3.9554298	1.9888263
11.631432556535323	38.469875	6.202409
11.649050119226837	83.03063	9.112115
11.666667958219929	93.41699	9.665247
11.68428607394406	107.688484	10.377306
11.701904466828756	82.50234	9.08308
11.719523137303586	65.366875	8.084978
11.737142085798196	4.581245	2.1403842
11.754761312742286	3.7073789	1.9254555
11.772380818565619	3.6789753	1.9180655
11.790000603698015	3.6455774	1.9093395
11.80762066856935	3.5914156	1.8951031
11.825241013609572	3.5577178	1.8861914
11.842861639248683	3.568931	1.8891615
11.860482545916748	3.5636392	1.8877604
11.878103734043883	3.544778	1.8827581
11.895725204060282	3.4994352	1.8706777
11.91334695639619	3.4708388	1.8630188
11.930968991481919	3.389132	1.8409595
11.948591309747824	3.309195	1.8191193
11.966213911624347	3.3126793	1.8200767
11.98383679754198	3.3011062	1.8168947
12.001459967931268	3.3194845	1.8219452
12.019083423222835	3.255439	1.8042835
12.036707163847352	3.2563734	1.8045424
12.05433119023556	3.2401888	1.8000524
12.071955502818259	3.2287023	1.796859
12.089580102026313	3.2034945	1.7898309
12.107204988290643	3.1938996	1.7871485
12.12483016204224	3.187311	1.7853042
12.142455623712152	3.1711953	1.780785
12.16008137373149	3.1445034	1.7732748
12.177707412531431	3.152592	1.775554
12.19533374054321	3.1652827	1.7791241
12.212960358198126	3.099655	1.7605836
12.230587265927545	3.0514967	1.7468534
12.248214464162889	3.061547	1.7497277
12.265841953335649	3.0334456	1.741679
12.283469733877375	3.0079205	1.7343358
12.301097806219685	2.9639225	1.7216046
12.31872617079425	2.956708	1.719508
12.336354828032825	2.940477	1.7147819
12.353983778367205	2.945412	1.7162203
12.371613022229262	2.9282253	1.7112058
12.389242560050928	2.9005952	1.7031134
12.406872392264201	2.85389	1.689346
12.424502519301143	2.8262312	1.6811398
12.442132941593874	2.8232958	1.6802666
12.459763659574586	2.8317802	1.6827894
12.477394673675532	2.865976	1.6929194
12.49502598432903	2.8728716	1.6949548
12.51265759196746	2.8223703	1.6799911
12.530289497023267	2.7706082	1.6645144
12.547921699928967	2.7511683	1.6586646
12.565554201117134	2.7756107	1.6660165
12.583187001020404	2.7808115	1.6675766
12.600820100071486	2.7753243	1.6659305
12.618453498703152	2.7570727	1.6604435
12.636087197348235	2.7351484	1.6538284
12.65372119643964	2.720061	1.6492608
12.671355496410326	2.7453005	1.6568948
12.68899009769333	2.8026743	1.674119
12.706625000721749	2.8501155	1.6882285
12.724260205928752	2.879317	1.6968551
12.741895713747551	2.90255	1.7036872
12.759531524611454	2.972363	1.7240542
12.777167638953818	2.942135	1.7152653
12.794804057208072	2.9597983	1.7204064
12.812440779807702	3.0201726	1.7378644
12.830077807186271	3.2638168	1.8066037
12.847715139777405	3.2743702	1.809522
12.865352778014795	3.488971	1.8678788
12.882990722332197	3.5476906	1.8835315
12.90062897316344	3.6396825	1.9077952
12.918267530942412	3.720176	1.9287758
12.935906396103071	3.6325781	1.9059323
12.953545569079449	3.7791257	1.9439974
12.971185050305628	3.5611653	1.887105
12.988824840215775	3.5741072	1.890531
13.006464939244115	3.6118429	1.9004849
13.024105347824943	3.4844744	1.8666747
13.041746066392617	3.5657973	1.8883319
13.05938709538157	3.3408153	1.8277898
13.077028435226296	3.335357	1.826296
13.094670086361363	3.2634742	1.8065089
13.112312049221401	3.209417	1.7914846
13.129954324241112	3.1355073	1.7707363
13.147596911855258	2.9087274	1.7054992
13.165239812498685	2.8661227	1.6929626
13.182883026606293	2.797506	1.6725746
13.200526554613058	2.7068293	1.6452445
13.218170396954017	2.6395698	1.6246753
13.235814554064284	2.6428213	1.6256757
13.253459026379034	2.6954255	1.6417751
13.271103814333523	2.7093513	1.6460108
13.288748918363058	2.6576357	1.6302257
13.306394338903031	2.617846	1.617976
13.32404007638889	2.5950477	1.6109152
13.341686131256164	2.6693623	1.6338183
13.359332503940449	2.6742504	1.6353135
13.376979194877402	2.6883075	1.6396059
13.394626204502751	2.700002	1.6431682
13.412273533252307	2.7075174	1.6454536
13.429921181561937	2.7013397	1.6435753
13.447569149867581	2.706262	1.6450721
13.465217438605247	2.7246993	1.6506664
13.482866048211022	2.7160292	1.648038
13.500514979121052	2.7292728	1.6520511
13.518164231771568	2.722074	1.6498709
13.535813806598844	2.6992629	1.6429434
13.553463704039254	2.71231	1.6469092
13.571113924529229	2.6967053	1.6421648
13.588764468505275	2.6924832	1.6408788
13.606415336403956	2.6837215	1.6382068
13.624066528661917	2.7624621	1.6620656
13.641718045715882	2.8476279	1.6874915
13.659369888002635	2.9007132	1.703148
13.67702205595903	2.9564252	1.7194258
13.694674550021993	3.0093136	1.7347373
13.712327370628532	3.0911188	1.7581577
13.729980518215713	3.1340282	1.7703186
13.747633993220681	3.1884036	1.7856102
13.765287796080647	3.19491	1.7874311
13.7829419272329	3.2642527	1.8067243
13.800596387114801	3.3149133	1.8206903
13.818251176163775	3.343497	1.8285232
13.835906294817324	3.373697	1.8367627
13.853561743513023	3.387898	1.8406243
13.871217522688525	3.4098368	1.8465743
13.888873632781538	3.4406655	1.8549031
13.906530074229858	3.4801295	1.8655105
13.92418684747135	3.552461	1.8847973
13.941843952943948	3.5547552	1.8854059
13.959501391085665	3.572076	1.8899937
13.977159162334578	3.497437	1.8701435
13.994817267128846	3.478883	1.8651764
14.012475705906693	3.3605258	1.8331738
14.030134479106424	3.2531335	1.8036445
14.047793587166414	3.1320746	1.7697668
14.065453030525108	3.0761175	1.7538865
14.083112809621026	3.020397	1.7379289
14.100772924892766	2.9631007	1.7213659
14.118433376778997	2.9166887	1.7078316
14.136094165718458	2.8345149	1.6836017
14.153755292149969	2.7417645	1.6558274
14.171416756512416	2.6836424	1.6381826
14.189078559244768	2.6539214	1.629086
14.20674070078606	2.60976	1.6154752
14.224403181575408	2.5637836	1.601182
14.242066002051999	2.5219476	1.5880641
14.259729162655093	2.4632556	1.5694762
14.277392663824022	2.448043	1.5646224
14.295056505998208	2.4198878	1.5555989
14.312720689617128	2.4365377	1.5609413
14.330385215120348	2.426427	1.5576992
14.348050082947497	2.4337943	1.5600623
14.3657152935383	2.4563496	1.5672746
14.383380847332528	2.4348469	1.5603995
14.401046744770051	2.441869	1.562648
14.418712986290798	2.4199538	1.5556201
14.436379572334793	2.3916378	1.5464921
14.454046503342123	2.3755655	1.541287
14.471713779752946	2.3876503	1.5452024
14.489381402007504	2.3974502	1.5483701
14.507049370546113	2.4120572	1.5530798
14.524717685809168	2.3913946	1.5464134
14.542386348237134	2.3664238	1.5383185
14.560055358270553	2.3623254	1.5369859
14.577724716350051	2.412947	1.5533663
14.595394422916325	2.4360988	1.5608007
14.61306447841015	2.4884958	1.5774966
14.63073488327237	2.4879947	1.5773379
14.648405637943917	2.4783614	1.5742812
14.6660767428658	2.46599	1.5703471
14.683748198479094	2.4938245	1.5791848
14.701420005224954	2.551393	1.597308
14.719092163544628	2.6459272	1.6266307
14.73676467387942	2.6956706	1.6418498
14.754437536670727	2.7060535	1.6450087
14.772110752360014	2.7060935	1.6450208
14.78978432138882	2.7000115	1.6431712
14.807458244198777	2.7227163	1.6500655
14.82513252123159	2.6737256	1.635153
14.842807152929028	2.6809666	1.6373657
14.860482139732962	2.6755114	1.635699
14.87815748208531	2.6911287	1.640466
14.8958331804281	2.702463	1.643917
14.91350923520342	2.7116103	1.6466968
14.931185646853438	2.7400339	1.6553048
14.948862415820408	2.7106307	1.6463993
14.966539542546656	2.7149916	1.6477232
14.98421702747459	2.682191	1.6377395
15.001894871046696	2.702598	1.6439581
15.019573073705542	2.6776638	1.6363568
15.037251635893766	2.66835	1.6335084
15.054930558054092	2.678723	1.6366805
15.072609840629323	2.7488585	1.6579682
15.090289484062351	2.8667135	1.6931372
15.107969488796124	3.1552906	1.7763138
15.125649855273691	3.5117486	1.873966
15.14333058393817	4.0177765	2.004439
15.161011675232768	4.994974	2.2349439
15.17869312960076	6.310771	2.5121248
15.196374947485506	8.171084	2.858511
15.214057129330447	11.208084	3.3478477
15.231739675579114	15.947808	3.9934707
15.249422586675102	21.187632	4.6030025
15.267105863062092	24.549274	4.9547224
15.284789505183847	25.026718	5.0026712
15.302473513484218	23.053104	4.801365
15.320157888407127	19.40175	4.404742
15.337842630396578	15.091035	3.8847182
15.355527739896656	11.692786	3.4194717
15.37321321735153	9.013238	3.0022056
15.39089906320545	6.583287	2.5657916
15.408585277902748	4.928132	2.2199397
15.42627186188783	3.8320014	1.9575498
15.443958815605198	3.2801654	1.8111227
15.461646139499424	2.9471097	1.7167147
15.479333834015168	2.7590055	1.6610254
15.497021899597165	2.695297	1.641736
15.514710336690234	2.661555	1.6314273
15.53239914573928	2.607042	1.6146337
15.550088327189297	2.5560634	1.5987693
15.567777881485336	2.5210974	1.5877964
15.58546780907256	2.4883862	1.577462
15.6031581103962	2.4402957	1.5621446
15.620848785901568	2.4508011	1.5655035
15.638539836034063	2.462842	1.5693444
15.656231261239173	2.4888265	1.5776016
15.673923061962451	2.431955	1.5594727
15.691615238649552	2.4236681	1.5568135
15.709307791746202	2.3954449	1.5477225
15.727000721698221	2.4227805	1.5565283
15.744694028951498	2.420713	1.5558641
15.76238771395202	2.4495778	1.5651127
15.780081777145844	2.4135365	1.5535561
15.797776218979125	2.3833337	1.5438049
15.815471039898094	2.3732908	1.5405488
15.833166240349064	2.420566	1.5558169
15.850861820778437	2.409141	1.5521408
15.868557781632699	2.3847373	1.5442594
15.886254123358412	2.3576376	1.5354601
15.903950846402232	2.3863313	1.5447755
15.921647951210897	2.375034	1.5411146
15.939345438231225	2.347114	1.5320294
15.957043307910133	2.3632426	1.5372841
15.974741560694602	2.3886735	1.5455334
15.992440197031714	2.4090657	1.5521165
16.01013921736862	2.4036963	1.5503858
16.02783862215259	2.3888113	1.545578
16.045538411830933	2.4073284	1.5515567
16.06323858685107	2.4415708	1.5625527
16.080939147660512	2.4538026	1.5664618
16.09864009470684	2.434067	1.5601497
16.11634142843774	2.4125872	1.5532506
16.134043149300954	2.4711628	1.5719932
16.15174525774433	2.4651182	1.5700694
16.169447754215817	2.4375923	1.561279
16.18715063916342	2.4245014	1.5570811
16.204853913035244	2.3880467	1.5453306
16.222557576279478	2.3993626	1.5489876
16.240261629344403	22.371723	4.7298756
16.257966072678386	42.94945	6.553583
16.275670906729868	38.052063	6.1686354
16.293376131947387	2.5058975	1.5830027
16.31108174877957	2.5477512	1.5961677
16.328787757675133	2.5711129	1.603469
16.34649415908287	2.600885	1.612726
16.364200953451657	2.6445208	1.6261983
16.38190814123048	2.6576147	1.6302192
16.39961572286839	2.6644943	1.6323279
16.41732369881455	2.645414	1.626473
16.43503206951817	2.7127776	1.6470512
16.45274083542859	2.7965584	1.6722914
16.47044999699522	2.8167322	1.6783123
16.488159554667558	2.8179212	1.6786665
16.505869508895184	2.8009036	1.6735901
16.523579860127786	2.8438542	1.6863731
16.541290608815117	2.8927572	1.7008108
16.559001755407035	2.932621	1.7124897
16.57671330035348	2.9777026	1.7256021
16.59442524410448	3.1017826	1.7611878
16.61213758711015	3.2084892	1.7912256
16.629850329820705	3.27093	1.8085712
16.647563472686436	3.308908	1.8190404
16.665277016157724	3.3333633	1.8257501
16.682990960685053	3.3630116	1.8338516
16.70070530671898	3.378453	1.8380568
16.718420054710155	3.4333658	1.8529344
16.736135205109335	3.5250032	1.8774992
16.753850758367335	3.5923905	1.8953602
16.771566714935087	3.634867	1.9065326
16.789283075263597	3.7024689	1.92418
16.80699983980398	3.7598143	1.9390241
16.82471700900741	3.8701754	1.9672761
16.84243458332518	3.9575927	1.98937
16.860152563208665	4.002913	2.0007281
16.87787094910932	4.060943	2.0151782
16.89558974147871	4.1240788	2.0307827
16.913308940768466	4.1996264	2.049299
16.931028547430333	4.222126	2.0547812
16.94874856191613	4.2672243	2.065726
16.966468984677785	4.3617973	2.0884917
16.98418981616729	4.45096	2.1097298
17.00191105683676	4.4559484	2.1109118
17.019632707138374	4.4457316	2.1084905
17.03735476752442	4.4889684	2.1187186
17.05507723844728	4.554803	2.1341984
17.072800120359403	4.602844	2.1454241
17.090523413713353	4.5959797	2.1438236
17.108247118961785	4.5774856	2.1395059
17.125971236557437	4.5937233	2.1432972
17.143695766953133	4.6197767	2.1493666
17.161420710601806	4.6441145	2.1550207
17.179146067956477	4.6558757	2.1577477
17.19687183947025	4.6577086	2.1581726
17.21459802559634	4.6510587	2.1566312
17.232324626788028	4.66085	2.1589003
17.25005164349871	4.6427937	2.1547143
17.267779076181863	4.620478	2.1495297
17.285506925291074	4.5946293	2.1435087
17.30323519127999	4.61095	2.1473122
17.320963874602384	4.5962334	2.1438828
17.33869297571211	4.6240506	2.1503606
17.356422495063114	4.5996923	2.1446893
17.37415243310944	4.561755	2.1358266
17.391882790305218	4.477486	2.116007
17.40961356710468	4.4397383	2.1070685
17.42734476396215	4.446816	2.1087475
17.445076381332044	4.506743	2.122909
17.462808419668868	4.5920496	2.142907
17.48054087942723	4.7233286	2.173322
17.498273761061835	4.99105	2.2340658
17.51600706502747	5.4217815	2.328472
17.533740791779024	6.1398606	2.4778743
17.551474941771485	7.532784	2.7445917
17.56920951545993	8.6721325	2.9448485
17.586944513299528	10.926265	3.30549
17.60467993574556	12.7380705	3.5690434
17.622415783253373	14.638223	3.825993
17.64015205627843	16.22013	4.0274224
17.657888755276293	17.372227	4.168
17.675625880702604	17.868856	4.227157
17.69336343301311	17.665745	4.203064
17.71110141266366	16.770533	4.095184
17.728839820110178	15.682525	3.9601169
17.746578655808705	14.587065	3.8193016
17.764317920215372	13.0483265	3.6122468
17.7820576137864	11.531241	3.3957682
17.79979773697811	9.500895	3.0823522
17.81753829024692	7.562719	2.7500398
17.835279274049356	5.8658776	2.4219575
17.85302068884201	4.793424	2.189389
17.870762535081607	4.133059	2.0329926
17.888504813224934	3.800946	1.9496015
17.90624752372891	3.61711	1.9018701
17.923990667050536	3.5897422	1.8946615
17.941734243646895	3.5322564	1.8794298
17.959478253975185	3.5074344	1.8728145
17.9772226984927	3.4345906	1.8532648
17.994967577656833	3.4066298	1.8457057
18.01271289192506	3.3752372	1.8371819
18.030458641754965	3.3810647	1.8387672
18.04820482760425	3.3587227	1.8326818
18.06595144993067	3.3526661	1.8310287
18.083698509192125	3.3100672	1.819359
18.101446005846576	3.2971609	1.8158087
18.119193940352105	3.2992756	1.8163909
18.136942313166887	3.325365	1.8235583
18.1546911247492	3.328876	1.8245207
18.1724403755574	3.2821503	1.8116705
18.19019006604997	3.1815422	1.7836878
18.207940196685467	3.1586363	1.7772553
18.225690767922575	3.1426203	1.7727437
18.243441780220046	3.1469157	1.7739549
18.261193234036764	3.1311858	1.7695156
18.278945129831676	3.0911696	1.7581723
18.29669746806386	3.0626647	1.7500471
18.314450249192483	3.0429902	1.7444168
18.3322034736768	3.0097628	1.7348667
18.349957141976184	2.9912224	1.7295151
18.3677112545501	2.9961157	1.7309291
18.385465811858108	3.034951	1.7421111
18.403220814359884	3.0410416	1.7438582
18.420976262515172	3.0655246	1.7508639
18.43873215678387	3.0879922	1.7572684
18.456488497625923	3.128195	1.7686704
18.474245285501407	3.1879609	1.7854862
18.492002520870486	3.231068	1.7975172
18.50976020419343	3.2943406	1.8150319
18.527518335930615	3.6087785	1.8996785
18.545276916542516	4.192549	2.0475717
18.563035946489688	4.3845363	2.0939283
18.580795426232832	4.8083787	2.1928015
18.598555356232698	4.69075	2.165814
18.616315736950185	4.9887204	2.2335443
18.63407656884626	4.612483	2.1476693
18.65183785238201	4.7914042	2.1889277
18.669599588018617	4.584741	2.1412008
18.68736177621737	4.5933104	2.1432009
18.705124417439652	4.5871015	2.141752
18.72288751214696	4.429942	2.1047428
18.740651060800886	4.5914154	2.1427588
18.758415063863115	4.333203	2.0816348
18.77617952179546	4.4817953	2.1170251
18.793944435059814	4.258709	2.063664
18.811709804118184	4.2180886	2.0537987
18.829475629432675	4.153444	2.0379999
18.8472419114655	3.9682066	1.9920357
18.86500865067897	4.0856695	2.021304
18.88277584753551	3.8015318	1.9497517
18.90054350249763	3.7717307	1.9420944
18.918311616027957	3.4174528	1.8486354
18.936080188589226	3.2854102	1.8125701
18.953849220644265	3.0128114	1.7357452
18.971618712656007	2.8722599	1.6947743
18.9893886650875	2.8166714	1.6782942
19.007159078401887	8.011707	2.8304958
19.024929953062408	32.892136	5.7351665
19.042701289532435	32.839993	5.730619
19.060473088275405	25.405155	5.040353
19.07824534975489	2.6986291	1.6427505
19.096018074434568	2.6584566	1.6304774
19.113791262778197	2.6213543	1.6190597
19.13156491524966	2.5608354	1.600261
19.149339032312945	2.5651824	1.6016186
19.167113614432136	2.5709522	1.603419
19.184888662071433	2.56462	1.601443
19.202664175695123	2.5378425	1.5930607
19.220440155767623	2.5474153	1.5960624
19.238216602753447	2.5638504	1.6012028
19.2559935171172	2.5866368	1.6083025
19.27377089932361	2.6143446	1.6168935
19.291548749837514	2.6249552	1.6201713
19.309327069123835	2.5690966	1.6028402
19.32710585764763	2.5291905	1.5903429
19.344885115874032	2.51144	1.5847523
19.362664844268313	2.5092824	1.5840714
19.380445043295822	2.515829	1.5861366
19.39822571342203	2.5189269	1.5871128
19.41600685511252	2.48007	1.5748239
19.43378846883297	2.4490318	1.5649383
19.451570555049173	2.4335382	1.5599802
19.469353114227037	2.475825	1.5734755
19.48713614683254	2.4594913	1.5682765
19.50491965333182	2.4658911	1.5703156
19.52270363419109	2.4849274	1.5763652
19.540488089876686	2.5115142	1.5847758
19.55827302085503	2.4899294	1.5779511
19.576058427592674	2.471311	1.5720404
19.593844310556282	2.4961035	1.5799062
19.611630670212598	2.5303714	1.5907141
19.629417507028506	2.532451	1.5913676
19.64720482147098	2.5054076	1.582848
19.6649926140071	2.4613247	1.568861
19.682780885104084	2.4975066	1.5803502
19.70056963522921	2.5787437	1.6058468
19.718358864849908	2.6210532	1.6189667
19.7361485744337	2.594167	1.6106418
19.753938764448215	2.5723727	1.6038618
19.771729435361202	2.5585682	1.5995525
19.789520587640506	2.543041	1.5946915
19.807312221754092	2.5564349	1.5988855
19.825104338170043	2.558394	1.599498
19.842896937356517	2.5624807	1.600775
19.860690019781824	2.5450199	1.5953119
19.87848358591436	2.5368786	1.5927582
19.896277636222635	2.494499	1.5793983
19.914072171175278	2.4719534	1.5722446
19.931867191241015	2.4846206	1.576268
19.94966269688869	2.495599	1.5797465
19.967458688587264	2.4834502	1.5758966
19.985255166805807	2.4355898	1.5606376
20.00305213201348	2.4030528	1.5501783
20.020849584679578	2.4018207	1.5497808
20.038647525273507	2.450144	1.5652936
20.05644595426477	2.4765055	1.5736917
20.07424487212299	2.4582071	1.567867
20.092044279317903	2.460682	1.5686561
20.109844176319353	2.4468882	1.5642532
20.127644563597304	2.448268	1.5646942
20.145445441621817	2.4167843	1.554601
20.16324681086307	2.3988504	1.5488223
20.181048671791373	2.417057	1.5546887
20.198851024877122	2.4213924	1.5560824
20.216653870590836	2.4146957	1.5539291
20.234457209403146	2.4089956	1.552094
20.252261041784802	2.4026449	1.5500467
20.270065368206662	2.4040415	1.5504972
20.287870189139685	2.414053	1.5537223
20.305675505054968	2.4244018	1.557049
20.323481316423702	2.4012392	1.5495932
20.341287623717207	2.3890145	1.5456437
20.359094427406884	2.371916	1.5401026
20.376901727964288	2.395375	1.5476999
20.39470952586107	2.4071054	1.551485
20.41251782156899	2.4142818	1.5537959
20.430326615559935	2.3711045	1.5398391
20.448135908305886	2.3570857	1.5352803
20.465945700278965	2.3463538	1.5317812
20.483755991951384	2.3333898	1.5275437
20.50156678379548	2.335986	1.5283933
20.519378076283708	2.335864	1.5283533
20.537189869888635	2.3300261	1.5264423
20.55500216508294	2.2902074	1.5133431
20.572814962339415	2.2900121	1.5132786
20.59062826213098	2.2760546	1.5086598
20.60844206493066	2.2825606	1.5108145
20.626256371211593	2.2855256	1.5117955
20.644071181447032	2.2839262	1.5112665
20.66188649611036	2.3052876	1.5183173
20.67970231567506	2.306626	1.518758
20.697518640614742	2.3191304	1.5228691
20.715335471403122	2.2988422	1.5161933
20.73315280851404	2.3212836	1.5235759
20.750970652421447	2.3387487	1.5292968
20.768789003599412	2.3536165	1.5341501
20.786607862522136	2.3292303	1.5261816
20.8044272296639	2.3284376	1.5259218
20.82224710549913	2.3163111	1.5219432
20.84006749050237	2.3165941	1.5220362
20.857888385148268	3.8759062	1.9687321
20.8757097899116	45.980824	6.780916
20.893531705267254	64.8484	8.05285
20.911354131690224	83.86843	9.15797
20.92917706965566	69.115974	8.3136015
20.94700051963877	50.15818	7.082244
20.96482448211493	29.427769	5.424737
20.982648957559622	4.1534777	2.0380082
21.00047394644843	2.2492352	1.499745
21.01829944925707	2.2184298	1.4894394
21.036125466461375	2.1856968	1.4784102
21.053951998537297	2.2094746	1.4864302
21.071779045960906	2.2176094	1.489164
21.089606609208378	2.2206814	1.4901952
21.10743468875603	2.2115047	1.4871129
21.12526328508028	2.21788	1.4892548
21.143092398657675	2.2095976	1.4864715
21.16092202996488	2.2067475	1.4855125
21.17875217947867	2.2053661	1.4850476
21.19658284767596	2.1994092	1.4830406
21.21441403503377	2.2009234	1.4835509
21.232245742029225	2.2069807	1.485591
21.2500779691396	2.181883	1.4771199
21.26791071684227	2.1538327	1.4675941
21.28574398561475	2.134206	1.4608922
21.30357777593465	2.1255257	1.4579183
21.321412088279704	2.1233478	1.4571712
21.339246923127792	2.1343215	1.4609317
21.357082280956888	2.1092768	1.4523349
21.3749181622451	2.0998826	1.4490972
21.392754567470647	2.1209586	1.4563512
21.41059149711187	2.1448917	1.4645449
21.42842895164726	2.1433725	1.4640261
21.446266931555378	2.1483412	1.4657221
21.464105437314945	2.1795096	1.4763162
21.481944469404798	2.1475692	1.4654588
21.49978402830388	2.1148074	1.4542377
21.51762411449127	2.081117	1.4426076
21.53546472844617	2.0869114	1.4446146
21.553305870647876	2.1010253	1.4494914
21.571147541575865	2.1325114	1.4603121
21.58898974170967	2.1234846	1.457218
21.60683247152899	2.1151395	1.4543519
21.62467573151363	2.0757413	1.4407433
21.642519522143523	2.096529	1.4479395
21.660363843898722	2.1129484	1.4535984
21.6782086972594	2.1296682	1.4593383
21.696054082705864	2.0828638	1.443213
21.713900000718535	2.022146	1.4220217
21.73174645177795	2.0061145	1.4163737
21.749593436364794	2.0224764	1.422138
21.767440954959845	2.0728505	1.4397397
21.785289008044032	2.0635664	1.4365119
21.803137596098388	2.034431	1.4263349
21.820986719604086	2.0359216	1.4268572
21.838836379042412	2.032622	1.4257005
21.85668657489478	2.0607605	1.435535
21.87453730764273	2.040931	1.4286115
21.892388577767914	2.033436	1.425986
21.91024038575213	1.996531	1.4129865
21.928092732077285	1.9688584	1.4031601
21.945945617225426	2.0035343	1.4154626
21.963799041678694	2.055725	1.43378
21.981653005919398	31.40614	5.604118
21.999507510429943	78.16222	8.8409395
22.01736255569286	73.07766	8.548547
22.035218142190818	4.185741	2.0459085
22.05307427040661	2.015524	1.4196914
22.07093094082315	1.992927	1.4117106
22.088788153923474	1.9814831	1.4076517
22.106645910190746	2.0035248	1.4154592
22.12450421010827	2.0299556	1.4247651
22.142363054159464	2.0290146	1.4244348
22.16022244282787	2.0171735	1.4202724
22.178082376597164	1.9903945	1.4108135
22.195942855951145	1.999283	1.41396
22.213803881373742	1.9826534	1.4080672
22.231665453349002	1.9925249	1.4115683
22.24952757236111	1.9636315	1.4012964
22.26739023889438	1.9794675	1.4069355
22.28525345343323	1.9751766	1.4054097
22.30311721646225	1.9588156	1.3995769
22.320981528466113	1.9486556	1.3959426
22.33884638992964	1.969401	1.4033535
22.356711801337788	2.0091574	1.4174474
22.37457776317561	1.9863529	1.4093803
22.392444275928337	1.952649	1.3973721
22.410311340081282	1.936806	1.3916918
22.428178956119904	1.949146	1.3961182
22.446047124529805	1.9299508	1.3892267
22.46391584579669	1.9118857	1.3827096
22.481785120406414	1.913658	1.3833503
22.49965494884496	1.9333159	1.3904372
22.51752533159841	1.9562168	1.3986483
22.53539626915302	1.9470185	1.395356
22.553267761995137	1.947331	1.395468
22.571139810611264	1.9326094	1.3901832
22.589012415488025	1.9437461	1.3941829
22.60688557711216	1.9146819	1.3837203
22.624759295970566	1.9129562	1.3830966
22.642633572550263	1.9513478	1.3969065
22.660508407338362	1.9713199	1.404037
22.67838380082217	1.9330722	1.3903496
22.696259753489077	1.8863467	1.3734434
22.714136265826614	1.8976763	1.3775617
22.73201333832246	1.9193636	1.385411
22.74989097146439	1.9197205	1.3855398
22.76776916574035	1.9053644	1.3803494
22.785647921638393	1.8999158	1.3783743
22.803527239646712	1.902682	1.3793774
22.82140712025363	1.9122595	1.3828447
22.839287563947593	1.9293504	1.3890105
22.85716857121719	1.9211922	1.3860707
22.875050142551135	1.9179242	1.3848914
22.892932278438277	1.9080296	1.3813144
22.910814979367604	1.9048156	1.3801506
22.928698245828222	1.8745112	1.3691279
22.946582078309387	1.8615285	1.3643785
22.96446647730047	1.8916351	1.3753673
22.98235144329098	1.9338343	1.3906237
23.000236976770562	1.9497988	1.3963519
23.018123078229	1.9420332	1.3935685
23.03600974815619	1.9075441	1.3811387
23.053896987042194	1.8915931	1.375352
23.071784795377173	1.899622	1.3782678
23.08967317365145	1.8991416	1.3780935
23.10756212235546	1.8694886	1.3672924
23.125451641979787	1.8766952	1.3699253
23.143341733015134	1.9112681	1.3824862
23.161232395952357	1.9229743	1.3867135
23.179123631282426	1.9379292	1.3920952
23.197015439496468	1.9343834	1.3908211
23.214907821085717	1.9145213	1.3836623
23.23280077654157	1.8966881	1.377203
23.250694306355538	1.8871716	1.3737437
23.268588411019277	1.8965249	1.3771437
23.28648309102458	1.8948246	1.3765262
23.304378346863356	1.8829225	1.3721962
23.322274179027676	1.8942734	1.3763261
23.340170588009723	1.9322953	1.3900702
23.358067574301852	1.9347272	1.3909447
23.37596513839651	1.9307154	1.3895018
23.39386328078629	1.8723074	1.3683228
23.411762001963947	1.8587203	1.363349
23.429661302422353	1.8479913	1.3594085
23.4475611826545	1.8384436	1.3558922
23.46546164315356	1.8480538	1.3594314
23.48336268441279	1.8916928	1.3753883
23.501264306925638	1.9206593	1.3858786
23.51916651118564	1.9360253	1.3914113
23.537069297686497	1.9172044	1.3846315
23.554972666922037	1.8968755	1.377271
23.57287661938623	1.8856112	1.3731756
23.59078115557318	1.8771979	1.3701087
23.608686275977128	1.8709018	1.3678092
23.62659198109246	1.9058354	1.38052
23.6444982714137	1.9328676	1.3902761
23.66240514743549	1.9486175	1.3959289
23.68031260965263	1.9323419	1.390087
23.698220658560068	1.9169286	1.384532
23.716129294652845	1.9156102	1.3840557
23.7340385184262	1.942174	1.3936191
23.75194833037546	1.9223601	1.386492
23.769858730996123	1.9083527	1.3814315
23.78776972078382	1.8948581	1.3765385
23.80568130023431	1.9018967	1.3790927
23.823593469843495	1.8858656	1.3732682
23.841506230107424	1.8630033	1.3649188
23.859419581522275	1.8462284	1.3587599
23.87733352458438	1.8886371	1.3742769
23.89524805979019	1.8887292	1.3743105
23.913163187636318	1.8741734	1.3690045
23.931078908619508	1.8642015	1.3653576
23.948995223236633	1.9176472	1.3847914
23.966912131984735	1.9587587	1.3995566
23.98482963536096	2.0204744	1.4214339
24.002747733862616	2.0171757	1.4202731
24.020666427987155	2.0964625	1.4479166
24.038585718232156	2.1006966	1.449378
24.056505605095353	2.0911522	1.4460816
24.074426089074617	2.0572326	1.4343057
24.092347170667946	2.0210469	1.4216353
24.110268850373515	2.0133784	1.4189357
24.128191128689586	2.053244	1.4329145
24.146114006114626	2.0361063	1.426922
24.164037483147187	2.0165343	1.4200473
24.181961560286005	2.0022647	1.415014
24.199886238029926	2.0331461	1.4258844
24.21781151687797	2.0634427	1.4364688
24.235737397329274	2.0789695	1.4418632
24.253663879883135	2.064888	1.4369718
24.271590965038975	2.0685391	1.4382417
24.289518653296376	2.0486965	1.4313269
24.30744694515505	2.0424335	1.4291373
24.32537584111486	2.0433717	1.4294655
24.34330534167581	2.0020072	1.4149231
24.361235447338046	1.9916515	1.4112588
24.379166158601876	2.006447	1.4164912
24.39709747596772	2.0776339	1.4413999
24.41502939993615	2.0860438	1.4443144
24.432961931007917	2.0398505	1.4282334
24.450895069683856	1.998978	1.4138522
24.468828816465	1.9819412	1.4078144
24.4867631718525	1.9660772	1.4021688
24.504698136347656	1.9862694	1.4093506
24.52263371045192	1.9677663	1.4027709
24.540569894666874	1.9489098	1.3960335
24.558506689494266	1.9827291	1.4080942
24.57644409543597	1.9693956	1.4033515
24.594382112994012	1.9594618	1.3998078
24.61232074267057	1.9298925	1.3892057
24.630259984967953	1.9250271	1.3874534
24.64819984038863	1.9577888	1.3992101
24.66614030943522	2.0019145	1.4148903
24.684081392610462	2.02549	1.4231972
24.702023090417274	1.9913518	1.4111527
24.7199654033587	2.029985	1.4247754
24.737908331937927	2.056566	1.4340732
24.755851876658305	2.0678043	1.4379863
24.773796038023324	2.061427	1.435767
24.79174081653661	2.0630689	1.4363387
24.809686212701962	2.0671983	1.4377755
24.827632227023294	2.0628788	1.4362725
24.8455788600047	2.1082401	1.451978
24.8635261121504	2.118499	1.4555064
24.88147398396475	2.1330802	1.4605068
24.899422475952303	2.1435316	1.4640805
24.917371588617698	2.1416829	1.463449
24.935321322465768	2.1937177	1.4811205
24.953271678001478	2.32976	1.5263551
24.97122265572994	2.5840495	1.6074979
24.989174256156414	2.898365	1.7024585
25.00712647978632	3.3851264	1.8398713
25.02507932712521	3.9390254	1.9846978
25.043032798678798	4.5131	2.1244059
25.060986894952933	5.0783625	2.2535222
25.078941616453637	5.740406	2.3959146
25.096896963687055	6.6953406	2.5875356
25.114852937159508	7.963189	2.8219123
25.132809537377444	8.569721	2.9274087
25.150766764847468	8.626533	2.9370959
25.168724620076347	7.9852557	2.8258195
25.186683103570985	6.9290433	2.6323075
25.204642215838426	5.661819	2.3794577
25.222601957385894	4.22002	2.0542686
25.24056232872074	3.1408572	1.7722464
25.25852333035048	2.5741515	1.6044163
25.276484962782778	2.2208657	1.4902569
25.294447226525435	2.0790455	1.4418895
25.312410122086423	2.0335734	1.4260341
25.330373649973843	2.004975	1.4159714
25.348337810695988	1.9745182	1.4051754
25.366302604761245	1.8891444	1.3744615
25.384268032678207	1.8879474	1.374026
25.40223409495558	1.9219784	1.3863543
25.420200792102257	1.9883131	1.4100755
25.438168124627246	1.9699463	1.4035478
25.45613609303974	1.9615874	1.4005668
25.474104697849057	1.8982912	1.3777848
25.492073939564698	1.876235	1.3697573
25.510043818696285	1.8812397	1.3715829
25.528014335753614	1.869863	1.3674294
25.54598549124664	1.9014455	1.3789291
25.56395728568544	1.8773482	1.3701636
25.58192971958028	1.9035846	1.3797045
25.59990279344156	1.8921087	1.3755394
25.617876507779833	1.8951815	1.3766559
25.635850863105826	1.9226546	1.3865982
25.653825859930386	1.9303839	1.3893826
25.671801498764548	1.8819371	1.3718371
25.68977778011949	1.8416234	1.3570642
25.707754704506524	1.8327543	1.3537925
25.725732272437153	1.875191	1.3693762
25.743710484423012	1.849053	1.3597989
25.761689340975888	1.8705117	1.3676665
25.77966884260774	1.8876463	1.3739164
25.797648989830662	1.8491043	1.3598177
25.815629783156922	1.8367176	1.3552556
25.83361122309895	1.8352342	1.3547082
25.85159331016929	1.8319496	1.3534954
25.869576044880695	1.8207057	1.3493353
25.887559427746034	1.8391898	1.3561673
25.90554345927836	1.8488264	1.3597156
25.92352813999086	1.8101131	1.3454044
25.94151347039689	1.803362	1.3428931
25.959499451009965	1.7720243	1.331174
25.97748608234374	1.7500176	1.3228823
25.995473364912062	1.7545917	1.32461
26.013461299228904	1.821384	1.3495866
26.03144988580839	1.8400829	1.3564966
26.04943912516483	1.8036808	1.3430119
26.067429017812675	1.8337085	1.3541449
26.085419564266537	1.8227842	1.3501053
26.103410765041186	1.8359698	1.3549796
26.12140262065155	1.824068	1.3505806
26.139395131612723	1.7869025	1.3367507
26.157388298439948	1.7871983	1.3368614
26.17538212164861	1.8140024	1.3468491
26.193376601754295	1.8402797	1.356569
26.211371739272714	1.8757578	1.3695831
26.229367534719746	1.8605835	1.3640321
26.247363988611433	1.8517807	1.3608015
26.26536110146397	1.8386701	1.3559757
26.283358873793727	1.8316419	1.3533816
26.301357306117204	1.8353535	1.3547522
26.319356398951104	1.8117213	1.346002
26.33735615281224	1.78744	1.3369517
26.35535656821762	1.7789143	1.3337594
26.373357645684404	1.7854042	1.3361902
26.39135938572991	1.8062239	1.3439583
26.409361788871614	1.7993627	1.3414032
26.427364855627165	1.7611343	1.3270774
26.445368586514352	1.7715294	1.3309882
26.46337298205115	1.7798226	1.3340999
26.48137804275568	1.737166	1.3180159
26.499383769146217	1.7559768	1.3251327
26.517390161741215	1.8507679	1.3604293
26.53539722105928	1.8751302	1.3693539
26.553404947619182	1.8021729	1.3424504
26.571413341939856	1.766522	1.3291057
26.589422404540397	1.7777636	1.333328
26.60743213594006	1.7710725	1.3308165
26.62544253665827	1.7738887	1.3318741
26.64345360721459	1.7761116	1.3327084
26.66146534812879	1.7613082	1.3271428
26.679477759920758	1.8023413	1.3425131
26.69749084311057	1.8189168	1.3486723
26.71550459821847	1.8411418	1.3568869
26.733519025764842	1.7946242	1.3396358
26.751534126270258	1.751491	1.3234391
26.769549900255434	1.7919995	1.3386558
26.787566348241267	1.8295058	1.3525922
26.80558347074881	1.8146194	1.3470781
26.823601268299267	1.8209013	1.3494078
26.841619741414036	1.8374643	1.355531
26.85963889061465	1.8001759	1.3417064
26.877658716422832	1.7949737	1.3397663
26.89567921936045	1.8124076	1.3462569
26.913700399949544	1.7934786	1.3392082
26.93172225871233	1.8043882	1.3432752
26.949744796171174	1.8091434	1.345044
26.967768012848605	1.8007027	1.3419026
26.98579190926733	1.7945386	1.3396039
27.003816485950225	1.8670261	1.3663917
27.021841743420318	1.9258945	1.387766
27.039867682200814	1.8379109	1.3556957
27.057894302815072	1.785566	1.3362507
27.07592160578664	1.7913984	1.3384314
27.0939495916392	1.8045604	1.3433393
27.111978260896635	1.804143	1.3431839
27.13000761408296	1.817746	1.3482381
27.148037651722397	1.8434722	1.3577453
27.166068374339304	1.8555906	1.3622006
27.184099782458215	1.8292048	1.352481
27.20213187660384	1.7909439	1.3382615
27.22016465730105	1.7626436	1.3276459
27.23819812507487	1.7599784	1.3266418
27.256232280450533	1.7919927	1.3386533
27.274267123953383	1.7745339	1.3321164
27.292302656108987	1.8036631	1.3430053
27.31033887744306	1.8074216	1.3444037
27.32837578848146	1.8075943	1.344468
27.34641338975026	1.8136283	1.3467102
27.364451681775673	1.8677982	1.3666742
27.382490665084074	1.8403338	1.3565891
27.400530340202046	1.8215281	1.34964
27.41857070765629	1.8374493	1.3555255
27.436611767973726	1.8386192	1.3559569
27.454653521681404	1.8123586	1.3462387
27.472695969306564	1.7904487	1.3380765
27.490739111376627	1.7895088	1.3377253
27.508782948419153	1.8301677	1.3528368
27.526827480961902	1.851511	1.3607024
27.54487270953279	1.7903119	1.3380253
27.562918634659898	1.7474791	1.3219225
27.580965256871508	1.7366887	1.3178349
27.599012576696026	1.7546517	1.3246326
27.617060594662068	1.7578363	1.3258342
27.63510931129842	1.7865341	1.3366129
27.65315872713401	1.7824435	1.3350818
27.67120884269797	1.7880034	1.3371625
27.68925965851958	1.7931725	1.3390939
27.707311175128307	1.840027	1.356476
27.725363393053787	1.8432932	1.3576794
27.74341631282583	1.8402548	1.3565599
27.7614699349744	1.8390769	1.3561257
27.77952426002968	1.9801464	1.4071767
27.797579288521973	2.0653315	1.4371262
27.815635020981784	2.4256032	1.5574348
27.83369145793979	2.5034008	1.5822139
27.85174859992682	2.3744102	1.5409122
27.869806447473923	2.2404356	1.4968085
27.887865001112267	1.9870069	1.4096123
27.905924261373233	1.9225575	1.3865632
27.92398422878836	1.8976912	1.3775672
27.94204490388936	1.8734663	1.3687463
27.96010628720813	1.8756543	1.3695453
27.978168379276728	1.8628708	1.3648703
27.9962311806274	1.8035764	1.342973
28.014294691792568	1.7836607	1.3355376
28.0323589133048	1.7796136	1.3340216
28.050423845696887	1.810164	1.3454233
28.068489489501758	1.8487219	1.3596771
28.086555845252523	1.8483669	1.3595465
28.104622913482487	1.8406795	1.3567164
28.122690694725115	1.8881291	1.3740921
28.14075918951405	1.9533398	1.3976194
28.15882839838312	1.9578387	1.3992279
28.176898321866304	1.9396709	1.3927207
28.1949689604978	1.9406673	1.3930783
28.213040314811945	1.9481661	1.3957672
28.23111238534327	1.9117739	1.3826691
28.249185172626493	1.9280359	1.3885373
28.267258677196473	1.9847246	1.4088025
28.285332899588294	1.9682649	1.4029486
28.303407840337172	1.9298725	1.3891985
28.321483499978545	1.8990889	1.3780743
28.33955987904799	1.8867804	1.3736012
28.357636978081285	1.865768	1.3659312
28.37571479761439	1.8799843	1.3711252
28.393793338183425	1.9126254	1.382977
28.41187260032469	1.9467988	1.3952773
28.429952584574686	2.002322	1.4150343
28.448033291470065	2.0219214	1.4219428
28.46611472154769	1.9754895	1.405521
28.484196875344566	1.9932184	1.4118139
28.502279753397914	2.0722318	1.4395249
28.52036335624511	2.0727754	1.4397136
28.538447684423716	2.018285	1.4206636
28.556532738471482	1.9658111	1.4020739
28.574618518926325	1.9229995	1.3867226
28.59270502632635	1.9244958	1.387262
28.61079226120985	1.9630327	1.4010828
28.628880224115274	1.9524093	1.3972864
28.646968915581287	1.9771185	1.4061005
28.66505833614671	2.004514	1.4158086
28.68314848635055	2.0293047	1.4245367
28.701239366732004	2.079674	1.4421074
28.71933097783044	2.0628362	1.4362577
28.737423320185403	2.030463	1.4249432
28.75551639433665	2.0847363	1.4438616
28.773610200824074	2.0785458	1.4417163
28.791704740187793	2.088048	1.4450079
28.80980001296809	2.1291518	1.4591614
28.827896019705413	2.1413271	1.4633274
28.845992760940433	2.1536248	1.4675233
28.86409023721397	2.177669	1.4756927
28.88218844906704	2.1668794	1.4720324
28.900287397040845	2.1476903	1.4655
28.918387081676755	2.1777003	1.4757034
28.936487503516343	2.2430136	1.4976693
28.954588663101365	2.3123014	1.5206254
28.97269056097374	2.3024905	1.517396
28.990793197675597	2.3140254	1.5211921
29.00889657374923	2.3370445	1.5287395
29.027000689737125	2.4318163	1.5594282
29.04510554618196	2.517023	1.5865129
29.06321114362659	2.4497652	1.5651726
29.08131748261405	2.3959153	1.5478745
29.099424563687567	2.4243948	1.5570469
29.11753238739057	2.4924943	1.5787636
29.13564095426663	2.5893857	1.6091568
29.15375026485954	2.643168	1.6257823
29.171860319713275	2.6722074	1.6346887
29.18997111937199	2.6627815	1.6318032
29.20808266438002	2.6404948	1.62496
29.226194955281898	2.733747	1.6534047
29.244307992622335	2.9132366	1.7068206
29.26242177694624	2.9879339	1.7285641
29.2805363087987	2.966547	1.7223667
29.29865158872498	2.919478	1.708648
29.316767617270557	2.904857	1.7043641
29.334884394981064	2.8983026	1.7024401
29.353001922402367	2.9220264	1.7093936
29.37112020008047	2.981177	1.7266085
29.389239228561596	3.1283674	1.7687192
29.407359008392152	3.3192358	1.821877
29.42547954011872	3.607432	1.899324
29.44360082428809	4.1696057	2.0419612
29.46172286144722	5.257452	2.2929134
29.479845652143283	6.9262094	2.6317692
29.497969196923606	9.177065	3.029367
29.516093496335728	11.872102	3.4455917
29.5342185509274	14.87025	3.8561962
29.55234436124651	17.34497	4.1647296
29.570470927841175	18.85698	4.3424625
29.588598251259686	18.685219	4.3226404
29.60672633205055	17.500418	4.18335
29.624855170762405	15.145901	3.8917735
29.642984767944146	12.199117	3.4927235
29.66111512414481	9.135485	3.0224965
29.67924623991366	6.6783056	2.5842419
29.697378115800138	5.0996065	2.258231
29.71551075235387	4.172078	2.0425665
29.733644150124675	3.751256	1.936816
29.751778309662576	3.5105798	1.8736541
29.769913231517766	3.394246	1.842348
29.78804891624066	3.3689349	1.8354658
29.806185364381818	3.3410356	1.82785
29.82432257649206	3.314182	1.8204895
29.842460553122333	3.3066304	1.8184142
29.86059929482382	3.2621965	1.8061552
29.878738802147872	3.236018	1.7988936
29.896879075646048	3.2513397	1.8031472
29.915020115870114	3.2237797	1.7954887
29.933161923371976	3.2266762	1.7962952
29.951304498703777	3.200526	1.7890013
29.969447842417857	3.2211602	1.794759
29.987591955066733	3.3106267	1.8195127
30.005736837203123	3.347955	1.8297418
30.023882489379943	3.3005364	1.8167379
30.04202891215028	3.2508223	1.8030037
30.060176106067455	3.160748	1.7778493
30.078324071684946	3.1172712	1.7655796
30.09647280955646	3.1327755	1.7699648
30.114622320235863	3.1461246	1.7737318
30.132772604277257	3.1085799	1.7631165
30.1509236622349	3.087085	1.7570102
30.16907549466328	3.0428727	1.7443832
30.18722810211705	3.060136	1.7493244
30.205381485151097	3.130175	1.7692301
30.22353564432045	3.1278894	1.768584
30.241690580180403	3.0848656	1.7563785
30.25984629328638	3.0364974	1.7425548
30.278002784194037	2.9707303	1.7235807
30.296160053459246	2.9709237	1.7236367
30.314318101638033	2.9677238	1.7227083
30.332476929286646	2.9202774	1.7088819
30.35063653696153	2.8773584	1.6962779
30.368796925219307	2.8329666	1.6831418
30.386958094616844	2.8176827	1.6785954
30.40512004571115	2.8489752	1.6878908
30.423282779059463	2.8199337	1.6792659
30.441446295219233	2.8901274	1.7000375
30.459610594748067	2.8737602	1.6952169
30.47777567820382	2.8016315	1.6738075
30.495941546144504	2.8027613	1.674145
30.51410819912835	2.8526068	1.6889662
30.532275637713795	2.8679147	1.6934918
30.55044386245946	2.7980683	1.6727427
30.56861287392416	2.8174806	1.6785352
30.586782672666956	2.8770132	1.696176
30.604953259247047	2.8413396	1.6856273
30.623124634223885	2.825067	1.6807935
30.641296798157075	2.8435602	1.686286
30.659469751606462	2.8321729	1.682906
30.677643495132074	2.8101141	1.6763395
30.695818029294152	2.7877493	1.6696554
30.713993354653116	2.7726214	1.665119
30.73216947176962	2.74252	1.6560556
30.75034638120448	2.7109442	1.6464945
30.768524083518756	2.7035072	1.6442345
30.786702579273673	2.731485	1.6527205
30.80488186903069	2.8390663	1.6849529
30.82306195335144	2.9606009	1.7206397
30.841242832797782	3.084022	1.7561384
30.85942450793176	3.4228733	1.8501009
30.877606979315637	3.88609	1.9713168
30.895790247511883	4.345545	2.084597
30.913974313083134	4.770633	2.1841779
30.932159176592283	4.982684	2.2321928
30.95034483860237	4.8688116	2.2065384
30.968531299676698	4.6627436	2.1593387
30.98671856037873	4.3765054	2.0920098
31.00490662127215	3.9897814	1.9974437
31.023095482920848	3.4804034	1.8655839
31.04128514588892	2.9573803	1.7197036
31.059475610740662	2.6855712	1.6387713
31.07766687804056	2.6264045	1.6206186
31.09585894835335	2.5386107	1.5933018
31.11405182224393	2.4940836	1.5792668
31.132245500277417	2.5814822	1.6066991
31.15043998301914	2.6002872	1.6125406
31.168635271034628	2.5509694	1.5971755
31.18683136488964	2.4490356	1.5649395
31.20502826515008	2.3913016	1.5463834
31.223225972382135	2.4139273	1.5536819
31.241424487152155	2.462772	1.5693221
31.259623810026692	2.4089725	1.5520865
31.27782394157253	2.3960688	1.547924
31.296024882356644	2.430987	1.5591623
31.314226632946237	2.3700469	1.5394957
31.332429193908684	2.3226223	1.5240152
31.350632565811598	2.313753	1.5211025
31.368836749222787	2.3053758	1.5183464
31.387041744710295	2.4237616	1.5568435
31.40524755284232	2.53827	1.593195
31.423454174187317	2.5719774	1.6037385
31.441661609313922	2.5692105	1.6028757
31.459869858791002	2.4492452	1.5650065
31.478078923187628	2.335276	1.5281609
31.496288803073064	2.3069417	1.518862
31.514499499016807	2.345159	1.5313913
31.532711011588546	2.363071	1.5372283
31.550923341358178	2.3413253	1.530139
31.56913648889584	2.3223987	1.5239419
31.587350454771844	2.3568835	1.5352145
31.605565239556732	2.369249	1.5392365
31.62378084382127	2.3609767	1.536547
31.641997268136382	2.3575194	1.5354216
31.660214513073274	2.343939	1.5309929
31.67843257920331	2.3123271	1.5206338
31.6966514670981	2.3110359	1.5202092
31.71487117732944	2.3354595	1.528221
31.733091710469346	2.3026261	1.5174407
31.751313067090052	2.29954	1.5164235
31.769535247764008	2.3002677	1.5166633
31.787758253063878	2.3340168	1.527749
31.805982083562526	2.3187988	1.5227603
31.824206739833024	2.297158	1.5156379
31.84243222244869	2.2680633	1.5060091
31.860658531983013	2.292094	1.5139663
31.878885669009737	2.2981603	1.5159684
31.897113634102784	2.243874	1.4979566
31.91534242783632	2.2452636	1.4984204
31.933572050784694	2.3029737	1.5175552
31.951802503522508	2.2514567	1.5004855
31.970033786624548	2.1442592	1.4643289
31.988265900665834	2.165488	1.4715598
32.006498846221575	2.249621	1.4998736
32.02473262386724	2.2554843	1.501827
32.04296723417845	2.2141316	1.4879959
32.0612026777311	2.1620543	1.4703926
32.07943895510129	2.1834095	1.4776365
32.097676066865304	2.2025251	1.4840907
32.115914013599685	2.2001956	1.4833056
32.13415279588115	2.1872394	1.4789319
32.152392414286666	2.163903	1.471021
32.1706328693934	2.1218996	1.4566742
32.18887416177875	2.125524	1.4579177
32.20711629202032	2.1651657	1.4714502
32.225359260695924	2.2009387	1.4835562
32.243603068383614	2.1577866	1.4689406
32.26184771566166	2.0274737	1.4238938
32.28009320310852	2.0518405	1.4324247
32.2983395313029	2.1423306	1.4636703
32.31658670082372	2.1395452	1.4627185
32.33483471225012	2.0446436	1.4299103
32.35308356616143	2.046546	1.4305754
32.371333263137245	2.1146052	1.4541682
32.38958380375734	2.1724105	1.47391
32.407835188601744	2.1759124	1.4750974
32.42608741825067	2.1367495	1.4617624
32.444340493284585	2.0864062	1.4444398
32.46259441428416	2.043515	1.4295156
32.48084918183028	2.0737193	1.4400414
32.49910479650405	2.101456	1.4496399
32.51736125888683	2.0804834	1.442388
32.53561856956014	2.031222	1.4252095
32.5538767291058	2.035815	1.4268199
32.572135738105764	2.0465174	1.4305654
32.59039559714228	1.9644458	1.4015869
32.608656306797776	1.9596621	1.3998793
32.62691786765491	1.9900674	1.4106975
32.645180280296586	1.9936686	1.4119732
32.663443545305896	1.9868016	1.4095395
32.68170766326619	1.9541724	1.3979172
32.69997263476099	1.9716221	1.4041446
32.7182384603741	2.0010905	1.4145991
32.7365051406895	2.0677128	1.4379544
32.75477267629144	2.0577743	1.4344945
32.77304106776434	2.0632713	1.4364091
32.79131031569289	2.0039303	1.4156024
32.809580420661966	1.9701772	1.40363
32.827851383256714	1.9969513	1.4131353
32.84612320406245	1.9778416	1.4063575
32.86439588366476	1.960889	1.4003174
32.88266942264945	2.0532207	1.4329064
32.9009438216025	2.0704205	1.4388956
32.9192190811102	1.9880899	1.4099964
32.937495201758985	1.9497441	1.3963324
32.95577218413556	1.9585108	1.3994681
32.974050028826866	1.9112982	1.3824971
32.992328736420035	1.8683194	1.3668648
33.010608307502444	1.9371537	1.3918167
33.02888874266169	1.9669589	1.4024831
33.047170042485604	1.9260151	1.3878095
33.06545220756225	1.8482951	1.3595202
33.083735238479896	1.8612108	1.364262
33.10201913582707	1.866688	1.3662679
33.12030390019248	1.8673112	1.366496
33.138589532165135	1.8929534	1.3758464
33.15687603233419	1.932073	1.3899903
33.17516340128909	1.9045362	1.3800493
33.19345163961947	1.8556721	1.3622305
33.211740747915215	1.8788391	1.3707075
33.23003072676643	1.9572611	1.3990215
33.248321576763466	2.0003386	1.4143332
33.266613298496885	1.9934031	1.4118793
33.28490589255747	1.9240347	1.3870958
33.30319935953626	1.9183835	1.3850572
33.32149370002451	1.9087994	1.3815931
33.339788914613706	1.9266369	1.3880335
33.358085003895575	1.9145999	1.3836907
33.376381968462034	1.979847	1.4070704
33.39467980890529	1.9376409	1.3919917
33.41297852581774	1.869107	1.3671529
33.43127811979204	1.865657	1.3658905
33.44957859142105	1.8545135	1.3618052
33.467879941297866	1.8657438	1.3659223
33.486182170015844	1.8845891	1.3728033
33.50448527816853	1.9143041	1.3835838
33.522789266349754	1.9508479	1.3967276
33.541094135153514	1.887197	1.373753
33.55939988517411	1.9053905	1.3803588
33.57770651700602	1.935007	1.3910453
33.59601403124398	1.976141	1.4057528
33.61432242848296	2.052989	1.4328256
33.632631709318154	2.0153468	1.4196291
33.650941874344994	1.9290836	1.3889146
33.66925292415916	1.9141643	1.3835332
33.68756485935654	1.9933891	1.4118743
33.70587768053328	1.9905354	1.4108634
33.724191388285746	1.9166608	1.3844352
33.74250598321054	1.9597539	1.3999121
33.760821465904506	1.945555	1.3948315
33.77913783696474	1.8871909	1.3737507
33.79745509698852	1.9083081	1.3814152
33.815773246573414	1.9131637	1.3831716
33.8340922863172	1.9602615	1.4000934
33.852412216817896	2.0226512	1.4221994
33.87073303867377	1.9741001	1.4050267
33.889054752483304	1.9649218	1.4017566
33.907377358845245	2.025349	1.4231476
33.92570085835853	2.004578	1.4158312
33.94402525162239	1.9369311	1.3917367
33.96235053923627	1.8523557	1.3610127
33.980676721799824	1.9441514	1.3943284
33.999003799912984	2.0703568	1.4388734
34.01733177417592	2.060161	1.4353261
34.03566064518901	1.9637806	1.4013495
34.0539904135529	1.9296721	1.3891264
34.07232107986846	1.9621073	1.4007524
34.090652644736785	1.9720895	1.4043111
34.108985108759235	1.9815089	1.4076607
34.12731847253742	1.9523232	1.3972555
34.14565273667313	2.0164237	1.4200083
34.16398790176847	2.035735	1.4267918
34.18232396842574	1.9693936	1.4033508
34.20066093724749	1.8734628	1.368745
34.21899880883651	1.9195352	1.3854729
34.23733758379583	2.0515075	1.4323084
34.25567726272874	2.0640283	1.4366727
34.27401784623872	2.076969	1.4411693
34.29235933492957	2.0896146	1.44555
34.31070172940526	2.0518947	1.4324436
34.32904503027003	1.9275638	1.3883673
34.347389238128386	1.9381723	1.3921826
34.36573435358502	2.0053651	1.4161092
34.38408037724492	1.9418668	1.3935088
34.402427309713296	2.0031333	1.4153209
34.42077515159559	2.1436005	1.4641039
34.43912390349752	2.2376091	1.495864
34.45747356602499	2.2270133	1.4923182
34.47582413978423	2.0513086	1.432239
34.49417562538163	1.8729124	1.3685439
34.51252802342388	1.907832	1.3812429
34.53088133451789	1.9119478	1.382732
34.54923555927084	1.9901662	1.4107325
34.567590698290104	2.027467	1.4238915
34.58594675218336	2.0424864	1.4291558
34.6043037215585	1.9610877	1.4003884
34.62266160702365	1.8071852	1.3443159
34.641020409187234	1.9830612	1.4082121
34.65938012865785	2.0556858	1.4337662
34.677740766044394	1.9683006	1.4029614
34.69610232195598	1.9069778	1.3809336
34.714464797002016	2.140757	1.4631326
34.73282819179208	2.2024531	1.4840664
34.751192506936064	2.0610182	1.4356247
34.76955774304408	1.9934759	1.411905
34.7879239007265	1.9459332	1.3949671
34.80629098059391	1.8967611	1.3772295
34.824658983257194	1.757951	1.3258774
34.843027909327446	1.6955934	1.3021495
34.86139775941603	1.7606797	1.3269061
34.879768534134534	1.8028926	1.3427184
34.89814023409483	1.9720738	1.4043055
34.91651285990901	2.0693414	1.4385206
34.93488641218944	2.0975866	1.4483048
34.95326089154871	2.1211767	1.456426
34.97163629859967	1.8854488	1.3731165
34.99001263395542	1.8200946	1.3491088
35.00838989822934	1.9566536	1.3988043
35.02676809203499	2.1243777	1.4575245
35.04514721598624	1.888453	1.37421
35.063527270697215	1.7345473	1.3170221
35.081908256782256	1.8838131	1.3725207
35.10029017485597	1.9785287	1.4066018
35.11867302553321	1.9959596	1.4127843
35.137056809429104	1.995777	1.4127197
35.155441527159006	2.000974	1.4145578
35.173827179338524	1.9474039	1.3954941
35.19221376658354	1.9454522	1.3947947
35.21060128951017	1.9033868	1.3796328
35.2289897487348	1.9919354	1.4113594
35.24737914487405	2.1765552	1.4753153
35.26576947854479	2.2249107	1.4916135
35.28416075036418	2.1342936	1.4609221
35.30255296094958	2.12925	1.459195
35.32094611091867	2.1264086	1.4582211
35.33934020088932	2.1197731	1.4559441
35.35773523147969	2.0882106	1.4450642
35.3761312033082	2.1272767	1.4585186
35.394528116993506	2.0698345	1.438692
35.41292597315452	1.9927813	1.411659
35.431324772410434	1.8352071	1.3546982
35.449724515380666	1.6136699	1.270303
35.46812520268491	1.4675585	1.2114283
35.486526834943106	1.7297615	1.315204
35.504929412775454	1.7747389	1.3321933
35.52333293680242	1.6761816	1.2946743
35.54173740764471	1.8553537	1.3621137
35.560142825923286	1.7769102	1.3330079
35.5785491922594	1.6677775	1.2914246
35.59695650727454	1.7585824	1.3261155
35.61536477159042	1.1140177	1.0554703
