0.008763373481513119	0.0	0.0
0.026290120649546365	0.17179282	0.414479
0.043816868432600686	0.15555455	0.39440405
0.06134361724069026	0.17660688	0.4202462
0.07887036748382949	0.20015764	0.4473898
0.0963971195720331	0.22010715	0.4691558
0.11392387391531617	0.23246332	0.4821445
0.1314506309236943	0.22332565	0.47257343
0.1489773910071836	0.17222247	0.41499695
0.16650415457580078	0.1232415	0.35105768
0.18403092203956356	0.13391754	0.36594746
0.20155769380849	0.112176694	0.3349279
0.2190844702925996	0.122509316	0.35001332
0.2366112519019124	0.14134718	0.3759617
0.2541380390464497	0.1571783	0.3964572
0.27166483213623416	0.15552111	0.39436164
0.28919163158128947	0.15130894	0.3889845
0.3067184377916406	0.16585787	0.4072565
0.324245251177314	0.15945001	0.39931193
0.34177207214833777	0.18258148	0.42729554
0.3592989011147415	0.19848126	0.44551235
0.37682573848655654	0.19532678	0.4419579
0.39435258467381573	0.20472492	0.4524654
0.41187944008655414	0.17108984	0.41363007
0.42940630513480854	0.14983849	0.38708976
0.446933180228618	0.13605595	0.36885762
0.4644600657780234	0.15543027	0.39424646
0.48198696219306775	0.1395777	0.373601
0.49951386988379676	0.14879991	0.3857459
0.5170407892602581	0.11926809	0.3453521
0.5345677207325025	0.12408363	0.35225508
0.5520946647105822	0.13774762	0.37114367
0.5696216216045534	0.15788467	0.39734703
0.5871485918244737	0.16276552	0.40344208
0.6046755757804043	0.16405034	0.4050313
0.6222025738824094	0.14791371	0.3845955
0.6397295865405557	0.17850517	0.42249873
0.6572566141649129	0.21402422	0.4626275
0.6747836571655547	0.24925597	0.49925542
0.6923107159525568	0.27356902	0.52303827
0.7098377909359992	0.24938029	0.4993799
0.7273648825259653	0.23479694	0.4845585
0.7448919911325411	0.20121072	0.44856519
0.762419117165817	0.1986423	0.44569305
0.7799462610358868	0.2161485	0.46491772
0.7974734231528482	0.21639036	0.46517777
0.8150006039268024	0.23056026	0.4801669
0.8325278037678551	0.24705113	0.4970424
0.8500550230861152	0.2270063	0.47645178
0.8675822622916969	0.22216122	0.47133982
0.8851095217947171	0.21532014	0.464026
0.9026368020052984	0.19761711	0.44454145
0.9201641033335665	0.20154418	0.44893673
0.9376914261896523	0.19023642	0.436161
0.9552187709836915	0.20431182	0.45200863
0.9727461381258234	0.23917545	0.48905566
0.990273528026193	0.24386223	0.4938241
1.0078009410949496	0.2475404	0.49753433
1.0253283777422473	0.28342277	0.5323746
1.0428558383782454	0.27911258	0.5283111
1.0603833234131086	0.28382277	0.5327502
1.0779108332570058	0.30564368	0.5528505
1.0954383683201119	0.31880772	0.5646306
1.112965929012607	0.3393204	0.58251214
1.1304935157446763	0.41007614	0.64037186
1.1480211289265108	0.42510515	0.6520009
1.1655487689683062	1.2048	1.0976338
1.1830764362802655	1.5037628	1.2262801
1.200604131272596	1.9844269	1.4086969
1.2181318543555117	2.4908276	1.5782356
1.235659605939232	2.4876187	1.5772187
1.253187386433982	4.004787	2.0011964
1.270715196249994	6.2528677	2.5005734
1.2882430357975057	11.593708	3.4049535
1.3057709054867608	16.337599	4.04198
1.3232988057280106	22.276659	4.7198157
1.3408267369315112	27.44957	5.2392335
1.358354699507526	31.13965	5.5802913
1.3758826938663256	35.373383	5.9475527
1.3934107204181858	37.131195	6.0935373
1.410938779573391	37.6105	6.13274
1.4284668717422309	38.10623	6.1730247
1.4459949973350033	37.459423	6.1204104
1.4635231567620117	37.52596	6.1258435
1.4810513504335687	37.04644	6.086579
1.4985795787599925	36.716145	6.059385
1.5161078421516088	36.410866	6.0341415
1.5336361410187505	35.459763	5.95481
1.5511644757717598	35.25587	5.9376655
1.5686928468209842	35.78774	5.9822855
1.58622125457678	36.390007	6.032413
1.6037496994495108	37.896263	6.155994
1.621278181849548	37.317123	6.108774
1.6388067021872719	37.83938	6.151372
1.6563352608730693	37.228756	6.101537
1.673863858317336	36.310448	6.025815
1.6913924949304753	35.25985	5.9380007
1.7089211711228998	34.14796	5.8436255
1.7264498873050296	33.300804	5.7706847
1.7439786438872935	32.72301	5.720403
1.7615074412801288	31.92863	5.6505427
1.779036279893981	31.17994	5.5839
1.796565160139305	30.09773	5.48614
1.814094082426564	29.386032	5.4208884
1.8316230471662298	28.78781	5.365427
1.849152054768784	28.088324	5.299842
1.8666811056447168	28.022951	5.2936707
1.8842102002045273	27.37471	5.2320848
1.901739338858724	27.070408	5.202923
1.9192685220178245	26.54009	5.1517076
1.9367977500923557	25.626228	5.0622354
1.9543270234928547	24.657642	4.9656463
1.971856342629867	23.88713	4.8874464
1.9893857079139496	23.312006	4.828251
2.006915119755667	22.652597	4.7594743
2.0244445785655945	21.877459	4.677335
2.0419740847543175	21.337929	4.6192994
2.0595036387324317	21.244307	4.6091547
2.0770332409105414	20.97101	4.5794115
2.094562891699263	20.483084	4.525824
2.1120925915092217	19.780382	4.447514
2.129622340751053	19.325645	4.3960943
2.1471521398354043	187.6956	13.700205
2.1646819891729323	444.01733	21.071718
2.182211889174303	440.30438	20.98343
2.1997418402501974	452.66785	21.275991
2.2172718428113023	432.81195	20.804132
2.234801897268317	321.0671	17.918346
2.2523320040319548	17.545263	4.188707
2.269862163512935	17.199257	4.1471987
2.287392376121992	16.742397	4.0917473
2.304922642269869	16.324942	4.0404134
2.322452962367322	16.006397	4.0007997
2.3399833368251164	15.439434	3.9293046
2.357513766054032	15.253167	3.9055302
2.3750442504648586	14.968396	3.8689013
2.3925747904683963	14.847192	3.8532054
2.410105386475459	14.631785	3.8251517
2.4276360388968707	14.164485	3.7635734
2.445166748143469	13.846316	3.7210639
2.4626975146261025	13.476307	3.671009
2.4802283387556323	13.343061	3.6528156
2.4977592209429305	13.071567	3.615462
2.5152901615988825	13.005214	3.6062741
2.5328211611343865	13.011159	3.6070983
2.5503522199603523	12.890733	3.5903666
2.5678833384877024	12.541235	3.5413606
2.5854145171273712	12.158626	3.486922
2.6029457562903064	12.111837	3.4802065
2.620477056387469	12.011268	3.4657276
2.6380084178298326	11.964728	3.4590068
2.655539841028383	11.651134	3.4133756
2.673071326394119	11.228606	3.3509111
2.6906028743380523	10.988683	3.3149183
2.708134485271211	10.815459	3.2886865
2.7256661596046325	10.71058	3.2727022
2.743197897749369	10.737553	3.2768204
2.760729700116486	10.731098	3.2758355
2.778261567117063	10.569204	3.2510312
2.795793499162193	10.240323	3.2000506
2.8133254966629817	10.100956	3.1782
2.830857560030551	9.95525	3.155194
2.8483896896760337	9.846457	3.1379063
2.865921886010578	9.549862	3.090285
2.883454149445347	9.417637	3.068817
2.9009864803915177	9.423306	3.0697405
2.91851887926028	9.448259	3.073802
2.9360513464628384	9.288119	3.0476415
2.953583882410413	8.966667	2.9944394
2.9711164875142373	8.758085	2.9594061
2.9886491621855606	8.729473	2.9545681
3.0061819068356455	8.662185	2.9431589
3.023714721875769	8.583837	2.9298186
3.041247607717225	8.425798	2.9027226
3.0587805647713213	8.270522	2.8758516
3.0763135934493806	8.15934	2.8564558
3.0938466941627407	8.102608	2.846508
3.1113798673227544	7.976418	2.8242552
3.1289131133407904	7.8821893	2.8075237
3.1464464326282315	7.714047	2.7774174
3.1639798255964786	7.5706472	2.7514808
3.1815132926569443	7.5305047	2.7441766
3.1990468342210603	7.4974265	2.738143
3.216580450700272	7.308029	2.7033367
3.2341141425060416	7.141493	2.672357
3.251647910049847	7.2182913	2.6866877
3.2691817537431813	7.1768355	2.6789618
3.286715673997555	7.139058	2.6719017
3.3042496712244938	7.000515	2.6458488
3.32178374583554	6.967178	2.6395411
3.339317898242251	6.926245	2.631776
3.3568521288562034	6.8113046	2.6098475
3.3743864380889876	6.785601	2.6049187
3.3919208263522127	6.7162538	2.5915737
3.4094552940575023	6.6596565	2.580631
3.4269898416164972	6.5847855	2.5660837
3.444524469440858	6.569329	2.5630703
3.4620591779422587	6.5145974	2.552371
3.479593967532391	6.464571	2.542552
3.4971288386229658	6.3743577	2.524749
3.5146637916257086	6.38309	2.5264778
3.5321988269523628	6.460274	2.541707
3.5497339450146903	6.5266805	2.5547369
3.5672691462244708	6.4336987	2.5364738
3.5848044309934988	6.3263774	2.515229
3.60233979973359	6.2646093	2.5029202
3.619875252856575	6.2384377	2.4976864
3.6374107907743034	6.251701	2.5003402
3.6549464138986427	6.209575	2.4919019
3.6724821226414788	6.168	2.4835458
3.690017917414714	6.168172	2.4835804
3.7075537986302702	6.137462	2.4773903
3.7250897667000857	6.1770153	2.4853601
3.7426258220361235	6.354159	2.5207458
3.7601619650503553	6.783303	2.6044774
3.777698196154779	7.447041	2.7289267
3.7952345157614067	8.472322	2.9107254
3.8127709242822716	9.073679	3.0122547
3.830307422129425	10.984408	3.3142734
3.847844009714936	12.171496	3.4887671
3.8653806874508954	15.609681	3.950909
3.882917455749409	15.369248	3.9203632
3.900454315022606	15.5486145	3.9431732
3.917991265682631	12.584385	3.5474477
3.9355283081416506	10.727215	3.2752428
3.9530654428118495	8.583271	2.929722
3.970602670105433	7.4245415	2.724801
3.9881399904346244	6.503765	2.5502481
4.005677404211669	6.5052743	2.550544
4.023214911848827	6.5239797	2.5542083
4.0407525137583855	6.4745483	2.5445135
4.058290210352644	6.4179983	2.533377
4.075828002043927	6.2282767	2.4956515
4.0933658892445814	6.159952	2.481925
4.110903872366966	6.128987	2.4756792
4.128441951823468	6.123344	2.474539
4.145980128026488	6.202802	2.4905427
4.163518401388452	6.180414	2.486044
4.181056772321807	6.1809454	2.4861507
4.1985952412390155	6.1707954	2.4841087
4.216133808552567	6.103953	2.470618
4.233672474674966	6.208883	2.4917629
4.251211240018741	6.484853	2.5465374
4.268750104996445	6.7309914	2.5944154
4.286289070020643	7.7161374	2.7777936
4.303828135503928	9.396243	3.0653293
4.3213673018589125	29.765802	5.4558043
4.3389065694982305	90.93908	9.536199
4.356445938834537	166.07152	12.886874
4.3739854102805085	171.97058	13.113755
4.391524984248844	172.73021	13.142687
4.409064661152262	136.77957	11.69528
4.426604441403504	96.814	9.839411
4.444144325415337	75.48375	8.688138
4.461684313600543	21.51039	4.6379294
4.47922440637193	21.818045	4.670979
4.496764604142329	20.282845	4.503648
4.5143049073245916	18.496687	4.3007774
4.531845316331589	16.445082	4.0552535
4.5493858315762195	13.7619	3.7097034
4.566926453471405	11.397269	3.3759842
4.584467182430081	9.46258	3.0761306
4.602008018865218	8.216875	2.8665092
4.619548963189798	7.516752	2.7416694
4.637090015816834	7.029186	2.651261
4.654631177159353	6.787977	2.6053746
4.672172447630417	6.428539	2.5354564
4.689713827643102	6.294751	2.5089343
4.7072553176105085	6.029966	2.4555988
4.724796917945764	5.9065194	2.4303331
4.742338629062015	5.8178105	2.4120138
4.759880451372434	5.795722	2.4074306
4.777422385290215	5.7900147	2.406245
4.794964431228581	5.6919713	2.3857853
4.812506589600768	5.530986	2.3518047
4.830048860820047	5.509372	2.3472052
4.847591245299709	5.573572	2.3608415
4.8651337434530655	5.6678214	2.3807187
4.882676355693457	5.66207	2.3795104
4.900219082434242	5.6117334	2.3689098
4.917761924088813	5.5839076	2.3630292
4.935304881070575	5.5584617	2.357639
4.952847953792969	5.52462	2.350451
4.970391142669449	5.4844623	2.341893
4.9879344481135055	5.424913	2.3291442
5.005477870538642	5.3809495	2.3196874
5.023021410358394	5.357322	2.314589
5.040565067986324	5.452222	2.3349993
5.05810884383601	5.4679704	2.3383691
5.075652738321066	5.5219617	2.3498855
5.09319675185512	5.4351263	2.3313358
5.110740884851836	5.3216653	2.3068736
5.128285137724894	5.305778	2.3034275
5.145829510888007	5.290414	2.30009
5.163374004754908	5.3686347	2.3170314
5.1809186197393595	5.394248	2.322552
5.198463356255145	5.3392305	2.3106775
5.216008214716077	5.334876	2.309735
5.233553195535998	5.2693	2.2954955
5.251098299128764	5.27413	2.2965474
5.268643525908272	5.2331467	2.2876072
5.286188876288432	5.2449617	2.290188
5.3037343506831895	5.283232	2.2985282
5.32127994950651	5.318654	2.3062208
5.3388256731723915	5.3684483	2.316991
5.356371522094851	5.2855	2.2990215
5.373917496687938	5.239011	2.2888885
5.391463597365729	5.1911745	2.278415
5.40900982454232	5.2165217	2.2839706
5.426556178631843	5.225962	2.2860363
5.444102660048449	5.140097	2.2671783
5.4616492692063225	5.0434446	2.2457614
5.479196006519669	4.9905567	2.2339554
5.496742872402727	5.0612464	2.2497213
5.514289867269756	5.1260242	2.2640724
5.531836991535049	5.205149	2.2814796
5.549384245612924	5.2425594	2.2896636
5.566931629917724	5.260299	2.2935343
5.584479144863822	5.224531	2.2857234
5.6020267908656205	5.164366	2.272524
5.619574568337545	5.1165233	2.2619734
5.637122477694054	5.1040945	2.2592244
5.654670519349629	5.101027	2.2585454
5.672218693718784	5.0621686	2.2499263
5.689767001216059	5.062936	2.2500968
5.707315442256021	5.0939546	2.256979
5.724864017253266	5.1036677	2.2591298
5.7424127266224225	5.1501646	2.2693975
5.75996157077814	5.1314874	2.2652786
5.777510550135105	5.162895	2.2722006
5.795059665108022	5.1840615	2.2768533
5.812608916111639	5.1848783	2.2770329
5.830158303560715	5.273565	2.2964244
5.847707827870055	5.266967	2.2949874
5.86525748945448	5.3075075	2.3038027
5.8828072887288485	5.451685	2.3348844
5.900357226108044	5.52943	2.351474
5.917907302006979	5.5962925	2.3656485
5.9354575168406	6.1741376	2.4847813
5.9530078710238765	6.6927342	2.5870318
5.970558364971812	7.136318	2.6713889
5.988108999099438	7.496896	2.738046
6.005659773821818	8.030678	2.8338451
6.023210689554039	7.7921543	2.791443
6.040761746711227	8.143005	2.8535953
6.058312945708531	7.5835066	2.7538168
6.075864286961132	7.2192945	2.6868744
6.093415770884244	6.666267	2.5819116
6.1109673978931065	6.1167297	2.4732022
6.128519168402993	5.553483	2.3565829
6.146071082829204	5.3773575	2.318913
6.163623141587075	5.234807	2.28797
6.181175345091969	5.1270103	2.2642903
6.198727693759281	5.097087	2.2576728
6.216280188004435	5.135715	2.2662115
6.233832828242885	5.15816	2.2711585
6.251385614890126	5.208044	2.282114
6.268938548361669	5.1598883	2.2715387
6.286491629073067	5.0922956	2.2566116
6.304044857439898	5.056595	2.2486873
6.321598233877777	5.051802	2.2476215
6.339151758802344	5.059691	2.2493756
6.356705432629277	5.098256	2.2579317
6.37425925577428	5.0464797	2.246437
6.391813228653095	5.047724	2.2467139
6.409367351681486	4.999899	2.2360454
6.426921625275259	5.0133996	2.2390623
6.44447604985025	4.9857287	2.2328746
6.46203062582232	4.9844985	2.232599
6.47958535360737	5.008323	2.2379284
6.497140233621328	5.0870824	2.2554562
6.514695266280161	5.069699	2.251599
6.532250451999859	5.0474477	2.2466526
6.549805791196454	5.0480914	2.246796
6.567361284286002	5.1011405	2.2585704
6.584916931684597	5.1184115	2.2623906
6.602472733808367	5.138671	2.2668636
6.6200286910734665	5.105091	2.259445
6.637584803896092	5.1017513	2.2587056
6.655141072692462	5.0307155	2.2429256
6.672697497878842	4.9928136	2.2344604
6.690254079871514	4.941514	2.2229517
6.707810819086808	5.0027986	2.2366936
6.725367715941078	5.0465026	2.2464423
6.742924770850719	5.044162	2.2459211
6.760481984232151	4.9910154	2.2340581
6.778039356501836	4.9195747	2.2180114
6.795596888076266	4.947803	2.2243657
6.813154579371963	5.010826	2.2384875
6.830712430805492	5.0539184	2.2480922
6.84827044279344	5.079446	2.2537625
6.865828615752445	5.093013	2.2567704
6.883386950099159	5.1024857	2.2588682
6.900945446250287	5.054225	2.2481604
6.918504104622553	5.018756	2.240258
6.936062925632727	4.9974365	2.2354946
6.953621909697607	5.0406866	2.2451472
6.971181057234028	5.0926075	2.2566807
6.988740368658859	5.125759	2.264014
7.006299844389007	5.1052737	2.2594852
7.023859484841407	5.2005453	2.2804704
7.041419290433036	5.3266726	2.3079586
7.058979261580902	5.501268	2.3454783
7.0765393987020495	5.763681	2.4007668
7.094099702213559	6.1142626	2.4727035
7.111660172532549	6.467333	2.543095
7.129220810076164	6.802271	2.6081164
7.146781615261595	7.504699	2.7394707
7.16434258850606	7.701868	2.775224
7.181903730226821	8.0990715	2.8458867
7.1994650408411704	8.149392	2.854714
7.217026520766437	8.299224	2.8808374
7.234588170419983	8.612461	2.9346995
7.252149990219215	8.601388	2.9328122
7.269711980581568	8.506041	2.9165118
7.2872741419245175	8.327927	2.8858147
7.304836474665574	7.8554473	2.802757
7.322398979222286	7.5007124	2.7387428
7.339961656012233	7.1215773	2.6686285
7.357524505453039	6.8024983	2.60816
7.375087527962357	6.5757914	2.5643306
7.392650723957886	6.3385553	2.5176487
7.410214093857353	5.9689503	2.4431436
7.427777638078528	5.739674	2.3957617
7.445341357039213	5.5471945	2.3552482
7.4629052511572525	5.438005	2.331953
7.480469320850524	5.362032	2.315606
7.498033566536948	5.2673965	2.295081
7.5155979886344735	5.155906	2.270662
7.5331625875610975	5.114579	2.2615435
7.550727363734844	5.125336	2.2639205
7.568292317573788	5.1573634	2.270983
7.585857449496025	5.170947	2.2739716
7.603422759919705	5.181435	2.2762766
7.620988249263007	5.2217913	2.2851238
7.638553917944147	5.247122	2.2906597
7.656119766381391	5.290319	2.3000693
7.673685794993023	5.2449527	2.2901862
7.691252004197388	5.2640686	2.2943559
7.70881839441285	5.243643	2.2899
7.726384966057826	5.196707	2.2796288
7.743951719550762	5.210959	2.2827525
7.761518655310149	5.1975284	2.2798088
7.779085773754511	5.2430124	2.2897625
7.796653075302419	5.3138614	2.3051815
7.814220560372475	5.3554907	2.3141932
7.831788229383323	5.3847623	2.320509
7.8493560827536495	5.4789248	2.3407104
7.866924120902174	5.52648	2.3508468
7.884492344247663	5.5075693	2.346821
7.9020607532089135	5.4277706	2.3297577
7.919629348204771	5.3509545	2.313213
7.937198129654115	5.3373065	2.3102612
7.954767097975865	5.327576	2.3081543
7.972336253588986	5.3038073	2.3029997
7.989905596912472	5.311452	2.3046587
8.007475128365371	5.411068	2.3261702
8.025044848366756	5.473486	2.3395483
8.042614757335754	5.603308	2.3671308
8.060184855691523	5.650537	2.377086
8.07775514385327	5.77174	2.4024446
8.095325622240228	5.848452	2.4183574
8.112896291271687	5.9058704	2.4301996
8.130467151366968	5.9705014	2.443461
8.148038202945436	5.9913425	2.447722
8.165609446426497	5.973046	2.4439816
8.183180882229594	5.937955	2.436792
8.200752510774217	5.8974023	2.4284568
8.218324332479893	5.962707	2.4418654
8.235896347766193	6.038087	2.4572518
8.253468557052724	6.085927	2.466967
8.27104096075914	6.0572457	2.4611473
8.288613559305137	6.104989	2.4708276
8.306186353110448	6.134179	2.4767275
8.32375934259485	6.2291026	2.495817
8.341332528178162	6.204631	2.4909096
8.358905910280246	6.2239146	2.4947774
8.376479489321003	6.249599	2.49992
8.394053265720377	6.293937	2.5087721
8.411627239898356	6.3096147	2.5118947
8.42920141227497	6.192119	2.488397
8.44677578327029	6.1414733	2.4781997
8.464350353304427	6.0901213	2.467817
8.48192512279754	6.159138	2.4817612
8.499500092169827	6.238201	2.4976392
8.51707526184153	6.255387	2.5010772
8.534650632232934	6.2646694	2.502932
8.552226203764365	6.2785015	2.505694
8.569801976856192	6.275655	2.5051258
8.587377951928834	6.3236294	2.5146828
8.60495412940274	6.333673	2.516679
8.622530509698416	6.337911	2.517521
8.6401070932364	6.4864354	2.546848
8.657683880437283	6.5544786	2.5601716
8.675260871721695	6.7262454	2.5935006
8.692838067510303	6.8867874	2.624269
8.710415468223834	7.060028	2.6570714
8.727993074283043	7.2060966	2.6844175
8.745570886108737	7.1701264	2.677709
8.763148904121765	7.1603236	2.675878
8.78072712874302	7.0524035	2.655636
8.798305560393441	7.3044257	2.70267
8.815884199494006	7.463221	2.7318897
8.833463046465745	7.7427807	2.7825851
8.851042101729728	7.9124274	2.8129036
8.86862136570707	8.314243	2.8834429
8.886200838818924	8.406338	2.8993685
8.903780521486505	8.452574	2.907331
8.921360414131055	8.51868	2.9186778
8.938940517173874	8.6701975	2.94452
8.956520831036297	8.832371	2.9719305
8.97410135613971	9.138698	3.023028
8.99168209290554	9.241452	3.0399756
9.009263041755265	9.474328	3.0780396
9.026844203110405	9.725595	3.1185887
9.044425577392525	9.9577055	3.1555831
9.062007165023239	10.061684	3.1720157
9.079588966424197	10.253356	3.2020862
9.097170982017108	10.330295	3.2140775
9.11475321222372	11.157889	3.3403428
9.132335657465825	12.011213	3.4657197
9.149918318165264	12.0525465	3.4716778
9.167501194743924	12.722286	3.5668314
9.18508428762374	12.390422	3.520003
9.202667597226693	12.310793	3.508674
9.220251123974803	11.905986	3.4505053
9.237834868290143	11.672907	3.4165635
9.255418830594836	11.572785	3.4018798
9.273003011311046	11.148498	3.3389366
9.290587410860985	10.899177	3.3013902
9.308172029666911	10.233754	3.199024
9.32575686815113	9.990342	3.1607502
9.343341926735997	8.799504	2.9663959
9.360927205843916	8.564402	2.9264998
9.378512705897327	8.34568	2.888889
9.396098427318728	8.178855	2.8598697
9.413684370530664	8.133858	2.851992
9.431270535955722	7.933111	2.816578
9.448856924016539	7.820023	2.7964303
9.466443535135806	7.7064877	2.776056
9.484030369736251	7.731534	2.7805636
9.501617428240658	7.7607856	2.7858186
9.519204711071852	7.798889	2.792649
9.536792218652714	7.7981396	2.7925148
9.55437995140617	7.790998	2.791236
9.571967909755191	7.788643	2.790814
9.589556094122802	7.8668838	2.8047965
9.60714450493207	7.959322	2.821227
9.624733142606116	8.042696	2.8359647
9.642322007568108	8.036003	2.8347845
9.659911100241267	7.954138	2.8203082
9.677500421048851	7.9034595	2.8113093
9.695089970414175	7.971769	2.8234322
9.712679748760609	8.091024	2.8444726
9.730269756511557	8.1513405	2.8550553
9.747859994090492	8.129303	2.8511932
9.765450461920915	8.10486	2.8469036
9.78304116042639	8.076228	2.8418705
9.800632090030527	8.067597	2.8403516
9.81822325115699	8.12162	2.8498456
9.835814644229481	8.185707	2.8610675
9.853406269671762	8.281424	2.8777463
9.870998127907646	8.374437	2.893862
9.888590219360985	8.373532	2.8937056
9.906182544455698	8.395259	2.8974574
9.923775103615734	8.303826	2.8816361
9.941367897265108	8.264271	2.8747644
9.958960925827878	8.301524	2.8812366
9.97655418972816	8.336734	2.8873403
9.994147689390106	8.41336	2.9005792
10.011741425237934	8.368122	2.8927708
10.029335397695904	8.349745	2.8895924
10.04692960718833	8.263208	2.8745797
10.06452405413958	8.235522	2.86976
10.082118738974064	8.230863	2.868948
10.099713662116246	8.239611	2.8704722
10.117308823990651	8.281715	2.877797
10.134904225021844	8.26	2.8740215
10.152499865634445	8.260655	2.8741355
10.170095746253125	8.28793	2.8788764
10.18769186730261	8.216372	2.8664215
10.205288229207675	8.179502	2.8599827
10.222884832393145	8.165466	2.857528
10.2404816772839	8.1949625	2.8626845
10.258078764304868	8.162912	2.8570812
10.275676093881035	8.082273	2.842934
10.293273666437438	8.079112	2.842378
10.310871482399158	8.125417	2.8505116
10.32846954219134	8.174182	2.8590527
10.346067846239173	8.189082	2.8616571
10.363666394967908	8.179912	2.8600545
10.38126518880283	8.136313	2.8524225
10.398864228169298	8.092857	2.8447948
10.416463513492713	8.16331	2.8571508
10.434063045198531	8.200857	2.863714
10.451662823712262	8.222856	2.8675523
10.469262849459467	8.224038	2.8677583
10.486863122865758	8.117121	2.849056
10.504463644356806	8.110105	2.8478246
10.522064414358338	8.005801	2.8294525
10.539665433296118	7.9196453	2.8141863
10.557266701595987	7.8271213	2.7976992
10.574868219683818	7.8402615	2.8000467
10.592469987985552	7.7639456	2.7863858
10.610072006927185	7.713954	2.7774005
10.627674276934751	7.6271176	2.7617238
10.64527679843435	7.4363546	2.726968
10.662879571852143	7.299554	2.7017686
10.680482597614331	7.132417	2.6706586
10.698085876147173	7.0217714	2.6498625
10.715689407876988	6.9396434	2.6343203
10.733293193230146	6.9081454	2.628335
10.750897232633072	6.8094335	2.6094892
10.76850152651225	6.65192	2.5791316
10.786106075294207	6.5614038	2.5615237
10.803710879405534	6.422638	2.5342925
10.821315939272877	6.4051657	2.5308428
10.83892125532294	6.362712	2.5224416
10.856526827982472	6.30634	2.5112429
10.874132657678285	6.272883	2.5045724
10.891738744837243	6.1841416	2.4867935
10.909345089886271	6.173651	2.4846833
10.926951693252343	6.136579	2.477212
10.944558555362494	6.064261	2.462572
10.96216567664381	6.036096	2.4568467
10.979773057523436	5.9661007	2.4425602
10.997380698428573	5.9018273	2.4293678
11.014988599786477	5.8319707	2.4149473
11.032596762024461	5.778444	2.4038393
11.050205185569892	5.7095647	2.3894696
11.067813870850198	5.5989356	2.3662071
11.085422818292859	5.494407	2.3440151
11.10303202832541	5.4157543	2.3271773
11.120641501375454	5.4397206	2.332321
11.138251237870636	5.392124	2.3220947
11.155861238238671	5.315811	2.3056042
11.173471502907317	5.218579	2.284421
11.191082032304402	5.1529036	2.2700007
11.208692826857805	5.086431	2.2553117
11.226303886995465	5.000613	2.236205
11.243915213145371	4.9949417	2.2349367
11.261526805735578	4.9621615	2.227591
11.279138665194196	4.9466696	2.224111
11.296750791949393	4.896951	2.2129056
11.314363186429393	4.8685894	2.2064881
11.331975849062479	4.8115396	2.1935222
11.34958878027699	4.7714186	2.1843576
11.36720198050133	4.7138734	2.1711457
11.384815450163948	4.619118	2.1492133
11.402429189693366	4.548368	2.1326904
11.420043199518153	4.4555936	2.1108277
11.437657480066942	63.414112	7.963298
11.455272031768422	85.13399	9.226809
11.472886855051353	107.53171	10.36975
11.490501950344528	99.15372	9.957596
11.508117318076819	84.519295	9.193438
11.52573295867715	45.904232	6.775266
11.543348872574514	4.198929	2.0491288
11.560965060197946	4.136373	2.0338075
11.57858152197655	4.0634885	2.0158095
11.59619825833949	4.0458083	2.0114195
11.613815269715985	3.9865837	1.9966431
11.631432556535323	38.47045	6.202455
11.649050119226837	83.005646	9.1107435
11.666667958219929	93.42091	9.665449
11.68428607394406	107.687	10.377234
11.701904466828756	82.55196	9.085811
11.719523137303586	65.39728	8.086859
11.737142085798196	4.654017	2.1573172
11.754761312742286	3.739625	1.933811
11.772380818565619	3.6669495	1.9149281
11.790000603698015	3.6438575	1.908889
11.80762066856935	3.6041067	1.8984485
11.825241013609572	3.5880284	1.8942091
11.842861639248683	3.6274452	1.9045854
11.860482545916748	3.5827136	1.8928057
11.878103734043883	3.5023973	1.8714693
11.895725204060282	3.4027836	1.8446635
11.91334695639619	3.3925025	1.8418747
11.930968991481919	3.3781843	1.8379837
11.948591309747824	3.3684113	1.8353232
11.966213911624347	3.3496609	1.8302078
11.98383679754198	3.2931514	1.8147042
12.001459967931268	3.2464566	1.8017926
12.019083423222835	3.2508106	1.8030005
12.036707163847352	3.242095	1.8005818
12.05433119023556	3.2542374	1.8039505
12.071955502818259	3.2247143	1.795749
12.089580102026313	3.2164187	1.7934377
12.107204988290643	3.1926484	1.7867984
12.12483016204224	3.118483	1.7659227
12.142455623712152	3.1013548	1.7610664
12.16008137373149	3.1175532	1.7656595
12.177707412531431	3.0974565	1.7599592
12.19533374054321	3.0484161	1.7459714
12.212960358198126	3.051863	1.7469583
12.230587265927545	3.044993	1.7449908
12.248214464162889	3.0350757	1.7421468
12.265841953335649	2.995156	1.7306519
12.283469733877375	2.9708946	1.7236283
12.301097806219685	2.9516435	1.7180347
12.31872617079425	2.9117963	1.7063986
12.336354828032825	2.8865633	1.6989889
12.353983778367205	2.8922148	1.7006513
12.371613022229262	2.895685	1.7016712
12.389242560050928	2.9329195	1.7125769
12.406872392264201	2.950508	1.7177043
12.424502519301143	2.9317431	1.7122334
12.442132941593874	2.880178	1.6971087
12.459763659574586	2.8408225	1.6854739
12.477394673675532	2.8435771	1.686291
12.49502598432903	2.8698735	1.6940701
12.51265759196746	2.8936327	1.701068
12.530289497023267	2.8541412	1.6894203
12.547921699928967	2.8113513	1.6767085
12.565554201117134	2.7707903	1.6645691
12.583187001020404	2.784993	1.6688298
12.600820100071486	2.7906744	1.6705312
12.618453498703152	2.7429223	1.656177
12.636087197348235	2.7121904	1.6468729
12.65372119643964	2.73317	1.6532302
12.671355496410326	2.7786133	1.6669173
12.68899009769333	2.808427	1.6758362
12.706625000721749	2.8251011	1.6808038
12.724260205928752	2.8788984	1.6967317
12.741895713747551	2.949228	1.7173316
12.759531524611454	2.992469	1.7298754
12.777167638953818	2.997118	1.7312187
12.794804057208072	2.9938345	1.73027
12.812440779807702	3.012503	1.7356564
12.830077807186271	3.1639144	1.7787396
12.847715139777405	3.2327507	1.7979852
12.865352778014795	3.4786482	1.8651135
12.882990722332197	3.6128373	1.9007465
12.90062897316344	3.6600196	1.9131178
12.918267530942412	3.6733596	1.9166011
12.935906396103071	3.543055	1.8823005
12.953545569079449	3.6516187	1.9109209
12.971185050305628	3.5087578	1.8731679
12.988824840215775	3.5554876	1.8856001
13.006464939244115	3.5535238	1.8850793
13.024105347824943	3.4428113	1.8554814
13.041746066392617	3.5481129	1.8836435
13.05938709538157	3.3541543	1.8314351
13.077028435226296	3.3435612	1.8285407
13.094670086361363	3.2251067	1.7958583
13.112312049221401	3.1264784	1.768185
13.129954324241112	3.0646036	1.7506009
13.147596911855258	2.8865492	1.6989847
13.165239812498685	2.8393402	1.6850342
13.182883026606293	2.76205	1.6619416
13.200526554613058	2.6958935	1.6419176
13.218170396954017	2.6496832	1.6277847
13.235814554064284	2.6220493	1.6192744
13.253459026379034	2.6523507	1.6286039
13.271103814333523	2.681572	1.6375506
13.288748918363058	2.6945355	1.641504
13.306394338903031	2.7016025	1.6436552
13.32404007638889	2.6929743	1.6410284
13.341686131256164	2.736221	1.6541526
13.359332503940449	2.6815119	1.6375322
13.376979194877402	2.642555	1.6255938
13.394626204502751	2.6711154	1.6343547
13.412273533252307	2.7035964	1.6442616
13.429921181561937	2.7318523	1.6528316
13.447569149867581	2.727823	1.6516123
13.465217438605247	2.7174468	1.648468
13.482866048211022	2.714858	1.6476827
13.500514979121052	2.731231	1.6526437
13.518164231771568	2.7165723	1.6482028
13.535813806598844	2.6929579	1.6410234
13.553463704039254	2.6958437	1.6419024
13.571113924529229	2.69738	1.6423702
13.588764468505275	2.693861	1.6412985
13.606415336403956	2.6848843	1.6385616
13.624066528661917	2.689907	1.6400936
13.641718045715882	2.7544506	1.6596538
13.659369888002635	2.819123	1.6790245
13.67702205595903	2.9079823	1.7052808
13.694674550021993	3.0471768	1.7456164
13.712327370628532	3.1440454	1.7731456
13.729980518215713	3.2048256	1.7902027
13.747633993220681	3.2244368	1.7956717
13.765287796080647	3.215053	1.793057
13.7829419272329	3.2501276	1.802811
13.800596387114801	3.2788231	1.810752
13.818251176163775	3.3394578	1.8274183
13.835906294817324	3.3925178	1.8418789
13.853561743513023	3.4330094	1.8528382
13.871217522688525	3.4328923	1.8528066
13.888873632781538	3.4602754	1.8601816
13.906530074229858	3.5191677	1.8759445
13.92418684747135	3.5164125	1.87521
13.941843952943948	3.536671	1.8806039
13.959501391085665	3.4812257	1.8658043
13.977159162334578	3.4256485	1.8508507
13.994817267128846	3.3772292	1.837724
14.012475705906693	3.2994857	1.8164487
14.030134479106424	3.2264602	1.796235
14.047793587166414	3.146674	1.7738867
14.065453030525108	3.0749362	1.7535496
14.083112809621026	2.9808936	1.7265265
14.100772924892766	2.93148	1.7121565
14.118433376778997	2.8895307	1.699862
14.136094165718458	2.8553622	1.6897817
14.153755292149969	2.8270245	1.6813757
14.171416756512416	2.7627702	1.6621583
14.189078559244768	2.7147136	1.6476388
14.20674070078606	2.6379347	1.624172
14.224403181575408	2.5692875	1.6028997
14.242066002051999	2.502734	1.5820031
14.259729162655093	2.4551003	1.5668759
14.277392663824022	2.4688725	1.5712646
14.295056505998208	2.4646122	1.5699084
14.312720689617128	2.4627573	1.5693175
14.330385215120348	2.4219213	1.5562524
14.348050082947497	2.392486	1.5467663
14.3657152935383	2.3747728	1.5410298
14.383380847332528	2.3804226	1.5428618
14.401046744770051	2.4151065	1.5540613
14.418712986290798	2.4240851	1.5569474
14.436379572334793	2.4219623	1.5562655
14.454046503342123	2.396802	1.5481608
14.471713779752946	2.4072037	1.5515165
14.489381402007504	2.4042664	1.5505697
14.507049370546113	2.41202	1.5530679
14.524717685809168	2.4032261	1.5502342
14.542386348237134	2.4199247	1.5556108
14.560055358270553	2.4335806	1.5599937
14.577724716350051	2.472216	1.5723282
14.595394422916325	2.4635315	1.5695641
14.61306447841015	2.4714923	1.572098
14.63073488327237	2.4531581	1.566256
14.648405637943917	2.4435127	1.5631739
14.6660767428658	2.4450881	1.5636778
14.683748198479094	2.481948	1.5754199
14.701420005224954	2.5503452	1.59698
14.719092163544628	2.5980217	1.611838
14.73676467387942	2.6372871	1.6239727
14.754437536670727	2.6418624	1.6253806
14.772110752360014	2.6320941	1.622373
14.78978432138882	2.6406848	1.6250184
14.807458244198777	2.6582649	1.6304187
14.82513252123159	2.653414	1.6289303
14.842807152929028	2.67778	1.6363924
14.860482139732962	2.6664429	1.6329247
14.87815748208531	2.6357114	1.6234875
14.8958331804281	2.6582842	1.6304245
14.91350923520342	2.6632578	1.6319491
14.931185646853438	2.7152476	1.6478008
14.948862415820408	2.7095966	1.6460853
14.966539542546656	2.7196307	1.6491303
14.98421702747459	2.658284	1.6304245
15.001894871046696	2.6599777	1.6309438
15.019573073705542	2.662317	1.6316608
15.037251635893766	2.688262	1.639592
15.054930558054092	2.6969857	1.6422502
15.072609840629323	2.7443914	1.6566205
15.090289484062351	2.8699384	1.6940893
15.107969488796124	3.1358666	1.7708378
15.125649855273691	3.5285575	1.8784455
15.14333058393817	4.0663676	2.0165236
15.161011675232768	5.0868335	2.255401
15.17869312960076	6.461973	2.542041
15.196374947485506	8.253957	2.87297
15.214057129330447	11.289495	3.3599844
15.231739675579114	15.746337	3.9681654
15.249422586675102	20.602766	4.539027
15.267105863062092	23.624804	4.860535
15.284789505183847	23.976503	4.8965807
15.302473513484218	21.860918	4.675566
15.320157888407127	18.259531	4.273117
15.337842630396578	14.178062	3.7653768
15.355527739896656	11.0280285	3.3208475
15.37321321735153	8.612441	2.934696
15.39089906320545	6.352766	2.5204694
15.408585277902748	4.8263865	2.196904
15.42627186188783	3.8093736	1.9517617
15.443958815605198	3.3098547	1.8193007
15.461646139499424	3.0290256	1.7404096
15.479333834015168	2.8357215	1.6839601
15.497021899597165	2.7236626	1.6503522
15.514710336690234	2.7104907	1.6463568
15.53239914573928	2.7274277	1.6514926
15.550088327189297	2.6894946	1.6399679
15.567777881485336	2.6436265	1.6259233
15.58546780907256	2.5510814	1.5972105
15.6031581103962	2.516785	1.5864378
15.620848785901568	2.486106	1.5767391
15.638539836034063	2.472732	1.5724924
15.656231261239173	2.449185	1.5649872
15.673923061962451	2.4568663	1.5674394
15.691615238649552	2.436326	1.5608735
15.709307791746202	2.3869276	1.5449685
15.727000721698221	2.3233702	1.5242605
15.744694028951498	2.357783	1.5355074
15.76238771395202	2.3934677	1.5470836
15.780081777145844	2.3991597	1.5489221
15.797776218979125	2.3691528	1.5392052
15.815471039898094	2.3460307	1.5316758
15.833166240349064	2.3154655	1.5216653
15.850861820778437	2.3194501	1.5229741
15.868557781632699	2.3552673	1.534688
15.886254123358412	2.3634677	1.5373573
15.903950846402232	2.332724	1.5273257
15.921647951210897	2.3455446	1.531517
15.939345438231225	2.3815534	1.5432283
15.957043307910133	2.426261	1.5576459
15.974741560694602	2.4175477	1.5548465
15.992440197031714	2.431058	1.559185
16.01013921736862	2.415651	1.5542365
16.02783862215259	2.3882763	1.5454049
16.045538411830933	2.35809	1.5356073
16.06323858685107	2.3714607	1.5399548
16.080939147660512	2.3859878	1.5446643
16.09864009470684	2.3958678	1.5478591
16.11634142843774	2.3784423	1.5422199
16.134043149300954	2.4147391	1.553943
16.15174525774433	2.4232697	1.5566854
16.169447754215817	2.440921	1.5623448
16.18715063916342	2.422806	1.5565366
16.204853913035244	2.4157743	1.5542761
16.222557576279478	2.4201033	1.5556681
16.240261629344403	22.382866	4.7310534
16.257966072678386	42.927826	6.551933
16.275670906729868	38.063595	6.16957
16.293376131947387	2.5178025	1.5867585
16.31108174877957	2.5067234	1.5832635
16.328787757675133	2.489082	1.5776825
16.34649415908287	2.4716983	1.5721636
16.364200953451657	2.531577	1.5910931
16.38190814123048	2.594034	1.6106005
16.39961572286839	2.6400592	1.624826
16.41732369881455	2.7053037	1.6447808
16.43503206951817	2.7336047	1.6533617
16.45274083542859	2.7375336	1.6545494
16.47044999699522	2.7285295	1.6518261
16.488159554667558	2.7688825	1.663996
16.505869508895184	2.841837	1.6857749
16.523579860127786	2.887639	1.6993054
16.541290608815117	2.923762	1.7099012
16.559001755407035	2.9716647	1.7238517
16.57671330035348	3.0474179	1.7456855
16.59442524410448	3.1174235	1.7656227
16.61213758711015	3.1315222	1.7696108
16.629850329820705	3.1699202	1.780427
16.647563472686436	3.2456844	1.8015783
16.665277016157724	3.3454382	1.8290539
16.682990960685053	3.417996	1.8487823
16.70070530671898	3.4130037	1.8474317
16.718420054710155	3.4232635	1.8502064
16.736135205109335	3.4585748	1.8597244
16.753850758367335	3.571802	1.8899212
16.771566714935087	3.6262019	1.9042588
16.789283075263597	3.6914144	1.9213054
16.80699983980398	3.709343	1.9259654
16.82471700900741	3.763694	1.9400243
16.84243458332518	3.827813	1.9564797
16.860152563208665	3.908146	1.9769031
16.87787094910932	3.9968219	1.9992054
16.89558974147871	4.037399	2.009328
16.913308940768466	4.1318283	2.0326898
16.931028547430333	4.222104	2.054776
16.94874856191613	4.281681	2.0692225
16.966468984677785	4.3415337	2.0836346
16.98418981616729	4.3351707	2.0821073
17.00191105683676	4.4112163	2.1002896
17.019632707138374	4.4792523	2.1164243
17.03735476752442	4.549234	2.1328933
17.05507723844728	4.5543866	2.134101
17.072800120359403	4.5649204	2.1365674
17.090523413713353	4.5882797	2.142027
17.108247118961785	4.601608	2.1451359
17.125971236557437	4.637357	2.1534524
17.143695766953133	4.644505	2.1551113
17.161420710601806	4.663681	2.1595557
17.179146067956477	4.6656694	2.160016
17.19687183947025	4.6474643	2.1557977
17.21459802559634	4.6504807	2.1564972
17.232324626788028	4.6495414	2.1562796
17.25005164349871	4.6394553	2.1539395
17.267779076181863	4.651689	2.1567774
17.285506925291074	4.6260743	2.150831
17.30323519127999	4.6288667	2.1514802
17.320963874602384	4.590905	2.1426399
17.33869297571211	4.527336	2.1277537
17.356422495063114	4.486677	2.118178
17.37415243310944	4.4785066	2.1162481
17.391882790305218	4.494249	2.1199644
17.40961356710468	4.536596	2.1299286
17.42734476396215	4.5316963	2.1287782
17.445076381332044	4.511747	2.1240873
17.462808419668868	4.532916	2.1290646
17.48054087942723	4.689016	2.1654136
17.498273761061835	5.0334115	2.2435265
17.51600706502747	5.533975	2.3524404
17.533740791779024	6.2292247	2.4958415
17.551474941771485	7.6463947	2.7652116
17.56920951545993	8.735675	2.9556174
17.586944513299528	10.79979	3.2863035
17.60467993574556	12.202705	3.493237
17.622415783253373	13.738027	3.7064843
17.64015205627843	15.015456	3.8749783
17.657888755276293	16.082483	4.0102973
17.675625880702604	16.500841	4.062123
17.69336343301311	16.26327	4.0327744
17.71110141266366	15.550347	3.9433928
17.728839820110178	14.719014	3.8365366
17.746578655808705	14.056641	3.7492187
17.764317920215372	12.715627	3.5658977
17.7820576137864	11.311256	3.3632212
17.79979773697811	9.331108	3.0546863
17.81753829024692	7.5235186	2.7429032
17.835279274049356	5.876837	2.424219
17.85302068884201	4.9139366	2.2167401
17.870762535081607	4.2579613	2.0634828
17.888504813224934	3.9441378	1.9859854
17.90624752372891	3.704161	1.9246197
17.923990667050536	3.5566418	1.8859061
17.941734243646895	3.4872046	1.8674059
17.959478253975185	3.478312	1.8650234
17.9772226984927	3.45736	1.8593978
17.994967577656833	3.390422	1.8413099
18.01271289192506	3.3249795	1.8234526
18.030458641754965	3.292934	1.8146443
18.04820482760425	3.309961	1.8193299
18.06595144993067	3.3110628	1.8196326
18.083698509192125	3.2899816	1.8138306
18.101446005846576	3.2629094	1.8063525
18.119193940352105	3.2034094	1.7898071
18.136942313166887	3.1901314	1.786094
18.1546911247492	3.1649282	1.7790245
18.1724403755574	3.1383526	1.7715396
18.19019006604997	3.1132486	1.7644401
18.207940196685467	3.07321	1.7530574
18.225690767922575	3.0527177	1.7472029
18.243441780220046	3.0689318	1.7518367
18.261193234036764	3.061629	1.7497511
18.278945129831676	3.0541182	1.7476035
18.29669746806386	3.0641792	1.7504797
18.314450249192483	3.0750642	1.753586
18.3322034736768	3.062548	1.7500137
18.349957141976184	3.0419185	1.7441096
18.3677112545501	3.0085316	1.7345119
18.385465811858108	3.0138538	1.7360455
18.403220814359884	3.0388918	1.7432418
18.420976262515172	3.0458183	1.7452273
18.43873215678387	3.1042445	1.7618866
18.456488497625923	3.1657372	1.7792518
18.474245285501407	3.2562938	1.8045204
18.492002520870486	3.3182862	1.8216164
18.50976020419343	3.375966	1.8373802
18.527518335930615	3.666932	1.9149235
18.545276916542516	4.208282	2.0514097
18.563035946489688	4.3590283	2.0878286
18.580795426232832	4.8566885	2.2037895
18.598555356232698	4.8175197	2.1948848
18.616315736950185	5.172665	2.2743495
18.63407656884626	4.790572	2.1887376
18.65183785238201	4.978258	2.231201
18.669599588018617	4.7878275	2.1881106
18.68736177621737	4.8204837	2.19556
18.705124417439652	4.7480564	2.1790035
18.72288751214696	4.5089097	2.1234193
18.740651060800886	4.6891313	2.16544
18.758415063863115	4.4209933	2.1026158
18.77617952179546	4.630982	2.1519716
18.793944435059814	4.3419685	2.083739
18.811709804118184	4.3005576	2.0737786
18.829475629432675	4.2158484	2.0532532
18.8472419114655	3.996666	1.9991664
18.86500865067897	4.099747	2.0247831
18.88277584753551	3.777284	1.9435235
18.90054350249763	3.7924056	1.94741
18.918311616027957	3.4212873	1.8496722
18.936080188589226	3.3062592	1.8183122
18.953849220644265	3.0530672	1.7473029
18.971618712656007	2.9364457	1.713606
18.9893886650875	2.886381	1.6989353
19.007159078401887	7.9840107	2.8255992
19.024929953062408	32.83225	5.7299433
19.042701289532435	32.799362	5.7270727
19.060473088275405	25.377396	5.037598
19.07824534975489	2.63082	1.6219803
19.096018074434568	2.6086285	1.615125
19.113791262778197	2.6373384	1.6239884
19.13156491524966	2.6115906	1.6160417
19.149339032312945	2.597267	1.6116039
19.167113614432136	2.5871315	1.6084563
19.184888662071433	2.5862749	1.60819
19.202664175695123	2.5598433	1.599951
19.220440155767623	2.5284438	1.5901082
19.238216602753447	2.521216	1.5878338
19.2559935171172	2.5036857	1.5823039
19.27377089932361	2.487766	1.5772654
19.291548749837514	2.5088654	1.5839398
19.309327069123835	2.512913	1.585217
19.32710585764763	2.5133994	1.5853704
19.344885115874032	2.493846	1.5791916
19.362664844268313	2.4488914	1.5648934
19.380445043295822	2.4625669	1.5692568
19.39822571342203	2.4870203	1.577029
19.41600685511252	2.4725084	1.5724212
19.43378846883297	2.478422	1.5743004
19.451570555049173	2.4695456	1.5714788
19.469353114227037	2.4860528	1.5767221
19.48713614683254	2.5063446	1.5831438
19.50491965333182	2.5595195	1.5998498
19.52270363419109	2.554167	1.5981761
19.540488089876686	2.5277593	1.5898929
19.55827302085503	2.5132134	1.5853118
19.576058427592674	2.5115423	1.5847846
19.593844310556282	2.505981	1.583029
19.611630670212598	2.480523	1.5749676
19.629417507028506	2.4800048	1.5748031
19.64720482147098	2.499544	1.5809946
19.6649926140071	2.4894717	1.577806
19.682780885104084	2.5173385	1.5866122
19.70056963522921	2.5117261	1.5848427
19.718358864849908	2.5209625	1.5877539
19.7361485744337	2.4925163	1.5787705
19.753938764448215	2.4688358	1.571253
19.771729435361202	2.443636	1.5632133
19.789520587640506	2.4588256	1.5680643
19.807312221754092	2.4893332	1.5777621
19.825104338170043	2.5184047	1.5869483
19.842896937356517	2.5277286	1.5898832
19.860690019781824	2.506582	1.5832189
19.87848358591436	2.4937325	1.5791556
19.896277636222635	2.4606106	1.5686333
19.914072171175278	2.4851658	1.5764409
19.931867191241015	2.4915729	1.5784717
19.94966269688869	2.481548	1.5752931
19.967458688587264	2.4498346	1.5651947
19.985255166805807	2.4451044	1.5636829
20.00305213201348	2.4602392	1.568515
20.020849584679578	2.4555216	1.5670104
20.038647525273507	2.4836411	1.5759572
20.05644595426477	2.480581	1.5749861
20.07424487212299	2.4603167	1.5685396
20.092044279317903	2.4465191	1.5641353
20.109844176319353	2.455745	1.5670817
20.127644563597304	2.44756	1.564468
20.145445441621817	2.4449847	1.5636446
20.16324681086307	2.4518795	1.5658479
20.181048671791373	2.4686277	1.5711867
20.198851024877122	2.4448295	1.563595
20.216653870590836	2.4249077	1.5572115
20.234457209403146	2.4187627	1.5552372
20.252261041784802	2.3663995	1.5383106
20.270065368206662	2.3670528	1.538523
20.287870189139685	2.3576615	1.5354679
20.305675505054968	2.3977005	1.5484511
20.323481316423702	2.3970892	1.5482537
20.341287623717207	2.4258854	1.5575254
20.359094427406884	2.4686882	1.571206
20.376901727964288	2.46007	1.568461
20.39470952586107	2.412932	1.5533615
20.41251782156899	2.347713	1.5322249
20.430326615559935	2.3143103	1.5212858
20.448135908305886	2.3124876	1.5206865
20.465945700278965	2.3238113	1.5244052
20.483755991951384	2.318662	1.5227153
20.50156678379548	2.2863197	1.5120581
20.519378076283708	2.2515352	1.5005116
20.537189869888635	2.2346203	1.4948647
20.55500216508294	2.2492652	1.499755
20.572814962339415	2.2861607	1.5120056
20.59062826213098	2.3178952	1.5224636
20.60844206493066	2.3245468	1.5246464
20.626256371211593	2.3283515	1.5258937
20.644071181447032	2.3403094	1.529807
20.66188649611036	2.3189578	1.5228125
20.67970231567506	2.2923958	1.514066
20.697518640614742	2.268068	1.5060107
20.715335471403122	2.28843	1.5127558
20.73315280851404	2.2865446	1.5121324
20.750970652421447	2.275028	1.5083196
20.768789003599412	2.2467916	1.4989301
20.786607862522136	2.2138398	1.4878978
20.8044272296639	2.2196789	1.4898586
20.82224710549913	2.2670476	1.5056719
20.84006749050237	2.3307521	1.5266801
20.857888385148268	3.8882148	1.9718556
20.8757097899116	45.98074	6.78091
20.893531705267254	64.81062	8.050505
20.911354131690224	83.80836	9.154691
20.92917706965566	69.08552	8.3117695
20.94700051963877	50.12345	7.0797915
20.96482448211493	29.353027	5.4178433
20.982648957559622	4.099031	2.0246065
21.00047394644843	2.2865329	1.5121286
21.01829944925707	2.3041704	1.5179493
21.036125466461375	2.27602	1.5086484
21.053951998537297	2.2410824	1.4970245
21.071779045960906	2.2494678	1.4998226
21.089606609208378	2.2170076	1.4889619
21.10743468875603	2.2032368	1.4843304
21.12526328508028	2.1875105	1.4790235
21.143092398657675	2.234202	1.4947248
21.16092202996488	2.1829352	1.477476
21.17875217947867	2.195583	1.48175
21.19658284767596	2.1601424	1.4697423
21.21441403503377	2.1495621	1.4661385
21.232245742029225	2.1492739	1.4660403
21.2500779691396	2.1750727	1.4748127
21.26791071684227	2.1860893	1.4785429
21.28574398561475	2.1600862	1.4697231
21.30357777593465	2.1555917	1.4681934
21.321412088279704	2.1860816	1.4785404
21.339246923127792	2.192098	1.4805735
21.357082280956888	2.1959524	1.4818746
21.3749181622451	2.1505523	1.4664761
21.392754567470647	2.1248763	1.4576955
21.41059149711187	2.1436446	1.4641191
21.42842895164726	2.1551814	1.4680536
21.446266931555378	2.164456	1.4712089
21.464105437314945	2.1406345	1.4630908
21.481944469404798	2.1446853	1.4644744
21.49978402830388	2.135413	1.4613053
21.51762411449127	2.095943	1.4477372
21.53546472844617	2.0807385	1.4424765
21.553305870647876	2.0879815	1.4449849
21.571147541575865	2.138161	1.4622452
21.58898974170967	2.148554	1.4657947
21.60683247152899	2.121771	1.45663
21.62467573151363	2.0822096	1.4429864
21.642519522143523	2.0725024	1.4396188
21.660363843898722	2.094285	1.4471644
21.6782086972594	2.114853	1.4542534
21.696054082705864	2.1156538	1.4545287
21.713900000718535	2.092746	1.4466326
21.73174645177795	2.059843	1.4352154
21.749593436364794	2.0164094	1.4200033
21.767440954959845	1.97837	1.4065454
21.785289008044032	2.008742	1.4173009
21.803137596098388	2.0331671	1.4258916
21.820986719604086	2.0327127	1.4257324
21.838836379042412	2.0070508	1.4167042
21.85668657489478	1.993681	1.4119776
21.87453730764273	1.9877772	1.4098855
21.892388577767914	1.9913915	1.4111668
21.91024038575213	2.0298653	1.4247334
21.928092732077285	2.0323505	1.4256053
21.945945617225426	2.0020676	1.4149444
21.963799041678694	1.9962167	1.4128753
21.981653005919398	31.278477	5.592716
21.999507510429943	78.08842	8.836765
22.01736255569286	73.06454	8.54778
22.035218142190818	4.25136	2.0618827
22.05307427040661	2.0776649	1.4414107
22.07093094082315	2.0603197	1.4353814
22.088788153923474	2.0252826	1.4231242
22.106645910190746	2.0005047	1.414392
22.12450421010827	1.9799914	1.4071217
22.142363054159464	1.9871397	1.4096594
22.16022244282787	1.9751362	1.4053954
22.178082376597164	1.9519254	1.3971132
22.195942855951145	1.9555316	1.3984033
22.213803881373742	1.9295148	1.3890698
22.231665453349002	1.9302404	1.3893309
22.24952757236111	1.9334396	1.3904818
22.26739023889438	1.9556216	1.3984354
22.28525345343323	1.9504231	1.3965755
22.30311721646225	1.9577677	1.3992026
22.320981528466113	1.9254287	1.3875982
22.33884638992964	1.9275266	1.388354
22.356711801337788	1.9147165	1.3837328
22.37457776317561	1.9461755	1.395054
22.392444275928337	1.9444132	1.3944222
22.410311340081282	1.946319	1.3951054
22.428178956119904	1.9473212	1.3954645
22.446047124529805	1.9531733	1.3975598
22.46391584579669	1.985502	1.4090785
22.481785120406414	1.9564462	1.3987302
22.49965494884496	1.9190229	1.385288
22.51752533159841	1.8909078	1.3751029
22.53539626915302	1.9144886	1.3836504
22.553267761995137	1.9252188	1.3875226
22.571139810611264	1.9220147	1.3863674
22.589012415488025	1.926062	1.3878263
22.60688557711216	1.9102392	1.382114
22.624759295970566	1.9158736	1.3841509
22.642633572550263	1.9341472	1.3907362
22.660508407338362	1.9467902	1.3952743
22.67838380082217	1.941545	1.3933934
22.696259753489077	1.9321667	1.390024
22.714136265826614	1.9343377	1.3908046
22.73201333832246	1.9010801	1.3787966
22.74989097146439	1.863243	1.3650066
22.76776916574035	1.8811103	1.3715358
22.785647921638393	1.9321556	1.39002
22.803527239646712	1.9193794	1.3854166
22.82140712025363	1.929861	1.3891944
22.839287563947593	1.8970698	1.3773416
22.85716857121719	1.867703	1.3666393
22.875050142551135	1.8477114	1.3593055
22.892932278438277	1.897318	1.3774316
22.910814979367604	1.9257414	1.3877108
22.928698245828222	1.8879181	1.3740153
22.946582078309387	1.8811969	1.3715672
22.96446647730047	1.8930497	1.3758814
22.98235144329098	1.8928938	1.3758248
23.000236976770562	1.899484	1.3782177
23.018123078229	1.9231278	1.3867688
23.03600974815619	1.9466332	1.395218
23.053896987042194	1.9626889	1.40096
23.071784795377173	1.9475684	1.3955531
23.08967317365145	1.9184209	1.3850707
23.10756212235546	1.8702738	1.3675796
23.125451641979787	1.8680514	1.3667668
23.143341733015134	1.8774041	1.370184
23.161232395952357	1.9049195	1.3801882
23.179123631282426	1.8969707	1.3773056
23.197015439496468	1.8606952	1.364073
23.214907821085717	1.8635172	1.365107
23.23280077654157	1.8852695	1.3730512
23.250694306355538	1.9358889	1.3913622
23.268588411019277	1.9541816	1.3979205
23.28648309102458	1.9472331	1.395433
23.304378346863356	1.9285052	1.3887063
23.322274179027676	1.9281019	1.3885611
23.340170588009723	1.9197394	1.3855466
23.358067574301852	1.9225175	1.3865488
23.37596513839651	1.8898098	1.3747035
23.39386328078629	1.8869315	1.3736563
23.411762001963947	1.8614163	1.3643373
23.429661302422353	1.9158252	1.3841333
23.4475611826545	1.9341923	1.3907524
23.46546164315356	1.9446244	1.3944979
23.48336268441279	1.9339238	1.3906559
23.501264306925638	1.9337103	1.3905791
23.51916651118564	1.9279872	1.3885198
23.537069297686497	1.9276993	1.3884162
23.554972666922037	1.9597682	1.3999172
23.57287661938623	1.9429984	1.3939148
23.59078115557318	1.924594	1.3872974
23.608686275977128	1.9543718	1.3979884
23.62659198109246	1.9814284	1.4076322
23.6444982714137	1.9734751	1.4048043
23.66240514743549	1.9169868	1.384553
23.68031260965263	1.9066617	1.3808192
23.698220658560068	1.9271619	1.3882226
23.716129294652845	1.9607731	1.4002761
23.7340385184262	1.9122156	1.3828288
23.75194833037546	1.8600334	1.3638304
23.769858730996123	1.8828831	1.3721819
23.78776972078382	1.9040803	1.3798841
23.80568130023431	1.8979353	1.3776557
23.823593469843495	1.8873986	1.3738263
23.841506230107424	1.9264272	1.3879579
23.859419581522275	1.9163024	1.3843057
23.87733352458438	1.901377	1.3789042
23.89524805979019	1.8589296	1.3634257
23.913163187636318	1.8580374	1.3630984
23.931078908619508	1.8925813	1.3757112
23.948995223236633	1.951511	1.3969649
23.966912131984735	2.0148814	1.4194652
23.98482963536096	2.0332112	1.4259071
24.002747733862616	2.0131297	1.418848
24.020666427987155	2.0052776	1.4160782
24.038585718232156	2.041943	1.4289657
24.056505605095353	2.0250924	1.4230574
24.074426089074617	2.0571654	1.4342822
24.092347170667946	2.0643263	1.4367764
24.110268850373515	2.0958858	1.4477174
24.128191128689586	2.0721793	1.4395066
24.146114006114626	2.068149	1.4381061
24.164037483147187	2.0595927	1.4351281
24.181961560286005	2.055027	1.4335365
24.199886238029926	2.0659626	1.4373456
24.21781151687797	2.0489075	1.4314005
24.235737397329274	2.0536985	1.4330732
24.253663879883135	2.0383224	1.4276983
24.271590965038975	2.0188224	1.4208527
24.289518653296376	2.0139842	1.4191492
24.30744694515505	2.0182214	1.4206412
24.32537584111486	2.0375845	1.4274398
24.34330534167581	2.0455759	1.4302363
24.361235447338046	2.0114884	1.4182695
24.379166158601876	1.9701341	1.4036146
24.39709747596772	1.9745947	1.4052027
24.41502939993615	1.9813802	1.4076151
24.432961931007917	1.9532971	1.3976041
24.450895069683856	1.9517626	1.3970549
24.468828816465	1.9534189	1.3976476
24.4867631718525	1.9836156	1.4084089
24.504698136347656	1.9541183	1.3978978
24.52263371045192	1.9430456	1.3939317
24.540569894666874	1.9516894	1.3970288
24.558506689494266	1.9597299	1.3999035
24.57644409543597	1.9828324	1.4081309
24.594382112994012	1.95853	1.3994749
24.61232074267057	1.9557602	1.398485
24.630259984967953	1.9470111	1.3953534
24.64819984038863	1.9420912	1.3935894
24.66614030943522	1.9313099	1.3897158
24.684081392610462	1.9674423	1.4026555
24.702023090417274	2.01039	1.4178822
24.7199654033587	1.9810891	1.4075117
24.737908331937927	1.9768382	1.4060009
24.755851876658305	2.0111644	1.4181553
24.773796038023324	2.0845768	1.4438064
24.79174081653661	2.0960085	1.4477599
24.809686212701962	2.138899	1.4624976
24.827632227023294	2.1491601	1.4660014
24.8455788600047	2.1679585	1.4723989
24.8635261121504	2.164936	1.4713721
24.88147398396475	2.1427426	1.463811
24.899422475952303	2.1076913	1.451789
24.917371588617698	2.1150308	1.4543146
24.935321322465768	2.1782384	1.4758856
24.953271678001478	2.2694664	1.5064749
24.97122265572994	2.4223545	1.5563915
24.989174256156414	2.700856	1.6434281
25.00712647978632	3.1031485	1.7615756
25.02507932712521	3.6273	1.9045472
25.043032798678798	4.189999	2.0469487
25.060986894952933	4.7957125	2.1899116
25.078941616453637	5.4996443	2.345132
25.096896963687055	6.3590136	2.5217085
25.114852937159508	7.435126	2.7267427
25.132809537377444	7.8245244	2.7972353
25.150766764847468	7.94516	2.818716
25.168724620076347	7.4861307	2.7360795
25.186683103570985	6.5652695	2.5622783
25.204642215838426	5.3942986	2.322563
25.222601957385894	4.1313705	2.0325773
25.24056232872074	3.166469	1.7794576
25.25852333035048	2.57996	1.6062254
25.276484962782778	2.2124724	1.4874382
25.294447226525435	2.0886059	1.445201
25.312410122086423	2.025642	1.4232504
25.330373649973843	1.988045	1.4099805
25.348337810695988	1.956191	1.398639
25.366302604761245	1.9455619	1.394834
25.384268032678207	1.9016974	1.3790205
25.40223409495558	1.8949157	1.3765594
25.420200792102257	1.9020898	1.3791628
25.438168124627246	1.9360796	1.3914307
25.45613609303974	1.9444534	1.3944366
25.474104697849057	1.9341718	1.390745
25.492073939564698	1.9107443	1.3822968
25.510043818696285	1.8872175	1.3737603
25.528014335753614	1.8396932	1.3563529
25.54598549124664	1.833108	1.3539232
25.56395728568544	1.8530338	1.3612618
25.58192971958028	1.8640839	1.3653146
25.59990279344156	1.8676372	1.3666152
25.617876507779833	1.8867226	1.3735802
25.635850863105826	1.8882799	1.3741469
25.653825859930386	1.8653051	1.3657618
25.671801498764548	1.8835864	1.3724381
25.68977778011949	1.880156	1.3711878
25.707754704506524	1.8706528	1.3677181
25.725732272437153	1.855837	1.3622911
25.743710484423012	1.8561239	1.3623964
25.761689340975888	1.8377875	1.3556502
25.77966884260774	1.8015419	1.3422153
25.797648989830662	1.7662514	1.3290039
25.815629783156922	1.805641	1.3437414
25.83361122309895	1.8185195	1.3485249
25.85159331016929	1.8378822	1.3556851
25.869576044880695	1.8657995	1.3659427
25.887559427746034	1.8615631	1.3643911
25.90554345927836	1.858656	1.3633254
25.92352813999086	1.8403627	1.3565997
25.94151347039689	1.8568846	1.3626755
25.959499451009965	1.8257775	1.3512133
25.97748608234374	1.8120373	1.3461194
25.995473364912062	1.7848554	1.3359848
26.013461299228904	1.8051671	1.3435651
26.03144988580839	1.7920135	1.3386611
26.04943912516483	1.7943009	1.3395152
26.067429017812675	1.7887588	1.3374449
26.085419564266537	1.8086624	1.3448652
26.103410765041186	1.8455198	1.358499
26.12140262065155	1.8359544	1.3549739
26.139395131612723	1.7829523	1.3352724
26.157388298439948	1.7665378	1.3291117
26.17538212164861	1.8419517	1.3571852
26.193376601754295	1.8481517	1.3594674
26.211371739272714	1.8203024	1.3491858
26.229367534719746	1.8193805	1.3488442
26.247363988611433	1.8130738	1.3465043
26.26536110146397	1.8194182	1.3488581
26.283358873793727	1.8552402	1.362072
26.301357306117204	1.8454497	1.3584733
26.319356398951104	1.8322539	1.3536078
26.33735615281224	1.8245595	1.3507625
26.35535656821762	1.8273156	1.3517823
26.373357645684404	1.8299791	1.3527672
26.39135938572991	1.828221	1.3521172
26.409361788871614	1.820899	1.349407
26.427364855627165	1.7714719	1.3309665
26.445368586514352	1.7696242	1.3302722
26.46337298205115	1.7831069	1.3353302
26.48137804275568	1.8158236	1.347525
26.499383769146217	1.8254718	1.3511002
26.517390161741215	1.8040195	1.3431379
26.53539722105928	1.7982324	1.3409818
26.553404947619182	1.8024727	1.342562
26.571413341939856	1.8188381	1.3486431
26.589422404540397	1.8260041	1.3512973
26.60743213594006	1.8182292	1.3484173
26.62544253665827	1.7515798	1.3234726
26.64345360721459	1.7415218	1.3196673
26.66146534812879	1.7448666	1.3209339
26.679477759920758	1.7776234	1.3332754
26.69749084311057	1.8159405	1.3475684
26.71550459821847	1.8509259	1.3604873
26.733519025764842	1.8274035	1.3518149
26.751534126270258	1.8110017	1.3457346
26.769549900255434	1.8014933	1.3421972
26.787566348241267	1.763659	1.3280282
26.80558347074881	1.8177999	1.3482581
26.823601268299267	1.8410224	1.3568428
26.841619741414036	1.835963	1.3549771
26.85963889061465	1.805275	1.3436052
26.877658716422832	1.7853154	1.336157
26.89567921936045	1.751604	1.3234818
26.913700399949544	1.8104253	1.3455205
26.93172225871233	1.8415236	1.3570275
26.949744796171174	1.8190825	1.3487337
26.967768012848605	1.781553	1.3347483
26.98579190926733	1.8036242	1.3429908
27.003816485950225	1.8506988	1.3604039
27.021841743420318	1.8834821	1.3724002
27.039867682200814	1.8631632	1.3649774
27.057894302815072	1.8237593	1.3504664
27.07592160578664	1.804103	1.343169
27.0939495916392	1.7836227	1.3355234
27.111978260896635	1.764805	1.3284596
27.13000761408296	1.7456999	1.3212494
27.148037651722397	1.7640134	1.3281617
27.166068374339304	1.8124151	1.3462597
27.184099782458215	1.813214	1.3465563
27.20213187660384	1.7730349	1.3315536
27.22016465730105	1.7780497	1.3334353
27.23819812507487	1.8003528	1.3417723
27.256232280450533	1.8142344	1.3469352
27.274267123953383	1.7574879	1.3257028
27.292302656108987	1.7493091	1.3226144
27.31033887744306	1.7855829	1.3362571
27.32837578848146	1.8424832	1.357381
27.34641338975026	1.8579142	1.3630533
27.364451681775673	1.7946124	1.3396314
27.382490665084074	1.7494082	1.322652
27.400530340202046	1.7277963	1.3144567
27.41857070765629	1.6983675	1.3032143
27.436611767973726	1.6945214	1.3017379
27.454653521681404	1.7562253	1.3252265
27.472695969306564	1.8229773	1.3501768
27.490739111376627	1.8523881	1.3610246
27.508782948419153	1.8342754	1.3543543
27.526827480961902	1.8502471	1.360238
27.54487270953279	1.8196684	1.3489509
27.562918634659898	1.7869211	1.3367577
27.580965256871508	1.7671142	1.3293284
27.599012576696026	1.7858199	1.3363457
27.617060594662068	1.7890148	1.3375406
27.63510931129842	1.764005	1.3281585
27.65315872713401	1.7822428	1.3350067
27.67120884269797	1.8455615	1.3585144
27.68925965851958	1.8576338	1.3629504
27.707311175128307	1.8319623	1.3535
27.725363393053787	1.8305681	1.3529849
27.74341631282583	1.8414888	1.3570147
27.7614699349744	1.8674382	1.3665425
27.77952426002968	2.0663772	1.4374899
27.797579288521973	2.1344485	1.4609752
27.815635020981784	2.616615	1.6175954
27.83369145793979	2.7008207	1.6434174
27.85174859992682	2.5474622	1.5960771
27.869806447473923	2.378613	1.5422753
27.887865001112267	2.0490153	1.4314382
27.905924261373233	1.9480995	1.3957434
27.92398422878836	1.8818061	1.3717893
27.94204490388936	1.8949388	1.3765677
27.96010628720813	1.9216088	1.386221
27.978168379276728	1.9269314	1.3881395
27.9962311806274	1.91267	1.3829931
28.014294691792568	1.8432887	1.3576777
28.0323589133048	1.8045075	1.3433195
28.050423845696887	1.8485067	1.359598
28.068489489501758	1.9017955	1.379056
28.086555845252523	1.8613036	1.364296
28.104622913482487	1.8153725	1.3473576
28.122690694725115	1.7706596	1.3306613
28.14075918951405	1.7930303	1.3390408
28.15882839838312	1.8589237	1.3634235
28.176898321866304	1.914775	1.383754
28.1949689604978	1.8928806	1.3758199
28.213040314811945	1.8772391	1.3701237
28.23111238534327	1.9255847	1.3876544
28.249185172626493	1.8941096	1.3762666
28.267258677196473	1.8620449	1.3645676
28.285332899588294	1.8724042	1.3683583
28.303407840337172	1.8902036	1.3748467
28.321483499978545	1.8949696	1.3765789
28.33955987904799	1.8985766	1.3778884
28.357636978081285	1.9806948	1.4073716
28.37571479761439	1.9806007	1.4073381
28.393793338183425	1.9260082	1.387807
28.41187260032469	1.8715601	1.3680497
28.429952584574686	1.9236431	1.3869547
28.448033291470065	1.9601057	1.4000378
28.46611472154769	1.988605	1.410179
28.484196875344566	2.0302641	1.4248734
28.502279753397914	2.0445867	1.4298904
28.52036335624511	1.9692684	1.4033062
28.538447684423716	1.9759747	1.4056937
28.556532738471482	2.0097973	1.4176732
28.574618518926325	2.0083876	1.4171759
28.59270502632635	2.0073407	1.4168065
28.61079226120985	1.9927396	1.4116442
28.628880224115274	1.9830996	1.4082257
28.646968915581287	1.9779165	1.4063842
28.66505833614671	2.0251908	1.423092
28.68314848635055	2.075225	1.4405642
28.701239366732004	2.0899742	1.4456743
28.71933097783044	2.0671954	1.4377744
28.737423320185403	2.0794737	1.442038
28.75551639433665	2.1427658	1.4638189
28.773610200824074	2.1896105	1.4797332
28.791704740187793	2.1564376	1.4684814
28.80980001296809	2.1947236	1.48146
28.827896019705413	2.217912	1.4892656
28.845992760940433	2.2702088	1.5067213
28.86409023721397	2.2504416	1.5001472
28.88218844906704	2.2049465	1.4849062
28.900287397040845	2.183294	1.4775974
28.918387081676755	2.2313921	1.4937845
28.936487503516343	2.233629	1.4945331
28.954588663101365	2.2744505	1.5081282
28.97269056097374	2.2977538	1.5158343
28.990793197675597	2.3248634	1.5247502
29.00889657374923	2.4019635	1.5498269
29.027000689737125	2.4695985	1.5714957
29.04510554618196	2.431269	1.5592527
29.06321114362659	2.4538565	1.566479
29.08131748261405	2.473716	1.5728052
29.099424563687567	2.5178297	1.5867671
29.11753238739057	2.598464	1.6119752
29.13564095426663	2.5859149	1.608078
29.15375026485954	2.498366	1.5806221
29.171860319713275	2.5138588	1.5855153
29.18997111937199	2.5942862	1.6106788
29.20808266438002	2.679043	1.6367782
29.226194955281898	2.6957731	1.641881
29.244307992622335	2.7273443	1.6514673
29.26242177694624	2.7495875	1.658188
29.2805363087987	2.8176832	1.6785957
29.29865158872498	2.9043849	1.7042255
29.316767617270557	2.9124289	1.706584
29.334884394981064	2.8502274	1.6882616
29.353001922402367	2.8954532	1.7016032
29.37112020008047	2.9886568	1.7287732
29.389239228561596	3.1388898	1.7716912
29.407359008392152	3.3490922	1.8300525
29.42547954011872	3.6316671	1.9056933
29.44360082428809	4.203481	2.0502393
29.46172286144722	5.1804743	2.2760656
29.479845652143283	6.6494856	2.5786595
29.497969196923606	8.539523	2.9222462
29.516093496335728	10.79988	3.286317
29.5342185509274	13.512177	3.6758914
29.55234436124651	15.753799	3.9691057
29.570470927841175	17.081947	4.1330314
29.588598251259686	16.792017	4.0978065
29.60672633205055	15.499663	3.9369612
29.624855170762405	13.649569	3.6945322
29.642984767944146	11.27386	3.357657
29.66111512414481	8.80173	2.966771
29.67924623991366	6.6018043	2.5693977
29.697378115800138	5.0685506	2.2513442
29.71551075235387	4.1818576	2.044959
29.733644150124675	3.7405229	1.9340432
29.751778309662576	3.5381262	1.8809907
29.769913231517766	3.3994043	1.8437474
29.78804891624066	3.3152149	1.8207731
29.806185364381818	3.3078468	1.8187487
29.82432257649206	3.3721118	1.8363311
29.842460553122333	3.3824599	1.8391465
29.86059929482382	3.3458393	1.8291636
29.878738802147872	3.283172	1.8119525
29.896879075646048	3.2532287	1.8036709
29.915020115870114	3.2525163	1.8034734
29.933161923371976	3.2881968	1.8133386
29.951304498703777	3.2494028	1.80261
29.969447842417857	3.2465785	1.8018265
29.987591955066733	3.2338119	1.7982802
30.005736837203123	3.2447674	1.8013238
30.023882489379943	3.1658227	1.7792759
30.04202891215028	3.1405563	1.7721615
30.060176106067455	3.1054215	1.7622206
30.078324071684946	3.1634438	1.7786072
30.09647280955646	3.1913707	1.7864408
30.114622320235863	3.1214135	1.7667522
30.132772604277257	3.0539837	1.747565
30.1509236622349	3.0381527	1.7430297
30.16907549466328	3.080764	1.7552105
30.18722810211705	3.0809846	1.7552733
30.205381485151097	3.0212882	1.7381853
30.22353564432045	2.951677	1.7180445
30.241690580180403	2.9399667	1.7146331
30.25984629328638	2.9026399	1.7037135
30.278002784194037	2.8803	1.6971446
30.296160053459246	2.9288151	1.7113781
30.314318101638033	2.9322653	1.7123859
30.332476929286646	2.890155	1.7000456
30.35063653696153	2.8932507	1.7009559
30.368796925219307	2.916364	1.7077365
30.386958094616844	2.8753006	1.6956712
30.40512004571115	2.831115	1.6825918
30.423282779059463	2.8575354	1.6904246
30.441446295219233	2.8930783	1.7009052
30.459610594748067	2.845153	1.6867582
30.47777567820382	2.7907836	1.6705638
30.495941546144504	2.788358	1.6698377
30.51410819912835	2.805644	1.6750057
30.532275637713795	2.8170478	1.6784064
30.55044386245946	2.8292687	1.682043
30.56861287392416	2.826526	1.6812276
30.586782672666956	2.7903776	1.6704423
30.604953259247047	2.733924	1.6534581
30.623124634223885	2.8065567	1.6752781
30.641296798157075	2.8658397	1.6928791
30.659469751606462	2.8185804	1.6788628
30.677643495132074	2.7461019	1.6571367
30.695818029294152	2.6784635	1.6366012
30.713993354653116	2.696571	1.6421239
30.73216947176962	2.7352495	1.653859
30.75034638120448	2.701	1.643472
30.768524083518756	2.697033	1.6422646
30.786702579273673	2.6860929	1.6389304
30.80488186903069	2.7488587	1.6579683
30.82306195335144	2.822267	1.6799605
30.841242832797782	3.0417728	1.7440679
30.85942450793176	3.2961516	1.8155307
30.877606979315637	3.5477664	1.8835516
30.895790247511883	3.844241	1.9606736
30.913974313083134	4.2271214	2.0559964
30.932159176592283	4.558787	2.1351316
30.95034483860237	4.7618747	2.182172
30.968531299676698	4.6197586	2.1493623
30.98671856037873	4.3349795	2.0820613
31.00490662127215	3.9130373	1.9781399
31.023095482920848	3.4658644	1.8616832
31.04128514588892	3.088734	1.7574794
31.059475610740662	2.7832522	1.6683081
31.07766687804056	2.5309966	1.5909106
31.09585894835335	2.427295	1.5579778
31.11405182224393	2.4081845	1.5518327
31.132245500277417	2.4236915	1.556821
31.15043998301914	2.4437063	1.5632359
31.168635271034628	2.4275973	1.5580748
31.18683136488964	2.4059715	1.5511194
31.20502826515008	2.3557637	1.5348498
31.223225972382135	2.3941307	1.5472978
31.241424487152155	2.4129157	1.5533563
31.259623810026692	2.412416	1.5531954
31.27782394157253	2.3954186	1.547714
31.296024882356644	2.411741	1.5529782
31.314226632946237	2.4154923	1.5541854
31.332429193908684	2.426645	1.5577693
31.350632565811598	2.4622612	1.5691594
31.368836749222787	2.4975722	1.5803709
31.387041744710295	2.4885852	1.577525
31.40524755284232	2.5205452	1.5876225
31.423454174187317	2.5669117	1.6021584
31.441661609313922	2.526338	1.5894458
31.459869858791002	2.4118853	1.5530245
31.478078923187628	2.3470116	1.5319959
31.496288803073064	2.282385	1.5107565
31.514499499016807	2.33734	1.5288363
31.532711011588546	2.3914661	1.5464365
31.550923341358178	2.3354483	1.5282173
31.56913648889584	2.303056	1.5175823
31.587350454771844	2.3575678	1.5354373
31.605565239556732	2.3776104	1.5419502
31.62378084382127	2.330432	1.5265752
31.641997268136382	2.295454	1.5150756
31.660214513073274	2.273227	1.5077225
31.67843257920331	2.2407954	1.4969287
31.6966514670981	2.2625167	1.5041665
31.71487117732944	2.3506868	1.533195
31.733091710469346	2.3610694	1.5365772
31.751313067090052	2.310231	1.5199444
31.769535247764008	2.262391	1.5041246
31.787758253063878	2.3136663	1.521074
31.805982083562526	2.3460183	1.5316718
31.824206739833024	2.2903693	1.5133966
31.84243222244869	2.273433	1.5077908
31.860658531983013	2.2442505	1.4980823
31.878885669009737	2.2217596	1.4905568
31.897113634102784	2.2200677	1.4899892
31.91534242783632	2.2413213	1.4971043
31.933572050784694	2.251706	1.5005685
31.951802503522508	2.2090816	1.486298
31.970033786624548	2.2017753	1.4838381
31.988265900665834	2.1671627	1.4721286
32.006498846221575	2.110327	1.4526964
32.02473262386724	2.1459124	1.4648933
32.04296723417845	2.1544683	1.4678108
32.0612026777311	2.1053412	1.4509794
32.07943895510129	2.0728614	1.4397435
32.097676066865304	2.0992203	1.4488686
32.115914013599685	2.0960913	1.4477884
32.13415279588115	2.1159961	1.4546463
32.152392414286666	2.1748662	1.4747428
32.1706328693934	2.219067	1.4896533
32.18887416177875	2.1709769	1.4734235
32.20711629202032	2.1535456	1.4674964
32.225359260695924	2.1008258	1.4494226
32.243603068383614	2.1305711	1.4596477
32.26184771566166	2.1556735	1.4682212
32.28009320310852	2.1556046	1.4681977
32.2983395313029	2.11318	1.453678
32.31658670082372	2.0825021	1.4430877
32.33483471225012	2.1317043	1.4600357
32.35308356616143	2.1040673	1.4505403
32.371333263137245	2.1054711	1.4510242
32.38958380375734	2.0801618	1.4422766
32.407835188601744	2.0606778	1.4355061
32.42608741825067	2.049196	1.4315013
32.444340493284585	2.0342205	1.426261
32.46259441428416	2.0193439	1.4210362
32.48084918183028	1.9766876	1.4059472
32.49910479650405	1.9538877	1.3978153
32.51736125888683	1.9645194	1.4016131
32.53561856956014	2.0080073	1.4170418
32.5538767291058	2.0442028	1.4297562
32.572135738105764	2.0514865	1.4323012
32.59039559714228	2.0745785	1.4403397
32.608656306797776	2.0409276	1.4286104
32.62691786765491	1.9723672	1.4044099
32.645180280296586	2.07095	1.4390795
32.663443545305896	2.2108233	1.4868838
32.68170766326619	2.1187894	1.4556062
32.69997263476099	1.9896675	1.4105557
32.7182384603741	1.983628	1.4084133
32.7365051406895	2.030947	1.425113
32.75477267629144	1.9749497	1.405329
32.77304106776434	1.966321	1.4022557
32.79131031569289	1.9528425	1.3974414
32.809580420661966	2.0382636	1.4276776
32.827851383256714	2.0696473	1.4386269
32.84612320406245	2.0958362	1.4477003
32.86439588366476	2.076097	1.4408667
32.88266942264945	2.0464365	1.4305371
32.9009438216025	1.908142	1.3813552
32.9192190811102	1.7976977	1.3407825
32.937495201758985	1.8594172	1.3636045
32.95577218413556	1.8950815	1.3766196
32.974050028826866	1.9069957	1.3809401
32.992328736420035	1.9540757	1.3978826
33.010608307502444	1.9284598	1.38869
33.02888874266169	1.8630579	1.3649387
33.047170042485604	1.8512095	1.3605917
33.06545220756225	1.8775644	1.3702425
33.083735238479896	1.9443963	1.3944161
33.10201913582707	2.0010924	1.4145998
33.12030390019248	1.9701604	1.403624
33.138589532165135	2.051581	1.4323341
33.15687603233419	2.0831225	1.4433026
33.17516340128909	2.0464742	1.4305503
33.19345163961947	2.047127	1.4307785
33.211740747915215	2.062314	1.4360759
33.23003072676643	1.9296834	1.3891305
33.248321576763466	1.8319224	1.3534852
33.266613298496885	1.79169	1.3385402
33.28490589255747	1.8857766	1.3732358
33.30319935953626	2.0520706	1.432505
33.32149370002451	2.053257	1.432919
33.339788914613706	1.9279583	1.3885094
33.358085003895575	1.8815737	1.3717047
33.376381968462034	1.9776838	1.4063015
33.39467980890529	1.9689859	1.4032056
33.41297852581774	1.9107112	1.3822848
33.43127811979204	1.9368942	1.3917235
33.44957859142105	1.9885726	1.4101676
33.467879941297866	2.000018	1.4142199
33.486182170015844	2.0123641	1.4185783
33.50448527816853	1.9371995	1.3918332
33.522789266349754	1.8778062	1.3703307
33.541094135153514	1.9302896	1.3893486
33.55939988517411	2.0443	1.4297903
33.57770651700602	2.035553	1.426728
33.59601403124398	2.066273	1.4374536
33.61432242848296	2.0349612	1.4265207
33.632631709318154	2.0051672	1.4160392
33.650941874344994	1.900016	1.3784107
33.66925292415916	1.8411211	1.3568791
33.68756485935654	1.9345545	1.3908826
33.70587768053328	2.0467439	1.4306445
33.724191388285746	1.9763747	1.405836
33.74250598321054	1.9000778	1.3784331
33.760821465904506	1.8146302	1.3470821
33.77913783696474	1.8259423	1.3512744
33.79745509698852	1.8955759	1.3767991
33.815773246573414	2.0331213	1.4258757
33.8340922863172	2.0456376	1.4302579
33.852412216817896	2.0561771	1.4339377
33.87073303867377	2.0532498	1.4329165
33.889054752483304	2.0077572	1.4169534
33.907377358845245	2.0380545	1.4276044
33.92570085835853	2.0193937	1.4210538
33.94402525162239	1.9220116	1.3863664
33.96235053923627	1.9086915	1.381554
33.980676721799824	1.8689598	1.367099
33.999003799912984	1.8096164	1.3452199
34.01733177417592	1.8801932	1.3712014
34.03566064518901	1.9185272	1.3851091
34.0539904135529	1.8354232	1.3547779
34.07232107986846	1.87626	1.3697665
34.090652644736785	1.957332	1.3990468
34.108985108759235	1.9601014	1.4000362
34.12731847253742	1.934112	1.3907236
34.14565273667313	1.9596696	1.399882
34.16398790176847	1.9520826	1.3971695
34.18232396842574	2.0222843	1.4220704
34.20066093724749	2.171199	1.473499
34.21899880883651	2.1564696	1.4684923
34.23733758379583	2.0566006	1.4340852
34.25567726272874	1.8785434	1.3705996
34.27401784623872	1.7957884	1.3400702
34.29235933492957	1.8073096	1.3443621
34.31070172940526	1.8474756	1.3592187
34.32904503027003	1.938642	1.3923513
34.347389238128386	1.9919579	1.4113674
34.36573435358502	1.9723648	1.404409
34.38408037724492	1.9310018	1.3896049
34.402427309713296	2.0307941	1.4250593
34.42077515159559	2.1036704	1.4504036
34.43912390349752	2.091461	1.4461884
34.45747356602499	1.852771	1.3611653
34.47582413978423	1.7085913	1.3071309
34.49417562538163	1.7221953	1.3123244
34.51252802342388	1.854332	1.3617386
34.53088133451789	1.9800886	1.4071562
34.54923555927084	1.9277948	1.3884505
34.567590698290104	1.8259962	1.3512943
34.58594675218336	1.7652342	1.3286211
34.6043037215585	1.806152	1.3439316
34.62266160702365	1.9302237	1.3893249
34.641020409187234	1.9518489	1.3970859
34.65938012865785	1.9319592	1.3899493
34.677740766044394	2.0925853	1.4465771
34.69610232195598	2.1809568	1.4768063
34.714464797002016	2.1218717	1.4566646
34.73282819179208	1.9432919	1.3940201
34.751192506936064	1.903207	1.3795676
34.76955774304408	2.03798	1.4275784
34.7879239007265	2.1427736	1.4638215
34.80629098059391	2.0275517	1.4239212
34.824658983257194	1.9333485	1.390449
34.843027909327446	1.8808581	1.3714437
34.86139775941603	1.7186612	1.3109772
34.879768534134534	1.8033328	1.3428823
34.89814023409483	1.9282998	1.3886323
34.91651285990901	1.9529313	1.3974732
34.93488641218944	1.9811584	1.4075363
34.95326089154871	2.0712802	1.4391943
34.97163629859967	2.0028179	1.4152095
34.99001263395542	2.0612757	1.4357144
35.00838989822934	1.9854422	1.4090571
35.02676809203499	1.876896	1.3699986
35.04514721598624	1.9576087	1.3991457
35.063527270697215	2.069094	1.4384346
35.081908256782256	1.9744625	1.4051557
35.10029017485597	1.9452094	1.3947077
35.11867302553321	2.007269	1.4167812
35.137056809429104	2.0915408	1.446216
35.155441527159006	2.0821187	1.4429549
35.173827179338524	2.1148818	1.4542633
35.19221376658354	2.3323607	1.5272069
35.21060128951017	2.1302865	1.4595501
35.2289897487348	1.7250808	1.3134233
35.24737914487405	1.7681892	1.3297328
35.26576947854479	1.8203304	1.3491962
35.28416075036418	1.7387558	1.3186189
35.30255296094958	1.779775	1.3340821
35.32094611091867	1.8661776	1.3660811
35.33934020088932	1.9502981	1.3965307
35.35773523147969	1.9276836	1.3884104
35.3761312033082	1.860026	1.3638277
35.394528116993506	1.9046007	1.3800727
35.41292597315452	1.8548079	1.3619133
35.431324772410434	1.5862378	1.2594594
35.449724515380666	2.097673	1.4483346
35.46812520268491	2.7247596	1.6506846
35.486526834943106	2.5657194	1.6017863
35.504929412775454	2.120978	1.4563578
35.52333293680242	2.1878042	1.4791228
35.54173740764471	2.0209842	1.4216132
35.560142825923286	1.7623242	1.3275256
35.5785491922594	1.6879556	1.2992134
35.59695650727454	1.2860827	1.1340559
35.61536477159042	1.3578206	1.1652557
