0.008763373481513119	0.0	0.0
0.026290120649546365	0.17179282	0.414479
0.043816868432600686	0.12005361	0.34648752
0.06134361724069026	0.082868464	0.28786883
0.07887036748382949	0.06475631	0.2544726
0.0963971195720331	0.052981555	0.23017722
0.11392387391531617	0.04342108	0.20837726
0.1314506309236943	0.06341114	0.25181568
0.1489773910071836	0.1031945	0.321239
0.16650415457580078	0.14196241	0.376779
0.18403092203956356	0.19032596	0.43626365
0.20155769380849	0.19712776	0.4439907
0.2190844702925996	0.16304551	0.40378895
0.2366112519019124	0.17963785	0.42383707
0.2541380390464497	0.16267566	0.4033307
0.27166483213623416	0.20035848	0.44761422
0.28919163158128947	0.21558699	0.46431345
0.3067184377916406	0.21109134	0.4594468
0.324245251177314	0.1594121	0.39926445
0.34177207214833777	0.15105467	0.3886575
0.3592989011147415	0.17900747	0.42309275
0.37682573848655654	0.18804197	0.43363807
0.39435258467381573	0.20965414	0.45788005
0.41187944008655414	0.2131066	0.4616347
0.42940630513480854	0.23929682	0.48917976
0.446933180228618	0.23795962	0.48781106
0.4644600657780234	0.22450669	0.47382137
0.48198696219306775	0.21418174	0.46279773
0.49951386988379676	0.19081147	0.43681973
0.5170407892602581	0.17148547	0.41410804
0.5345677207325025	0.18707013	0.43251604
0.5520946647105822	0.15906279	0.39882678
0.5696216216045534	0.16698076	0.40863279
0.5871485918244737	0.15310445	0.39128563
0.6046755757804043	0.14868683	0.38559932
0.6222025738824094	0.15049571	0.38793775
0.6397295865405557	0.16104254	0.40130106
0.6572566141649129	0.11420581	0.3379435
0.6747836571655547	0.12393342	0.35204178
0.6923107159525568	0.11757692	0.3428949
0.7098377909359992	0.15378454	0.3921537
0.7273648825259653	0.16021898	0.40027365
0.7448919911325411	0.1576067	0.39699712
0.762419117165817	0.16896042	0.41104797
0.7799462610358868	0.16474438	0.40588716
0.7974734231528482	0.15920007	0.39899883
0.8150006039268024	0.17324966	0.4162327
0.8325278037678551	0.19485003	0.4414182
0.8500550230861152	0.17309165	0.41604283
0.8675822622916969	0.20225887	0.449732
0.8851095217947171	0.20155407	0.44894773
0.9026368020052984	0.19971427	0.44689402
0.9201641033335665	0.22075446	0.46984515
0.9376914261896523	0.24245423	0.4923964
0.9552187709836915	0.2559799	0.50594455
0.9727461381258234	0.25360897	0.50359607
0.990273528026193	0.24240717	0.49234864
1.0078009410949496	0.2467155	0.49670464
1.0253283777422473	0.29072735	0.53919137
1.0428558383782454	0.27022997	0.5198365
1.0603833234131086	0.29419392	0.5423965
1.0779108332570058	0.3113026	0.55794495
1.0954383683201119	0.3418998	0.584722
1.112965929012607	0.41488284	0.644114
1.1304935157446763	0.518493	0.7200646
1.1480211289265108	0.5577388	0.7468191
1.1655487689683062	1.3091087	1.1441629
1.1830764362802655	1.6150115	1.270831
1.200604131272596	2.0770044	1.4411817
1.2181318543555117	2.4691496	1.5713528
1.235659605939232	2.446221	1.56404
1.253187386433982	4.0714707	2.0177886
1.270715196249994	6.272879	2.5045717
1.2882430357975057	11.7489605	3.4276757
1.3057709054867608	16.492174	4.0610557
1.3232988057280106	22.457106	4.738893
1.3408267369315112	27.295025	5.224464
1.358354699507526	30.953722	5.5636067
1.3758826938663256	35.093945	5.924014
1.3934107204181858	36.99409	6.082277
1.410938779573391	37.606937	6.1324496
1.4284668717422309	38.74395	6.224464
1.4459949973350033	38.498974	6.2047544
1.4635231567620117	38.690643	6.2201805
1.4810513504335687	37.46846	6.1211486
1.4985795787599925	36.736576	6.0610704
1.5161078421516088	36.08939	6.0074444
1.5336361410187505	35.3618	5.946579
1.5511644757717598	35.17858	5.9311533
1.5686928468209842	35.90132	5.991771
1.58622125457678	35.931065	5.9942527
1.6037496994495108	37.600567	6.13193
1.621278181849548	37.497257	6.1235003
1.6388067021872719	38.215054	6.1818323
1.6563352608730693	37.46188	6.120611
1.673863858317336	36.564903	6.046892
1.6913924949304753	36.331295	6.0275445
1.7089211711228998	35.381268	5.9482155
1.7264498873050296	34.686234	5.889502
1.7439786438872935	33.52024	5.7896667
1.7615074412801288	32.626637	5.711973
1.779036279893981	31.890089	5.647131
1.796565160139305	30.815603	5.5511804
1.814094082426564	29.894314	5.4675694
1.8316230471662298	29.046076	5.389441
1.849152054768784	28.129967	5.303769
1.8666811056447168	27.806133	5.2731524
1.8842102002045273	26.962317	5.192525
1.901739338858724	26.27713	5.1261225
1.9192685220178245	25.565594	5.056243
1.9367977500923557	24.860382	4.9860187
1.9543270234928547	24.697086	4.9696164
1.971856342629867	24.027142	4.9017487
1.9893857079139496	23.430037	4.8404584
2.006915119755667	22.562523	4.7500024
2.0244445785655945	21.8079	4.669893
2.0419740847543175	21.795006	4.6685123
2.0595036387324317	21.433523	4.6296353
2.0770332409105414	21.29391	4.6145325
2.094562891699263	20.59404	4.5380654
2.1120925915092217	20.09637	4.4828978
2.129622340751053	19.801462	4.4498835
2.1471521398354043	188.26396	13.720931
2.1646819891729323	444.6236	21.0861
2.182211889174303	440.77414	20.994621
2.1997418402501974	453.03662	21.284657
2.2172718428113023	433.03848	20.809576
2.234801897268317	321.10312	17.91935
2.2523320040319548	17.448593	4.177151
2.269862163512935	17.344631	4.1646886
2.287392376121992	16.991098	4.122026
2.304922642269869	16.70882	4.087642
2.322452962367322	16.417824	4.0518913
2.3399833368251164	16.163511	4.020387
2.357513766054032	15.895782	3.9869516
2.3750442504648586	15.431989	3.928357
2.3925747904683963	15.04824	3.8792062
2.410105386475459	14.809328	3.848289
2.4276360388968707	14.504637	3.8084953
2.445166748143469	14.35994	3.7894511
2.4626975146261025	14.150267	3.761684
2.4802283387556323	13.907704	3.7293034
2.4977592209429305	13.660038	3.6959488
2.5152901615988825	13.347328	3.6533995
2.5328211611343865	13.110147	3.6207938
2.5503522199603523	12.8520355	3.5849736
2.5678833384877024	12.665336	3.558839
2.5854145171273712	12.411066	3.5229342
2.6029457562903064	12.272378	3.5031953
2.620477056387469	12.064689	3.473426
2.6380084178298326	11.859815	3.443808
2.655539841028383	11.66437	3.415314
2.673071326394119	11.464927	3.3859897
2.6906028743380523	11.320622	3.3646133
2.708134485271211	11.029729	3.3211036
2.7256661596046325	10.821036	3.2895343
2.743197897749369	10.680967	3.268175
2.760729700116486	10.688052	3.2692587
2.778261567117063	10.7257805	3.2750237
2.795793499162193	10.410764	3.2265716
2.8133254966629817	10.029825	3.16699
2.830857560030551	9.738988	3.1207352
2.8483896896760337	9.67775	3.1109083
2.865921886010578	9.486501	3.0800164
2.883454149445347	9.296603	3.0490332
2.9009864803915177	9.180485	3.0299315
2.91851887926028	9.110973	3.0184388
2.9360513464628384	9.051815	3.0086234
2.953583882410413	8.855184	2.975766
2.9711164875142373	8.623737	2.93662
2.9886491621855606	8.697073	2.94908
3.0061819068356455	8.604267	2.933303
3.023714721875769	8.700493	2.9496598
3.041247607717225	8.640621	2.9394934
3.0587805647713213	8.690264	2.9479253
3.0763135934493806	8.676991	2.9456732
3.0938466941627407	8.468088	2.909998
3.1113798673227544	8.195272	2.8627386
3.1289131133407904	7.915513	2.8134522
3.1464464326282315	7.7659693	2.786749
3.1639798255964786	7.7036777	2.77555
3.1815132926569443	7.6742945	2.7702518
3.1990468342210603	7.5975027	2.7563567
3.216580450700272	7.574726	2.752222
3.2341141425060416	7.4194775	2.7238717
3.251647910049847	7.3016696	2.7021601
3.2691817537431813	7.186768	2.6808147
3.286715673997555	7.1686926	2.6774414
3.3042496712244938	7.0824003	2.661278
3.32178374583554	6.933881	2.6332264
3.339317898242251	6.836532	2.6146762
3.3568521288562034	6.839818	2.6153045
3.3743864380889876	6.868353	2.6207542
3.3919208263522127	6.7970204	2.6071095
3.4094552940575023	6.698659	2.5881767
3.4269898416164972	6.617467	2.5724437
3.444524469440858	6.5374126	2.5568364
3.4620591779422587	6.5949416	2.5680618
3.479593967532391	6.6143107	2.5718303
3.4971288386229658	6.6109686	2.5711803
3.5146637916257086	6.427601	2.5352714
3.5321988269523628	6.3161755	2.5132003
3.5497339450146903	6.294098	2.508804
3.5672691462244708	6.2647905	2.5029564
3.5848044309934988	6.2737317	2.504742
3.60233979973359	6.1949725	2.4889703
3.619875252856575	6.2640157	2.5028017
3.6374107907743034	6.3086042	2.5116935
3.6549464138986427	6.3109336	2.5121572
3.6724821226414788	6.366701	2.5232322
3.690017917414714	6.3844476	2.5267465
3.7075537986302702	6.4893703	2.5474243
3.7250897667000857	6.5524173	2.559769
3.7426258220361235	6.6308465	2.575043
3.7601619650503553	6.9129505	2.629249
3.777698196154779	7.4719768	2.7334917
3.7952345157614067	8.49792	2.9151192
3.8127709242822716	9.220865	3.0365877
3.830307422129425	11.337138	3.3670666
3.847844009714936	30.055347	5.482276
3.8653806874508954	97.561775	9.8773365
3.882917455749409	96.90091	9.843826
3.900454315022606	96.62898	9.830004
3.917991265682631	41.24742	6.4224157
3.9355283081416506	10.946395	3.3085337
3.9530654428118495	8.8618555	2.976887
3.970602670105433	7.7390623	2.781917
3.9881399904346244	6.851261	2.6174915
4.005677404211669	6.7325253	2.594711
4.023214911848827	6.615447	2.572051
4.0407525137583855	6.6688895	2.5824194
4.058290210352644	6.6076574	2.5705364
4.075828002043927	6.458458	2.5413496
4.0933658892445814	6.3296657	2.5158827
4.110903872366966	6.2684345	2.5036843
4.128441951823468	6.128694	2.47562
4.145980128026488	6.049553	2.459584
4.163518401388452	6.0217957	2.4539347
4.181056772321807	6.031732	2.4559584
4.1985952412390155	6.088764	2.4675422
4.216133808552567	6.100315	2.4698815
4.233672474674966	6.1789126	2.4857419
4.251211240018741	6.4011693	2.5300531
4.268750104996445	6.6678514	2.5822184
4.286289070020643	7.5346384	2.7449296
4.303828135503928	9.190521	3.0315874
4.3213673018589125	29.45693	5.427424
4.3389065694982305	90.62896	9.519924
4.356445938834537	165.92868	12.8813305
4.3739854102805085	171.47824	13.09497
4.391524984248844	172.23454	13.123816
4.409064661152262	136.35962	11.677312
4.426604441403504	96.77371	9.837363
4.444144325415337	76.07076	8.721855
4.461684313600543	22.030298	4.6936445
4.47922440637193	22.146519	4.706009
4.496764604142329	20.228968	4.4976625
4.5143049073245916	18.445303	4.2947993
4.531845316331589	16.44785	4.055595
4.5493858315762195	13.7338295	3.705918
4.566926453471405	11.460358	3.385315
4.584467182430081	9.529449	3.0869806
4.602008018865218	8.2822485	2.8778896
4.619548963189798	7.579477	2.753085
4.637090015816834	7.1537404	2.6746478
4.654631177159353	6.8584404	2.6188624
4.672172447630417	6.5795193	2.5650573
4.689713827643102	6.3531184	2.5205393
4.7072553176105085	6.1524625	2.4804158
4.724796917945764	6.026299	2.454852
4.742338629062015	5.894356	2.4278295
4.759880451372434	5.7760134	2.403334
4.777422385290215	5.7081	2.389163
4.794964431228581	5.6956024	2.3865461
4.812506589600768	5.700343	2.3875391
4.830048860820047	5.5895457	2.364222
4.847591245299709	5.55182	2.35623
4.8651337434530655	5.573953	2.360922
4.882676355693457	5.595982	2.3655827
4.900219082434242	5.593948	2.3651528
4.917761924088813	5.5265455	2.3508606
4.935304881070575	5.4563375	2.3358805
4.952847953792969	5.41866	2.3278015
4.970391142669449	5.3764787	2.3187234
4.9879344481135055	5.4056454	2.3250043
5.005477870538642	5.4090652	2.3257396
5.023021410358394	5.4010386	2.3240135
5.040565067986324	5.401155	2.3240385
5.05810884383601	5.414411	2.3268888
5.075652738321066	5.406243	2.3251328
5.09319675185512	5.3563337	2.3143754
5.110740884851836	5.3488073	2.312749
5.128285137724894	5.4096413	2.3258636
5.145829510888007	5.4276476	2.3297312
5.163374004754908	5.509393	2.3472097
5.1809186197393595	5.507535	2.3468137
5.198463356255145	5.5059247	2.3464706
5.216008214716077	5.462246	2.3371449
5.233553195535998	5.412383	2.326453
5.251098299128764	5.354793	2.3140426
5.268643525908272	5.337635	2.3103323
5.286188876288432	5.2913723	2.3002982
5.3037343506831895	5.274611	2.296652
5.32127994950651	5.3041415	2.3030722
5.3388256731723915	5.265222	2.2946072
5.356371522094851	5.2980366	2.3017464
5.373917496687938	5.2886076	2.2996974
5.391463597365729	5.2606626	2.2936134
5.40900982454232	5.2211647	2.2849867
5.426556178631843	5.1809616	2.2761726
5.444102660048449	5.171397	2.2740707
5.4616492692063225	5.127868	2.2644796
5.479196006519669	5.2017546	2.2807355
5.496742872402727	5.227622	2.2863994
5.514289867269756	5.227346	2.286339
5.531836991535049	5.142826	2.26778
5.549384245612924	5.0743346	2.2526283
5.566931629917724	5.0964274	2.2575269
5.584479144863822	5.1348248	2.266015
5.6020267908656205	5.096978	2.2576487
5.619574568337545	5.1291885	2.2647712
5.637122477694054	5.0923676	2.2566276
5.654670519349629	5.099911	2.2582984
5.672218693718784	5.141149	2.2674103
5.689767001216059	5.228997	2.2867
5.707315442256021	5.246782	2.2905855
5.724864017253266	5.2534566	2.292042
5.7424127266224225	5.2033134	2.2810771
5.75996157077814	5.1835	2.27673
5.777510550135105	5.211772	2.2829306
5.795059665108022	5.22381	2.2855656
5.812608916111639	5.293159	2.3006866
5.830158303560715	5.4295907	2.3301482
5.847707827870055	5.4517183	2.3348916
5.86525748945448	5.504883	2.3462486
5.8828072887288485	5.5582438	2.3575928
5.900357226108044	5.514438	2.348284
5.917907302006979	5.4877295	2.3425903
5.9354575168406	6.066289	2.4629838
5.9530078710238765	6.7323756	2.5946822
5.970558364971812	7.375077	2.7157092
5.988108999099438	7.756108	2.7849789
6.005659773821818	8.29187	2.8795607
6.023210689554039	7.988428	2.8263807
6.040761746711227	8.421281	2.9019444
6.058312945708531	7.7717524	2.7877862
6.075864286961132	7.296248	2.7011569
6.093415770884244	6.6496367	2.5786889
6.1109673978931065	6.1312838	2.476143
6.128519168402993	5.5577	2.3574774
6.146071082829204	5.32011	2.3065364
6.163623141587075	5.1503778	2.2694445
6.181175345091969	5.126804	2.2642446
6.198727693759281	5.181124	2.2762084
6.216280188004435	5.2178473	2.2842607
6.233832828242885	5.2120414	2.2829895
6.251385614890126	5.2861485	2.2991626
6.268938548361669	5.2274027	2.2863514
6.286491629073067	5.164681	2.2725935
6.304044857439898	5.1265426	2.2641869
6.321598233877777	5.0700755	2.2516828
6.339151758802344	5.016487	2.2397516
6.356705432629277	4.961159	2.227366
6.37425925577428	4.9203305	2.2181818
6.391813228653095	4.9133425	2.2166061
6.409367351681486	4.9181075	2.2176807
6.426921625275259	4.948612	2.2245476
6.44447604985025	4.977818	2.2311025
6.46203062582232	4.995981	2.2351692
6.47958535360737	4.971151	2.2296078
6.497140233621328	4.897659	2.2130654
6.514695266280161	4.9054775	2.2148314
6.532250451999859	4.947592	2.2243183
6.549805791196454	4.9858804	2.2329085
6.567361284286002	5.0016427	2.2364352
6.584916931684597	4.974974	2.230465
6.602472733808367	4.9916735	2.2342052
6.6200286910734665	5.0317593	2.2431583
6.637584803896092	5.0756135	2.2529123
6.655141072692462	5.1002846	2.258381
6.672697497878842	5.10089	2.2585151
6.690254079871514	5.102622	2.2588985
6.707810819086808	5.031547	2.2431111
6.725367715941078	4.996879	2.23537
6.742924770850719	4.900667	2.213745
6.760481984232151	4.9225564	2.2186835
6.778039356501836	4.9164033	2.2172964
6.795596888076266	4.9519963	2.2253082
6.813154579371963	4.996119	2.2352
6.830712430805492	5.017769	2.2400377
6.84827044279344	5.0198975	2.2405128
6.865828615752445	4.989206	2.233653
6.883386950099159	4.9686017	2.229036
6.900945446250287	4.977589	2.2310512
6.918504104622553	5.0360613	2.244117
6.936062925632727	5.077256	2.2532768
6.953621909697607	5.092602	2.2566793
6.971181057234028	5.1355586	2.2661772
6.988740368658859	5.202726	2.2809484
7.006299844389007	5.2772684	2.2972305
7.023859484841407	5.3078156	2.3038697
7.041419290433036	5.363028	2.3158212
7.058979261580902	5.477118	2.3403244
7.0765393987020495	5.729421	2.393621
7.094099702213559	6.0471864	2.4591029
7.111660172532549	6.3987947	2.529584
7.129220810076164	6.68623	2.5857747
7.146781615261595	7.278125	2.6978
7.16434258850606	7.589917	2.7549803
7.181903730226821	8.086643	2.8437023
7.1994650408411704	8.25373	2.8729305
7.217026520766437	8.343148	2.8884509
7.234588170419983	8.5223255	2.9193022
7.252149990219215	8.454985	2.9077456
7.269711980581568	8.356451	2.8907528
7.2872741419245175	8.108166	2.847484
7.304836474665574	7.684865	2.7721589
7.322398979222286	7.4209957	2.7241504
7.339961656012233	7.2696114	2.6962216
7.357524505453039	6.935825	2.6335955
7.375087527962357	6.665142	2.5816936
7.392650723957886	6.32746	2.5154443
7.410214093857353	6.06897	2.463528
7.427777638078528	5.803843	2.4091167
7.445341357039213	5.611488	2.3688579
7.4629052511572525	5.387817	2.3211672
7.480469320850524	5.243896	2.2899554
7.498033566536948	5.2027316	2.2809498
7.5155979886344735	5.138365	2.266796
7.5331625875610975	5.116574	2.2619846
7.550727363734844	5.0967174	2.257591
7.568292317573788	5.1669354	2.2730894
7.585857449496025	5.169592	2.2736738
7.603422759919705	5.225754	2.2859907
7.620988249263007	5.2450275	2.2902026
7.638553917944147	5.2410145	2.2893262
7.656119766381391	5.2240176	2.285611
7.673685794993023	5.219377	2.2845955
7.691252004197388	5.265829	2.2947395
7.70881839441285	5.2546186	2.2922955
7.726384966057826	5.2291417	2.2867317
7.743951719550762	5.254026	2.2921662
7.761518655310149	5.252342	2.2917988
7.779085773754511	5.214885	2.2836123
7.796653075302419	5.215064	2.2836516
7.814220560372475	5.2204843	2.284838
7.831788229383323	5.2397375	2.2890472
7.8493560827536495	5.236544	2.2883496
7.866924120902174	5.2615204	2.2938004
7.884492344247663	5.325957	2.3078034
7.9020607532089135	5.3594933	2.315058
7.919629348204771	5.4392023	2.3322098
7.937198129654115	5.460913	2.3368597
7.954767097975865	5.418291	2.3277223
7.972336253588986	5.354611	2.3140032
7.989905596912472	5.314849	2.3053956
8.007475128365371	5.371366	2.3176208
8.025044848366756	5.3841934	2.3203864
8.042614757335754	5.5169873	2.348827
8.060184855691523	5.578034	2.3617861
8.07775514385327	5.750252	2.3979683
8.095325622240228	5.799926	2.4083035
8.112896291271687	5.763564	2.4007423
8.130467151366968	5.803285	2.4090009
8.148038202945436	5.859622	2.4206655
8.165609446426497	5.90701	2.4304342
8.183180882229594	5.990067	2.4474614
8.200752510774217	5.9644723	2.442227
8.218324332479893	5.966485	2.4426389
8.235896347766193	5.9922066	2.4478984
8.253468557052724	6.0322814	2.4560704
8.27104096075914	6.0523787	2.4601583
8.288613559305137	6.01747	2.4530532
8.306186353110448	6.0518456	2.4600499
8.32375934259485	6.079234	2.4656103
8.341332528178162	6.1640534	2.4827511
8.358905910280246	6.226858	2.4953673
8.376479489321003	6.2880588	2.5076003
8.394053265720377	6.311174	2.512205
8.411627239898356	6.299177	2.5098162
8.42920141227497	6.2480283	2.4996057
8.44677578327029	6.2250805	2.495011
8.464350353304427	6.220051	2.494003
8.48192512279754	6.2344933	2.4968967
8.499500092169827	6.20388	2.490759
8.51707526184153	6.1289	2.4756615
8.534650632232934	6.102435	2.4703107
8.552226203764365	6.1215706	2.4741807
8.569801976856192	6.262343	2.5024674
8.587377951928834	6.3579435	2.5214963
8.60495412940274	6.386768	2.5272055
8.622530509698416	6.365711	2.523036
8.6401070932364	6.414683	2.5327225
8.657683880437283	6.5387764	2.5571032
8.675260871721695	6.662869	2.5812533
8.692838067510303	6.900193	2.626822
8.710415468223834	7.047178	2.654652
8.727993074283043	7.1756635	2.678743
8.745570886108737	7.2123804	2.6855876
8.763148904121765	7.2873926	2.699517
8.78072712874302	7.3685164	2.7145011
8.798305560393441	7.5984535	2.7565293
8.815884199494006	7.6635795	2.768317
8.833463046465745	7.746226	2.7832043
8.851042101729728	7.776889	2.7887075
8.86862136570707	8.057971	2.8386567
8.886200838818924	8.268658	2.8755274
8.903780521486505	8.347581	2.889218
8.921360414131055	8.473576	2.9109406
8.938940517173874	8.612281	2.9346688
8.956520831036297	8.747111	2.9575515
8.97410135613971	9.075988	3.012638
8.99168209290554	9.1729965	3.0286956
9.009263041755265	9.303785	3.0502107
9.026844203110405	9.545997	3.0896597
9.044425577392525	9.810588	3.1321857
9.062007165023239	10.033143	3.1675136
9.079588966424197	10.296228	3.2087736
9.097170982017108	10.335048	3.2148168
9.11475321222372	11.227231	3.350706
9.132335657465825	12.108914	3.4797866
9.149918318165264	12.243584	3.4990833
9.167501194743924	12.786359	3.5758018
9.18508428762374	12.427717	3.5252967
9.202667597226693	12.416638	3.523725
9.220251123974803	12.131418	3.4830186
9.237834868290143	11.80874	3.4363847
9.255418830594836	11.554337	3.399167
9.273003011311046	11.101145	3.3318381
9.290587410860985	10.989439	3.3150322
9.308172029666911	10.360393	3.2187564
9.32575686815113	10.066369	3.1727543
9.343341926735997	8.821948	2.9701765
9.360927205843916	8.607253	2.9338121
9.378512705897327	8.386573	2.895958
9.396098427318728	8.127318	2.850845
9.413684370530664	8.005872	2.829465
9.431270535955722	7.8290462	2.7980433
9.448856924016539	7.7438645	2.78278
9.466443535135806	7.6192803	2.7603045
9.484030369736251	7.572938	2.751897
9.501617428240658	7.5611734	2.7497587
9.519204711071852	7.6323247	2.7626662
9.536792218652714	7.707821	2.7762961
9.55437995140617	7.841274	2.8002274
9.571967909755191	7.84685	2.801223
9.589556094122802	7.7998977	2.7928298
9.60714450493207	7.783726	2.789933
9.624733142606116	7.800435	2.7929258
9.642322007568108	7.8672905	2.8048692
9.659911100241267	7.9602675	2.8213947
9.677500421048851	7.987719	2.8262553
9.695089970414175	8.06764	2.8403592
9.712679748760609	8.081081	2.8427243
9.730269756511557	8.173359	2.8589087
9.747859994090492	8.195195	2.862725
9.765450461920915	8.233779	2.8694563
9.78304116042639	8.253037	2.8728101
9.800632090030527	8.361412	2.8916106
9.81822325115699	8.424559	2.902509
9.835814644229481	8.456484	2.9080033
9.853406269671762	8.345549	2.8888664
9.870998127907646	8.287272	2.8787622
9.888590219360985	8.244106	2.8712552
9.906182544455698	8.28926	2.8791075
9.923775103615734	8.357881	2.891
9.941367897265108	8.372452	2.893519
9.958960925827878	8.306483	2.882097
9.97655418972816	8.276492	2.8768892
9.994147689390106	8.2618	2.8743346
10.011741425237934	8.304067	2.8816779
10.029335397695904	8.282431	2.8779213
10.04692960718833	8.380836	2.8949673
10.06452405413958	8.431782	2.903753
10.082118738974064	8.412364	2.9004076
10.099713662116246	8.362671	2.8918283
10.117308823990651	8.380114	2.8948426
10.134904225021844	8.422286	2.9021175
10.152499865634445	8.355698	2.8906224
10.170095746253125	8.206344	2.8646717
10.18769186730261	8.125553	2.8505356
10.205288229207675	8.160881	2.8567257
10.222884832393145	8.222814	2.867545
10.2404816772839	8.273746	2.876412
10.258078764304868	8.21682	2.8664997
10.275676093881035	8.176403	2.859441
10.293273666437438	8.119958	2.849554
10.310871482399158	8.069861	2.8407502
10.32846954219134	8.060413	2.8390868
10.346067846239173	8.08197	2.8428807
10.363666394967908	8.103763	2.846711
10.38126518880283	8.101181	2.8462574
10.398864228169298	8.174955	2.8591878
10.416463513492713	8.187443	2.8613708
10.434063045198531	8.241031	2.8707194
10.451662823712262	8.231308	2.8690257
10.469262849459467	8.206774	2.8647468
10.486863122865758	8.114862	2.8486598
10.504463644356806	8.022469	2.8323963
10.522064414358338	8.025541	2.8329387
10.539665433296118	8.013411	2.8307967
10.557266701595987	8.0075245	2.829757
10.574868219683818	7.902409	2.8111224
10.592469987985552	7.7487063	2.78365
10.610072006927185	7.6219163	2.7607818
10.627674276934751	7.5292344	2.7439451
10.64527679843435	7.4040437	2.7210371
10.662879571852143	7.2937894	2.7007017
10.680482597614331	7.223545	2.6876655
10.698085876147173	7.122981	2.6688914
10.715689407876988	7.0315742	2.6517115
10.733293193230146	6.8824725	2.6234467
10.750897232633072	6.731721	2.594556
10.76850152651225	6.687582	2.586036
10.786106075294207	6.6157045	2.572101
10.803710879405534	6.5614734	2.5615373
10.821315939272877	6.453116	2.5402985
10.83892125532294	6.3849616	2.526848
10.856526827982472	6.3865223	2.527157
10.874132657678285	6.365971	2.5230875
10.891738744837243	6.283879	2.5067666
10.909345089886271	6.2043467	2.4908526
10.926951693252343	6.075	2.4647515
10.944558555362494	6.0568547	2.461068
10.96216567664381	6.0083313	2.4511898
10.979773057523436	5.918335	2.4327629
10.997380698428573	5.8325067	2.4150584
11.014988599786477	5.7854114	2.4052882
11.032596762024461	5.775393	2.4032047
11.050205185569892	5.7066455	2.3888586
11.067813870850198	5.659915	2.3790576
11.085422818292859	5.570758	2.3602452
11.10303202832541	5.555202	2.3569477
11.120641501375454	5.4460144	2.3336697
11.138251237870636	5.367246	2.3167317
11.155861238238671	5.2855844	2.2990398
11.173471502907317	5.2436085	2.2898927
11.191082032304402	5.1242127	2.2636724
11.208692826857805	5.0089235	2.2380624
11.226303886995465	4.9577746	2.2266061
11.243915213145371	4.9317255	2.220749
11.261526805735578	4.900032	2.2136016
11.279138665194196	4.842638	2.2005994
11.296750791949393	4.81425	2.19414
11.314363186429393	4.7521935	2.1799526
11.331975849062479	4.688562	2.1653087
11.34958878027699	4.6380377	2.1536105
11.36720198050133	4.632564	2.1523392
11.384815450163948	4.6369433	2.1533563
11.402429189693366	4.5932417	2.143185
11.420043199518153	4.4952774	2.1202068
11.437657480066942	63.407837	7.962904
11.455272031768422	85.0937	9.224625
11.472886855051353	107.49404	10.367933
11.490501950344528	99.09984	9.95489
11.508117318076819	84.455795	9.189983
11.52573295867715	45.876717	6.7732353
11.543348872574514	4.1783156	2.044093
11.560965060197946	4.164622	2.0407405
11.57858152197655	4.1627865	2.0402908
11.59619825833949	4.091167	2.0226634
11.613815269715985	4.037475	2.009347
11.631432556535323	38.497215	6.2046123
11.649050119226837	83.00308	9.110602
11.666667958219929	93.38805	9.663749
11.68428607394406	107.6799	10.376893
11.701904466828756	82.544624	9.085407
11.719523137303586	65.41198	8.087768
11.737142085798196	4.6689696	2.16078
11.754761312742286	3.7639403	1.9400877
11.772380818565619	3.6789408	1.9180565
11.790000603698015	3.6169438	1.9018265
11.80762066856935	3.578787	1.8917682
11.825241013609572	3.5520682	1.8846931
11.842861639248683	3.5422125	1.8820766
11.860482545916748	3.5202944	1.8762448
11.878103734043883	3.504683	1.8720798
11.895725204060282	3.4180636	1.8488005
11.91334695639619	3.378982	1.8382008
11.930968991481919	3.3527853	1.8310612
11.948591309747824	3.3153872	1.8208205
11.966213911624347	3.3038287	1.8176438
11.98383679754198	3.299776	1.8165286
12.001459967931268	3.2906137	1.8140049
12.019083423222835	3.291658	1.8142927
12.036707163847352	3.2537146	1.8038056
12.05433119023556	3.2538412	1.8038406
12.071955502818259	3.2145424	1.7929145
12.089580102026313	3.2093709	1.7914717
12.107204988290643	3.185587	1.7848213
12.12483016204224	3.161812	1.7781485
12.142455623712152	3.1823616	1.7839175
12.16008137373149	3.1796947	1.7831699
12.177707412531431	3.2057683	1.790466
12.19533374054321	3.2006755	1.7890432
12.212960358198126	3.1838884	1.7843454
12.230587265927545	3.1142628	1.7647274
12.248214464162889	3.0135658	1.7359625
12.265841953335649	2.940814	1.7148802
12.283469733877375	2.9361892	1.7135313
12.301097806219685	2.9070559	1.7050091
12.31872617079425	2.9380856	1.7140845
12.336354828032825	2.927986	1.7111359
12.353983778367205	2.9723635	1.7240543
12.371613022229262	2.9531953	1.7184863
12.389242560050928	2.9541364	1.7187601
12.406872392264201	2.9400718	1.7146637
12.424502519301143	2.9171848	1.7079768
12.442132941593874	2.9072528	1.7050668
12.459763659574586	2.9026675	1.7037216
12.477394673675532	2.879132	1.6968005
12.49502598432903	2.8631291	1.6920784
12.51265759196746	2.8444922	1.6865623
12.530289497023267	2.843601	1.686298
12.547921699928967	2.8217883	1.6798179
12.565554201117134	2.7966065	1.6723057
12.583187001020404	2.7965062	1.6722758
12.600820100071486	2.7838051	1.6684738
12.618453498703152	2.7492723	1.658093
12.636087197348235	2.7129703	1.6471096
12.65372119643964	2.7135754	1.6472933
12.671355496410326	2.770119	1.6643674
12.68899009769333	2.8453674	1.6868217
12.706625000721749	2.9453857	1.7162126
12.724260205928752	2.9946885	1.7305168
12.741895713747551	2.9461212	1.7164268
12.759531524611454	2.9108467	1.7061204
12.777167638953818	2.9158425	1.7075838
12.794804057208072	2.9498904	1.7175245
12.812440779807702	3.0372193	1.742762
12.830077807186271	3.2108545	1.7918857
12.847715139777405	3.2624838	1.8062347
12.865352778014795	3.422315	1.84995
12.882990722332197	3.5431285	1.8823199
12.90062897316344	3.6670349	1.9149504
12.918267530942412	3.744917	1.9351788
12.935906396103071	3.6052008	1.8987366
12.953545569079449	3.7613385	1.939417
12.971185050305628	3.6087022	1.8996584
12.988824840215775	3.612118	1.9005573
13.006464939244115	3.633351	1.9061351
13.024105347824943	3.4849513	1.8668025
13.041746066392617	3.6036015	1.8983154
13.05938709538157	3.3626263	1.8337466
13.077028435226296	3.3272588	1.8240775
13.094670086361363	3.2341542	1.7983755
13.112312049221401	3.166898	1.7795781
13.129954324241112	3.0843983	1.7562455
13.147596911855258	2.8726337	1.6948845
13.165239812498685	2.8370247	1.6843469
13.182883026606293	2.7617326	1.6618462
13.200526554613058	2.7312038	1.6526355
13.218170396954017	2.695476	1.6417905
13.235814554064284	2.7189991	1.6489388
13.253459026379034	2.7449646	1.6567935
13.271103814333523	2.7578342	1.6606728
13.288748918363058	2.7401145	1.6553291
13.306394338903031	2.7503345	1.6584133
13.32404007638889	2.701487	1.6436201
13.341686131256164	2.6889093	1.6397895
13.359332503940449	2.6745377	1.6354014
13.376979194877402	2.686987	1.6392032
13.394626204502751	2.7066543	1.6451913
13.412273533252307	2.6990712	1.642885
13.429921181561937	2.6962829	1.6420362
13.447569149867581	2.7159655	1.6480187
13.465217438605247	2.7433739	1.6563133
13.482866048211022	2.7471533	1.6574539
13.500514979121052	2.7347834	1.6537181
13.518164231771568	2.700784	1.6434062
13.535813806598844	2.667426	1.6332257
13.553463704039254	2.6804705	1.6372142
13.571113924529229	2.6974697	1.6423975
13.588764468505275	2.7053819	1.6448045
13.606415336403956	2.722828	1.6500994
13.624066528661917	2.7323973	1.6529964
13.641718045715882	2.8388789	1.6848973
13.659369888002635	2.923231	1.7097459
13.67702205595903	3.0004146	1.7321705
13.694674550021993	3.0528872	1.7472513
13.712327370628532	3.1107047	1.763719
13.729980518215713	3.142512	1.7727132
13.747633993220681	3.213632	1.7926606
13.765287796080647	3.2684035	1.8078727
13.7829419272329	3.3179343	1.8215197
13.800596387114801	3.3201306	1.8221226
13.818251176163775	3.2841265	1.8122159
13.835906294817324	3.3257818	1.8236727
13.853561743513023	3.3785	1.8380697
13.871217522688525	3.4309113	1.8522719
13.888873632781538	3.4412408	1.8550582
13.906530074229858	3.4734678	1.8637242
13.92418684747135	3.5227308	1.8768939
13.941843952943948	3.525108	1.8775271
13.959501391085665	3.5023932	1.8714682
13.977159162334578	3.39994	1.8438926
13.994817267128846	3.357564	1.8323656
14.012475705906693	3.260115	1.8055788
14.030134479106424	3.1913164	1.7864256
14.047793587166414	3.1433086	1.7729379
14.065453030525108	3.0790749	1.7547293
14.083112809621026	3.0244672	1.7390995
14.100772924892766	2.9692757	1.7231586
14.118433376778997	2.954883	1.7189773
14.136094165718458	2.9055507	1.7045676
14.153755292149969	2.8578148	1.6905073
14.171416756512416	2.772209	1.6649952
14.189078559244768	2.6644228	1.632306
14.20674070078606	2.5848074	1.6077336
14.224403181575408	2.5399156	1.5937113
14.242066002051999	2.5018203	1.5817144
14.259729162655093	2.4731734	1.5726327
14.277392663824022	2.4417148	1.5625987
14.295056505998208	2.4074473	1.5515951
14.312720689617128	2.4014118	1.5496489
14.330385215120348	2.4070244	1.5514588
14.348050082947497	2.4194622	1.555462
14.3657152935383	2.4168243	1.5546138
14.383380847332528	2.384481	1.5441765
14.401046744770051	2.3744502	1.5409251
14.418712986290798	2.3672311	1.5385809
14.436379572334793	2.3585713	1.5357641
14.454046503342123	2.339249	1.5294603
14.471713779752946	2.2936635	1.5144845
14.489381402007504	2.3026633	1.517453
14.507049370546113	2.2984126	1.5160517
14.524717685809168	2.3390577	1.5293978
14.542386348237134	2.3562338	1.5350028
14.560055358270553	2.3593457	1.5360162
14.577724716350051	2.4121873	1.5531218
14.595394422916325	2.4288719	1.5584838
14.61306447841015	2.4800563	1.5748194
14.63073488327237	2.4876251	1.5772207
14.648405637943917	2.5182605	1.5869027
14.6660767428658	2.475058	1.5732317
14.683748198479094	2.473867	1.5728531
14.701420005224954	2.565177	1.601617
14.719092163544628	2.6519308	1.628475
14.73676467387942	2.7056792	1.6448948
14.754437536670727	2.6914804	1.6405731
14.772110752360014	2.7022777	1.6438606
14.78978432138882	2.675758	1.6357744
14.807458244198777	2.6896434	1.6400132
14.82513252123159	2.6932166	1.6411022
14.842807152929028	2.7291977	1.6520283
14.860482139732962	2.7067664	1.6452253
14.87815748208531	2.6678557	1.6333572
14.8958331804281	2.6629639	1.6318591
14.91350923520342	2.659682	1.6308532
14.931185646853438	2.686457	1.6390414
14.948862415820408	2.6718557	1.6345812
14.966539542546656	2.6572483	1.6301068
14.98421702747459	2.6316693	1.6222421
15.001894871046696	2.6291559	1.6214672
15.019573073705542	2.6199894	1.6186382
15.037251635893766	2.6325161	1.622503
15.054930558054092	2.682551	1.6378495
15.072609840629323	2.751805	1.6588565
15.090289484062351	2.8951626	1.7015177
15.107969488796124	3.1645086	1.7789066
15.125649855273691	3.5501266	1.8841779
15.14333058393817	4.023704	2.0059173
15.161011675232768	5.0081267	2.2378845
15.17869312960076	6.4231796	2.5343993
15.196374947485506	8.304648	2.8817787
15.214057129330447	11.451569	3.3840168
15.231739675579114	16.24672	4.030722
15.249422586675102	21.171381	4.601237
15.267105863062092	24.125412	4.9117627
15.284789505183847	24.222752	4.9216614
15.302473513484218	22.143473	4.705685
15.320157888407127	18.698376	4.324162
15.337842630396578	14.682609	3.8317893
15.355527739896656	11.5227	3.3945103
15.37321321735153	9.005103	3.0008504
15.39089906320545	6.6289787	2.5746803
15.408585277902748	5.0028667	2.2367089
15.42627186188783	3.8637068	1.9656314
15.443958815605198	3.2432256	1.8008958
15.461646139499424	2.9341435	1.7129341
15.479333834015168	2.8047738	1.6747459
15.497021899597165	2.7910755	1.6706512
15.514710336690234	2.7644658	1.6626682
15.53239914573928	2.7090836	1.6459293
15.550088327189297	2.6270237	1.6208096
15.567777881485336	2.5447683	1.595233
15.58546780907256	2.4928021	1.578861
15.6031581103962	2.4838269	1.5760162
15.620848785901568	2.472017	1.5722649
15.638539836034063	2.45493	1.5668217
15.656231261239173	2.4478154	1.5645496
15.673923061962451	2.4395652	1.5619107
15.691615238649552	2.4117808	1.5529909
15.709307791746202	2.4022596	1.5499225
15.727000721698221	2.3959937	1.5478997
15.744694028951498	2.4160025	1.5543495
15.76238771395202	2.4070368	1.5514628
15.780081777145844	2.4136097	1.5535797
15.797776218979125	2.3871365	1.5450361
15.815471039898094	2.3530235	1.5339568
15.833166240349064	2.3410037	1.5300338
15.850861820778437	2.3737228	1.5406891
15.868557781632699	2.3992925	1.548965
15.886254123358412	2.429665	1.5587384
15.903950846402232	2.4112208	1.5528107
15.921647951210897	2.3696597	1.53937
15.939345438231225	2.3521318	1.5336661
15.957043307910133	2.3694792	1.5393113
15.974741560694602	2.3821526	1.5434223
15.992440197031714	2.3745434	1.5409553
16.01013921736862	2.3971229	1.5482645
16.02783862215259	2.4049459	1.5507888
16.045538411830933	2.3733532	1.5405692
16.06323858685107	2.3583648	1.5356969
16.080939147660512	2.329002	1.5261068
16.09864009470684	2.3275552	1.5256327
16.11634142843774	2.3551226	1.5346409
16.134043149300954	2.4216084	1.5561519
16.15174525774433	2.4488604	1.5648835
16.169447754215817	2.4597743	1.5683668
16.18715063916342	2.4717534	1.5721811
16.204853913035244	2.4828131	1.5756944
16.222557576279478	2.480422	1.5749356
16.240261629344403	22.442074	4.7373066
16.257966072678386	42.945488	6.553281
16.275670906729868	38.057396	6.169068
16.293376131947387	2.531734	1.5911423
16.31108174877957	2.573403	1.604183
16.328787757675133	2.5582616	1.5994567
16.34649415908287	2.5308168	1.590854
16.364200953451657	2.5626314	1.6008221
16.38190814123048	2.642158	1.6254716
16.39961572286839	2.709824	1.6461543
16.41732369881455	2.745767	1.6570356
16.43503206951817	2.781017	1.6676382
16.45274083542859	2.793551	1.671392
16.47044999699522	2.7957168	1.6720397
16.488159554667558	2.848905	1.68787
16.505869508895184	2.9330316	1.7126095
16.523579860127786	2.9512498	1.7179202
16.541290608815117	2.9555666	1.7191762
16.559001755407035	2.966108	1.7222393
16.57671330035348	3.0321383	1.7413037
16.59442524410448	3.1293445	1.7689953
16.61213758711015	3.1992564	1.7886466
16.629850329820705	3.225562	1.795985
16.647563472686436	3.3033926	1.8175237
16.665277016157724	3.375793	1.8373331
16.682990960685053	3.4256265	1.8508449
16.70070530671898	3.4241853	1.8504554
16.718420054710155	3.4769387	1.8646551
16.736135205109335	3.5135548	1.8744478
16.753850758367335	3.5660563	1.8884004
16.771566714935087	3.6451108	1.9092174
16.789283075263597	3.7417161	1.9343516
16.80699983980398	3.7755535	1.9430784
16.82471700900741	3.8434098	1.9604616
16.84243458332518	3.9596438	1.9898853
16.860152563208665	4.0809946	2.020147
16.87787094910932	4.1309605	2.0324764
16.89558974147871	4.1186366	2.0294425
16.913308940768466	4.146292	2.0362446
16.931028547430333	4.217349	2.0536184
16.94874856191613	4.3010635	2.0739005
16.966468984677785	4.3390603	2.0830412
16.98418981616729	4.3623943	2.0886345
17.00191105683676	4.420406	2.1024761
17.019632707138374	4.4851456	2.1178162
17.03735476752442	4.528767	2.12809
17.05507723844728	4.5580387	2.1349564
17.072800120359403	4.61403	2.1480293
17.090523413713353	4.665757	2.1600363
17.108247118961785	4.6660805	2.1601112
17.125971236557437	4.6647177	2.1597958
17.143695766953133	4.6317267	2.1521447
17.161420710601806	4.6295476	2.1516383
17.179146067956477	4.652629	2.1569953
17.19687183947025	4.668711	2.16072
17.21459802559634	4.6680927	2.160577
17.232324626788028	4.63678	2.1533184
17.25005164349871	4.618953	2.149175
17.267779076181863	4.6727	2.1616428
17.285506925291074	4.654665	2.1574674
17.30323519127999	4.6547313	2.1574826
17.320963874602384	4.6229753	2.1501105
17.33869297571211	4.6046724	2.14585
17.356422495063114	4.56547	2.136696
17.37415243310944	4.5338874	2.1292927
17.391882790305218	4.5340166	2.129323
17.40961356710468	4.5246515	2.1271229
17.42734476396215	4.5401025	2.1307516
17.445076381332044	4.5280967	2.1279325
17.462808419668868	4.575038	2.138934
17.48054087942723	4.6689754	2.1607811
17.498273761061835	4.9981046	2.235644
17.51600706502747	5.5384765	2.353397
17.533740791779024	6.307014	2.5113769
17.551474941771485	7.720781	2.7786293
17.56920951545993	8.770225	2.9614565
17.586944513299528	10.873877	3.2975562
17.60467993574556	12.479991	3.5327032
17.622415783253373	14.16276	3.7633443
17.64015205627843	15.555789	3.9440827
17.657888755276293	16.567974	4.070378
17.675625880702604	16.97794	4.1204295
17.69336343301311	16.735924	4.090956
17.71110141266366	15.931639	3.9914458
17.728839820110178	15.138005	3.890759
17.746578655808705	14.38167	3.7923172
17.764317920215372	13.04836	3.6122513
17.7820576137864	11.532926	3.3960161
17.79979773697811	9.481791	3.0792515
17.81753829024692	7.4845533	2.7357912
17.835279274049356	5.772347	2.402571
17.85302068884201	4.804153	2.1918378
17.870762535081607	4.205962	2.0508442
17.888504813224934	3.9096255	1.9772773
17.90624752372891	3.743526	1.9348193
17.923990667050536	3.663217	1.9139533
17.941734243646895	3.5738847	1.890472
17.959478253975185	3.5106308	1.8736677
17.9772226984927	3.4469063	1.8565845
17.994967577656833	3.4357796	1.8535856
18.01271289192506	3.4121346	1.8471965
18.030458641754965	3.4068253	1.8457587
18.04820482760425	3.4104288	1.8467346
18.06595144993067	3.36002	1.8330357
18.083698509192125	3.3232496	1.8229783
18.101446005846576	3.293591	1.8148253
18.119193940352105	3.2877998	1.8132291
18.136942313166887	3.2051442	1.7902917
18.1546911247492	3.15986	1.7775995
18.1724403755574	3.1374834	1.7712942
18.19019006604997	3.1495383	1.7746938
18.207940196685467	3.1280458	1.7686282
18.225690767922575	3.0936892	1.7588886
18.243441780220046	3.0781906	1.7544773
18.261193234036764	3.0786128	1.7545977
18.278945129831676	3.1124246	1.7642065
18.29669746806386	3.0978146	1.7600609
18.314450249192483	3.0722275	1.7527771
18.3322034736768	3.0180502	1.7372537
18.349957141976184	3.0194187	1.7376474
18.3677112545501	3.002202	1.7326864
18.385465811858108	3.019097	1.7375549
18.403220814359884	3.0274122	1.739946
18.420976262515172	3.0502386	1.7464932
18.43873215678387	3.0684836	1.7517087
18.456488497625923	3.11739	1.7656132
18.474245285501407	3.2140734	1.7927837
18.492002520870486	3.308363	1.8188906
18.50976020419343	3.3992763	1.8437127
18.527518335930615	3.7092469	1.9259405
18.545276916542516	4.25636	2.0630949
18.563035946489688	4.4228134	2.1030486
18.580795426232832	4.89275	2.211956
18.598555356232698	4.836132	2.1991208
18.616315736950185	5.144018	2.2680428
18.63407656884626	4.775791	2.1853583
18.65183785238201	4.914175	2.2167938
18.669599588018617	4.6300597	2.1517572
18.68736177621737	4.5819774	2.1405554
18.705124417439652	4.5747805	2.1388736
18.72288751214696	4.4470263	2.1087973
18.740651060800886	4.6507955	2.1565702
18.758415063863115	4.3995814	2.097518
18.77617952179546	4.539547	2.1306212
18.793944435059814	4.237243	2.0584564
18.811709804118184	4.270017	2.066402
18.829475629432675	4.2377653	2.0585833
18.8472419114655	4.045635	2.0113764
18.86500865067897	4.140433	2.0348053
18.88277584753551	3.8343468	1.9581488
18.90054350249763	3.8667686	1.96641
18.918311616027957	3.5333602	1.8797234
18.936080188589226	3.4025354	1.8445963
18.953849220644265	3.060882	1.7495377
18.971618712656007	2.8757055	1.6957905
18.9893886650875	2.8426793	1.6860247
19.007159078401887	8.062127	2.8393886
19.024929953062408	32.95171	5.740358
19.042701289532435	32.846066	5.7311487
19.060473088275405	25.329994	5.0328913
19.07824534975489	2.607364	1.6147333
19.096018074434568	2.6079545	1.6149162
19.113791262778197	2.6582973	1.6304286
19.13156491524966	2.649144	1.6276191
19.149339032312945	2.6284208	1.6212405
19.167113614432136	2.5848248	1.6077391
19.184888662071433	2.5471268	1.5959721
19.202664175695123	2.5094135	1.5841129
19.220440155767623	2.5129042	1.5852143
19.238216602753447	2.5553756	1.5985543
19.2559935171172	2.5501044	1.5969046
19.27377089932361	2.5437207	1.5949047
19.291548749837514	2.5169644	1.5864943
19.309327069123835	2.5647342	1.6014788
19.32710585764763	2.5718622	1.6037027
19.344885115874032	2.5584438	1.5995136
19.362664844268313	2.5470815	1.5959579
19.380445043295822	2.5344422	1.5919931
19.39822571342203	2.471023	1.5719488
19.41600685511252	2.4362853	1.5608604
19.43378846883297	2.446312	1.564069
19.451570555049173	2.4560735	1.5671865
19.469353114227037	2.4352214	1.5605196
19.48713614683254	2.466055	1.5703678
19.50491965333182	2.4768927	1.5738147
19.52270363419109	2.5126266	1.5851266
19.540488089876686	2.527632	1.5898528
19.55827302085503	2.548762	1.5964843
19.576058427592674	2.556819	1.5990056
19.593844310556282	2.5174496	1.5866473
19.611630670212598	2.4912496	1.5783693
19.629417507028506	2.4791389	1.5745281
19.64720482147098	2.482841	1.5757034
19.6649926140071	2.4962904	1.5799654
19.682780885104084	2.4990916	1.5808516
19.70056963522921	2.493928	1.5792176
19.718358864849908	2.4927967	1.5788593
19.7361485744337	2.5171964	1.5865675
19.753938764448215	2.499408	1.5809516
19.771729435361202	2.500865	1.5814123
19.789520587640506	2.5228128	1.5883365
19.807312221754092	2.5551476	1.598483
19.825104338170043	2.5530148	1.5978156
19.842896937356517	2.5451765	1.5953609
19.860690019781824	2.5323563	1.5913379
19.87848358591436	2.4943292	1.5793445
19.896277636222635	2.5130222	1.5852515
19.914072171175278	2.4867191	1.5769335
19.931867191241015	2.478971	1.5744748
19.94966269688869	2.4818914	1.575402
19.967458688587264	2.5065944	1.5832227
19.985255166805807	2.5023239	1.5818735
20.00305213201348	2.4837675	1.5759974
20.020849584679578	2.4901855	1.5780321
20.038647525273507	2.513796	1.5854956
20.05644595426477	2.4780626	1.5741863
20.07424487212299	2.4604957	1.5685967
20.092044279317903	2.4523902	1.566011
20.109844176319353	2.459897	1.5684059
20.127644563597304	2.4265568	1.5577409
20.145445441621817	2.3951373	1.5476232
20.16324681086307	2.3941512	1.5473045
20.181048671791373	2.4018137	1.5497786
20.198851024877122	2.3936977	1.547158
20.216653870590836	2.4005444	1.549369
20.234457209403146	2.4010165	1.5495213
20.252261041784802	2.3886802	1.5455356
20.270065368206662	2.4258895	1.5575267
20.287870189139685	2.3985045	1.5487106
20.305675505054968	2.3507116	1.533203
20.323481316423702	2.3019667	1.5172234
20.341287623717207	2.3142695	1.5212723
20.359094427406884	2.3284392	1.5259224
20.376901727964288	2.3414023	1.5301641
20.39470952586107	2.3546832	1.5344977
20.41251782156899	2.3927312	1.5468456
20.430326615559935	2.3705504	1.5396591
20.448135908305886	2.3416333	1.5302396
20.465945700278965	2.3453152	1.5314422
20.483755991951384	2.3403633	1.5298246
20.50156678379548	2.3532705	1.5340374
20.519378076283708	2.3302126	1.5265034
20.537189869888635	2.331309	1.5268625
20.55500216508294	2.3160453	1.5218558
20.572814962339415	2.3292894	1.526201
20.59062826213098	2.3228028	1.5240744
20.60844206493066	2.327	1.5254507
20.626256371211593	2.3279555	1.5257639
20.644071181447032	2.287838	1.5125601
20.66188649611036	2.256834	1.5022763
20.67970231567506	2.2835815	1.5111524
20.697518640614742	2.3178377	1.5224446
20.715335471403122	2.3222618	1.5238969
20.73315280851404	2.3093302	1.5196481
20.750970652421447	2.3163428	1.5219536
20.768789003599412	2.3271215	1.5254905
20.786607862522136	2.31121	1.5202664
20.8044272296639	2.2684426	1.506135
20.82224710549913	2.29171	1.5138395
20.84006749050237	2.3252633	1.5248814
20.857888385148268	3.8835907	1.9706829
20.8757097899116	45.968124	6.7799797
20.893531705267254	64.795364	8.049557
20.911354131690224	83.82889	9.155811
20.92917706965566	69.07829	8.311336
20.94700051963877	50.12609	7.079978
20.96482448211493	29.390884	5.421336
20.982648957559622	4.1451273	2.0359585
21.00047394644843	2.2696936	1.5065502
21.01829944925707	2.245501	1.4984996
21.036125466461375	2.238212	1.4960655
21.053951998537297	2.191496	1.4803702
21.071779045960906	2.1973243	1.4823375
21.089606609208378	2.2146313	1.4881637
21.10743468875603	2.2463899	1.4987961
21.12526328508028	2.212788	1.4875443
21.143092398657675	2.177398	1.4756008
21.16092202996488	2.1478155	1.4655427
21.17875217947867	2.145174	1.4646412
21.19658284767596	2.1620333	1.4703854
21.21441403503377	2.2075403	1.4857794
21.232245742029225	2.2136378	1.4878299
21.2500779691396	2.215538	1.4884683
21.26791071684227	2.189079	1.4795537
21.28574398561475	2.1865819	1.4787096
21.30357777593465	2.1814017	1.476957
21.321412088279704	2.17547	1.4749475
21.339246923127792	2.1788292	1.4760858
21.357082280956888	2.1475098	1.4654385
21.3749181622451	2.1129262	1.4535909
21.392754567470647	2.1014504	1.449638
21.41059149711187	2.1350098	1.4611672
21.42842895164726	2.1410565	1.4632349
21.446266931555378	2.10882	1.4521776
21.464105437314945	2.1030924	1.4502043
21.481944469404798	2.12462	1.4576076
21.49978402830388	2.1397188	1.4627777
21.51762411449127	2.1319082	1.4601055
21.53546472844617	2.122948	1.457034
21.553305870647876	2.0973973	1.4482394
21.571147541575865	2.1154075	1.454444
21.58898974170967	2.1107037	1.4528261
21.60683247152899	2.1228206	1.4569902
21.62467573151363	2.127787	1.4586936
21.642519522143523	2.1219015	1.4566748
21.660363843898722	2.0817177	1.4428159
21.6782086972594	2.0523646	1.4326077
21.696054082705864	2.0501895	1.4318483
21.713900000718535	2.0411062	1.4286729
21.73174645177795	2.0193648	1.4210435
21.749593436364794	2.016591	1.4200673
21.767440954959845	2.0069442	1.4166666
21.785289008044032	2.0142555	1.4192446
21.803137596098388	2.0411067	1.428673
21.820986719604086	2.0626483	1.4361923
21.838836379042412	2.0369456	1.427216
21.85668657489478	2.0183737	1.4206948
21.87453730764273	2.0045137	1.4158086
21.892388577767914	1.9765788	1.4059086
21.91024038575213	1.9848548	1.4088488
21.928092732077285	1.9784449	1.4065721
21.945945617225426	1.9980456	1.4135224
21.963799041678694	1.9937509	1.4120024
21.981653005919398	31.326403	5.5969996
21.999507510429943	78.10987	8.837979
22.01736255569286	73.04764	8.546791
22.035218142190818	4.193081	2.0477014
22.05307427040661	2.0394435	1.4280908
22.07093094082315	2.0484507	1.4312409
22.088788153923474	2.015557	1.4197031
22.106645910190746	1.996903	1.4131181
22.12450421010827	2.0167403	1.4201199
22.142363054159464	1.993384	1.4118725
22.16022244282787	1.9768853	1.4060175
22.178082376597164	1.9638611	1.4013783
22.195942855951145	1.975548	1.4055419
22.213803881373742	1.9867234	1.4095118
22.231665453349002	1.9420198	1.3935637
22.24952757236111	1.9441235	1.3943183
22.26739023889438	1.9461225	1.3950349
22.28525345343323	1.9904366	1.4108284
22.30311721646225	2.0094097	1.4175365
22.320981528466113	2.0070758	1.416713
22.33884638992964	1.9991909	1.4139274
22.356711801337788	1.9885942	1.4101752
22.37457776317561	1.9812034	1.4075522
22.392444275928337	2.0055199	1.4161638
22.410311340081282	1.9863354	1.4093741
22.428178956119904	1.9953433	1.4125662
22.446047124529805	1.951851	1.3970866
22.46391584579669	1.9437537	1.3941857
22.481785120406414	1.9189754	1.3852708
22.49965494884496	1.935974	1.3913928
22.51752533159841	1.9793998	1.4069115
22.53539626915302	1.9728416	1.4045788
22.553267761995137	1.9595151	1.3998268
22.571139810611264	1.9596003	1.3998573
22.589012415488025	1.9321607	1.3900218
22.60688557711216	1.9436663	1.3941543
22.624759295970566	1.9257296	1.3877066
22.642633572550263	1.9093366	1.3817874
22.660508407338362	1.9089209	1.381637
22.67838380082217	1.9117525	1.3826613
22.696259753489077	1.9263135	1.3879169
22.714136265826614	1.9151368	1.3838847
22.73201333832246	1.9139552	1.3834577
22.74989097146439	1.9063662	1.3807123
22.76776916574035	1.94197	1.3935459
22.785647921638393	1.9591097	1.399682
22.803527239646712	1.9389122	1.3924483
22.82140712025363	1.9246103	1.3873032
22.839287563947593	1.9200484	1.3856581
22.85716857121719	1.9028195	1.3794272
22.875050142551135	1.8881955	1.3741163
22.892932278438277	1.869253	1.3672063
22.910814979367604	1.8667593	1.366294
22.928698245828222	1.8802283	1.3712142
22.946582078309387	1.8785913	1.3706172
22.96446647730047	1.8953428	1.3767145
22.98235144329098	1.9092226	1.3817462
23.000236976770562	1.9279916	1.3885214
23.018123078229	1.930825	1.3895413
23.03600974815619	1.9412208	1.3932769
23.053896987042194	1.9408869	1.3931571
23.071784795377173	1.9482343	1.3957916
23.08967317365145	1.9557773	1.398491
23.10756212235546	1.9629577	1.4010559
23.125451641979787	1.9407933	1.3931236
23.143341733015134	1.9187399	1.3851858
23.161232395952357	1.8922684	1.3755975
23.179123631282426	1.866855	1.3663291
23.197015439496468	1.9126396	1.3829821
23.214907821085717	1.9605982	1.4002136
23.23280077654157	1.9891943	1.410388
23.250694306355538	1.9766755	1.4059429
23.268588411019277	1.9612411	1.4004432
23.28648309102458	1.9073808	1.3810796
23.304378346863356	1.8762175	1.3697509
23.322274179027676	1.893332	1.3759841
23.340170588009723	1.9249641	1.3874308
23.358067574301852	1.9196459	1.3855128
23.37596513839651	1.8740631	1.3689643
23.39386328078629	1.8809209	1.3714666
23.411762001963947	1.8944054	1.376374
23.429661302422353	1.9550114	1.3982172
23.4475611826545	1.9363039	1.3915113
23.46546164315356	1.9170151	1.3845631
23.48336268441279	1.9479127	1.3956764
23.501264306925638	1.9864763	1.4094241
23.51916651118564	1.954549	1.3980519
23.537069297686497	1.9294146	1.3890337
23.554972666922037	1.9155596	1.3840375
23.57287661938623	1.9057863	1.3805022
23.59078115557318	1.8900774	1.3748008
23.608686275977128	1.9169118	1.3845259
23.62659198109246	1.939148	1.392533
23.6444982714137	1.9469681	1.3953379
23.66240514743549	1.91185	1.3826966
23.68031260965263	1.8840173	1.3725951
23.698220658560068	1.9147743	1.3837537
23.716129294652845	1.9093033	1.3817754
23.7340385184262	1.9096378	1.3818965
23.75194833037546	1.8989204	1.3780133
23.769858730996123	1.9171866	1.3846251
23.78776972078382	1.9240448	1.3870994
23.80568130023431	1.9280035	1.3885257
23.823593469843495	1.9349432	1.3910223
23.841506230107424	1.8981181	1.377722
23.859419581522275	1.890753	1.3750466
23.87733352458438	1.9223753	1.3864975
23.89524805979019	1.9633609	1.4011998
23.913163187636318	1.9362973	1.391509
23.931078908619508	1.9496597	1.3963021
23.948995223236633	1.9786249	1.406636
23.966912131984735	2.0277236	1.4239815
23.98482963536096	2.04311	1.429374
24.002747733862616	2.0512989	1.4322356
24.020666427987155	2.0732439	1.4398763
24.038585718232156	2.039434	1.4280875
24.056505605095353	2.0369892	1.4272313
24.074426089074617	2.0632522	1.4364026
24.092347170667946	2.1168194	1.4549294
24.110268850373515	2.1313403	1.459911
24.128191128689586	2.122736	1.4569612
24.146114006114626	2.0258696	1.4233304
24.164037483147187	2.0032983	1.4153792
24.181961560286005	2.036139	1.4269334
24.199886238029926	2.0543287	1.433293
24.21781151687797	2.0206997	1.4215132
24.235737397329274	2.0369394	1.4272139
24.253663879883135	2.0574105	1.4343677
24.271590965038975	2.0766933	1.4410737
24.289518653296376	2.0641794	1.4367253
24.30744694515505	2.040267	1.4283792
24.32537584111486	2.0407417	1.4285454
24.34330534167581	2.0295994	1.42464
24.361235447338046	2.0355082	1.4267124
24.379166158601876	2.070091	1.4387811
24.39709747596772	2.0763366	1.4409499
24.41502939993615	2.0151684	1.4195663
24.432961931007917	1.969873	1.4035217
24.450895069683856	1.9417416	1.3934639
24.468828816465	1.9379557	1.3921047
24.4867631718525	1.9323374	1.3900853
24.504698136347656	1.967636	1.4027245
24.52263371045192	1.9634001	1.4012138
24.540569894666874	1.9561273	1.3986162
24.558506689494266	1.8867831	1.3736023
24.57644409543597	1.9245166	1.3872695
24.594382112994012	1.9374352	1.3919178
24.61232074267057	1.9326212	1.3901875
24.630259984967953	1.9215167	1.3861878
24.64819984038863	1.932195	1.3900342
24.66614030943522	1.981287	1.4075819
24.684081392610462	1.9646356	1.4016546
24.702023090417274	1.9460789	1.3950193
24.7199654033587	1.9624342	1.4008691
24.737908331937927	1.9585232	1.3994725
24.755851876658305	1.983946	1.4085262
24.773796038023324	2.0525336	1.4326667
24.79174081653661	2.1102927	1.4526846
24.809686212701962	2.0989869	1.448788
24.827632227023294	2.0839975	1.4436058
24.8455788600047	2.1063995	1.451344
24.8635261121504	2.129595	1.4593132
24.88147398396475	2.1314764	1.4599577
24.899422475952303	2.095959	1.4477427
24.917371588617698	2.0736613	1.4400213
24.935321322465768	2.0680926	1.4380864
24.953271678001478	2.2140763	1.4879773
24.97122265572994	2.432225	1.5595592
24.989174256156414	2.780588	1.6675094
25.00712647978632	3.2554307	1.8042812
25.02507932712521	3.8596256	1.9645929
25.043032798678798	4.3991385	2.0974123
25.060986894952933	5.0608063	2.2496235
25.078941616453637	5.7646184	2.4009619
25.096896963687055	6.6796875	2.5845091
25.114852937159508	7.675018	2.7703822
25.132809537377444	8.191053	2.8620017
25.150766764847468	8.297599	2.8805554
25.168724620076347	7.8044424	2.7936432
25.186683103570985	6.6924047	2.5869682
25.204642215838426	5.514129	2.3482182
25.222601957385894	4.228481	2.056327
25.24056232872074	3.2585332	1.8051407
25.25852333035048	2.7051346	1.6447294
25.276484962782778	2.38726	1.545076
25.294447226525435	2.167155	1.472126
25.312410122086423	2.0421162	1.4290262
25.330373649973843	1.9735137	1.404818
25.348337810695988	1.9621086	1.4007529
25.366302604761245	1.9587443	1.3995515
25.384268032678207	1.9616345	1.4005836
25.40223409495558	1.9776233	1.4062799
25.420200792102257	1.9411606	1.3932554
25.438168124627246	1.8737996	1.368868
25.45613609303974	1.8882606	1.3741399
25.474104697849057	1.8553629	1.362117
25.492073939564698	1.8936845	1.3761121
25.510043818696285	1.900428	1.3785602
25.528014335753614	1.8974675	1.377486
25.54598549124664	1.8186519	1.348574
25.56395728568544	1.8290479	1.352423
25.58192971958028	1.8371242	1.3554056
25.59990279344156	1.8878422	1.3739877
25.617876507779833	1.8593577	1.3635827
25.635850863105826	1.8542395	1.3617046
25.653825859930386	1.851507	1.3607008
25.671801498764548	1.8059094	1.3438413
25.68977778011949	1.7837985	1.3355892
25.707754704506524	1.785462	1.3362118
25.725732272437153	1.7996066	1.3414942
25.743710484423012	1.8437116	1.3578334
25.761689340975888	1.8518648	1.3608325
25.77966884260774	1.8630651	1.3649415
25.797648989830662	1.9122225	1.3828313
25.815629783156922	1.8938545	1.3761739
25.83361122309895	1.8621292	1.3645985
25.85159331016929	1.8778266	1.3703381
25.869576044880695	1.9049462	1.3801979
25.887559427746034	1.8864756	1.3734903
25.90554345927836	1.8386469	1.3559672
25.92352813999086	1.8082719	1.34472
25.94151347039689	1.8248441	1.3508679
25.959499451009965	1.8383325	1.3558512
25.97748608234374	1.845218	1.358388
25.995473364912062	1.8088789	1.3449457
26.013461299228904	1.7845907	1.3358858
26.03144988580839	1.7831894	1.3353611
26.04943912516483	1.8376744	1.3556085
26.067429017812675	1.8637921	1.3652077
26.085419564266537	1.8553396	1.3621086
26.103410765041186	1.8370491	1.3553779
26.12140262065155	1.8052777	1.3436062
26.139395131612723	1.7636867	1.3280387
26.157388298439948	1.7583216	1.3260173
26.17538212164861	1.7951903	1.3398471
26.193376601754295	1.8164893	1.347772
26.211371739272714	1.7915205	1.3384769
26.229367534719746	1.85037	1.3602831
26.247363988611433	1.8422	1.3572767
26.26536110146397	1.8558217	1.3622855
26.283358873793727	1.8513502	1.3606433
26.301357306117204	1.8462965	1.3587849
26.319356398951104	1.8336369	1.3541185
26.33735615281224	1.8025169	1.3425784
26.35535656821762	1.7544246	1.3245469
26.373357645684404	1.7602383	1.3267397
26.39135938572991	1.7963881	1.340294
26.409361788871614	1.8660032	1.3660172
26.427364855627165	1.8747329	1.3692088
26.445368586514352	1.8644077	1.3654331
26.46337298205115	1.8503802	1.3602868
26.48137804275568	1.8216729	1.3496937
26.499383769146217	1.7715279	1.3309876
26.517390161741215	1.7428011	1.3201519
26.53539722105928	1.7682834	1.3297682
26.553404947619182	1.757784	1.3258145
26.571413341939856	1.7548803	1.324719
26.589422404540397	1.7941805	1.3394703
26.60743213594006	1.8533697	1.3613852
26.62544253665827	1.7880645	1.3371853
26.64345360721459	1.7507645	1.3231646
26.66146534812879	1.7501125	1.3229182
26.679477759920758	1.8256882	1.3511803
26.69749084311057	1.8396217	1.3563266
26.71550459821847	1.8824384	1.3720199
26.733519025764842	1.8115654	1.345944
26.751534126270258	1.7443874	1.3207526
26.769549900255434	1.7333256	1.3165582
26.787566348241267	1.7644886	1.3283405
26.80558347074881	1.8461441	1.3587289
26.823601268299267	1.8578972	1.363047
26.841619741414036	1.8182989	1.3484432
26.85963889061465	1.7967315	1.3404222
26.877658716422832	1.8097395	1.3452656
26.89567921936045	1.806095	1.3439103
26.913700399949544	1.7971576	1.340581
26.93172225871233	1.8173612	1.3480954
26.949744796171174	1.7677032	1.32955
26.967768012848605	1.7825108	1.335107
26.98579190926733	1.7589018	1.326236
27.003816485950225	1.7781141	1.3334595
27.021841743420318	1.7884599	1.3373331
27.039867682200814	1.8083931	1.3447651
27.057894302815072	1.8197628	1.3489859
27.07592160578664	1.8278741	1.3519889
27.0939495916392	1.8194292	1.3488622
27.111978260896635	1.7981232	1.3409412
27.13000761408296	1.8131788	1.3465433
27.148037651722397	1.7746582	1.332163
27.166068374339304	1.7702957	1.3305246
27.184099782458215	1.7951404	1.3398285
27.20213187660384	1.8243163	1.3506725
27.22016465730105	1.7938378	1.3393422
27.23819812507487	1.7916777	1.3385357
27.256232280450533	1.8167872	1.3478825
27.274267123953383	1.8174363	1.3481233
27.292302656108987	1.8257494	1.351203
27.31033887744306	1.8140721	1.346875
27.32837578848146	1.7682441	1.3297534
27.34641338975026	1.7712662	1.3308892
27.364451681775673	1.7783743	1.333557
27.382490665084074	1.8247663	1.3508391
27.400530340202046	1.7954847	1.339957
27.41857070765629	1.7424525	1.3200198
27.436611767973726	1.7455928	1.3212088
27.454653521681404	1.7633168	1.3278993
27.472695969306564	1.7789855	1.3337861
27.490739111376627	1.7510134	1.3232586
27.508782948419153	1.7733394	1.3316679
27.526827480961902	1.8100132	1.3453673
27.54487270953279	1.8286476	1.352275
27.562918634659898	1.7865388	1.3366147
27.580965256871508	1.8086873	1.3448745
27.599012576696026	1.806819	1.3441796
27.617060594662068	1.7954724	1.3399523
27.63510931129842	1.771909	1.3311307
27.65315872713401	1.8088284	1.344927
27.67120884269797	1.8131205	1.3465216
27.68925965851958	1.7995715	1.3414811
27.707311175128307	1.852888	1.3612083
27.725363393053787	1.8854285	1.3731091
27.74341631282583	1.8779757	1.3703926
27.7614699349744	1.9081002	1.38134
27.77952426002968	2.1253574	1.4578606
27.797579288521973	2.168913	1.472723
27.815635020981784	2.5672998	1.6022795
27.83369145793979	2.5946681	1.6107974
27.85174859992682	2.4275384	1.558056
27.869806447473923	2.2676506	1.505872
27.887865001112267	1.9760318	1.4057139
27.905924261373233	1.8859438	1.3732967
27.92398422878836	1.8562635	1.3624476
27.94204490388936	1.8649826	1.3656436
27.96010628720813	1.8584479	1.3632491
27.978168379276728	1.8290081	1.3524083
27.9962311806274	1.8178129	1.3482629
28.014294691792568	1.8354285	1.3547798
28.0323589133048	1.8407239	1.3567328
28.050423845696887	1.8394921	1.3562788
28.068489489501758	1.8304276	1.3529329
28.086555845252523	1.8659748	1.3660069
28.104622913482487	1.8916253	1.3753637
28.122690694725115	1.9111786	1.3824538
28.14075918951405	1.8729656	1.3685633
28.15882839838312	1.8714797	1.3680204
28.176898321866304	1.8459904	1.3586723
28.1949689604978	1.8511378	1.3605652
28.213040314811945	1.8463147	1.3587916
28.23111238534327	1.848022	1.3594197
28.249185172626493	1.9212563	1.3860939
28.267258677196473	1.9573456	1.3990517
28.285332899588294	1.9511639	1.3968407
28.303407840337172	1.9276785	1.3884087
28.321483499978545	1.950022	1.3964319
28.33955987904799	1.9844894	1.4087191
28.357636978081285	1.9764538	1.4058641
28.37571479761439	1.9506979	1.3966739
28.393793338183425	1.958368	1.399417
28.41187260032469	1.9650182	1.4017911
28.429952584574686	1.9646227	1.40165
28.448033291470065	1.9389231	1.3924522
28.46611472154769	1.9025598	1.3793331
28.484196875344566	1.9224542	1.386526
28.502279753397914	1.9494437	1.3962249
28.52036335624511	1.9417979	1.3934841
28.538447684423716	1.9449623	1.394619
28.556532738471482	2.0096478	1.4176205
28.574618518926325	2.070002	1.4387501
28.59270502632635	2.018251	1.4206516
28.61079226120985	1.9456536	1.3948668
28.628880224115274	1.9391782	1.3925438
28.646968915581287	2.0076442	1.4169136
28.66505833614671	2.0423145	1.4290957
28.68314848635055	2.06014	1.4353187
28.701239366732004	2.030931	1.4251074
28.71933097783044	2.0349138	1.426504
28.737423320185403	2.0288808	1.4243879
28.75551639433665	2.0273929	1.4238654
28.773610200824074	2.0560055	1.4338778
28.791704740187793	2.1344938	1.4609907
28.80980001296809	2.1866257	1.4787244
28.827896019705413	2.264047	1.504675
28.845992760940433	2.2849696	1.5116116
28.86409023721397	2.2102177	1.4866802
28.88218844906704	2.2082193	1.4860078
28.900287397040845	2.285358	1.5117401
28.918387081676755	2.3094492	1.5196872
28.936487503516343	2.265524	1.5051657
28.954588663101365	2.2801461	1.5100152
28.97269056097374	2.3438964	1.5309789
28.990793197675597	2.3726065	1.5403267
29.00889657374923	2.3569262	1.5352284
29.027000689737125	2.3340971	1.5277752
29.04510554618196	2.409197	1.5521588
29.06321114362659	2.4858687	1.5766637
29.08131748261405	2.5158029	1.5861282
29.099424563687567	2.4774547	1.5739932
29.11753238739057	2.4808838	1.5750822
29.13564095426663	2.57022	1.6031905
29.15375026485954	2.6527028	1.628712
29.171860319713275	2.6522508	1.6285732
29.18997111937199	2.6814194	1.637504
29.20808266438002	2.7362416	1.6541588
29.226194955281898	2.7565634	1.6602901
29.244307992622335	2.7977953	1.6726612
29.26242177694624	2.8054087	1.6749355
29.2805363087987	2.8855834	1.6987005
29.29865158872498	2.9593952	1.7202892
29.316767617270557	2.9827766	1.7270716
29.334884394981064	2.9285622	1.7113042
29.353001922402367	2.9797473	1.7261945
29.37112020008047	3.0855725	1.7565798
29.389239228561596	3.183281	1.7841752
29.407359008392152	3.3689542	1.8354712
29.42547954011872	3.7430415	1.9346942
29.44360082428809	4.3775463	2.0922587
29.46172286144722	5.4198875	2.3280652
29.479845652143283	7.0391994	2.653149
29.497969196923606	9.167591	3.027803
29.516093496335728	11.60213	3.40619
29.5342185509274	14.265981	3.7770333
29.55234436124651	16.429386	4.053318
29.570470927841175	17.591433	4.1942143
29.588598251259686	17.410337	4.1725698
29.60672633205055	16.150736	4.018798
29.624855170762405	13.952838	3.73535
29.642984767944146	11.111287	3.3333597
29.66111512414481	8.473454	2.91092
29.67924623991366	6.348884	2.519699
29.697378115800138	4.984526	2.2326052
29.71551075235387	4.14412	2.0357113
29.733644150124675	3.7406647	1.9340798
29.751778309662576	3.5392606	1.8812922
29.769913231517766	3.4800742	1.8654957
29.78804891624066	3.3324776	1.8255075
29.806185364381818	3.2390873	1.7997465
29.82432257649206	3.266182	1.8072581
29.842460553122333	3.32015	1.8221278
29.86059929482382	3.331052	1.825117
29.878738802147872	3.2828074	1.8118519
29.896879075646048	3.2507515	1.802984
29.915020115870114	3.2637286	1.8065792
29.933161923371976	3.2568436	1.8046727
29.951304498703777	3.2736773	1.8093306
29.969447842417857	3.2938511	1.8148971
29.987591955066733	3.277808	1.8104718
30.005736837203123	3.2442381	1.8011769
30.023882489379943	3.2049084	1.7902257
30.04202891215028	3.204117	1.7900047
30.060176106067455	3.2662473	1.8072762
30.078324071684946	3.3234212	1.8230253
30.09647280955646	3.3041756	1.8177391
30.114622320235863	3.2090309	1.7913768
30.132772604277257	3.170354	1.7805488
30.1509236622349	3.137721	1.7713614
30.16907549466328	3.0892026	1.7576128
30.18722810211705	3.0313537	1.7410784
30.205381485151097	2.9693475	1.7231795
30.22353564432045	2.9446163	1.7159884
30.241690580180403	2.906312	1.704791
30.25984629328638	2.9055443	1.7045658
30.278002784194037	2.9846709	1.72762
30.296160053459246	3.0200372	1.7378254
30.314318101638033	3.047748	1.7457801
30.332476929286646	3.0426428	1.7443173
30.35063653696153	3.0147874	1.7363143
30.368796925219307	2.9628978	1.721307
30.386958094616844	2.9172225	1.7079879
30.40512004571115	2.8913367	1.7003931
30.423282779059463	2.9227324	1.7096001
30.441446295219233	2.8520277	1.6887947
30.459610594748067	2.807292	1.6754975
30.47777567820382	2.81983	1.679235
30.495941546144504	2.8284972	1.6818136
30.51410819912835	2.7766426	1.666326
30.532275637713795	2.7536805	1.6594217
30.55044386245946	2.7738502	1.665488
30.56861287392416	2.7877355	1.6696513
30.586782672666956	2.8145933	1.677675
30.604953259247047	2.7348053	1.6537247
30.623124634223885	2.7237258	1.6503714
30.641296798157075	2.7541964	1.6595771
30.659469751606462	2.7250798	1.6507815
30.677643495132074	2.816438	1.6782247
30.695818029294152	2.820311	1.6793782
30.713993354653116	2.7276237	1.651552
30.73216947176962	2.6974218	1.642383
30.75034638120448	2.6739411	1.635219
30.768524083518756	2.6195214	1.6184936
30.786702579273673	2.6660035	1.6327901
30.80488186903069	2.7999237	1.6732973
30.82306195335144	2.962143	1.7210877
30.841242832797782	3.0999143	1.7606573
30.85942450793176	3.3424883	1.8282473
30.877606979315637	3.687497	1.9202856
30.895790247511883	4.1256275	2.0311642
30.913974313083134	4.5512815	2.1333733
30.932159176592283	4.8185506	2.1951196
30.95034483860237	4.816866	2.194736
30.968531299676698	4.5691586	2.137559
30.98671856037873	4.230003	2.0566971
31.00490662127215	3.843779	1.9605558
31.023095482920848	3.4508476	1.8576458
31.04128514588892	3.0310194	1.7409823
31.059475610740662	2.785011	1.6688353
31.07766687804056	2.5738142	1.6043111
31.09585894835335	2.532839	1.5914896
31.11405182224393	2.4975266	1.5803565
31.132245500277417	2.4773076	1.5739465
31.15043998301914	2.4661005	1.5703822
31.168635271034628	2.4674754	1.57082
31.18683136488964	2.4769282	1.573826
31.20502826515008	2.5138588	1.5855153
31.223225972382135	2.502303	1.5818669
31.241424487152155	2.4082103	1.5518409
31.259623810026692	2.381642	1.543257
31.27782394157253	2.3544571	1.5344241
31.296024882356644	2.3807807	1.5429778
31.314226632946237	2.4713902	1.5720656
31.332429193908684	2.5142577	1.5856411
31.350632565811598	2.4931624	1.5789751
31.368836749222787	2.4448497	1.5636015
31.387041744710295	2.516048	1.5862055
31.40524755284232	2.589119	1.609074
31.423454174187317	2.6062148	1.6143775
31.441661609313922	2.5792346	1.6059996
31.459869858791002	2.4860668	1.5767266
31.478078923187628	2.3548868	1.534564
31.496288803073064	2.335628	1.5282762
31.514499499016807	2.3696551	1.5393684
31.532711011588546	2.3759384	1.541408
31.550923341358178	2.3598723	1.5361876
31.56913648889584	2.3358383	1.528345
31.587350454771844	2.3004198	1.5167135
31.605565239556732	2.265736	1.5052363
31.62378084382127	2.2333221	1.4944304
31.641997268136382	2.199299	1.4830034
31.660214513073274	2.1932395	1.4809589
31.67843257920331	2.2589557	1.5029823
31.6966514670981	2.3107533	1.5201162
31.71487117732944	2.3368564	1.5286779
31.733091710469346	2.397722	1.548458
31.751313067090052	2.467621	1.5708663
31.769535247764008	2.4256823	1.5574602
31.787758253063878	2.2942417	1.5146754
31.805982083562526	2.2738469	1.507928
31.824206739833024	2.2632194	1.5044
31.84243222244869	2.2015555	1.4837639
31.860658531983013	2.1852424	1.4782566
31.878885669009737	2.2424147	1.4974694
31.897113634102784	2.253402	1.5011336
31.91534242783632	2.3008544	1.5168568
31.933572050784694	2.3214989	1.5236466
31.951802503522508	2.3162649	1.521928
31.970033786624548	2.2406833	1.4968913
31.988265900665834	2.0608778	1.4355757
32.006498846221575	2.0413573	1.4287608
32.02473262386724	2.129764	1.4593711
32.04296723417845	2.2097788	1.4865324
32.0612026777311	2.1518962	1.4669343
32.07943895510129	2.1133635	1.4537412
32.097676066865304	2.1509237	1.4666028
32.115914013599685	2.1980748	1.4825906
32.13415279588115	2.2078602	1.485887
32.152392414286666	2.1984904	1.4827307
32.1706328693934	2.252594	1.5008644
32.18887416177875	2.2117522	1.4871961
32.20711629202032	2.147726	1.4655123
32.225359260695924	2.1242652	1.4574859
32.243603068383614	2.1031373	1.4502198
32.26184771566166	2.093939	1.447045
32.28009320310852	2.1184204	1.4554794
32.2983395313029	2.1382735	1.4622836
32.31658670082372	2.151328	1.4667406
32.33483471225012	2.1169395	1.4549706
32.35308356616143	2.1071262	1.4515944
32.371333263137245	2.1016748	1.4497154
32.38958380375734	2.0662062	1.4374304
32.407835188601744	2.0910182	1.4460354
32.42608741825067	2.1229672	1.4570405
32.444340493284585	2.0998652	1.4490912
32.46259441428416	2.0149658	1.4194949
32.48084918183028	2.0393815	1.4280691
32.49910479650405	2.0629382	1.4362932
32.51736125888683	2.1099088	1.4525526
32.53561856956014	2.1200924	1.4560537
32.5538767291058	2.1205776	1.4562203
32.572135738105764	2.054617	1.4333935
32.59039559714228	2.0146382	1.4193795
32.608656306797776	2.0340574	1.4262038
32.62691786765491	2.051471	1.4322957
32.645180280296586	2.0532634	1.4329213
32.663443545305896	2.1053972	1.4509987
32.68170766326619	2.0903363	1.4457996
32.69997263476099	1.9393764	1.392615
32.7182384603741	1.9112109	1.3824655
32.7365051406895	1.9569685	1.398917
32.75477267629144	2.0503628	1.4319088
32.77304106776434	2.0900545	1.4457021
32.79131031569289	1.9978089	1.4134387
32.809580420661966	1.9623147	1.4008265
32.827851383256714	2.0021305	1.4149666
32.84612320406245	2.0704331	1.4389
32.86439588366476	2.0169263	1.4201853
32.88266942264945	1.9807547	1.4073929
32.9009438216025	1.999269	1.4139551
32.9192190811102	2.0093439	1.4175133
32.937495201758985	1.9640816	1.401457
32.95577218413556	2.0493734	1.4315633
32.974050028826866	2.039154	1.4279895
32.992328736420035	1.9656403	1.402013
33.010608307502444	1.8865843	1.3735299
33.02888874266169	1.8329122	1.3538508
33.047170042485604	1.8266512	1.3515366
33.06545220756225	1.92999	1.3892409
33.083735238479896	1.9736123	1.4048531
33.10201913582707	1.9850945	1.4089339
33.12030390019248	2.0024867	1.4150925
33.138589532165135	2.0046985	1.4158738
33.15687603233419	2.001445	1.4147243
33.17516340128909	1.9892083	1.410393
33.19345163961947	1.9242443	1.3871713
33.211740747915215	1.8948337	1.3765296
33.23003072676643	2.0422297	1.4290661
33.248321576763466	2.0711818	1.4391601
33.266613298496885	2.0693624	1.4385278
33.28490589255747	1.9843088	1.4086549
33.30319935953626	1.9196074	1.385499
33.32149370002451	1.9422	1.3936284
33.339788914613706	2.005454	1.4161406
33.358085003895575	2.0674684	1.4378694
33.376381968462034	1.9761864	1.405769
33.39467980890529	1.8585685	1.3632933
33.41297852581774	1.8367043	1.3552506
33.43127811979204	1.8958926	1.3769141
33.44957859142105	2.0181534	1.4206172
33.467879941297866	1.9934036	1.4118794
33.486182170015844	1.8942894	1.3763318
33.50448527816853	1.8716427	1.3680799
33.522789266349754	1.9023926	1.3792725
33.541094135153514	1.8189216	1.348674
33.55939988517411	1.8622946	1.3646592
33.57770651700602	1.917268	1.3846545
33.59601403124398	1.9589889	1.3996389
33.61432242848296	1.9116247	1.3826152
33.632631709318154	1.8596115	1.3636757
33.650941874344994	1.8248144	1.3508569
33.66925292415916	1.8019907	1.3423824
33.68756485935654	1.8844845	1.3727653
33.70587768053328	1.9987429	1.413769
33.724191388285746	2.0449886	1.430031
33.74250598321054	1.9874829	1.4097811
33.760821465904506	1.9489834	1.39606
33.77913783696474	1.8989383	1.3780197
33.79745509698852	1.8211491	1.3494996
33.815773246573414	1.8335317	1.3540797
33.8340922863172	1.8350066	1.3546242
33.852412216817896	1.8784119	1.3705517
33.87073303867377	1.8992195	1.3781217
33.889054752483304	1.8700399	1.367494
33.907377358845245	1.9616848	1.4006016
33.92570085835853	2.0376325	1.4274566
33.94402525162239	2.1276698	1.4586535
33.96235053923627	2.0929604	1.4467068
33.980676721799824	1.9296153	1.3891059
33.999003799912984	1.751744	1.3235347
34.01733177417592	1.7386746	1.3185881
34.03566064518901	1.8350849	1.3546531
34.0539904135529	1.9628029	1.4010006
34.07232107986846	1.9711567	1.403979
34.090652644736785	1.9834465	1.4083488
34.108985108759235	1.9658736	1.4020962
34.12731847253742	2.0000854	1.4142437
34.14565273667313	2.0535858	1.4330337
34.16398790176847	2.0430307	1.4293462
34.18232396842574	1.9224979	1.3865417
34.20066093724749	2.0231552	1.4223766
34.21899880883651	2.1229446	1.4570328
34.23733758379583	2.0846107	1.4438181
34.25567726272874	1.9885767	1.410169
34.27401784623872	1.9231116	1.386763
34.29235933492957	1.9410033	1.393199
34.31070172940526	1.9590561	1.3996629
34.32904503027003	1.952956	1.397482
34.347389238128386	1.9745358	1.4051818
34.36573435358502	1.9809899	1.4074764
34.38408037724492	1.830304	1.3528873
34.402427309713296	1.832385	1.3536562
34.42077515159559	1.8681798	1.3668138
34.43912390349752	1.8872709	1.3737798
34.45747356602499	1.9259778	1.387796
34.47582413978423	2.0919032	1.4463413
34.49417562538163	2.09547	1.4475738
34.51252802342388	1.9774814	1.4062295
34.53088133451789	1.8545042	1.3618019
34.54923555927084	1.9596161	1.3998629
34.567590698290104	1.9819897	1.4078315
34.58594675218336	1.8699158	1.3674487
34.6043037215585	1.8116077	1.3459598
34.62266160702365	1.8699528	1.3674622
34.641020409187234	2.0023754	1.4150531
34.65938012865785	1.9614369	1.400513
34.677740766044394	1.9368273	1.3916994
34.69610232195598	2.012264	1.4185429
34.714464797002016	1.9371196	1.3918045
34.73282819179208	1.8298413	1.3527162
34.751192506936064	1.8423101	1.3573172
34.76955774304408	1.9161606	1.3842546
34.7879239007265	2.1382039	1.4622599
34.80629098059391	2.2910242	1.513613
34.824658983257194	2.125367	1.4578638
34.843027909327446	1.9562658	1.3986657
34.86139775941603	2.025079	1.4230527
34.879768534134534	2.0845592	1.4438002
34.89814023409483	1.97208	1.4043076
34.91651285990901	1.8570437	1.362734
34.93488641218944	1.9637288	1.4013311
34.95326089154871	2.0629647	1.4363024
34.97163629859967	2.1228178	1.4569893
34.99001263395542	2.2231653	1.4910283
35.00838989822934	2.226698	1.4922124
35.02676809203499	2.1475787	1.465462
35.04514721598624	2.003833	1.4155681
35.063527270697215	1.9548048	1.3981433
35.081908256782256	1.7204521	1.31166
35.10029017485597	1.5388055	1.240486
35.11867302553321	1.7501379	1.3229278
35.137056809429104	1.966351	1.4022664
35.155441527159006	2.001244	1.4146533
35.173827179338524	2.06771	1.4379534
35.19221376658354	2.2457776	1.4985919
35.21060128951017	2.3163238	1.5219474
35.2289897487348	2.2067568	1.4855157
35.24737914487405	2.2450473	1.4983482
35.26576947854479	2.3924558	1.5467565
35.28416075036418	2.1947675	1.4814748
35.30255296094958	1.8715053	1.3680297
35.32094611091867	1.7243028	1.313127
35.33934020088932	1.8003981	1.3417891
35.35773523147969	1.9631313	1.4011179
35.3761312033082	2.2556944	1.501897
35.394528116993506	2.1802163	1.4765556
35.41292597315452	1.8204938	1.3492568
35.431324772410434	1.7247816	1.3133094
35.449724515380666	1.9420564	1.3935769
35.46812520268491	2.2350397	1.4950049
35.486526834943106	2.3360748	1.5284224
35.504929412775454	2.0016532	1.4147979
35.52333293680242	1.5978955	1.2640789
35.54173740764471	1.5534871	1.2463896
35.560142825923286	1.323037	1.1502335
35.5785491922594	1.4818987	1.2173326
35.59695650727454	1.5046791	1.2266536
35.61536477159042	1.7820303	1.3349271
