0.008763373481513119	0.0	0.0
0.026290120649546365	0.11242709	0.3353015
0.043816868432600686	0.121336736	0.34833422
0.06134361724069026	0.13630265	0.36919188
0.07887036748382949	0.17775907	0.42161483
0.0963971195720331	0.113522954	0.33693168
0.11392387391531617	0.120243676	0.3467617
0.1314506309236943	0.10968162	0.33118215
0.1489773910071836	0.15867972	0.39834625
0.16650415457580078	0.17721106	0.42096445
0.18403092203956356	0.18329412	0.42812863
0.20155769380849	0.1838071	0.4287273
0.2190844702925996	0.18463536	0.42969218
0.2366112519019124	0.17143288	0.41404453
0.2541380390464497	0.1292925	0.35957268
0.27166483213623416	0.081917375	0.28621212
0.28919163158128947	0.100830376	0.317538
0.3067184377916406	0.1285826	0.35858417
0.324245251177314	0.14814892	0.3849012
0.34177207214833777	0.12237677	0.34982392
0.3592989011147415	0.1447325	0.38043725
0.37682573848655654	0.13220514	0.36360025
0.39435258467381573	0.14724755	0.38372847
0.41187944008655414	0.19626124	0.44301382
0.42940630513480854	0.19776261	0.44470507
0.446933180228618	0.22059682	0.46967736
0.4644600657780234	0.17086747	0.4133612
0.48198696219306775	0.1041616	0.32274076
0.49951386988379676	0.11426515	0.3380313
0.5170407892602581	0.11254943	0.33548388
0.5345677207325025	0.13600583	0.36878967
0.5520946647105822	0.12040159	0.34698933
0.5696216216045534	0.12224833	0.34964028
0.5871485918244737	0.14765988	0.3842654
0.6046755757804043	0.16101415	0.40126568
0.6222025738824094	0.16163939	0.40204403
0.6397295865405557	0.1651482	0.4063843
0.6572566141649129	0.18597157	0.43124422
0.6747836571655547	0.21390371	0.46249726
0.6923107159525568	0.17873023	0.422765
0.7098377909359992	0.1575626	0.39694154
0.7273648825259653	0.12647048	0.35562688
0.7448919911325411	0.13140927	0.36250415
0.762419117165817	0.16289377	0.40360102
0.7799462610358868	0.17902915	0.42311835
0.7974734231528482	0.16535306	0.40663627
0.8150006039268024	0.1659665	0.40738985
0.8325278037678551	0.16438945	0.4054497
0.8500550230861152	0.18772238	0.4332694
0.8675822622916969	0.21445495	0.4630928
0.8851095217947171	0.23772496	0.48757046
0.9026368020052984	0.23955879	0.4894474
0.9201641033335665	0.23243648	0.48211667
0.9376914261896523	0.21534227	0.46404985
0.9552187709836915	0.22625111	0.4756586
0.9727461381258234	0.23852332	0.48838848
0.990273528026193	0.21507598	0.46376285
1.0078009410949496	0.23078677	0.4804027
1.0253283777422473	0.23186257	0.4815211
1.0428558383782454	0.26580063	0.51555854
1.0603833234131086	0.27600667	0.5253634
1.0779108332570058	0.27681452	0.52613163
1.0954383683201119	0.28061634	0.52973235
1.112965929012607	0.28037724	0.5295066
1.1304935157446763	0.42562518	0.65239954
1.1480211289265108	0.5024138	0.7088115
1.1655487689683062	1.4215983	1.192308
1.1830764362802655	1.7348233	1.3171269
1.200604131272596	2.0960975	1.4477905
1.2181318543555117	2.3496082	1.5328431
1.235659605939232	2.3359253	1.5283735
1.253187386433982	3.9928527	1.9982123
1.270715196249994	6.277825	2.5055587
1.2882430357975057	11.911281	3.4512722
1.3057709054867608	16.458895	4.0569563
1.3232988057280106	22.438812	4.7369623
1.3408267369315112	27.435692	5.2379093
1.358354699507526	30.913673	5.5600066
1.3758826938663256	35.09926	5.924463
1.3934107204181858	36.924023	6.0765142
1.410938779573391	37.10495	6.0913835
1.4284668717422309	37.842247	6.151605
1.4459949973350033	37.116806	6.092356
1.4635231567620117	37.48902	6.122828
1.4810513504335687	36.45403	6.0377173
1.4985795787599925	35.8021	5.9834857
1.5161078421516088	35.099243	5.9244614
1.5336361410187505	34.230473	5.8506813
1.5511644757717598	34.205513	5.848548
1.5686928468209842	35.520992	5.959949
1.58622125457678	36.297104	6.024708
1.6037496994495108	37.4933	6.1231775
1.621278181849548	37.373	6.113346
1.6388067021872719	38.06261	6.1694903
1.6563352608730693	37.60566	6.132345
1.673863858317336	36.904324	6.074893
1.6913924949304753	35.878666	5.98988
1.7089211711228998	34.642624	5.8857985
1.7264498873050296	33.82703	5.816101
1.7439786438872935	33.092384	5.7525983
1.7615074412801288	31.911259	5.649005
1.779036279893981	31.294676	5.5941644
1.796565160139305	30.501848	5.5228477
1.814094082426564	30.098299	5.4861917
1.8316230471662298	29.3486	5.4174347
1.849152054768784	28.18351	5.3088145
1.8666811056447168	27.619625	5.255438
1.8842102002045273	26.532427	5.150964
1.901739338858724	26.217388	5.1202917
1.9192685220178245	25.737198	5.073184
1.9367977500923557	25.097155	5.009706
1.9543270234928547	24.602303	4.9600706
1.971856342629867	23.70796	4.869082
1.9893857079139496	23.250507	4.821878
2.006915119755667	22.571173	4.7509127
2.0244445785655945	22.229465	4.714813
2.0419740847543175	21.832228	4.672497
2.0595036387324317	21.502243	4.637051
2.0770332409105414	21.224003	4.6069517
2.094562891699263	21.0565	4.588736
2.1120925915092217	20.500929	4.5277953
2.129622340751053	19.90343	4.461326
2.1471521398354043	187.67538	13.699467
2.1646819891729323	444.00928	21.071527
2.182211889174303	440.25397	20.98223
2.1997418402501974	452.82693	21.27973
2.2172718428113023	432.60623	20.799189
2.234801897268317	320.5929	17.905107
2.2523320040319548	17.091057	4.1341333
2.269862163512935	16.71082	4.087887
2.287392376121992	16.503029	4.062392
2.304922642269869	16.26626	4.0331454
2.322452962367322	15.893238	3.9866323
2.3399833368251164	15.477606	3.9341588
2.357513766054032	15.265311	3.9070847
2.3750442504648586	15.070325	3.8820517
2.3925747904683963	14.948516	3.866331
2.410105386475459	14.575478	3.8177843
2.4276360388968707	14.370485	3.7908423
2.445166748143469	14.2513	3.7750895
2.4626975146261025	13.840216	3.720244
2.4802283387556323	13.515824	3.6763873
2.4977592209429305	13.282921	3.6445742
2.5152901615988825	13.041126	3.61125
2.5328211611343865	12.844268	3.58389
2.5503522199603523	12.688569	3.5621018
2.5678833384877024	12.453576	3.5289624
2.5854145171273712	12.227833	3.496832
2.6029457562903064	11.93393	3.4545522
2.620477056387469	11.674205	3.4167535
2.6380084178298326	11.491964	3.38998
2.655539841028383	11.340558	3.3675745
2.673071326394119	11.384461	3.3740869
2.6906028743380523	11.245199	3.3533862
2.708134485271211	11.116235	3.3341017
2.7256661596046325	10.907133	3.302595
2.743197897749369	10.677338	3.2676196
2.760729700116486	10.489592	3.2387638
2.778261567117063	10.165593	3.1883528
2.795793499162193	10.173116	3.1895323
2.8133254966629817	9.99094	3.1608448
2.830857560030551	9.868796	3.141464
2.8483896896760337	9.646742	3.1059206
2.865921886010578	9.562517	3.092332
2.883454149445347	9.54945	3.0902185
2.9009864803915177	9.439705	3.0724103
2.91851887926028	9.377478	3.0622668
2.9360513464628384	9.249775	3.0413442
2.953583882410413	9.185281	3.0307229
2.9711164875142373	8.970077	2.9950087
2.9886491621855606	8.780062	2.963117
3.0061819068356455	8.562688	2.926207
3.023714721875769	8.253313	2.872858
3.041247607717225	8.103881	2.8467317
3.0587805647713213	8.065971	2.8400655
3.0763135934493806	8.026988	2.833194
3.0938466941627407	7.9977245	2.8280249
3.1113798673227544	7.929757	2.8159823
3.1289131133407904	7.826669	2.7976184
3.1464464326282315	7.7160974	2.7777865
3.1639798255964786	7.627064	2.761714
3.1815132926569443	7.598902	2.7566106
3.1990468342210603	7.5385685	2.7456453
3.216580450700272	7.4860854	2.736071
3.2341141425060416	7.349445	2.710986
3.251647910049847	7.23708	2.6901822
3.2691817537431813	7.126476	2.669546
3.286715673997555	7.1957154	2.682483
3.3042496712244938	7.1952157	2.68239
3.32178374583554	7.103672	2.6652715
3.339317898242251	6.9910865	2.6440663
3.3568521288562034	6.9093747	2.628569
3.3743864380889876	6.9761815	2.6412463
3.3919208263522127	7.0061026	2.6469042
3.4094552940575023	6.7725835	2.6024187
3.4269898416164972	6.5972724	2.5685155
3.444524469440858	6.439349	2.5375872
3.4620591779422587	6.40587	2.530982
3.479593967532391	6.3895655	2.527759
3.4971288386229658	6.400381	2.5298975
3.5146637916257086	6.428785	2.5355048
3.5321988269523628	6.405243	2.530858
3.5497339450146903	6.3565345	2.5212169
3.5672691462244708	6.345237	2.5189753
3.5848044309934988	6.2629538	2.5025895
3.60233979973359	6.166729	2.48329
3.619875252856575	6.155825	2.4810936
3.6374107907743034	6.198918	2.4897625
3.6549464138986427	6.3089657	2.5117655
3.6724821226414788	6.337404	2.51742
3.690017917414714	6.266365	2.5032709
3.7075537986302702	6.222637	2.4945214
3.7250897667000857	6.2352424	2.4970467
3.7426258220361235	6.469311	2.543484
3.7601619650503553	6.966508	2.6394143
3.777698196154779	7.545753	2.7469535
3.7952345157614067	8.594016	2.9315553
3.8127709242822716	9.293321	3.0484948
3.830307422129425	11.673715	3.4166818
3.847844009714936	30.474262	5.52035
3.8653806874508954	97.87078	9.892966
3.882917455749409	96.92409	9.845003
3.900454315022606	96.631485	9.830132
3.917991265682631	41.153267	6.415081
3.9355283081416506	10.776532	3.282763
3.9530654428118495	8.508978	2.9170153
3.970602670105433	7.3315916	2.7076912
3.9881399904346244	6.6501265	2.578784
4.005677404211669	6.6039124	2.5698078
4.023214911848827	6.631085	2.5750892
4.0407525137583855	6.499269	2.5493665
4.058290210352644	6.48381	2.5463326
4.075828002043927	6.395689	2.52897
4.0933658892445814	6.277259	2.505446
4.110903872366966	6.213428	2.4926748
4.128441951823468	6.1849675	2.4869595
4.145980128026488	6.1439424	2.4786978
4.163518401388452	6.09777	2.4693663
4.181056772321807	6.053907	2.4604688
4.1985952412390155	6.0748415	2.4647193
4.216133808552567	6.1721926	2.4843898
4.233672474674966	6.2154517	2.4930809
4.251211240018741	6.4342995	2.536592
4.268750104996445	6.57504	2.564184
4.286289070020643	7.4963293	2.7379425
4.303828135503928	9.007116	3.001186
4.3213673018589125	29.32134	5.4149184
4.3389065694982305	90.53256	9.51486
4.356445938834537	165.86075	12.878694
4.3739854102805085	171.24149	13.085927
4.391524984248844	172.18379	13.121882
4.409064661152262	136.26729	11.673358
4.426604441403504	96.60392	9.82873
4.444144325415337	75.75135	8.703526
4.461684313600543	21.889433	4.6786146
4.47922440637193	22.279282	4.7200933
4.496764604142329	20.668226	4.546232
4.5143049073245916	18.750006	4.3301277
4.531845316331589	16.647476	4.080132
4.5493858315762195	13.741703	3.7069802
4.566926453471405	11.448253	3.3835266
4.584467182430081	9.407146	3.0671072
4.602008018865218	8.349275	2.889511
4.619548963189798	7.6855984	2.7722912
4.637090015816834	7.187959	2.681037
4.654631177159353	6.85162	2.61756
4.672172447630417	6.563613	2.561955
4.689713827643102	6.267415	2.5034807
4.7072553176105085	6.040405	2.4577236
4.724796917945764	5.8467016	2.4179955
4.742338629062015	5.847016	2.4180603
4.759880451372434	5.787709	2.4057658
4.777422385290215	5.690955	2.3855722
4.794964431228581	5.7112503	2.3898222
4.812506589600768	5.7051554	2.3885467
4.830048860820047	5.674916	2.382208
4.847591245299709	5.6481543	2.3765845
4.8651337434530655	5.6053076	2.367553
4.882676355693457	5.6241674	2.3715327
4.900219082434242	5.6251736	2.3717449
4.917761924088813	5.570203	2.3601277
4.935304881070575	5.5162272	2.348665
4.952847953792969	5.5031557	2.3458805
4.970391142669449	5.487304	2.3424995
4.9879344481135055	5.4654202	2.3378239
5.005477870538642	5.444524	2.3333504
5.023021410358394	5.503115	2.345872
5.040565067986324	5.446543	2.333783
5.05810884383601	5.417599	2.3275738
5.075652738321066	5.3645344	2.3161464
5.09319675185512	5.318159	2.3061135
5.110740884851836	5.310504	2.3044531
5.128285137724894	5.3490877	2.3128095
5.145829510888007	5.351965	2.3134315
5.163374004754908	5.3944187	2.3225887
5.1809186197393595	5.3470573	2.3123705
5.198463356255145	5.261953	2.2938948
5.216008214716077	5.263746	2.2942855
5.233553195535998	5.247264	2.2906907
5.251098299128764	5.290301	2.3000655
5.268643525908272	5.1909065	2.278356
5.286188876288432	5.206306	2.281733
5.3037343506831895	5.265942	2.294764
5.32127994950651	5.2522726	2.2917838
5.3388256731723915	5.1882806	2.2777798
5.356371522094851	5.1298523	2.2649176
5.373917496687938	5.116784	2.262031
5.391463597365729	5.1906586	2.2783017
5.40900982454232	5.1482744	2.268981
5.426556178631843	5.191492	2.2784846
5.444102660048449	5.140169	2.267194
5.4616492692063225	5.131454	2.2652712
5.479196006519669	5.1172957	2.262144
5.496742872402727	5.114811	2.2615948
5.514289867269756	5.1037416	2.2591462
5.531836991535049	5.1067414	2.25981
5.549384245612924	5.0707326	2.2518287
5.566931629917724	5.0971675	2.2576907
5.584479144863822	5.0691957	2.2514875
5.6020267908656205	5.0336723	2.2435846
5.619574568337545	5.0035768	2.2368677
5.637122477694054	5.0626535	2.250034
5.654670519349629	5.0933437	2.2568438
5.672218693718784	5.1694603	2.2736447
5.689767001216059	5.176997	2.2753015
5.707315442256021	5.244612	2.2901118
5.724864017253266	5.221708	2.2851057
5.7424127266224225	5.2804565	2.2979243
5.75996157077814	5.257305	2.2928815
5.777510550135105	5.257543	2.2929332
5.795059665108022	5.264223	2.2943895
5.812608916111639	5.234071	2.2878091
5.830158303560715	5.2433867	2.2898443
5.847707827870055	5.241947	2.2895298
5.86525748945448	5.3586745	2.314881
5.8828072887288485	5.5828614	2.362808
5.900357226108044	5.6526165	2.3775232
5.917907302006979	5.6778955	2.3828335
5.9354575168406	6.2499237	2.4999847
5.9530078710238765	6.886037	2.624126
5.970558364971812	7.4448724	2.7285295
5.988108999099438	7.750279	2.7839322
6.005659773821818	8.353999	2.8903286
6.023210689554039	8.071667	2.8410678
6.040761746711227	8.645616	2.9403427
6.058312945708531	7.955028	2.820466
6.075864286961132	7.4411263	2.7278428
6.093415770884244	6.6429343	2.577389
6.1109673978931065	6.0780454	2.4653692
6.128519168402993	5.48202	2.3413713
6.146071082829204	5.498866	2.3449662
6.163623141587075	5.4100356	2.3259482
6.181175345091969	5.33489	2.3097382
6.198727693759281	5.1969256	2.2796767
6.216280188004435	5.091875	2.2565184
6.233832828242885	5.106697	2.2598002
6.251385614890126	5.2160816	2.2838743
6.268938548361669	5.2416506	2.2894652
6.286491629073067	5.177817	2.2754817
6.304044857439898	5.1520514	2.269813
6.321598233877777	5.118061	2.2623131
6.339151758802344	5.0904417	2.2562008
6.356705432629277	5.0255246	2.2417681
6.37425925577428	5.0013013	2.236359
6.391813228653095	4.9794145	2.23146
6.409367351681486	5.0422196	2.2454886
6.426921625275259	5.0115786	2.2386556
6.44447604985025	5.019757	2.2404814
6.46203062582232	5.040317	2.245065
6.47958535360737	4.9998198	2.2360277
6.497140233621328	4.996841	2.2353616
6.514695266280161	4.9827037	2.232197
6.532250451999859	5.0258193	2.241834
6.549805791196454	5.068962	2.2514355
6.567361284286002	5.100536	2.2584367
6.584916931684597	5.1123977	2.2610612
6.602472733808367	5.1190023	2.2625213
6.6200286910734665	5.1219387	2.26317
6.637584803896092	5.0660834	2.250796
6.655141072692462	4.9548507	2.2259493
6.672697497878842	4.923652	2.2189305
6.690254079871514	4.9315834	2.220717
6.707810819086808	4.960269	2.2271662
6.725367715941078	4.997286	2.235461
6.742924770850719	5.003277	2.2368007
6.760481984232151	5.010918	2.238508
6.778039356501836	4.9291325	2.220165
6.795596888076266	4.972874	2.2299943
6.813154579371963	5.033969	2.243651
6.830712430805492	5.0708714	2.2518594
6.84827044279344	5.084208	2.254819
6.865828615752445	5.004168	2.2369998
6.883386950099159	5.032765	2.2433825
6.900945446250287	5.0387015	2.2447052
6.918504104622553	4.9828377	2.232227
6.936062925632727	4.969754	2.2292945
6.953621909697607	4.9546533	2.225905
6.971181057234028	5.0930643	2.2567818
6.988740368658859	5.127381	2.264372
7.006299844389007	5.1857333	2.2772205
7.023859484841407	5.232917	2.287557
7.041419290433036	5.3469343	2.3123438
7.058979261580902	5.444263	2.3332944
7.0765393987020495	5.7030745	2.388111
7.094099702213559	6.119281	2.473718
7.111660172532549	6.516209	2.5526867
7.129220810076164	6.805028	2.608645
7.146781615261595	7.308894	2.7034967
7.16434258850606	7.51276	2.7409415
7.181903730226821	7.9778085	2.8245015
7.1994650408411704	8.141453	2.8533232
7.217026520766437	8.231574	2.869072
7.234588170419983	8.47862	2.9118068
7.252149990219215	8.432631	2.9038992
7.269711980581568	8.368545	2.8928437
7.2872741419245175	8.13449	2.8521028
7.304836474665574	7.735144	2.7812128
7.322398979222286	7.4291167	2.7256405
7.339961656012233	7.145099	2.6730318
7.357524505453039	6.830019	2.6134305
7.375087527962357	6.5524874	2.5597827
7.392650723957886	6.3072314	2.5114202
7.410214093857353	6.0175915	2.453078
7.427777638078528	5.8585906	2.4204526
7.445341357039213	5.6504087	2.3770587
7.4629052511572525	5.5072713	2.3467577
7.480469320850524	5.3682165	2.3169413
7.498033566536948	5.2682858	2.2952747
7.5155979886344735	5.2410235	2.289328
7.5331625875610975	5.2377234	2.2886074
7.550727363734844	5.22244	2.2852657
7.568292317573788	5.1819687	2.276394
7.585857449496025	5.191744	2.27854
7.603422759919705	5.2295346	2.2868176
7.620988249263007	5.2865896	2.2992585
7.638553917944147	5.332512	2.3092232
7.656119766381391	5.31652	2.305758
7.673685794993023	5.2918615	2.3004045
7.691252004197388	5.2692695	2.2954888
7.70881839441285	5.254478	2.2922647
7.726384966057826	5.2659345	2.2947624
7.743951719550762	5.204618	2.2813632
7.761518655310149	5.1759067	2.2750618
7.779085773754511	5.12943	2.2648244
7.796653075302419	5.1798625	2.2759311
7.814220560372475	5.2317247	2.2872963
7.831788229383323	5.292179	2.3004737
7.8493560827536495	5.282796	2.2984333
7.866924120902174	5.2601733	2.2935069
7.884492344247663	5.2505994	2.2914186
7.9020607532089135	5.2563386	2.2926707
7.919629348204771	5.3231072	2.307186
7.937198129654115	5.3187094	2.3062327
7.954767097975865	5.369185	2.31715
7.972336253588986	5.319214	2.3063421
7.989905596912472	5.33749	2.3103008
8.007475128365371	5.3218246	2.306908
8.025044848366756	5.3812613	2.3197546
8.042614757335754	5.5424953	2.3542504
8.060184855691523	5.622309	2.371141
8.07775514385327	5.7324667	2.394257
8.095325622240228	5.8238306	2.4132614
8.112896291271687	5.8588877	2.4205139
8.130467151366968	5.881938	2.4252708
8.148038202945436	5.861545	2.4210627
8.165609446426497	5.9051127	2.4300437
8.183180882229594	5.957784	2.4408572
8.200752510774217	5.944828	2.438202
8.218324332479893	5.9373627	2.4366703
8.235896347766193	5.892138	2.4273727
8.253468557052724	5.9480433	2.4388611
8.27104096075914	6.0102677	2.4515848
8.288613559305137	6.0722556	2.4641948
8.306186353110448	6.0964646	2.469102
8.32375934259485	6.128118	2.4755037
8.341332528178162	6.1669664	2.4833379
8.358905910280246	6.2673616	2.50347
8.376479489321003	6.3702636	2.5239382
8.394053265720377	6.4421687	2.5381427
8.411627239898356	6.4694324	2.5435078
8.42920141227497	6.3800793	2.5258818
8.44677578327029	6.248606	2.4997213
8.464350353304427	6.1512733	2.480176
8.48192512279754	6.1476912	2.4794538
8.499500092169827	6.1651797	2.482978
8.51707526184153	6.169973	2.483943
8.534650632232934	6.1768417	2.4853253
8.552226203764365	6.1319795	2.4762833
8.569801976856192	6.174507	2.4848557
8.587377951928834	6.2074223	2.4914699
8.60495412940274	6.257063	2.5014122
8.622530509698416	6.2838225	2.5067554
8.6401070932364	6.4129066	2.5323718
8.657683880437283	6.5163474	2.5527136
8.675260871721695	6.642537	2.577312
8.692838067510303	6.75678	2.5993807
8.710415468223834	6.9146056	2.6295638
8.727993074283043	7.149586	2.673871
8.745570886108737	7.1950808	2.6823647
8.763148904121765	7.212337	2.6855795
8.78072712874302	7.1783605	2.6792462
8.798305560393441	7.3795705	2.7165365
8.815884199494006	7.507004	2.7398913
8.833463046465745	7.664417	2.7684684
8.851042101729728	7.7550106	2.784782
8.86862136570707	8.036279	2.8348331
8.886200838818924	8.233541	2.8694146
8.903780521486505	8.333563	2.886791
8.921360414131055	8.420879	2.9018753
8.938940517173874	8.517144	2.9184146
8.956520831036297	8.687108	2.94739
8.97410135613971	8.983777	2.997295
8.99168209290554	9.154835	3.0256958
9.009263041755265	9.402666	3.0663767
9.026844203110405	9.60498	3.0991902
9.044425577392525	9.794072	3.1295483
9.062007165023239	9.912778	3.1484563
9.079588966424197	10.2840395	3.206874
9.097170982017108	10.410283	3.226497
9.11475321222372	11.520149	3.3941345
9.132335657465825	12.5158615	3.5377765
9.149918318165264	12.635394	3.55463
9.167501194743924	13.149366	3.6262054
9.18508428762374	12.731386	3.568107
9.202667597226693	12.779953	3.574906
9.220251123974803	12.42508	3.5249228
9.237834868290143	12.029259	3.4683223
9.255418830594836	11.828306	3.4392304
9.273003011311046	11.2953825	3.3608603
9.290587410860985	11.107129	3.332736
9.308172029666911	10.430134	3.2295718
9.32575686815113	10.134073	3.1834059
9.343341926735997	8.791269	2.9650075
9.360927205843916	8.557446	2.925311
9.378512705897327	8.308766	2.882493
9.396098427318728	8.116393	2.8489285
9.413684370530664	8.067477	2.8403304
9.431270535955722	8.032988	2.8342526
9.448856924016539	7.9948425	2.8275154
9.466443535135806	7.8752403	2.8062859
9.484030369736251	7.7870755	2.7905333
9.501617428240658	7.7886853	2.7908216
9.519204711071852	7.7653375	2.7866354
9.536792218652714	7.7906327	2.7911706
9.55437995140617	7.876112	2.806441
9.571967909755191	7.8844447	2.8079252
9.589556094122802	7.9199214	2.8142354
9.60714450493207	7.899843	2.810666
9.624733142606116	7.880144	2.8071594
9.642322007568108	7.9068484	2.8119118
9.659911100241267	7.941737	2.8181088
9.677500421048851	7.9937935	2.8273296
9.695089970414175	7.987265	2.826175
9.712679748760609	7.9999456	2.8284175
9.730269756511557	8.109884	2.847786
9.747859994090492	8.253613	2.8729103
9.765450461920915	8.3271885	2.8856869
9.78304116042639	8.337893	2.8875408
9.800632090030527	8.313629	2.8833365
9.81822325115699	8.348769	2.8894236
9.835814644229481	8.371459	2.8933473
9.853406269671762	8.410295	2.9000509
9.870998127907646	8.456153	2.9079466
9.888590219360985	8.484335	2.9127882
9.906182544455698	8.388406	2.8962746
9.923775103615734	8.243001	2.8710628
9.941367897265108	8.149839	2.8547924
9.958960925827878	8.159203	2.8564317
9.97655418972816	8.262165	2.8743982
9.994147689390106	8.338111	2.8875787
10.011741425237934	8.3269825	2.885651
10.029335397695904	8.2157135	2.8663065
10.04692960718833	8.121559	2.849835
10.06452405413958	8.17967	2.8600123
10.082118738974064	8.292561	2.8796806
10.099713662116246	8.340794	2.8880432
10.117308823990651	8.32116	2.8846421
10.134904225021844	8.266738	2.8751936
10.152499865634445	8.202599	2.864018
10.170095746253125	8.2005205	2.863655
10.18769186730261	8.16562	2.857555
10.205288229207675	8.107413	2.847352
10.222884832393145	8.078274	2.8422303
10.2404816772839	8.060238	2.8390558
10.258078764304868	8.107215	2.8473172
10.275676093881035	8.101063	2.8462367
10.293273666437438	8.0177	2.8315544
10.310871482399158	8.034775	2.8345678
10.32846954219134	7.9828053	2.8253858
10.346067846239173	8.039258	2.8353586
10.363666394967908	8.04178	2.8358033
10.38126518880283	8.050333	2.8373108
10.398864228169298	8.126452	2.8506932
10.416463513492713	8.176158	2.8593981
10.434063045198531	8.134235	2.8520582
10.451662823712262	8.180822	2.8602138
10.469262849459467	8.251574	2.8725553
10.486863122865758	8.240776	2.870675
10.504463644356806	8.177136	2.8595693
10.522064414358338	8.080596	2.842639
10.539665433296118	7.9871397	2.8261528
10.557266701595987	7.970017	2.8231218
10.574868219683818	7.8539	2.802481
10.592469987985552	7.7834826	2.7898893
10.610072006927185	7.690806	2.7732303
10.627674276934751	7.5574265	2.7490773
10.64527679843435	7.429794	2.7257648
10.662879571852143	7.297106	2.7013156
10.680482597614331	7.223129	2.687588
10.698085876147173	7.118183	2.6679924
10.715689407876988	7.0571604	2.6565316
10.733293193230146	6.9927554	2.6443818
10.750897232633072	6.831028	2.6136236
10.76850152651225	6.7071667	2.58982
10.786106075294207	6.6541677	2.5795674
10.803710879405534	6.5873394	2.5665812
10.821315939272877	6.514329	2.5523183
10.83892125532294	6.39909	2.5296423
10.856526827982472	6.2813153	2.5062551
10.874132657678285	6.223735	2.4947414
10.891738744837243	6.1766343	2.4852836
10.909345089886271	6.130744	2.476034
10.926951693252343	6.1140814	2.4726667
10.944558555362494	6.08563	2.466907
10.96216567664381	6.004263	2.4503598
10.979773057523436	5.9629693	2.441919
10.997380698428573	5.847769	2.418216
11.014988599786477	5.7680964	2.4016862
11.032596762024461	5.702807	2.388055
11.050205185569892	5.680795	2.383442
11.067813870850198	5.643825	2.3756735
11.085422818292859	5.53501	2.3526602
11.10303202832541	5.4667826	2.3381152
11.120641501375454	5.4637113	2.3374584
11.138251237870636	5.381445	2.3197942
11.155861238238671	5.307558	2.3038137
11.173471502907317	5.203905	2.2812068
11.191082032304402	5.1937747	2.2789855
11.208692826857805	5.119368	2.262602
11.226303886995465	5.0419307	2.2454243
11.243915213145371	4.986614	2.2330728
11.261526805735578	4.9268866	2.219659
11.279138665194196	4.8240123	2.1963634
11.296750791949393	4.753848	2.1803322
11.314363186429393	4.742386	2.177702
11.331975849062479	4.775829	2.1853669
11.34958878027699	4.7164607	2.1717415
11.36720198050133	4.623971	2.150342
11.384815450163948	4.5275526	2.1278048
11.402429189693366	4.4848046	2.1177356
11.420043199518153	4.48214	2.1171064
11.437657480066942	63.469048	7.9667463
11.455272031768422	85.20076	9.230426
11.472886855051353	107.630104	10.374493
11.490501950344528	99.21895	9.960871
11.508117318076819	84.55771	9.195526
11.52573295867715	45.880177	6.773491
11.543348872574514	4.125982	2.0312512
11.560965060197946	4.041586	2.0103695
11.57858152197655	3.99428	1.9985695
11.59619825833949	3.9203744	1.9799936
11.613815269715985	3.923798	1.980858
11.631432556535323	38.46246	6.201811
11.649050119226837	83.049446	9.113147
11.666667958219929	93.46467	9.667712
11.68428607394406	107.69851	10.3777895
11.701904466828756	82.4968	9.082775
11.719523137303586	65.30377	8.081075
11.737142085798196	4.579376	2.1399477
11.754761312742286	3.7071593	1.9253985
11.772380818565619	3.6742365	1.9168298
11.790000603698015	3.5910935	1.8950181
11.80762066856935	3.5430923	1.8823104
11.825241013609572	3.5258617	1.8777279
11.842861639248683	3.4854147	1.8669266
11.860482545916748	3.4881287	1.8676533
11.878103734043883	3.4716532	1.8632373
11.895725204060282	3.4503357	1.857508
11.91334695639619	3.4153569	1.8480685
11.930968991481919	3.3441286	1.8286959
11.948591309747824	3.3399484	1.8275526
11.966213911624347	3.3212829	1.8224387
11.98383679754198	3.320005	1.8220881
12.001459967931268	3.2907386	1.8140393
12.019083423222835	3.1980152	1.7882996
12.036707163847352	3.1609106	1.777895
12.05433119023556	3.1547482	1.7761611
12.071955502818259	3.1746774	1.7817625
12.089580102026313	3.164622	1.7789384
12.107204988290643	3.1290526	1.7689128
12.12483016204224	3.1337185	1.7702312
12.142455623712152	3.1505194	1.7749703
12.16008137373149	3.129762	1.7691133
12.177707412531431	3.0991096	1.7604288
12.19533374054321	3.0308952	1.7409467
12.212960358198126	3.0356598	1.7423145
12.230587265927545	3.0238504	1.7389222
12.248214464162889	3.0207586	1.7380329
12.265841953335649	3.0146706	1.7362807
12.283469733877375	2.9959612	1.7308846
12.301097806219685	2.9931428	1.7300702
12.31872617079425	2.962747	1.7212632
12.336354828032825	2.9272006	1.7109064
12.353983778367205	2.8810537	1.6973667
12.371613022229262	2.8589687	1.6908485
12.389242560050928	2.8984764	1.7024912
12.406872392264201	2.9050746	1.704428
12.424502519301143	2.8961754	1.7018154
12.442132941593874	2.871909	1.6946707
12.459763659574586	2.8363516	1.6841471
12.477394673675532	2.8452868	1.6867979
12.49502598432903	2.8293722	1.6820737
12.51265759196746	2.8309171	1.6825329
12.530289497023267	2.8143964	1.6776162
12.547921699928967	2.8100495	1.6763202
12.565554201117134	2.8013783	1.6737318
12.583187001020404	2.804213	1.6745784
12.600820100071486	2.821366	1.6796923
12.618453498703152	2.8438003	1.6863571
12.636087197348235	2.8194733	1.6791288
12.65372119643964	2.7756116	1.6660167
12.671355496410326	2.753482	1.659362
12.68899009769333	2.8091137	1.6760411
12.706625000721749	2.8509712	1.6884819
12.724260205928752	2.9105597	1.7060362
12.741895713747551	2.8927991	1.7008231
12.759531524611454	2.9188633	1.7084681
12.777167638953818	2.9090192	1.7055848
12.794804057208072	2.9812834	1.7266394
12.812440779807702	3.0454242	1.7451144
12.830077807186271	3.2265854	1.7962699
12.847715139777405	3.242458	1.8006827
12.865352778014795	3.4528828	1.8581934
12.882990722332197	3.5648143	1.8880715
12.90062897316344	3.6428173	1.9086165
12.918267530942412	3.698055	1.9230328
12.935906396103071	3.5920515	1.8952708
12.953545569079449	3.7719736	1.9421569
12.971185050305628	3.5966635	1.8964871
12.988824840215775	3.5966117	1.8964735
13.006464939244115	3.6038046	1.898369
13.024105347824943	3.4963145	1.8698435
13.041746066392617	3.5805018	1.8922215
13.05938709538157	3.393292	1.842089
13.077028435226296	3.4112544	1.8469582
13.094670086361363	3.3458354	1.8291625
13.112312049221401	3.265513	1.807073
13.129954324241112	3.1398907	1.7719736
13.147596911855258	2.927202	1.7109067
13.165239812498685	2.9055583	1.7045698
13.182883026606293	2.802135	1.6739578
13.200526554613058	2.7395833	1.6551687
13.218170396954017	2.679708	1.6369814
13.235814554064284	2.66895	1.6336921
13.253459026379034	2.669143	1.6337512
13.271103814333523	2.682965	1.6379759
13.288748918363058	2.69424	1.641414
13.306394338903031	2.7081509	1.645646
13.32404007638889	2.6686828	1.6336104
13.341686131256164	2.6794317	1.636897
13.359332503940449	2.644572	1.626214
13.376979194877402	2.608629	1.6151251
13.394626204502751	2.6405702	1.6249831
13.412273533252307	2.6930165	1.6410413
13.429921181561937	2.6777484	1.6363827
13.447569149867581	2.6883872	1.6396302
13.465217438605247	2.7131095	1.647152
13.482866048211022	2.7201166	1.6492776
13.500514979121052	2.7229156	1.650126
13.518164231771568	2.6670942	1.6331241
13.535813806598844	2.7065966	1.6451738
13.553463704039254	2.704224	1.6444526
13.571113924529229	2.743228	1.6562693
13.588764468505275	2.7155042	1.6478786
13.606415336403956	2.7201684	1.6492933
13.624066528661917	2.6947086	1.6415567
13.641718045715882	2.7427156	1.6561146
13.659369888002635	2.8106601	1.6765023
13.67702205595903	2.8987553	1.7025732
13.694674550021993	2.975207	1.7248789
13.712327370628532	3.0493085	1.7462269
13.729980518215713	3.1192238	1.7661325
13.747633993220681	3.2041507	1.7900141
13.765287796080647	3.2587018	1.8051875
13.7829419272329	3.2778091	1.8104721
13.800596387114801	3.3093195	1.8191535
13.818251176163775	3.3243005	1.8232664
13.835906294817324	3.367013	1.8349422
13.853561743513023	3.4331732	1.8528824
13.871217522688525	3.4733727	1.8636986
13.888873632781538	3.50934	1.8733233
13.906530074229858	3.5109394	1.8737501
13.92418684747135	3.4922204	1.8687483
13.941843952943948	3.5134969	1.8744324
13.959501391085665	3.486749	1.8672838
13.977159162334578	3.4614642	1.860501
13.994817267128846	3.3744318	1.8369627
14.012475705906693	3.2795894	1.8109636
14.030134479106424	3.203073	1.7897131
14.047793587166414	3.0904598	1.7579703
14.065453030525108	3.0340576	1.7418547
14.083112809621026	2.9812846	1.7266397
14.100772924892766	2.956744	1.7195185
14.118433376778997	2.911027	1.7061732
14.136094165718458	2.8761215	1.6959132
14.153755292149969	2.8150487	1.6778107
14.171416756512416	2.739898	1.6552637
14.189078559244768	2.6339657	1.6229497
14.20674070078606	2.566283	1.6019622
14.224403181575408	2.5404208	1.5938698
14.242066002051999	2.5257204	1.5892515
14.259729162655093	2.4878938	1.5773059
14.277392663824022	2.4070053	1.5514526
14.295056505998208	2.3769832	1.5417467
14.312720689617128	2.382017	1.5433784
14.330385215120348	2.4162796	1.5544387
14.348050082947497	2.4469273	1.5642657
14.3657152935383	2.4298751	1.5588057
14.383380847332528	2.4130814	1.5534096
14.401046744770051	2.4077663	1.5516979
14.418712986290798	2.4082024	1.5518384
14.436379572334793	2.3859007	1.5446361
14.454046503342123	2.3664474	1.5383261
14.471713779752946	2.3706336	1.5396862
14.489381402007504	2.3633857	1.5373307
14.507049370546113	2.372373	1.540251
14.524717685809168	2.375947	1.5414107
14.542386348237134	2.4069014	1.5514191
14.560055358270553	2.4260213	1.557569
14.577724716350051	2.4461865	1.564029
14.595394422916325	2.4617767	1.569005
14.61306447841015	2.5093923	1.5841061
14.63073488327237	2.5195749	1.5873169
14.648405637943917	2.5199783	1.587444
14.6660767428658	2.4738243	1.5728395
14.683748198479094	2.5096083	1.5841743
14.701420005224954	2.5381525	1.593158
14.719092163544628	2.604987	1.6139972
14.73676467387942	2.6357028	1.6234847
14.754437536670727	2.6886876	1.6397218
14.772110752360014	2.7400537	1.6553108
14.78978432138882	2.7388988	1.6549618
14.807458244198777	2.7491343	1.6580514
14.82513252123159	2.699404	1.6429863
14.842807152929028	2.724856	1.6507138
14.860482139732962	2.6971638	1.6423044
14.87815748208531	2.6696804	1.6339157
14.8958331804281	2.6398265	1.6247543
14.91350923520342	2.608791	1.6151752
14.931185646853438	2.6690907	1.6337352
14.948862415820408	2.6253457	1.6202918
14.966539542546656	2.595915	1.6111844
14.98421702747459	2.5561366	1.5987922
15.001894871046696	2.5603929	1.6001228
15.019573073705542	2.6036031	1.6135684
15.037251635893766	2.6309924	1.6220335
15.054930558054092	2.6954818	1.6417923
15.072609840629323	2.7635224	1.6623845
15.090289484062351	2.8642676	1.6924148
15.107969488796124	3.1153917	1.7650472
15.125649855273691	3.503867	1.8718619
15.14333058393817	4.0252504	2.0063026
15.161011675232768	4.957142	2.226464
15.17869312960076	6.3071513	2.5114043
15.196374947485506	8.15199	2.855169
15.214057129330447	11.303448	3.36206
15.231739675579114	16.076899	4.0096006
15.249422586675102	21.246466	4.609389
15.267105863062092	24.48733	4.9484673
15.284789505183847	25.007965	5.0007963
15.302473513484218	22.934061	4.788952
15.320157888407127	19.319817	4.3954315
15.337842630396578	15.008124	3.874032
15.355527739896656	11.711717	3.4222386
15.37321321735153	9.077252	3.012848
15.39089906320545	6.5198245	2.5533948
15.408585277902748	4.8039746	2.191797
15.42627186188783	3.7015314	1.9239365
15.443958815605198	3.1706402	1.7806292
15.461646139499424	2.900078	1.7029616
15.479333834015168	2.7835379	1.6683939
15.497021899597165	2.6841054	1.6383239
15.514710336690234	2.612943	1.61646
15.53239914573928	2.5567002	1.5989685
15.550088327189297	2.5093482	1.5840923
15.567777881485336	2.4419892	1.5626866
15.58546780907256	2.4334395	1.5599486
15.6031581103962	2.4212718	1.5560436
15.620848785901568	2.4373348	1.5611966
15.638539836034063	2.4370577	1.5611079
15.656231261239173	2.446229	1.5640426
15.673923061962451	2.4567049	1.5673879
15.691615238649552	2.4314985	1.5593263
15.709307791746202	2.4346735	1.5603441
15.727000721698221	2.3909311	1.5462636
15.744694028951498	2.421342	1.5560662
15.76238771395202	2.399675	1.5490884
15.780081777145844	2.4177816	1.5549217
15.797776218979125	2.4243803	1.5570421
15.815471039898094	2.4139445	1.5536873
15.833166240349064	2.3772109	1.5418206
15.850861820778437	2.3829172	1.54367
15.868557781632699	2.4046075	1.5506797
15.886254123358412	2.431636	1.5593704
15.903950846402232	2.4335237	1.5599755
15.921647951210897	2.4358335	1.5607157
15.939345438231225	2.3914852	1.5464427
15.957043307910133	2.3615623	1.5367376
15.974741560694602	2.3686762	1.5390505
15.992440197031714	2.402591	1.5500294
16.01013921736862	2.4061797	1.5511866
16.02783862215259	2.3786778	1.5422963
16.045538411830933	2.3713474	1.539918
16.06323858685107	2.3993938	1.5489976
16.080939147660512	2.4557824	1.5670936
16.09864009470684	2.436429	1.5609065
16.11634142843774	2.420451	1.5557798
16.134043149300954	2.4267147	1.5577916
16.15174525774433	2.4482367	1.5646843
16.169447754215817	2.4665518	1.570526
16.18715063916342	2.4797595	1.5747252
16.204853913035244	2.4802532	1.5748819
16.222557576279478	2.446816	1.5642302
16.240261629344403	22.430502	4.736085
16.257966072678386	43.016052	6.5586624
16.275670906729868	38.122314	6.174327
16.293376131947387	2.5572267	1.5991331
16.31108174877957	2.5872133	1.6084816
16.328787757675133	2.6289244	1.6213958
16.34649415908287	2.6328857	1.6226169
16.364200953451657	2.6367886	1.6238191
16.38190814123048	2.638901	1.6244694
16.39961572286839	2.6481774	1.6273222
16.41732369881455	2.6776884	1.6363643
16.43503206951817	2.7129333	1.6470984
16.45274083542859	2.7739375	1.6655142
16.47044999699522	2.8035853	1.674391
16.488159554667558	2.8356237	1.683931
16.505869508895184	2.871148	1.6944462
16.523579860127786	2.8839595	1.6982225
16.541290608815117	2.9158516	1.7075865
16.559001755407035	2.9336116	1.7127789
16.57671330035348	3.0081253	1.7343948
16.59442524410448	3.1162605	1.7652934
16.61213758711015	3.199968	1.7888454
16.629850329820705	3.2636366	1.8065538
16.647563472686436	3.3392682	1.8273665
16.665277016157724	3.4442527	1.8558698
16.682990960685053	3.4861171	1.8671147
16.70070530671898	3.4767132	1.8645947
16.718420054710155	3.4931045	1.8689848
16.736135205109335	3.5745559	1.8906496
16.753850758367335	3.6380453	1.907366
16.771566714935087	3.7038858	1.9245481
16.789283075263597	3.73268	1.9320145
16.80699983980398	3.7873976	1.9461237
16.82471700900741	3.828545	1.9566668
16.84243458332518	3.8884957	1.9719269
16.860152563208665	3.964924	1.9912118
16.87787094910932	4.0592732	2.0147638
16.89558974147871	4.139346	2.0345383
16.913308940768466	4.177405	2.04387
16.931028547430333	4.214456	2.0529141
16.94874856191613	4.271169	2.0666807
16.966468984677785	4.2986383	2.0733159
16.98418981616729	4.3730865	2.0911925
17.00191105683676	4.4087954	2.099713
17.019632707138374	4.514427	2.1247182
17.03735476752442	4.5482006	2.132651
17.05507723844728	4.5714784	2.1381016
17.072800120359403	4.5967183	2.1439958
17.090523413713353	4.599148	2.1445625
17.108247118961785	4.611528	2.1474469
17.125971236557437	4.5901194	2.1424563
17.143695766953133	4.621568	2.1497834
17.161420710601806	4.685389	2.164576
17.179146067956477	4.7488117	2.1791768
17.19687183947025	4.6713696	2.1613352
17.21459802559634	4.666112	2.1601186
17.232324626788028	4.6707206	2.161185
17.25005164349871	4.7104983	2.1703682
17.267779076181863	4.680743	2.1635025
17.285506925291074	4.669201	2.1608334
17.30323519127999	4.601901	2.1452043
17.320963874602384	4.531217	2.1286657
17.33869297571211	4.457215	2.1112118
17.356422495063114	4.456949	2.1111488
17.37415243310944	4.5555897	2.1343827
17.391882790305218	4.5045595	2.1223948
17.40961356710468	4.4802947	2.1166706
17.42734476396215	4.436493	2.1062984
17.445076381332044	4.500526	2.1214442
17.462808419668868	4.5712996	2.1380599
17.48054087942723	4.6695724	2.1609194
17.498273761061835	4.93293	2.22102
17.51600706502747	5.3968325	2.3231084
17.533740791779024	6.0954976	2.4689062
17.551474941771485	7.5534983	2.7483628
17.56920951545993	8.659548	2.9427109
17.586944513299528	10.893936	3.3005962
17.60467993574556	12.577177	3.5464315
17.622415783253373	14.409332	3.7959626
17.64015205627843	15.903969	3.987978
17.657888755276293	17.00895	4.124191
17.675625880702604	17.535988	4.187599
17.69336343301311	17.43574	4.1756124
17.71110141266366	16.729048	4.090116
17.728839820110178	15.775681	3.9718611
17.746578655808705	14.787063	3.845395
17.764317920215372	13.14605	3.6257482
17.7820576137864	11.563826	3.4005625
17.79979773697811	9.465771	3.0766492
17.81753829024692	7.551947	2.7480807
17.835279274049356	5.8538933	2.419482
17.85302068884201	4.8247128	2.196523
17.870762535081607	4.232204	2.0572321
17.888504813224934	3.934857	1.9836473
17.90624752372891	3.7440333	1.9349505
17.923990667050536	3.6124294	1.9006392
17.941734243646895	3.5391915	1.8812739
17.959478253975185	3.5413852	1.8818568
17.9772226984927	3.5047245	1.8720909
17.994967577656833	3.4543498	1.8585881
18.01271289192506	3.418894	1.8490251
18.030458641754965	3.3814292	1.8388662
18.04820482760425	3.3341353	1.8259615
18.06595144993067	3.2715364	1.8087388
18.083698509192125	3.2725303	1.8090136
18.101446005846576	3.2720344	1.8088765
18.119193940352105	3.240928	1.8002577
18.136942313166887	3.1941078	1.7872066
18.1546911247492	3.181588	1.7837006
18.1724403755574	3.1913686	1.7864403
18.19019006604997	3.180237	1.7833219
18.207940196685467	3.1974788	1.7881496
18.225690767922575	3.1758757	1.7820987
18.243441780220046	3.107685	1.7628628
18.261193234036764	3.0842538	1.7562044
18.278945129831676	3.1200922	1.7663783
18.29669746806386	3.1236377	1.7673815
18.314450249192483	3.0684893	1.7517104
18.3322034736768	3.0232658	1.7387542
18.349957141976184	3.0498073	1.7463697
18.3677112545501	3.042425	1.7442548
18.385465811858108	3.0794072	1.754824
18.403220814359884	3.0836782	1.7560405
18.420976262515172	3.1510673	1.7751245
18.43873215678387	3.1847267	1.7845802
18.456488497625923	3.2255907	1.795993
18.474245285501407	3.259841	1.805503
18.492002520870486	3.279345	1.8108962
18.50976020419343	3.352587	1.8310071
18.527518335930615	3.635265	1.9066371
18.545276916542516	4.201279	2.0497022
18.563035946489688	4.3360887	2.0823276
18.580795426232832	4.728928	2.17461
18.598555356232698	4.6005197	2.1448822
18.616315736950185	4.9645348	2.2281237
18.63407656884626	4.6698513	2.1609838
18.65183785238201	4.80699	2.1924849
18.669599588018617	4.509296	2.1235104
18.68736177621737	4.519621	2.12594
18.705124417439652	4.5441585	2.1317031
18.72288751214696	4.403967	2.098563
18.740651060800886	4.579002	2.1398602
18.758415063863115	4.3247313	2.079599
18.77617952179546	4.451901	2.109953
18.793944435059814	4.1601744	2.0396504
18.811709804118184	4.170481	2.0421755
18.829475629432675	4.117281	2.0291085
18.8472419114655	3.912535	1.9780129
18.86500865067897	3.9849916	1.9962443
18.88277584753551	3.7204938	1.9288582
18.90054350249763	3.803105	1.9501551
18.918311616027957	3.5265043	1.8778989
18.936080188589226	3.3569417	1.8321959
18.953849220644265	3.0229769	1.7386711
18.971618712656007	2.81162	1.6767886
18.9893886650875	2.7859952	1.6691301
19.007159078401887	7.9914236	2.8269105
19.024929953062408	32.90714	5.7364745
19.042701289532435	32.822605	5.7291017
19.060473088275405	25.377647	5.0376234
19.07824534975489	2.6418173	1.6253668
19.096018074434568	2.6329772	1.6226451
19.113791262778197	2.6281717	1.6211637
19.13156491524966	2.6354449	1.6234053
19.149339032312945	2.5830734	1.6071943
19.167113614432136	2.557908	1.5993462
19.184888662071433	2.5309796	1.5909053
19.202664175695123	2.562433	1.6007601
19.220440155767623	2.5512877	1.597275
19.238216602753447	2.5497117	1.5967816
19.2559935171172	2.4940472	1.5792552
19.27377089932361	2.4739218	1.5728706
19.291548749837514	2.4651134	1.570068
19.309327069123835	2.475988	1.5735272
19.32710585764763	2.4936936	1.5791433
19.344885115874032	2.5168645	1.5864629
19.362664844268313	2.5110843	1.5846401
19.380445043295822	2.5074322	1.5834874
19.39822571342203	2.5080256	1.5836747
19.41600685511252	2.4999208	1.5811138
19.43378846883297	2.482789	1.5756868
19.451570555049173	2.505844	1.5829859
19.469353114227037	2.5290272	1.5902915
19.48713614683254	2.5113716	1.5847307
19.50491965333182	2.4630587	1.5694135
19.52270363419109	2.5112839	1.5847031
19.540488089876686	2.5309143	1.5908848
19.55827302085503	2.5618806	1.6005876
19.576058427592674	2.5274017	1.5897803
19.593844310556282	2.53131	1.5910091
19.611630670212598	2.5418627	1.5943221
19.629417507028506	2.542815	1.5946206
19.64720482147098	2.496977	1.5801827
19.6649926140071	2.4638877	1.5696776
19.682780885104084	2.4532516	1.566286
19.70056963522921	2.4670572	1.5706868
19.718358864849908	2.4988847	1.5807861
19.7361485744337	2.5252545	1.5891049
19.753938764448215	2.5416856	1.5942664
19.771729435361202	2.5361404	1.5925264
19.789520587640506	2.5473564	1.596044
19.807312221754092	2.5088468	1.583934
19.825104338170043	2.5150266	1.5858835
19.842896937356517	2.4968739	1.5801499
19.860690019781824	2.4896257	1.5778548
19.87848358591436	2.468671	1.5712005
19.896277636222635	2.4514937	1.5657246
19.914072171175278	2.4541638	1.5665771
19.931867191241015	2.4605038	1.5685993
19.94966269688869	2.4651282	1.5700727
19.967458688587264	2.4473379	1.564397
19.985255166805807	2.4714677	1.5720903
20.00305213201348	2.475223	1.5732841
20.020849584679578	2.460409	1.5685691
20.038647525273507	2.4181018	1.5550247
20.05644595426477	2.4127069	1.553289
20.07424487212299	2.4219174	1.556251
20.092044279317903	2.4249806	1.5572349
20.109844176319353	2.4324322	1.5596256
20.127644563597304	2.4573264	1.5675862
20.145445441621817	2.4813616	1.5752338
20.16324681086307	2.4851236	1.5764275
20.181048671791373	2.4538994	1.5664927
20.198851024877122	2.4344811	1.5602823
20.216653870590836	2.413051	1.5533998
20.234457209403146	2.3941834	1.5473149
20.252261041784802	2.3929303	1.5469099
20.270065368206662	2.408054	1.5517906
20.287870189139685	2.4117844	1.5529921
20.305675505054968	2.3707883	1.5397365
20.323481316423702	2.3273811	1.5255756
20.341287623717207	2.357705	1.535482
20.359094427406884	2.3980474	1.548563
20.376901727964288	2.418319	1.5550945
20.39470952586107	2.4091663	1.5521489
20.41251782156899	2.3899546	1.5459478
20.430326615559935	2.3753297	1.5412105
20.448135908305886	2.377613	1.5419511
20.465945700278965	2.347088	1.5320209
20.483755991951384	2.3303373	1.5265442
20.50156678379548	2.3294199	1.5262437
20.519378076283708	2.369235	1.539232
20.537189869888635	2.352287	1.5337168
20.55500216508294	2.340987	1.5300285
20.572814962339415	2.331584	1.5269525
20.59062826213098	2.3212407	1.5235618
20.60844206493066	2.2947924	1.5148572
20.626256371211593	2.252028	1.5006758
20.644071181447032	2.243136	1.4977102
20.66188649611036	2.2801013	1.5100005
20.67970231567506	2.3126996	1.5207562
20.697518640614742	2.343351	1.5308007
20.715335471403122	2.3266277	1.5253288
20.73315280851404	2.3298283	1.5263774
20.750970652421447	2.3156252	1.5217178
20.768789003599412	2.2878976	1.5125798
20.786607862522136	2.247164	1.4990543
20.8044272296639	2.2479494	1.4993163
20.82224710549913	2.2950442	1.5149404
20.84006749050237	2.3102438	1.5199486
20.857888385148268	3.8555818	1.9635636
20.8757097899116	45.9041	6.775256
20.893531705267254	64.772705	8.048149
20.911354131690224	83.82614	9.155662
20.92917706965566	69.121254	8.313919
20.94700051963877	50.172043	7.083223
20.96482448211493	29.390139	5.421267
20.982648957559622	4.118999	2.0295317
21.00047394644843	2.2382498	1.4960781
21.01829944925707	2.2617736	1.5039194
21.036125466461375	2.2655163	1.5051632
21.053951998537297	2.2434564	1.4978172
21.071779045960906	2.2643316	1.5047696
21.089606609208378	2.2838342	1.511236
21.10743468875603	2.239728	1.496572
21.12526328508028	2.1916	1.4804053
21.143092398657675	2.1781063	1.4758409
21.16092202996488	2.2194543	1.4897833
21.17875217947867	2.2311587	1.4937063
21.19658284767596	2.2490988	1.4996996
21.21441403503377	2.254947	1.5016481
21.232245742029225	2.246833	1.498944
21.2500779691396	2.1914604	1.4803582
21.26791071684227	2.164655	1.4712766
21.28574398561475	2.1671152	1.4721125
21.30357777593465	2.1860702	1.4785365
21.321412088279704	2.1741033	1.4744841
21.339246923127792	2.1469052	1.4652321
21.357082280956888	2.1537852	1.467578
21.3749181622451	2.1536245	1.4675232
21.392754567470647	2.1428828	1.4638588
21.41059149711187	2.1247795	1.4576623
21.42842895164726	2.1328218	1.4604183
21.446266931555378	2.1508424	1.466575
21.464105437314945	2.1658752	1.4716913
21.481944469404798	2.1430726	1.4639237
21.49978402830388	2.1290393	1.4591228
21.51762411449127	2.1003058	1.4492432
21.53546472844617	2.0815563	1.44276
21.553305870647876	2.0828772	1.4432176
21.571147541575865	2.118277	1.4554302
21.58898974170967	2.1330996	1.4605135
21.60683247152899	2.131153	1.459847
21.62467573151363	2.119401	1.4558163
21.642519522143523	2.1131897	1.4536815
21.660363843898722	2.0642831	1.4367614
21.6782086972594	2.033944	1.426164
21.696054082705864	2.0254285	1.4231755
21.713900000718535	2.021771	1.4218899
21.73174645177795	2.057205	1.434296
21.749593436364794	2.0571346	1.4342715
21.767440954959845	2.0564969	1.4340491
21.785289008044032	2.0250547	1.4230442
21.803137596098388	2.0172393	1.4202955
21.820986719604086	1.9987938	1.413787
21.838836379042412	2.0093288	1.417508
21.85668657489478	2.0590165	1.4349273
21.87453730764273	2.0728607	1.4397433
21.892388577767914	2.0540519	1.4331964
21.91024038575213	2.0406132	1.4285003
21.928092732077285	2.0293195	1.4245418
21.945945617225426	2.030796	1.42506
21.963799041678694	1.9786344	1.4066393
21.981653005919398	31.287294	5.5935044
21.999507510429943	78.092384	8.836989
22.01736255569286	73.0911	8.549334
22.035218142190818	4.1934705	2.0477965
22.05307427040661	1.9993291	1.4139763
22.07093094082315	2.018564	1.4207617
22.088788153923474	2.0374463	1.4273914
22.106645910190746	2.0483053	1.4311901
22.12450421010827	2.0032685	1.4153687
22.142363054159464	1.9704722	1.403735
22.16022244282787	1.9660624	1.4021635
22.178082376597164	1.9801351	1.4071727
22.195942855951145	1.9836465	1.4084198
22.213803881373742	1.9855412	1.4090923
22.231665453349002	1.9811081	1.4075184
22.24952757236111	1.9451234	1.3946768
22.26739023889438	1.9417784	1.3934771
22.28525345343323	1.9426378	1.3937855
22.30311721646225	1.9586791	1.3995281
22.320981528466113	1.9670897	1.4025297
22.33884638992964	1.9504697	1.3965921
22.356711801337788	1.9172835	1.3846601
22.37457776317561	1.9084083	1.3814515
22.392444275928337	1.8971219	1.3773605
22.410311340081282	1.9143769	1.3836101
22.428178956119904	1.9454541	1.3947954
22.446047124529805	1.9686764	1.4030954
22.46391584579669	1.9555162	1.3983977
22.481785120406414	1.8921038	1.3755376
22.49965494884496	1.913555	1.3833131
22.51752533159841	1.9268233	1.3881006
22.53539626915302	1.9592478	1.3997314
22.553267761995137	1.9263624	1.3879346
22.571139810611264	1.9148134	1.3837678
22.589012415488025	1.8873926	1.3738241
22.60688557711216	1.8998095	1.3783357
22.624759295970566	1.8926951	1.3757526
22.642633572550263	1.9460374	1.3950044
22.660508407338362	1.9667902	1.402423
22.67838380082217	2.0236626	1.422555
22.696259753489077	2.0057187	1.416234
22.714136265826614	1.9948342	1.412386
22.73201333832246	1.9501793	1.3964882
22.74989097146439	1.9553471	1.3983372
22.76776916574035	1.953386	1.3976358
22.785647921638393	1.981025	1.407489
22.803527239646712	1.969266	1.4033054
22.82140712025363	1.9685943	1.403066
22.839287563947593	1.9423698	1.3936893
22.85716857121719	1.9217857	1.3862848
22.875050142551135	1.8805518	1.3713322
22.892932278438277	1.8801882	1.3711996
22.910814979367604	1.9063381	1.380702
22.928698245828222	1.944994	1.3946304
22.946582078309387	1.9259702	1.3877933
22.96446647730047	1.9149847	1.3838297
22.98235144329098	1.9299574	1.389229
23.000236976770562	1.9583435	1.3994082
23.018123078229	1.9641166	1.4014695
23.03600974815619	1.9083406	1.381427
23.053896987042194	1.8647496	1.3655584
23.071784795377173	1.8879803	1.374038
23.08967317365145	1.909801	1.3819555
23.10756212235546	1.8982917	1.3777851
23.125451641979787	1.8998065	1.3783346
23.143341733015134	1.9357089	1.3912976
23.161232395952357	1.989371	1.4104506
23.179123631282426	2.0144787	1.4193233
23.197015439496468	1.9873482	1.4097334
23.214907821085717	1.9862971	1.4093605
23.23280077654157	1.9577026	1.3991792
23.250694306355538	1.9267075	1.3880589
23.268588411019277	1.9172882	1.3846618
23.28648309102458	1.9513645	1.3969125
23.304378346863356	1.9840837	1.408575
23.322274179027676	1.9746563	1.4052247
23.340170588009723	1.954614	1.3980751
23.358067574301852	1.9522375	1.3972249
23.37596513839651	1.9483843	1.3958454
23.39386328078629	1.9165812	1.3844064
23.411762001963947	1.9215512	1.3862003
23.429661302422353	1.934099	1.3907188
23.4475611826545	1.9661825	1.4022063
23.46546164315356	1.9738303	1.4049307
23.48336268441279	1.9618818	1.4006718
23.501264306925638	1.9617143	1.4006121
23.51916651118564	1.9698734	1.4035218
23.537069297686497	1.9649458	1.4017652
23.554972666922037	1.9249475	1.3874248
23.57287661938623	1.9159416	1.3841754
23.59078115557318	1.9490094	1.3960693
23.608686275977128	1.9226611	1.3866005
23.62659198109246	1.8831415	1.3722761
23.6444982714137	1.8844379	1.3727483
23.66240514743549	1.9422771	1.393656
23.68031260965263	1.9474164	1.3954986
23.698220658560068	1.9399348	1.3928155
23.716129294652845	1.9199659	1.3856283
23.7340385184262	1.9350982	1.3910781
23.75194833037546	1.9384788	1.3922926
23.769858730996123	1.8998096	1.3783358
23.78776972078382	1.8690015	1.3671143
23.80568130023431	1.8690413	1.3671288
23.823593469843495	1.8470689	1.3590691
23.841506230107424	1.8051649	1.3435643
23.859419581522275	1.7920383	1.3386704
23.87733352458438	1.8295505	1.3526088
23.89524805979019	1.8517964	1.3608073
23.913163187636318	1.8611517	1.3642403
23.931078908619508	1.8813838	1.3716354
23.948995223236633	1.9098599	1.3819768
23.966912131984735	1.9221317	1.3864096
23.98482963536096	2.0026717	1.4151578
24.002747733862616	2.0360763	1.4269115
24.020666427987155	2.077522	1.4413612
24.038585718232156	2.0586705	1.4348068
24.056505605095353	2.0109928	1.4180948
24.074426089074617	1.9955031	1.4126228
24.092347170667946	2.0057535	1.4162463
24.110268850373515	2.052406	1.4326221
24.128191128689586	2.0788748	1.4418304
24.146114006114626	2.0477695	1.431003
24.164037483147187	2.0082726	1.4171354
24.181961560286005	1.9778694	1.4063674
24.199886238029926	2.0023503	1.4150443
24.21781151687797	2.077502	1.4413543
24.235737397329274	2.115867	1.454602
24.253663879883135	2.0956192	1.4476254
24.271590965038975	2.0794017	1.442013
24.289518653296376	2.1036656	1.4504019
24.30744694515505	2.1084816	1.4520612
24.32537584111486	2.0753682	1.4406139
24.34330534167581	2.0159273	1.4198335
24.361235447338046	2.0230732	1.4223478
24.379166158601876	2.0417776	1.4289079
24.39709747596772	2.0763268	1.4409465
24.41502939993615	2.066362	1.4374846
24.432961931007917	1.9965314	1.4129866
24.450895069683856	1.9615287	1.4005458
24.468828816465	1.9256275	1.3876698
24.4867631718525	1.9032385	1.3795791
24.504698136347656	1.90948	1.3818394
24.52263371045192	1.9729388	1.4046134
24.540569894666874	1.9711857	1.4039892
24.558506689494266	1.925936	1.3877809
24.57644409543597	1.8553063	1.3620963
24.594382112994012	1.9295355	1.3890772
24.61232074267057	1.9467442	1.3952577
24.630259984967953	1.9694645	1.4033761
24.64819984038863	1.9667345	1.4024031
24.66614030943522	1.9803264	1.4072407
24.684081392610462	1.9662064	1.4022149
24.702023090417274	1.9730592	1.4046563
24.7199654033587	2.0176532	1.4204412
24.737908331937927	2.0584297	1.4347229
24.755851876658305	2.0941656	1.4471232
24.773796038023324	2.1081352	1.4519418
24.79174081653661	2.1493607	1.4660698
24.809686212701962	2.1336691	1.4607084
24.827632227023294	2.124183	1.4574577
24.8455788600047	2.1134534	1.4537721
24.8635261121504	2.1101365	1.4526309
24.88147398396475	2.063283	1.4364133
24.899422475952303	2.0534348	1.4329811
24.917371588617698	2.0478923	1.4310459
24.935321322465768	2.086424	1.444446
24.953271678001478	2.2132835	1.4877108
24.97122265572994	2.4501746	1.5653033
24.989174256156414	2.7785375	1.6668946
25.00712647978632	3.256227	1.8045019
25.02507932712521	3.8181486	1.9540083
25.043032798678798	4.361695	2.0884671
25.060986894952933	5.0262165	2.2419226
25.078941616453637	5.8409476	2.4168053
25.096896963687055	6.8435874	2.6160252
25.114852937159508	8.006222	2.8295267
25.132809537377444	8.473343	2.9109006
25.150766764847468	8.481783	2.9123502
25.168724620076347	7.9587135	2.8211193
25.186683103570985	6.8670855	2.6205125
25.204642215838426	5.594385	2.3652453
25.222601957385894	4.2214975	2.0546284
25.24056232872074	3.2260118	1.7961102
25.25852333035048	2.630009	1.6217302
25.276484962782778	2.282907	1.5109292
25.294447226525435	2.114496	1.4541306
25.312410122086423	2.0423393	1.4291043
25.330373649973843	2.0030468	1.4152904
25.348337810695988	2.0241783	1.4227362
25.366302604761245	1.9884123	1.4101107
25.384268032678207	1.9625559	1.4009125
25.40223409495558	1.9224603	1.3865281
25.420200792102257	1.9261388	1.387854
25.438168124627246	1.8552756	1.362085
25.45613609303974	1.809217	1.3450713
25.474104697849057	1.8440971	1.3579754
25.492073939564698	1.9106445	1.3822607
25.510043818696285	1.8910015	1.3751369
25.528014335753614	1.8467929	1.3589675
25.54598549124664	1.85942	1.3636055
25.56395728568544	1.860643	1.3640538
25.58192971958028	1.8716114	1.3680685
25.59990279344156	1.8468935	1.3590046
25.617876507779833	1.8169205	1.347932
25.635850863105826	1.8349205	1.3545924
25.653825859930386	1.8512098	1.3605917
25.671801498764548	1.8797971	1.3710569
25.68977778011949	1.8245546	1.3507607
25.707754704506524	1.820688	1.3493288
25.725732272437153	1.8562086	1.3624275
25.743710484423012	1.9167778	1.3844775
25.761689340975888	1.9010798	1.3787965
25.77966884260774	1.8857684	1.3732328
25.797648989830662	1.8610008	1.364185
25.815629783156922	1.8267386	1.3515689
25.83361122309895	1.8464911	1.3588566
25.85159331016929	1.8308183	1.3530773
25.869576044880695	1.8414109	1.3569859
25.887559427746034	1.8173479	1.3480904
25.90554345927836	1.8534555	1.3614167
25.92352813999086	1.8391068	1.3561367
25.94151347039689	1.8240155	1.3505611
25.959499451009965	1.7968669	1.3404726
25.97748608234374	1.7998677	1.3415915
25.995473364912062	1.8010833	1.3420445
26.013461299228904	1.8287709	1.3523206
26.03144988580839	1.8799751	1.3711219
26.04943912516483	1.8484074	1.3595614
26.067429017812675	1.7882537	1.3372561
26.085419564266537	1.7965753	1.3403639
26.103410765041186	1.7973328	1.3406464
26.12140262065155	1.7924076	1.3388083
26.139395131612723	1.8301159	1.3528178
26.157388298439948	1.8554246	1.3621397
26.17538212164861	1.8542724	1.3617167
26.193376601754295	1.8156028	1.3474431
26.211371739272714	1.8395445	1.3562981
26.229367534719746	1.8486346	1.359645
26.247363988611433	1.8712336	1.3679304
26.26536110146397	1.8516585	1.3607566
26.283358873793727	1.8220252	1.3498241
26.301357306117204	1.8050295	1.3435138
26.319356398951104	1.8207258	1.3493427
26.33735615281224	1.8267027	1.3515557
26.35535656821762	1.816414	1.347744
26.373357645684404	1.7961062	1.3401889
26.39135938572991	1.794501	1.3395898
26.409361788871614	1.8287506	1.352313
26.427364855627165	1.8511434	1.3605673
26.445368586514352	1.848656	1.3596529
26.46337298205115	1.823498	1.3503696
26.48137804275568	1.7874972	1.3369732
26.499383769146217	1.8069098	1.3442135
26.517390161741215	1.7765062	1.3328564
26.53539722105928	1.7460347	1.3213761
26.553404947619182	1.7806534	1.3344113
26.571413341939856	1.8233063	1.3502986
26.589422404540397	1.8336883	1.3541374
26.60743213594006	1.8020602	1.3424084
26.62544253665827	1.7615099	1.3272189
26.64345360721459	1.7453341	1.321111
26.66146534812879	1.7788959	1.3337525
26.679477759920758	1.8030424	1.3427742
26.69749084311057	1.820271	1.3491741
26.71550459821847	1.8081384	1.3446704
26.733519025764842	1.8299092	1.3527414
26.751534126270258	1.7980539	1.3409153
26.769549900255434	1.7820065	1.3349181
26.787566348241267	1.77559	1.3325126
26.80558347074881	1.7896389	1.3377738
26.823601268299267	1.8191432	1.3487562
26.841619741414036	1.8316002	1.3533663
26.85963889061465	1.8374909	1.3555409
26.877658716422832	1.8673829	1.3665222
26.89567921936045	1.8534366	1.3614098
26.913700399949544	1.8372613	1.3554561
26.93172225871233	1.8205668	1.3492838
26.949744796171174	1.833543	1.3540838
26.967768012848605	1.7806374	1.3344053
26.98579190926733	1.7171764	1.3104107
27.003816485950225	1.7290846	1.3149467
27.021841743420318	1.8128754	1.3464307
27.039867682200814	1.8730724	1.3686024
27.057894302815072	1.8801057	1.3711694
27.07592160578664	1.8214101	1.3495963
27.0939495916392	1.7452766	1.3210891
27.111978260896635	1.7268897	1.3141117
27.13000761408296	1.7398329	1.3190273
27.148037651722397	1.7672638	1.3293847
27.166068374339304	1.807741	1.3445226
27.184099782458215	1.8203412	1.3492002
27.20213187660384	1.820647	1.3493135
27.22016465730105	1.8464466	1.3588402
27.23819812507487	1.8470509	1.3590626
27.256232280450533	1.8080794	1.3446484
27.274267123953383	1.769682	1.330294
27.292302656108987	1.7610216	1.327035
27.31033887744306	1.7115729	1.3082709
27.32837578848146	1.7094725	1.3074679
27.34641338975026	1.7539159	1.3243549
27.364451681775673	1.775526	1.3324887
27.382490665084074	1.801188	1.3420835
27.400530340202046	1.8546135	1.3618419
27.41857070765629	1.8797297	1.3710324
27.436611767973726	1.8561436	1.3624036
27.454653521681404	1.8229178	1.3501548
27.472695969306564	1.8044103	1.3432834
27.490739111376627	1.8233155	1.350302
27.508782948419153	1.8195901	1.3489218
27.526827480961902	1.8558362	1.3622907
27.54487270953279	1.8620348	1.364564
27.562918634659898	1.817071	1.3479878
27.580965256871508	1.8164238	1.3477477
27.599012576696026	1.8144292	1.3470075
27.617060594662068	1.8400296	1.3564769
27.63510931129842	1.8334482	1.3540488
27.65315872713401	1.8477687	1.3593266
27.67120884269797	1.8465122	1.3588643
27.68925965851958	1.8169694	1.3479501
27.707311175128307	1.8061568	1.3439333
27.725363393053787	1.8084335	1.3447801
27.74341631282583	1.8384571	1.3558972
27.7614699349744	1.8702289	1.3675631
27.77952426002968	2.0200732	1.4212928
27.797579288521973	2.086968	1.4446342
27.815635020981784	2.4645088	1.5698754
27.83369145793979	2.5048108	1.5826594
27.85174859992682	2.394547	1.5474324
27.869806447473923	2.2097445	1.4865209
27.887865001112267	1.9089495	1.3816473
27.905924261373233	1.8553989	1.3621303
27.92398422878836	1.8691376	1.3671641
27.94204490388936	1.8618548	1.364498
27.96010628720813	1.8470812	1.3590736
27.978168379276728	1.8502411	1.3602357
27.9962311806274	1.8302147	1.3528543
28.014294691792568	1.8171548	1.3480189
28.0323589133048	1.8395096	1.3562852
28.050423845696887	1.8823905	1.3720024
28.068489489501758	1.869096	1.3671489
28.086555845252523	1.8272086	1.3517429
28.104622913482487	1.806835	1.3441856
28.122690694725115	1.8308462	1.3530877
28.14075918951405	1.8828295	1.3721623
28.15882839838312	1.8746167	1.3691665
28.176898321866304	1.8415229	1.3570273
28.1949689604978	1.8312162	1.3532244
28.213040314811945	1.9271519	1.388219
28.23111238534327	1.982671	1.4080735
28.249185172626493	1.9559225	1.398543
28.267258677196473	1.8872865	1.3737855
28.285332899588294	1.9261847	1.3878706
28.303407840337172	1.935827	1.39134
28.321483499978545	1.9289109	1.3888524
28.33955987904799	1.9401605	1.3928964
28.357636978081285	1.9535334	1.3976886
28.37571479761439	1.8985935	1.3778946
28.393793338183425	1.9085702	1.3815101
28.41187260032469	1.9668653	1.4024497
28.429952584574686	2.017975	1.4205545
28.448033291470065	2.0224667	1.4221345
28.46611472154769	1.9926881	1.411626
28.484196875344566	1.9549613	1.3981993
28.502279753397914	1.954443	1.398014
28.52036335624511	1.9530259	1.3975071
28.538447684423716	1.9520789	1.3971682
28.556532738471482	1.9637675	1.4013449
28.574618518926325	1.9337316	1.3905867
28.59270502632635	1.907166	1.3810018
28.61079226120985	1.9806119	1.4073422
28.628880224115274	2.0187151	1.420815
28.646968915581287	2.0077574	1.4169536
28.66505833614671	2.016274	1.4199556
28.68314848635055	2.0608556	1.4355681
28.701239366732004	2.0580707	1.4345977
28.71933097783044	2.0634215	1.4364614
28.737423320185403	2.050044	1.4317975
28.75551639433665	2.0628123	1.4362494
28.773610200824074	2.074853	1.4404349
28.791704740187793	2.0952578	1.4475005
28.80980001296809	2.0864656	1.4444603
28.827896019705413	2.1342924	1.4609218
28.845992760940433	2.1305933	1.4596552
28.86409023721397	2.1222272	1.4567866
28.88218844906704	2.1241207	1.4574363
28.900287397040845	2.1657145	1.4716367
28.918387081676755	2.1809566	1.4768062
28.936487503516343	2.2763982	1.5087737
28.954588663101365	2.298813	1.5161837
28.97269056097374	2.2771757	1.5090314
28.990793197675597	2.2655325	1.5051686
29.00889657374923	2.310629	1.5200753
29.027000689737125	2.347327	1.5320989
29.04510554618196	2.4012923	1.5496104
29.06321114362659	2.4370842	1.5611163
29.08131748261405	2.467319	1.5707701
29.099424563687567	2.5449967	1.5953046
29.11753238739057	2.6456199	1.6265361
29.13564095426663	2.608263	1.6150118
29.15375026485954	2.5539112	1.5980961
29.171860319713275	2.608989	1.6152365
29.18997111937199	2.6534586	1.628944
29.20808266438002	2.7096415	1.6460989
29.226194955281898	2.7722669	1.6650126
29.244307992622335	2.7942698	1.6716069
29.26242177694624	2.8002083	1.6733823
29.2805363087987	2.8144467	1.6776313
29.29865158872498	2.8776696	1.6963695
29.316767617270557	2.8519385	1.6887684
29.334884394981064	2.8919077	1.700561
29.353001922402367	2.9652898	1.7220017
29.37112020008047	3.0071898	1.734125
29.389239228561596	3.0711687	1.752475
29.407359008392152	3.246938	1.8019261
29.42547954011872	3.6922827	1.9215313
29.44360082428809	4.3521657	2.0861845
29.46172286144722	5.3956285	2.3228493
29.479845652143283	6.962242	2.638606
29.497969196923606	9.206116	3.0341582
29.516093496335728	11.844867	3.4416373
29.5342185509274	14.788216	3.8455448
29.55234436124651	17.244354	4.152632
29.570470927841175	18.574594	4.3098254
29.588598251259686	18.182821	4.264132
29.60672633205055	16.941032	4.1159487
29.624855170762405	14.847684	3.8532693
29.642984767944146	11.83788	3.440622
29.66111512414481	8.959492	2.993241
29.67924623991366	6.672817	2.5831797
29.697378115800138	5.114732	2.2615774
29.71551075235387	4.198653	2.0490615
29.733644150124675	3.8111222	1.9522096
29.751778309662576	3.6154056	1.901422
29.769913231517766	3.4651444	1.8614898
29.78804891624066	3.3967543	1.8430285
29.806185364381818	3.430319	1.852112
29.82432257649206	3.4026427	1.8446254
29.842460553122333	3.310323	1.8194293
29.86059929482382	3.249257	1.8025696
29.878738802147872	3.3392117	1.827351
29.896879075646048	3.3640523	1.8341353
29.915020115870114	3.3015752	1.8170238
29.933161923371976	3.2022336	1.7894785
29.951304498703777	3.168921	1.7801464
29.969447842417857	3.2545803	1.8040456
29.987591955066733	3.2230105	1.7952745
30.005736837203123	3.1115294	1.7639527
30.023882489379943	3.150348	1.774922
30.04202891215028	3.2483866	1.8023281
30.060176106067455	3.1986573	1.7884791
30.078324071684946	3.1584463	1.7772018
30.09647280955646	3.1462069	1.7737551
30.114622320235863	3.190814	1.7862849
30.132772604277257	3.1299136	1.7691562
30.1509236622349	3.0616744	1.7497641
30.16907549466328	3.0431745	1.7444696
30.18722810211705	3.0910823	1.7581474
30.205381485151097	3.104974	1.7620937
30.22353564432045	3.0027294	1.7328385
30.241690580180403	2.933745	1.7128178
30.25984629328638	2.9614859	1.7208968
30.278002784194037	3.01699	1.7369485
30.296160053459246	3.0078113	1.7343043
30.314318101638033	2.9342008	1.712951
30.332476929286646	2.8907208	1.700212
30.35063653696153	2.9547362	1.7189347
30.368796925219307	3.0094573	1.7347788
30.386958094616844	2.9591658	1.7202226
30.40512004571115	2.9070423	1.705005
30.423282779059463	2.8796167	1.6969434
30.441446295219233	2.9065948	1.7048738
30.459610594748067	2.8988822	1.7026104
30.47777567820382	2.8445206	1.6865706
30.495941546144504	2.8421378	1.6858641
30.51410819912835	2.8593318	1.6909559
30.532275637713795	2.8502047	1.688255
30.55044386245946	2.861849	1.6917001
30.56861287392416	2.886059	1.6988405
30.586782672666956	2.8199954	1.6792842
30.604953259247047	2.770405	1.6644534
30.623124634223885	2.8435185	1.6862736
30.641296798157075	2.8636513	1.6922326
30.659469751606462	2.8231153	1.6802129
30.677643495132074	2.7771096	1.6664662
30.695818029294152	2.754122	1.6595547
30.713993354653116	2.7499464	1.6582962
30.73216947176962	2.719754	1.6491677
30.75034638120448	2.6226423	1.6194574
30.768524083518756	2.6783762	1.6365745
30.786702579273673	2.8151767	1.6778488
30.80488186903069	2.8948398	1.7014228
30.82306195335144	2.970882	1.7236247
30.841242832797782	3.1789706	1.7829667
30.85942450793176	3.4918172	1.8686404
30.877606979315637	3.832568	1.9576945
30.895790247511883	4.1542897	2.0382075
30.913974313083134	4.6056023	2.1460667
30.932159176592283	4.948573	2.2245388
30.95034483860237	5.043399	2.2457514
30.968531299676698	4.796807	2.1901615
30.98671856037873	4.3898168	2.0951889
31.00490662127215	3.923812	1.9808614
31.023095482920848	3.4970896	1.8700507
31.04128514588892	3.1667097	1.7795252
31.059475610740662	2.8304558	1.6823958
31.07766687804056	2.5799623	1.6062261
31.09585894835335	2.4999716	1.5811299
31.11405182224393	2.5187876	1.5870689
31.132245500277417	2.520593	1.5876375
31.15043998301914	2.51895	1.58712
31.168635271034628	2.4698167	1.571565
31.18683136488964	2.4444067	1.5634599
31.20502826515008	2.4027002	1.5500646
31.223225972382135	2.3596337	1.5361099
31.241424487152155	2.3661249	1.5382214
31.259623810026692	2.3810287	1.5430582
31.27782394157253	2.3340154	1.5277485
31.296024882356644	2.314247	1.5212649
31.314226632946237	2.3476055	1.5321897
31.332429193908684	2.3987305	1.5487835
31.350632565811598	2.4034252	1.5502985
31.368836749222787	2.3243623	1.524586
31.387041744710295	2.3089745	1.519531
31.40524755284232	2.4878254	1.5772842
31.423454174187317	2.5857491	1.6080265
31.441661609313922	2.55048	1.5970222
31.459869858791002	2.4570484	1.5674975
31.478078923187628	2.405175	1.5508627
31.496288803073064	2.4153302	1.5541333
31.514499499016807	2.4054127	1.5509393
31.532711011588546	2.3473678	1.5321122
31.550923341358178	2.3518434	1.5335721
31.56913648889584	2.4356601	1.5606601
31.587350454771844	2.3987494	1.5487896
31.605565239556732	2.347065	1.5320134
31.62378084382127	2.2595701	1.5031867
31.641997268136382	2.2635455	1.5045084
31.660214513073274	2.1785824	1.4760022
31.67843257920331	2.1749105	1.4747578
31.6966514670981	2.2111032	1.4869778
31.71487117732944	2.1894178	1.4796681
31.733091710469346	2.188459	1.4793441
31.751313067090052	2.2497756	1.4999253
31.769535247764008	2.259015	1.503002
31.787758253063878	2.2438748	1.4979569
31.805982083562526	2.2265458	1.4921615
31.824206739833024	2.2995715	1.5164338
31.84243222244869	2.2946687	1.5148164
31.860658531983013	2.2530224	1.5010071
31.878885669009737	2.220377	1.490093
31.897113634102784	2.227881	1.4926088
31.91534242783632	2.2076764	1.4858252
31.933572050784694	2.2247095	1.491546
31.951802503522508	2.22321	1.4910433
31.970033786624548	2.2185843	1.4894913
31.988265900665834	2.2806983	1.5101981
32.006498846221575	2.2979703	1.5159057
32.02473262386724	2.2005365	1.4834205
32.04296723417845	2.1421366	1.463604
32.0612026777311	2.1386209	1.4624025
32.07943895510129	2.1857316	1.478422
32.097676066865304	2.1606598	1.4699183
32.115914013599685	2.184193	1.4779015
32.13415279588115	2.1901712	1.4799228
32.152392414286666	2.1782491	1.4758892
32.1706328693934	2.2230005	1.490973
32.18887416177875	2.2879996	1.5126135
32.20711629202032	2.1965878	1.482089
32.225359260695924	2.19192	1.4805135
32.243603068383614	2.1602364	1.4697742
32.26184771566166	2.1385195	1.4623678
32.28009320310852	2.2072253	1.4856733
32.2983395313029	2.1686695	1.4726403
32.31658670082372	2.1004546	1.4492944
32.33483471225012	2.082618	1.4431279
32.35308356616143	2.099977	1.4491297
32.371333263137245	2.1194017	1.4558165
32.38958380375734	2.0769012	1.4411458
32.407835188601744	2.1075594	1.4517436
32.42608741825067	2.1085236	1.4520756
32.444340493284585	2.09452	1.4472457
32.46259441428416	2.171795	1.4737011
32.48084918183028	2.2255452	1.4918262
32.49910479650405	2.1925826	1.4807372
32.51736125888683	2.110146	1.4526342
32.53561856956014	2.0583463	1.4346938
32.5538767291058	2.1250215	1.4577453
32.572135738105764	2.1253908	1.457872
32.59039559714228	2.0973046	1.4482074
32.608656306797776	2.1693237	1.4728624
32.62691786765491	2.1945965	1.4814171
32.645180280296586	2.1071465	1.4516014
32.663443545305896	2.0496614	1.4316639
32.68170766326619	2.0368748	1.4271913
32.69997263476099	1.9989185	1.4138311
32.7182384603741	1.9987078	1.4137566
32.7365051406895	1.9891318	1.4103658
32.75477267629144	2.0127754	1.4187231
32.77304106776434	2.081321	1.4426785
32.79131031569289	2.0611389	1.4356667
32.809580420661966	2.0662076	1.437431
32.827851383256714	2.0577736	1.4344941
32.84612320406245	1.9891543	1.4103738
32.86439588366476	1.9203854	1.3857797
32.88266942264945	1.9436371	1.3941438
32.9009438216025	2.0458007	1.4303149
32.9192190811102	2.0367813	1.4271585
32.937495201758985	2.0153372	1.4196258
32.95577218413556	2.0737312	1.4400456
32.974050028826866	2.1226702	1.4569386
32.992328736420035	2.1190374	1.4556913
33.010608307502444	2.08744	1.4447975
33.02888874266169	1.9834982	1.4083672
33.047170042485604	1.8358223	1.3549253
33.06545220756225	1.896463	1.3771213
33.083735238479896	2.0096087	1.4176067
33.10201913582707	2.1051176	1.4509023
33.12030390019248	1.9892657	1.4104133
33.138589532165135	1.8877838	1.3739665
33.15687603233419	1.8508302	1.3604522
33.17516340128909	1.8949766	1.3765815
33.19345163961947	2.014822	1.4194442
33.211740747915215	1.9893882	1.4104568
33.23003072676643	1.8713814	1.3679844
33.248321576763466	1.8934579	1.3760297
33.266613298496885	1.9601729	1.4000617
33.28490589255747	1.8909826	1.37513
33.30319935953626	1.8004643	1.3418138
33.32149370002451	1.876255	1.3697646
33.339788914613706	1.9771416	1.4061087
33.358085003895575	1.8964392	1.3771126
33.376381968462034	1.8518615	1.3608311
33.39467980890529	1.8044317	1.3432914
33.41297852581774	1.8423041	1.3573151
33.43127811979204	1.9656565	1.4020188
33.44957859142105	1.941403	1.3933424
33.467879941297866	1.9678398	1.4027971
33.486182170015844	2.0036964	1.4155198
33.50448527816853	1.9798211	1.4070611
33.522789266349754	1.880556	1.3713336
33.541094135153514	1.7641464	1.3282118
33.55939988517411	1.7380664	1.3183575
33.57770651700602	1.8850757	1.3729806
33.59601403124398	1.9623381	1.4008348
33.61432242848296	1.8871753	1.373745
33.632631709318154	1.9394195	1.3926305
33.650941874344994	2.0171895	1.420278
33.66925292415916	2.037124	1.4272785
33.68756485935654	1.9535924	1.3977097
33.70587768053328	2.0079293	1.4170142
33.724191388285746	1.9848155	1.4088348
33.74250598321054	1.9599463	1.3999808
33.760821465904506	1.9645989	1.4016415
33.77913783696474	1.9914433	1.411185
33.79745509698852	1.8717889	1.3681333
33.815773246573414	1.836045	1.3550074
33.8340922863172	1.8905683	1.3749794
33.852412216817896	1.881798	1.3717865
33.87073303867377	1.833913	1.3542204
33.889054752483304	1.8695266	1.3673064
33.907377358845245	1.9365865	1.3916129
33.92570085835853	1.9605408	1.4001931
33.94402525162239	1.8980159	1.377685
33.96235053923627	1.8642052	1.3653591
33.980676721799824	1.922605	1.3865803
33.999003799912984	2.0436134	1.42955
34.01733177417592	2.1000469	1.4491539
34.03566064518901	1.9711491	1.4039762
34.0539904135529	1.876271	1.3697704
34.07232107986846	1.956951	1.3989106
34.090652644736785	2.065062	1.4370323
34.108985108759235	1.9742788	1.4050903
34.12731847253742	1.9365646	1.391605
34.14565273667313	1.987885	1.4099238
34.16398790176847	1.9378613	1.3920709
34.18232396842574	1.9831605	1.4082474
34.20066093724749	2.0599298	1.4352455
34.21899880883651	2.0489454	1.4314138
34.23733758379583	1.9774921	1.4062333
34.25567726272874	1.876072	1.3696978
34.27401784623872	1.7489216	1.322468
34.29235933492957	1.7542508	1.3244814
34.31070172940526	1.8855844	1.3731658
34.32904503027003	1.9251084	1.3874828
34.347389238128386	1.9150901	1.3838677
34.36573435358502	1.9902062	1.4107467
34.38408037724492	2.0247204	1.4229267
34.402427309713296	1.9017493	1.3790393
34.42077515159559	1.853797	1.3615421
34.43912390349752	1.946729	1.3952522
34.45747356602499	2.0001318	1.4142601
34.47582413978423	1.8163047	1.3477035
34.49417562538163	1.7295563	1.315126
34.51252802342388	1.9742979	1.4050971
34.53088133451789	2.091018	1.4460353
34.54923555927084	2.0326798	1.4257208
34.567590698290104	1.9649051	1.4017507
34.58594675218336	2.107356	1.4516735
34.6043037215585	2.19737	1.4823529
34.62266160702365	2.0234873	1.4224933
34.641020409187234	2.275739	1.5085553
34.65938012865785	2.4134173	1.5535177
34.677740766044394	2.1897578	1.479783
34.69610232195598	1.9568211	1.3988643
34.714464797002016	1.8744934	1.3691214
34.73282819179208	2.0293648	1.4245578
34.751192506936064	2.1171956	1.4550586
34.76955774304408	1.9837347	1.4084512
34.7879239007265	1.701568	1.3044417
34.80629098059391	1.7489306	1.3224714
34.824658983257194	1.8557072	1.3622434
34.843027909327446	1.8474634	1.3592143
34.86139775941603	1.759837	1.3265885
34.879768534134534	1.8481259	1.359458
34.89814023409483	2.0121877	1.418516
34.91651285990901	2.0271418	1.4237773
34.93488641218944	2.0411894	1.428702
34.95326089154871	1.8486389	1.3596466
34.97163629859967	1.789091	1.3375691
34.99001263395542	1.8254472	1.3510911
35.00838989822934	1.8218122	1.3497453
35.02676809203499	1.8313401	1.3532702
35.04514721598624	1.8753856	1.3694472
35.063527270697215	1.9058042	1.3805087
35.081908256782256	2.0053353	1.4160986
35.10029017485597	1.992132	1.411429
35.11867302553321	2.1746912	1.4746834
35.137056809429104	2.365585	1.5380459
35.155441527159006	2.3006864	1.5168014
35.173827179338524	2.0132725	1.4188983
35.19221376658354	1.8084313	1.3447793
35.21060128951017	1.9895259	1.4105055
35.2289897487348	2.2639759	1.5046514
35.24737914487405	2.3242984	1.524565
35.26576947854479	2.4015489	1.5496931
35.28416075036418	2.3156369	1.5217217
35.30255296094958	2.0342846	1.4262835
35.32094611091867	2.1780849	1.4758337
35.33934020088932	2.4886365	1.5775412
35.35773523147969	2.3534667	1.5341012
35.3761312033082	1.7359482	1.3175539
35.394528116993506	1.4709668	1.2128342
35.41292597315452	1.836375	1.3551291
35.431324772410434	2.2594557	1.5031486
35.449724515380666	2.2004442	1.4833894
35.46812520268491	1.9719895	1.4042754
35.486526834943106	2.119337	1.4557943
35.504929412775454	1.8621732	1.3646147
35.52333293680242	1.7385037	1.3185233
35.54173740764471	2.04502	1.430042
35.560142825923286	2.1940563	1.4812347
35.5785491922594	2.0256035	1.423237
35.59695650727454	1.8345689	1.3544626
35.61536477159042	1.2419951	1.1144483
