0.008763373481513119	0.0	0.0
0.026290120649546365	0.17179282	0.414479
0.043816868432600686	0.16017845	0.40022302
0.06134361724069026	0.2489468	0.49894568
0.07887036748382949	0.16910121	0.41121918
0.0963971195720331	0.16296573	0.40369013
0.11392387391531617	0.08390217	0.28965873
0.1314506309236943	0.08862298	0.2976961
0.1489773910071836	0.15078737	0.3883135
0.16650415457580078	0.18542582	0.43061098
0.18403092203956356	0.1971615	0.4440287
0.20155769380849	0.16443464	0.40550542
0.2190844702925996	0.17411028	0.41726524
0.2366112519019124	0.19467625	0.44122133
0.2541380390464497	0.19252022	0.43877125
0.27166483213623416	0.15087055	0.38842058
0.28919163158128947	0.12755665	0.35715073
0.3067184377916406	0.114996895	0.33911192
0.324245251177314	0.10031868	0.31673124
0.34177207214833777	0.07677653	0.27708578
0.3592989011147415	0.08085514	0.28435037
0.37682573848655654	0.15663968	0.39577731
0.39435258467381573	0.1920661	0.43825346
0.41187944008655414	0.24339639	0.4933522
0.42940630513480854	0.15469608	0.3933142
0.446933180228618	0.13605389	0.36885485
0.4644600657780234	0.104483254	0.3232387
0.48198696219306775	0.12221293	0.34958968
0.49951386988379676	0.115662664	0.34009215
0.5170407892602581	0.15577604	0.39468473
0.5345677207325025	0.22465359	0.47397634
0.5520946647105822	0.23208342	0.48175037
0.5696216216045534	0.21471585	0.4633744
0.5871485918244737	0.17527822	0.4186624
0.6046755757804043	0.14954473	0.38671014
0.6222025738824094	0.15797293	0.39745808
0.6397295865405557	0.13294713	0.36461917
0.6572566141649129	0.14794163	0.3846318
0.6747836571655547	0.15704769	0.39629242
0.6923107159525568	0.18063194	0.42500815
0.7098377909359992	0.1876561	0.4331929
0.7273648825259653	0.16952325	0.41173202
0.7448919911325411	0.19067039	0.4366582
0.762419117165817	0.21456821	0.46321508
0.7799462610358868	0.26244456	0.5122934
0.7974734231528482	0.28104624	0.53013796
0.8150006039268024	0.23508814	0.4848589
0.8325278037678551	0.23391923	0.48365197
0.8500550230861152	0.2320157	0.48168007
0.8675822622916969	0.2343673	0.48411497
0.8851095217947171	0.24003716	0.48993587
0.9026368020052984	0.2230533	0.47228518
0.9201641033335665	0.19768363	0.4446163
0.9376914261896523	0.21695025	0.4657792
0.9552187709836915	0.2275454	0.4770172
0.9727461381258234	0.23864478	0.4885128
0.990273528026193	0.2249061	0.47424266
1.0078009410949496	0.21903604	0.46801287
1.0253283777422473	0.29519147	0.54331523
1.0428558383782454	0.34131396	0.5842208
1.0603833234131086	0.37028188	0.60850793
1.0779108332570058	0.44396013	0.66630334
1.0954383683201119	0.41246155	0.6422317
1.112965929012607	0.42582387	0.65255183
1.1304935157446763	0.46323243	0.6806118
1.1480211289265108	0.4583849	0.6770413
1.1655487689683062	1.2643182	1.1244191
1.1830764362802655	1.5362089	1.2394389
1.200604131272596	1.9015161	1.3789546
1.2181318543555117	2.0992713	1.4488863
1.235659605939232	2.0374122	1.4273795
1.253187386433982	3.6885731	1.9205658
1.270715196249994	6.304807	2.5109375
1.2882430357975057	11.752125	3.4281373
1.3057709054867608	16.831175	4.1025815
1.3232988057280106	22.616255	4.755655
1.3408267369315112	27.33678	5.228459
1.358354699507526	31.370365	5.6009254
1.3758826938663256	35.33854	5.9446225
1.3934107204181858	37.359543	6.112245
1.410938779573391	37.997875	6.164242
1.4284668717422309	38.679474	6.2192826
1.4459949973350033	38.838284	6.232037
1.4635231567620117	38.763596	6.226042
1.4810513504335687	37.993286	6.1638694
1.4985795787599925	37.00065	6.0828156
1.5161078421516088	36.216824	6.0180416
1.5336361410187505	35.30433	5.941745
1.5511644757717598	35.44378	5.953468
1.5686928468209842	35.725323	5.9770665
1.58622125457678	36.079735	6.006641
1.6037496994495108	36.950676	6.0787067
1.621278181849548	36.656494	6.0544605
1.6388067021872719	37.584354	6.130608
1.6563352608730693	37.49478	6.123298
1.673863858317336	36.691463	6.057348
1.6913924949304753	36.057236	6.004768
1.7089211711228998	34.9014	5.9077406
1.7264498873050296	33.96014	5.827533
1.7439786438872935	33.480114	5.7862005
1.7615074412801288	32.437122	5.6953597
1.779036279893981	31.664307	5.6271048
1.796565160139305	30.380638	5.511863
1.814094082426564	29.441652	5.4260163
1.8316230471662298	28.717371	5.358859
1.849152054768784	27.90784	5.2827873
1.8666811056447168	27.444042	5.238706
1.8842102002045273	26.620256	5.159482
1.901739338858724	26.074793	5.1063485
1.9192685220178245	25.494114	5.0491695
1.9367977500923557	25.14979	5.0149565
1.9543270234928547	24.7993	4.9798894
1.971856342629867	24.351633	4.934737
1.9893857079139496	23.7757	4.8760333
2.006915119755667	22.93523	4.789074
2.0244445785655945	22.265078	4.7185884
2.0419740847543175	21.83468	4.6727595
2.0595036387324317	21.261513	4.6110206
2.0770332409105414	20.86322	4.5676274
2.094562891699263	20.563133	4.534659
2.1120925915092217	19.813835	4.4512734
2.129622340751053	19.263391	4.389008
2.1471521398354043	187.60188	13.696784
2.1646819891729323	444.26315	21.07755
2.182211889174303	440.7376	20.993752
2.1997418402501974	453.0552	21.285093
2.2172718428113023	432.98944	20.8084
2.234801897268317	320.79465	17.910742
2.2523320040319548	17.269695	4.155682
2.269862163512935	16.715303	4.088435
2.287392376121992	16.389982	4.0484543
2.304922642269869	16.164753	4.020541
2.322452962367322	16.03182	4.0039754
2.3399833368251164	15.646439	3.9555578
2.357513766054032	15.507558	3.9379637
2.3750442504648586	15.3158045	3.913541
2.3925747904683963	15.08721	3.8842258
2.410105386475459	14.852554	3.8539011
2.4276360388968707	14.398194	3.7944953
2.445166748143469	14.249757	3.774885
2.4626975146261025	14.082064	3.7526076
2.4802283387556323	13.791766	3.7137268
2.4977592209429305	13.417839	3.6630368
2.5152901615988825	12.887593	3.5899293
2.5328211611343865	12.474447	3.5319183
2.5503522199603523	12.272831	3.5032601
2.5678833384877024	12.289259	3.505604
2.5854145171273712	12.231565	3.4973655
2.6029457562903064	12.140292	3.4842923
2.620477056387469	11.811797	3.4368296
2.6380084178298326	11.590566	3.404492
2.655539841028383	11.353869	3.3695502
2.673071326394119	11.384653	3.3741152
2.6906028743380523	11.203777	3.3472044
2.708134485271211	11.065012	3.3264112
2.7256661596046325	10.9469595	3.308619
2.743197897749369	10.728632	3.275459
2.760729700116486	10.671955	3.2667959
2.778261567117063	10.482346	3.2376451
2.795793499162193	10.330128	3.2140517
2.8133254966629817	10.182796	3.1910493
2.830857560030551	9.956744	3.1554308
2.8483896896760337	9.773083	3.126193
2.865921886010578	9.701055	3.1146517
2.883454149445347	9.593204	3.0972898
2.9009864803915177	9.450886	3.0742292
2.91851887926028	9.324556	3.0536137
2.9360513464628384	9.234827	3.0388858
2.953583882410413	9.193348	3.0320535
2.9711164875142373	9.051012	3.00849
2.9886491621855606	8.966144	2.9943519
3.0061819068356455	8.755669	2.958998
3.023714721875769	8.680712	2.9463048
3.041247607717225	8.612269	2.9346669
3.0587805647713213	8.362143	2.891737
3.0763135934493806	8.252545	2.8727243
3.0938466941627407	8.061256	2.839235
3.1113798673227544	8.136199	2.8524022
3.1289131133407904	8.14698	2.8542914
3.1464464326282315	7.930574	2.8161275
3.1639798255964786	7.781058	2.7894547
3.1815132926569443	7.684023	2.772007
3.1990468342210603	7.7227063	2.7789757
3.216580450700272	7.604872	2.7576933
3.2341141425060416	7.479321	2.7348347
3.251647910049847	7.3437395	2.7099335
3.2691817537431813	7.243823	2.691435
3.286715673997555	7.2186737	2.686759
3.3042496712244938	7.1596212	2.675747
3.32178374583554	7.077035	2.6602697
3.339317898242251	7.0576925	2.6566317
3.3568521288562034	7.0043945	2.6465816
3.3743864380889876	6.8700237	2.621073
3.3919208263522127	6.7398744	2.5961268
3.4094552940575023	6.7480183	2.5976949
3.4269898416164972	6.6678596	2.5822198
3.444524469440858	6.5830655	2.5657485
3.4620591779422587	6.463487	2.5423388
3.479593967532391	6.3980355	2.5294337
3.4971288386229658	6.3864827	2.5271492
3.5146637916257086	6.423208	2.534405
3.5321988269523628	6.3064113	2.511257
3.5497339450146903	6.263897	2.5027778
3.5672691462244708	6.245818	2.4991634
3.5848044309934988	6.276117	2.505218
3.60233979973359	6.2358003	2.4971585
3.619875252856575	6.227968	2.4955897
3.6374107907743034	6.1942687	2.488829
3.6549464138986427	6.2512617	2.5002522
3.6724821226414788	6.2782173	2.5056372
3.690017917414714	6.327086	2.51537
3.7075537986302702	6.3315334	2.516254
3.7250897667000857	6.3711715	2.524118
3.7426258220361235	6.5205655	2.5535398
3.7601619650503553	6.8935356	2.6255543
3.777698196154779	7.3492584	2.7109516
3.7952345157614067	8.420192	2.9017568
3.8127709242822716	9.244197	3.0404272
3.830307422129425	11.486631	3.3891933
3.847844009714936	30.277227	5.502475
3.8653806874508954	97.695786	9.884118
3.882917455749409	96.948	9.846217
3.900454315022606	96.67888	9.832541
3.917991265682631	41.334965	6.4292274
3.9355283081416506	10.968009	3.3117983
3.9530654428118495	8.84897	2.974722
3.970602670105433	7.6543703	2.7666533
3.9881399904346244	6.6101027	2.571012
4.005677404211669	6.4734554	2.5442986
4.023214911848827	6.5173516	2.5529103
4.0407525137583855	6.524605	2.5543306
4.058290210352644	6.569658	2.5631344
4.075828002043927	6.4529595	2.5402677
4.0933658892445814	6.327648	2.5154817
4.110903872366966	6.252231	2.500446
4.128441951823468	6.1522923	2.4803815
4.145980128026488	6.153877	2.480701
4.163518401388452	6.2286835	2.495733
4.181056772321807	6.341632	2.5182598
4.1985952412390155	6.3468986	2.5193052
4.216133808552567	6.3351984	2.516982
4.233672474674966	6.238998	2.4977987
4.251211240018741	6.424335	2.5346272
4.268750104996445	6.6678147	2.5822113
4.286289070020643	7.695188	2.7740202
4.303828135503928	9.329255	3.054383
4.3213673018589125	29.514812	5.4327536
4.3389065694982305	90.56774	9.516708
4.356445938834537	165.82222	12.877197
4.3739854102805085	171.6474	13.101427
4.391524984248844	172.49557	13.133757
4.409064661152262	136.61949	11.688434
4.426604441403504	96.81037	9.839226
4.444144325415337	75.77171	8.704695
4.461684313600543	21.73496	4.662077
4.47922440637193	22.18925	4.710547
4.496764604142329	20.520908	4.5300007
4.5143049073245916	18.704071	4.3248205
4.531845316331589	16.425087	4.052788
4.5493858315762195	13.530158	3.6783364
4.566926453471405	11.218601	3.349418
4.584467182430081	9.295457	3.0488453
4.602008018865218	8.3823395	2.895227
4.619548963189798	7.7051897	2.7758224
4.637090015816834	7.2438936	2.6914482
4.654631177159353	6.955937	2.637411
4.672172447630417	6.585804	2.566282
4.689713827643102	6.3198657	2.5139344
4.7072553176105085	6.1305194	2.4759886
4.724796917945764	5.945113	2.4382603
4.742338629062015	5.906256	2.430279
4.759880451372434	5.796229	2.4075358
4.777422385290215	5.6947517	2.3863678
4.794964431228581	5.7014866	2.3877785
4.812506589600768	5.707132	2.3889604
4.830048860820047	5.7661595	2.4012828
4.847591245299709	5.735095	2.394806
4.8651337434530655	5.6432858	2.37556
4.882676355693457	5.5175242	2.348941
4.900219082434242	5.4297767	2.330188
4.917761924088813	5.396147	2.3229609
4.935304881070575	5.4840913	2.3418136
4.952847953792969	5.56323	2.35865
4.970391142669449	5.587017	2.3636873
4.9879344481135055	5.51472	2.348344
5.005477870538642	5.4843044	2.341859
5.023021410358394	5.438525	2.3320646
5.040565067986324	5.44855	2.334213
5.05810884383601	5.3583603	2.3148131
5.075652738321066	5.4778686	2.3404846
5.09319675185512	5.448299	2.3341591
5.110740884851836	5.466788	2.3381164
5.128285137724894	5.414088	2.3268192
5.145829510888007	5.398388	2.3234432
5.163374004754908	5.3490667	2.312805
5.1809186197393595	5.3237715	2.30733
5.198463356255145	5.3367667	2.3101444
5.216008214716077	5.3456593	2.3120682
5.233553195535998	5.3157063	2.3055816
5.251098299128764	5.2559624	2.2925885
5.268643525908272	5.183894	2.2768166
5.286188876288432	5.198889	2.2801073
5.3037343506831895	5.2676272	2.2951312
5.32127994950651	5.32592	2.3077955
5.3388256731723915	5.365412	2.316336
5.356371522094851	5.2959085	2.301284
5.373917496687938	5.2847695	2.2988627
5.391463597365729	5.2767525	2.2971182
5.40900982454232	5.2166324	2.283995
5.426556178631843	5.1415043	2.2674885
5.444102660048449	5.1201296	2.2627704
5.4616492692063225	5.1635404	2.2723424
5.479196006519669	5.2732587	2.2963576
5.496742872402727	5.287169	2.2993846
5.514289867269756	5.2686663	2.2953575
5.531836991535049	5.243316	2.2898288
5.549384245612924	5.2590003	2.293251
5.566931629917724	5.26213	2.2939332
5.584479144863822	5.1650167	2.2726674
5.6020267908656205	5.078596	2.2535741
5.619574568337545	5.09345	2.2568674
5.637122477694054	5.1333094	2.2656808
5.654670519349629	5.1952195	2.2793024
5.672218693718784	5.1309986	2.2651708
5.689767001216059	5.1525416	2.269921
5.707315442256021	5.1119633	2.260965
5.724864017253266	5.097293	2.2577186
5.7424127266224225	5.1234226	2.2634978
5.75996157077814	5.16717	2.273141
5.777510550135105	5.3024273	2.3027
5.795059665108022	5.358369	2.314815
5.812608916111639	5.308339	2.3039832
5.830158303560715	5.3186164	2.3062127
5.847707827870055	5.1997914	2.2803051
5.86525748945448	5.254068	2.2921753
5.8828072887288485	5.367657	2.3168204
5.900357226108044	5.4260674	2.329392
5.917907302006979	5.519793	2.349424
5.9354575168406	6.1042027	2.4706686
5.9530078710238765	6.791826	2.6061132
5.970558364971812	7.3406625	2.7093656
5.988108999099438	7.672788	2.7699797
6.005659773821818	8.151382	2.8550625
6.023210689554039	7.8449774	2.8008888
6.040761746711227	8.210554	2.8654065
6.058312945708531	7.6433473	2.7646604
6.075864286961132	7.249893	2.6925626
6.093415770884244	6.7041774	2.5892427
6.1109673978931065	6.161162	2.4821687
6.128519168402993	5.5911217	2.3645554
6.146071082829204	5.3592234	2.3149996
6.163623141587075	5.2135806	2.2833266
6.181175345091969	5.076476	2.2531037
6.198727693759281	5.0628357	2.2500746
6.216280188004435	5.0816016	2.2542408
6.233832828242885	5.143188	2.2678597
6.251385614890126	5.264906	2.2945383
6.268938548361669	5.258399	2.29312
6.286491629073067	5.236762	2.2883973
6.304044857439898	5.1507154	2.2695189
6.321598233877777	5.0894938	2.2559907
6.339151758802344	5.051455	2.2475443
6.356705432629277	5.033226	2.2434852
6.37425925577428	5.021636	2.2409008
6.391813228653095	5.047634	2.246694
6.409367351681486	5.0431237	2.24569
6.426921625275259	5.0069265	2.2376163
6.44447604985025	4.9175787	2.2175615
6.46203062582232	4.933538	2.2211568
6.47958535360737	4.9293265	2.2202086
6.497140233621328	4.999864	2.2360375
6.514695266280161	4.9679103	2.228881
6.532250451999859	4.99491	2.2349296
6.549805791196454	5.011245	2.238581
6.567361284286002	5.039897	2.2449715
6.584916931684597	5.11353	2.2613115
6.602472733808367	5.1162877	2.2619212
6.6200286910734665	5.050404	2.2473104
6.637584803896092	4.9997587	2.2360141
6.655141072692462	4.9823136	2.2321098
6.672697497878842	5.0304246	2.2428608
6.690254079871514	5.051197	2.2474868
6.707810819086808	5.0748997	2.2527537
6.725367715941078	5.040404	2.2450843
6.742924770850719	5.035578	2.2440093
6.760481984232151	5.0482745	2.2468367
6.778039356501836	5.097531	2.2577713
6.795596888076266	5.0930443	2.2567775
6.813154579371963	5.0112453	2.2385812
6.830712430805492	4.964453	2.2281053
6.84827044279344	4.970738	2.229515
6.865828615752445	4.9886546	2.2335296
6.883386950099159	4.9721656	2.2298353
6.900945446250287	4.9379606	2.2221522
6.918504104622553	5.000332	2.2361422
6.936062925632727	5.0443645	2.2459662
6.953621909697607	5.1182384	2.2623525
6.971181057234028	5.168269	2.2733827
6.988740368658859	5.143866	2.2680092
7.006299844389007	5.1623373	2.2720778
7.023859484841407	5.202568	2.2809138
7.041419290433036	5.3063045	2.3035417
7.058979261580902	5.459313	2.3365173
7.0765393987020495	5.6381245	2.3744736
7.094099702213559	6.058883	2.46148
7.111660172532549	6.4846697	2.5465014
7.129220810076164	6.856319	2.6184573
7.146781615261595	7.459805	2.7312644
7.16434258850606	7.668707	2.769243
7.181903730226821	8.153341	2.8554056
7.1994650408411704	8.243857	2.8712118
7.217026520766437	8.454743	2.907704
7.234588170419983	8.759244	2.9596019
7.252149990219215	8.712111	2.9516287
7.269711980581568	8.530859	2.9207635
7.2872741419245175	8.213144	2.8658583
7.304836474665574	7.703493	2.7755167
7.322398979222286	7.4176817	2.7235422
7.339961656012233	7.147638	2.6735067
7.357524505453039	6.881306	2.6232245
7.375087527962357	6.6155457	2.5720704
7.392650723957886	6.31529	2.513024
7.410214093857353	5.9663615	2.4426136
7.427777638078528	5.786019	2.4054146
7.445341357039213	5.635312	2.3738813
7.4629052511572525	5.5394664	2.3536072
7.480469320850524	5.4519544	2.334942
7.498033566536948	5.354308	2.313938
7.5155979886344735	5.2321944	2.287399
7.5331625875610975	5.1834674	2.276723
7.550727363734844	5.1781993	2.2755656
7.568292317573788	5.1799254	2.275945
7.585857449496025	5.180592	2.2760913
7.603422759919705	5.172139	2.2742338
7.620988249263007	5.192272	2.2786558
7.638553917944147	5.213881	2.2833924
7.656119766381391	5.191256	2.2784328
7.673685794993023	5.253522	2.2920563
7.691252004197388	5.2736745	2.2964482
7.70881839441285	5.3191524	2.3063288
7.726384966057826	5.318501	2.3061876
7.743951719550762	5.285976	2.299125
7.761518655310149	5.2597036	2.2934043
7.779085773754511	5.250897	2.2914836
7.796653075302419	5.2639117	2.2943215
7.814220560372475	5.2928295	2.300615
7.831788229383323	5.280987	2.2980397
7.8493560827536495	5.2886605	2.2997088
7.866924120902174	5.3005657	2.3022957
7.884492344247663	5.316097	2.3056662
7.9020607532089135	5.371862	2.3177278
7.919629348204771	5.4559336	2.335794
7.937198129654115	5.509763	2.3472884
7.954767097975865	5.4739294	2.339643
7.972336253588986	5.4114637	2.3262553
7.989905596912472	5.3909826	2.3218489
8.007475128365371	5.379869	2.3194544
8.025044848366756	5.41895	2.327864
8.042614757335754	5.5638623	2.358784
8.060184855691523	5.756789	2.399331
8.07775514385327	6.023946	2.454373
8.095325622240228	6.103213	2.470468
8.112896291271687	6.0173097	2.4530206
8.130467151366968	5.9380455	2.4368105
8.148038202945436	5.8571258	2.42015
8.165609446426497	5.9423823	2.4377003
8.183180882229594	6.048414	2.4593525
8.200752510774217	6.0821714	2.4662058
8.218324332479893	6.098513	2.4695168
8.235896347766193	6.0320406	2.4560213
8.253468557052724	5.996427	2.4487603
8.27104096075914	6.062752	2.4622655
8.288613559305137	6.175396	2.4850345
8.306186353110448	6.2474656	2.4994931
8.32375934259485	6.2903647	2.50806
8.341332528178162	6.324382	2.5148323
8.358905910280246	6.315679	2.5131016
8.376479489321003	6.24222	2.4984436
8.394053265720377	6.366097	2.5231125
8.411627239898356	6.369164	2.5237203
8.42920141227497	6.4343376	2.5365996
8.44677578327029	6.346293	2.519185
8.464350353304427	6.282295	2.5064507
8.48192512279754	6.2806826	2.506129
8.499500092169827	6.2505164	2.5001032
8.51707526184153	6.217649	2.4935215
8.534650632232934	6.1963377	2.4892445
8.552226203764365	6.1798444	2.4859293
8.569801976856192	6.2154875	2.493088
8.587377951928834	6.200785	2.4901376
8.60495412940274	6.2422056	2.4984407
8.622530509698416	6.3305216	2.5160527
8.6401070932364	6.4772134	2.545037
8.657683880437283	6.622361	2.5733948
8.675260871721695	6.736173	2.595414
8.692838067510303	6.8991427	2.626622
8.710415468223834	7.0340943	2.6521866
8.727993074283043	7.217108	2.6864674
8.745570886108737	7.213188	2.6857378
8.763148904121765	7.263195	2.6950316
8.78072712874302	7.19782	2.6828754
8.798305560393441	7.413424	2.7227604
8.815884199494006	7.5983577	2.756512
8.833463046465745	7.820203	2.7964625
8.851042101729728	7.954523	2.8203764
8.86862136570707	8.191856	2.8621418
8.886200838818924	8.284041	2.878201
8.903780521486505	8.331864	2.8864968
8.921360414131055	8.450885	2.9070406
8.938940517173874	8.610706	2.9344006
8.956520831036297	8.750027	2.9580443
8.97410135613971	9.060777	3.0101125
8.99168209290554	9.2594795	3.0429392
9.009263041755265	9.524577	3.0861914
9.026844203110405	9.708418	3.1158335
9.044425577392525	9.900203	3.1464589
9.062007165023239	10.094273	3.1771486
9.079588966424197	10.405298	3.2257245
9.097170982017108	10.496741	3.2398674
9.11475321222372	11.438011	3.3820128
9.132335657465825	12.215279	3.4950364
9.149918318165264	12.260824	3.501546
9.167501194743924	12.898003	3.591379
9.18508428762374	12.591626	3.548468
9.202667597226693	12.563353	3.544482
9.220251123974803	12.087345	3.476686
9.237834868290143	11.789902	3.4336426
9.255418830594836	11.687997	3.4187713
9.273003011311046	11.215622	3.3489733
9.290587410860985	10.985652	3.314461
9.308172029666911	10.342861	3.2160318
9.32575686815113	10.056662	3.1712239
9.343341926735997	8.824015	2.9705243
9.360927205843916	8.609471	2.93419
9.378512705897327	8.406284	2.8993592
9.396098427318728	8.218885	2.86686
9.413684370530664	8.115441	2.8487613
9.431270535955722	8.013529	2.8308177
9.448856924016539	7.9205127	2.8143406
9.466443535135806	7.8194947	2.796336
9.484030369736251	7.8665066	2.8047292
9.501617428240658	7.7976103	2.7924201
9.519204711071852	7.754139	2.7846255
9.536792218652714	7.724973	2.7793837
9.55437995140617	7.835764	2.7992435
9.571967909755191	7.9006124	2.8108027
9.589556094122802	7.934067	2.8167477
9.60714450493207	7.8899174	2.8088996
9.624733142606116	7.8445673	2.8008156
9.642322007568108	7.916514	2.81363
9.659911100241267	8.057002	2.838486
9.677500421048851	8.096735	2.8454762
9.695089970414175	8.105783	2.8470657
9.712679748760609	8.095706	2.8452954
9.730269756511557	8.16452	2.8573625
9.747859994090492	8.206348	2.8646724
9.765450461920915	8.210796	2.8654487
9.78304116042639	8.192701	2.8622894
9.800632090030527	8.183038	2.860601
9.81822325115699	8.239539	2.8704598
9.835814644229481	8.259751	2.8739784
9.853406269671762	8.260529	2.8741136
9.870998127907646	8.3056345	2.8819497
9.888590219360985	8.323755	2.8850918
9.906182544455698	8.368595	2.8928523
9.923775103615734	8.354749	2.890458
9.941367897265108	8.348929	2.8894515
9.958960925827878	8.294912	2.880089
9.97655418972816	8.277902	2.8771343
9.994147689390106	8.277079	2.8769913
10.011741425237934	8.235778	2.8698044
10.029335397695904	8.249572	2.8722067
10.04692960718833	8.250357	2.8723433
10.06452405413958	8.233943	2.869485
10.082118738974064	8.278351	2.8772123
10.099713662116246	8.258006	2.8736746
10.117308823990651	8.283941	2.8781836
10.134904225021844	8.286247	2.8785841
10.152499865634445	8.289923	2.8792226
10.170095746253125	8.196991	2.8630388
10.18769186730261	8.192097	2.8621838
10.205288229207675	8.148234	2.8545113
10.222884832393145	8.12211	2.8499317
10.2404816772839	8.162766	2.8570557
10.258078764304868	8.234686	2.8696141
10.275676093881035	8.285419	2.8784404
10.293273666437438	8.225037	2.8679326
10.310871482399158	8.193078	2.8623552
10.32846954219134	8.10833	2.847513
10.346067846239173	8.118462	2.8492913
10.363666394967908	8.167772	2.8579314
10.38126518880283	8.220165	2.867083
10.398864228169298	8.302658	2.8814332
10.416463513492713	8.264227	2.8747568
10.434063045198531	8.22592	2.8680863
10.451662823712262	8.29709	2.880467
10.469262849459467	8.303975	2.881662
10.486863122865758	8.204228	2.8643024
10.504463644356806	8.073951	2.8414698
10.522064414358338	7.9839296	2.825585
10.539665433296118	7.922646	2.8147194
10.557266701595987	7.920031	2.814255
10.574868219683818	7.868914	2.8051584
10.592469987985552	7.807211	2.7941387
10.610072006927185	7.6102753	2.7586727
10.627674276934751	7.4865746	2.7361605
10.64527679843435	7.330831	2.7075508
10.662879571852143	7.2400155	2.6907277
10.680482597614331	7.2070003	2.6845856
10.698085876147173	7.118461	2.6680443
10.715689407876988	7.010541	2.6477425
10.733293193230146	6.9248056	2.6315026
10.750897232633072	6.7941403	2.6065571
10.76850152651225	6.7645426	2.6008735
10.786106075294207	6.676319	2.5838573
10.803710879405534	6.557737	2.560808
10.821315939272877	6.4578724	2.5412345
10.83892125532294	6.4243097	2.5346222
10.856526827982472	6.407341	2.5312726
10.874132657678285	6.3825946	2.5263798
10.891738744837243	6.326492	2.5152519
10.909345089886271	6.2817483	2.5063417
10.926951693252343	6.207805	2.4915466
10.944558555362494	6.132353	2.476359
10.96216567664381	5.9908504	2.4476213
10.979773057523436	5.8897767	2.4268863
10.997380698428573	5.7966375	2.4076207
11.014988599786477	5.7117505	2.389927
11.032596762024461	5.7170124	2.3910275
11.050205185569892	5.707606	2.3890595
11.067813870850198	5.6402497	2.374921
11.085422818292859	5.5190253	2.3492606
11.10303202832541	5.44221	2.3328545
11.120641501375454	5.397237	2.3231955
11.138251237870636	5.362401	2.3156857
11.155861238238671	5.3347535	2.3097086
11.173471502907317	5.2465754	2.2905405
11.191082032304402	5.1612663	2.271842
11.208692826857805	5.0995436	2.2582169
11.226303886995465	5.05659	2.2486863
11.243915213145371	5.0516586	2.2475896
11.261526805735578	5.003605	2.2368739
11.279138665194196	4.9162273	2.2172568
11.296750791949393	4.85712	2.2038875
11.314363186429393	4.824887	2.1965625
11.331975849062479	4.752427	2.1800063
11.34958878027699	4.657025	2.158014
11.36720198050133	4.6127486	2.147731
11.384815450163948	4.5368943	2.1299987
11.402429189693366	4.525493	2.1273208
11.420043199518153	4.52649	2.127555
11.437657480066942	63.51503	7.9696317
11.455272031768422	85.200615	9.230418
11.472886855051353	107.6045	10.373259
11.490501950344528	99.13638	9.956725
11.508117318076819	84.484985	9.191571
11.52573295867715	45.846115	6.770976
11.543348872574514	4.133625	2.0331318
11.560965060197946	4.0839005	2.0208662
11.57858152197655	4.0811186	2.0201778
11.59619825833949	4.0601	2.014969
11.613815269715985	4.0054064	2.001351
11.631432556535323	38.44745	6.2006006
11.649050119226837	83.014725	9.111241
11.666667958219929	93.46857	9.667914
11.68428607394406	107.72771	10.379196
11.701904466828756	82.512474	9.083637
11.719523137303586	65.30798	8.081335
11.737142085798196	4.5497155	2.1330063
11.754761312742286	3.6790192	1.918077
11.772380818565619	3.6759644	1.9172804
11.790000603698015	3.6886113	1.9205757
11.80762066856935	3.6724987	1.9163765
11.825241013609572	3.602558	1.8980405
11.842861639248683	3.5392983	1.8813022
11.860482545916748	3.4921718	1.8687353
11.878103734043883	3.478973	1.8652005
11.895725204060282	3.4286222	1.8516539
11.91334695639619	3.4025927	1.8446118
11.930968991481919	3.360213	1.8330884
11.948591309747824	3.334241	1.8259904
11.966213911624347	3.3348677	1.826162
11.98383679754198	3.352238	1.8309118
12.001459967931268	3.3012166	1.816925
12.019083423222835	3.255641	1.8043395
12.036707163847352	3.2244174	1.7956663
12.05433119023556	3.2482016	1.8022767
12.071955502818259	3.252011	1.8033333
12.089580102026313	3.1915329	1.7864861
12.107204988290643	3.1554255	1.7763518
12.12483016204224	3.1600773	1.7776606
12.142455623712152	3.1891723	1.7858254
12.16008137373149	3.1224225	1.7670377
12.177707412531431	3.0752714	1.7536452
12.19533374054321	3.0162246	1.7367282
12.212960358198126	3.0244262	1.7390877
12.230587265927545	3.0086823	1.7345554
12.248214464162889	2.9685407	1.7229453
12.265841953335649	2.9815478	1.7267159
12.283469733877375	2.9718723	1.7239119
12.301097806219685	2.9838448	1.7273809
12.31872617079425	2.9312572	1.7120914
12.336354828032825	2.9249325	1.7102433
12.353983778367205	2.9469247	1.7166609
12.371613022229262	2.968902	1.7230502
12.389242560050928	2.9345813	1.7130619
12.406872392264201	2.9003935	1.7030542
12.424502519301143	2.8556018	1.6898526
12.442132941593874	2.8505244	1.6883496
12.459763659574586	2.8123507	1.6770065
12.477394673675532	2.8020077	1.6739198
12.49502598432903	2.8473399	1.6874063
12.51265759196746	2.9038024	1.7040547
12.530289497023267	2.909257	1.7056544
12.547921699928967	2.871176	1.6944544
12.565554201117134	2.8144977	1.6776465
12.583187001020404	2.7941332	1.6715661
12.600820100071486	2.757945	1.6607062
12.618453498703152	2.778657	1.6669304
12.636087197348235	2.7701836	1.6643869
12.65372119643964	2.7494073	1.6581336
12.671355496410326	2.7759683	1.6661237
12.68899009769333	2.7903464	1.670433
12.706625000721749	2.8464541	1.6871438
12.724260205928752	2.8873658	1.6992251
12.741895713747551	2.9413593	1.7150391
12.759531524611454	3.0056212	1.7336727
12.777167638953818	3.001014	1.7323436
12.794804057208072	3.0192811	1.7376078
12.812440779807702	3.014074	1.7361089
12.830077807186271	3.1811652	1.7835821
12.847715139777405	3.2251651	1.7958745
12.865352778014795	3.4317646	1.8525022
12.882990722332197	3.5440543	1.8825659
12.90062897316344	3.6044018	1.8985262
12.918267530942412	3.6888785	1.9206454
12.935906396103071	3.578846	1.8917838
12.953545569079449	3.7451613	1.9352419
12.971185050305628	3.5858285	1.8936284
12.988824840215775	3.5954084	1.8961562
13.006464939244115	3.622498	1.9032861
13.024105347824943	3.4791746	1.8652545
13.041746066392617	3.5785925	1.8917168
13.05938709538157	3.3105044	1.8194791
13.077028435226296	3.3183272	1.8216276
13.094670086361363	3.236124	1.798923
13.112312049221401	3.1872723	1.7852933
13.129954324241112	3.128558	1.768773
13.147596911855258	2.9203224	1.7088951
13.165239812498685	2.8931367	1.7009224
13.182883026606293	2.8310518	1.682573
13.200526554613058	2.790794	1.6705669
13.218170396954017	2.7434442	1.6563345
13.235814554064284	2.6941333	1.6413815
13.253459026379034	2.6771026	1.6361854
13.271103814333523	2.6745644	1.6354096
13.288748918363058	2.689719	1.6400362
13.306394338903031	2.6997674	1.6430969
13.32404007638889	2.6920521	1.6407474
13.341686131256164	2.7192	1.6489997
13.359332503940449	2.729318	1.6520647
13.376979194877402	2.7092872	1.6459912
13.394626204502751	2.7545907	1.659696
13.412273533252307	2.7683682	1.6638414
13.429921181561937	2.763713	1.6624418
13.447569149867581	2.7365687	1.6542578
13.465217438605247	2.710662	1.6464088
13.482866048211022	2.6846979	1.6385047
13.500514979121052	2.7126436	1.6470106
13.518164231771568	2.728185	1.6517218
13.535813806598844	2.7372413	1.654461
13.553463704039254	2.7257912	1.650997
13.571113924529229	2.691526	1.6405871
13.588764468505275	2.706176	1.6450459
13.606415336403956	2.7071586	1.6453445
13.624066528661917	2.7325141	1.6530318
13.641718045715882	2.7971184	1.6724588
13.659369888002635	2.8714123	1.6945242
13.67702205595903	2.9300797	1.7117475
13.694674550021993	2.9861033	1.7280345
13.712327370628532	3.0391874	1.7433265
13.729980518215713	3.1551523	1.7762748
13.747633993220681	3.242144	1.8005955
13.765287796080647	3.2975783	1.8159236
13.7829419272329	3.339675	1.8274778
13.800596387114801	3.3509357	1.8305562
13.818251176163775	3.33706	1.8267622
13.835906294817324	3.3580496	1.8324982
13.853561743513023	3.40215	1.8444917
13.871217522688525	3.4342608	1.8531759
13.888873632781538	3.490897	1.8683943
13.906530074229858	3.521999	1.876699
13.92418684747135	3.4951904	1.8695428
13.941843952943948	3.438242	1.8542497
13.959501391085665	3.3549633	1.8316559
13.977159162334578	3.3456464	1.8291109
13.994817267128846	3.3735616	1.8367258
14.012475705906693	3.3040912	1.8177159
14.030134479106424	3.2317355	1.7977028
14.047793587166414	3.1238344	1.7674372
14.065453030525108	3.0624177	1.7499765
14.083112809621026	3.0036564	1.733106
14.100772924892766	2.9761474	1.7251514
14.118433376778997	2.960573	1.7206316
14.136094165718458	2.8542712	1.6894588
14.153755292149969	2.7911048	1.67066
14.171416756512416	2.7381568	1.6547377
14.189078559244768	2.7170746	1.6483551
14.20674070078606	2.6636477	1.6320685
14.224403181575408	2.596226	1.6112808
14.242066002051999	2.554756	1.5983604
14.259729162655093	2.4796772	1.574699
14.277392663824022	2.424569	1.5571027
14.295056505998208	2.398119	1.5485861
14.312720689617128	2.4172294	1.5547441
14.330385215120348	2.4538949	1.5664912
14.348050082947497	2.4515252	1.5657347
14.3657152935383	2.4537883	1.5664573
14.383380847332528	2.480766	1.5750448
14.401046744770051	2.4769082	1.5738196
14.418712986290798	2.4547129	1.5667523
14.436379572334793	2.4012427	1.5495944
14.454046503342123	2.4099417	1.5523987
14.471713779752946	2.4100614	1.5524372
14.489381402007504	2.3858316	1.5446137
14.507049370546113	2.3616526	1.5367669
14.524717685809168	2.3665524	1.5383602
14.542386348237134	2.4287696	1.558451
14.560055358270553	2.4743605	1.57301
14.577724716350051	2.4868224	1.5769662
14.595394422916325	2.4582357	1.5678762
14.61306447841015	2.458615	1.5679971
14.63073488327237	2.4881651	1.5773919
14.648405637943917	2.5211108	1.5878006
14.6660767428658	2.5171983	1.5865681
14.683748198479094	2.508457	1.5838109
14.701420005224954	2.5411103	1.594086
14.719092163544628	2.5982227	1.6119003
14.73676467387942	2.6638365	1.6321263
14.754437536670727	2.6883564	1.6396208
14.772110752360014	2.7432463	1.6562748
14.78978432138882	2.789975	1.6703218
14.807458244198777	2.7802575	1.6674104
14.82513252123159	2.6879833	1.639507
14.842807152929028	2.6857631	1.6388298
14.860482139732962	2.6683366	1.6335044
14.87815748208531	2.6819162	1.6376557
14.8958331804281	2.6722856	1.6347127
14.91350923520342	2.6021852	1.613129
14.931185646853438	2.619365	1.6184453
14.948862415820408	2.607676	1.61483
14.966539542546656	2.6802697	1.6371529
14.98421702747459	2.6445348	1.6262026
15.001894871046696	2.6663141	1.6328852
15.019573073705542	2.6551309	1.6294572
15.037251635893766	2.6878533	1.6394674
15.054930558054092	2.731156	1.652621
15.072609840629323	2.761713	1.6618402
15.090289484062351	2.874745	1.6955073
15.107969488796124	3.125099	1.767795
15.125649855273691	3.564956	1.8881091
15.14333058393817	4.0519304	2.0129406
15.161011675232768	5.1106772	2.2606807
15.17869312960076	6.5564766	2.5605617
15.196374947485506	8.52162	2.9191813
15.214057129330447	11.670387	3.416195
15.231739675579114	16.388939	4.0483255
15.249422586675102	21.321705	4.617543
15.267105863062092	24.305485	4.9300594
15.284789505183847	24.425661	4.9422326
15.302473513484218	22.205818	4.712305
15.320157888407127	18.46056	4.2965755
15.337842630396578	14.34854	3.7879467
15.355527739896656	11.1867	3.3446524
15.37321321735153	8.750767	2.9581695
15.39089906320545	6.461392	2.5419269
15.408585277902748	4.853225	2.2030036
15.42627186188783	3.7273903	1.930645
15.443958815605198	3.1718948	1.7809814
15.461646139499424	2.9290586	1.7114493
15.479333834015168	2.829041	1.6819754
15.497021899597165	2.809115	1.6760415
15.514710336690234	2.7201781	1.6492963
15.53239914573928	2.680573	1.6372455
15.550088327189297	2.5971982	1.6115825
15.567777881485336	2.5568795	1.5990245
15.58546780907256	2.5134583	1.585389
15.6031581103962	2.4887166	1.5775666
15.620848785901568	2.4729915	1.5725747
15.638539836034063	2.4685726	1.5711691
15.656231261239173	2.453355	1.566319
15.673923061962451	2.4349887	1.5604451
15.691615238649552	2.4103825	1.5525407
15.709307791746202	2.4242408	1.5569974
15.727000721698221	2.4214165	1.5560901
15.744694028951498	2.398697	1.5487727
15.76238771395202	2.3830967	1.5437282
15.780081777145844	2.3855262	1.5445149
15.797776218979125	2.3600514	1.5362458
15.815471039898094	2.3404055	1.5298383
15.833166240349064	2.359488	1.5360625
15.850861820778437	2.3546262	1.5344791
15.868557781632699	2.3980818	1.5485741
15.886254123358412	2.3850973	1.544376
15.903950846402232	2.383824	1.5439638
15.921647951210897	2.3855486	1.5445222
15.939345438231225	2.413892	1.5536705
15.957043307910133	2.438143	1.5614554
15.974741560694602	2.412696	1.5532855
15.992440197031714	2.395806	1.5478392
16.01013921736862	2.3728712	1.5404127
16.02783862215259	2.362512	1.5370466
16.045538411830933	2.3359478	1.5283808
16.06323858685107	2.35669	1.5351515
16.080939147660512	2.3844824	1.5441769
16.09864009470684	2.450791	1.5655003
16.11634142843774	2.4695714	1.571487
16.134043149300954	2.4638407	1.5696626
16.15174525774433	2.4581447	1.5678471
16.169447754215817	2.4447372	1.5635655
16.18715063916342	2.4361026	1.5608019
16.204853913035244	2.426297	1.5576575
16.222557576279478	2.4117064	1.552967
16.240261629344403	22.40534	4.733428
16.257966072678386	42.951412	6.553733
16.275670906729868	38.107742	6.1731467
16.293376131947387	2.551664	1.5973929
16.31108174877957	2.5592713	1.5997723
16.328787757675133	2.572345	1.6038532
16.34649415908287	2.5608983	1.6002806
16.364200953451657	2.5946755	1.6107997
16.38190814123048	2.606376	1.6144274
16.39961572286839	2.6412747	1.6251999
16.41732369881455	2.6560576	1.6297415
16.43503206951817	2.681876	1.6376435
16.45274083542859	2.738284	1.6547761
16.47044999699522	2.8084068	1.6758302
16.488159554667558	2.9026902	1.7037283
16.505869508895184	2.9530096	1.7184323
16.523579860127786	2.96198	1.7210404
16.541290608815117	2.9568279	1.719543
16.559001755407035	2.9877117	1.7284999
16.57671330035348	3.0507092	1.7466279
16.59442524410448	3.110069	1.7635388
16.61213758711015	3.1517196	1.7753083
16.629850329820705	3.2086186	1.7912618
16.647563472686436	3.293562	1.8148173
16.665277016157724	3.34773	1.8296803
16.682990960685053	3.3928845	1.8419784
16.70070530671898	3.4391694	1.8544998
16.718420054710155	3.473256	1.8636674
16.736135205109335	3.5344803	1.8800213
16.753850758367335	3.614737	1.9012462
16.771566714935087	3.6796525	1.918242
16.789283075263597	3.7261395	1.9303211
16.80699983980398	3.763931	1.9400853
16.82471700900741	3.8384557	1.9591978
16.84243458332518	3.9072511	1.9766768
16.860152563208665	3.9707506	1.9926742
16.87787094910932	4.0473766	2.0118093
16.89558974147871	4.160259	2.0396712
16.913308940768466	4.24434	2.0601795
16.931028547430333	4.3186765	2.0781426
16.94874856191613	4.352266	2.0862086
16.966468984677785	4.4367175	2.1063516
16.98418981616729	4.455057	2.1107006
17.00191105683676	4.4694986	2.1141188
17.019632707138374	4.4725013	2.1148288
17.03735476752442	4.5091453	2.1234748
17.05507723844728	4.567677	2.1372125
17.072800120359403	4.622638	2.150032
17.090523413713353	4.613966	2.1480145
17.108247118961785	4.582752	2.1407363
17.125971236557437	4.545969	2.1321278
17.143695766953133	4.5781693	2.1396656
17.161420710601806	4.6665235	2.1602137
17.179146067956477	4.6647396	2.1598008
17.19687183947025	4.641495	2.154413
17.21459802559634	4.6029253	2.145443
17.232324626788028	4.656836	2.1579704
17.25005164349871	4.738293	2.176762
17.267779076181863	4.737055	2.1764777
17.285506925291074	4.686453	2.1648216
17.30323519127999	4.651658	2.1567702
17.320963874602384	4.6141963	2.148068
17.33869297571211	4.5737233	2.1386266
17.356422495063114	4.5868516	2.1416936
17.37415243310944	4.612211	2.147606
17.391882790305218	4.587658	2.141882
17.40961356710468	4.5201745	2.1260703
17.42734476396215	4.51515	2.1248882
17.445076381332044	4.521077	2.1262825
17.462808419668868	4.563174	2.1361587
17.48054087942723	4.668031	2.1605628
17.498273761061835	4.9797225	2.2315292
17.51600706502747	5.5241466	2.3503504
17.533740791779024	6.307049	2.5113838
17.551474941771485	7.7848215	2.7901292
17.56920951545993	8.946092	2.9910018
17.586944513299528	11.090382	3.3302224
17.60467993574556	12.709829	3.5650847
17.622415783253373	14.387074	3.7930298
17.64015205627843	15.821448	3.9776185
17.657888755276293	16.756088	4.09342
17.675625880702604	17.144531	4.1405954
17.69336343301311	16.905533	4.111634
17.71110141266366	16.204233	4.0254483
17.728839820110178	15.392565	3.923336
17.746578655808705	14.63808	3.8259742
17.764317920215372	13.3308325	3.6511412
17.7820576137864	11.860514	3.4439096
17.79979773697811	9.756651	3.1235638
17.81753829024692	7.7463665	2.7832296
17.835279274049356	5.973495	2.4440734
17.85302068884201	4.881767	2.2094722
17.870762535081607	4.261386	2.0643125
17.888504813224934	3.9468105	1.9866581
17.90624752372891	3.7326787	1.9320141
17.923990667050536	3.6003242	1.897452
17.941734243646895	3.5088737	1.8731987
17.959478253975185	3.5317981	1.8793079
17.9772226984927	3.5306587	1.8790047
17.994967577656833	3.498453	1.8704152
18.01271289192506	3.4365191	1.853785
18.030458641754965	3.435448	1.8534962
18.04820482760425	3.4131622	1.8474746
18.06595144993067	3.3676667	1.8351203
18.083698509192125	3.302607	1.8173076
18.101446005846576	3.257617	1.8048869
18.119193940352105	3.254619	1.8040563
18.136942313166887	3.2441971	1.8011655
18.1546911247492	3.260343	1.805642
18.1724403755574	3.237158	1.7992104
18.19019006604997	3.2115061	1.7920675
18.207940196685467	3.1700444	1.7804619
18.225690767922575	3.1553638	1.7763344
18.243441780220046	3.1330955	1.7700552
18.261193234036764	3.1323354	1.7698405
18.278945129831676	3.1328142	1.7699758
18.29669746806386	3.1164446	1.7653455
18.314450249192483	3.09586	1.7595056
18.3322034736768	3.0714166	1.7525457
18.349957141976184	3.0734067	1.7531134
18.3677112545501	3.0467181	1.7454851
18.385465811858108	3.020433	1.7379392
18.403220814359884	3.021557	1.7382627
18.420976262515172	3.0570216	1.7484341
18.43873215678387	3.0679164	1.7515469
18.456488497625923	3.0706623	1.7523305
18.474245285501407	3.1470733	1.7739992
18.492002520870486	3.2461793	1.8017156
18.50976020419343	3.3560085	1.8319412
18.527518335930615	3.6543531	1.9116362
18.545276916542516	4.2050157	2.0506134
18.563035946489688	4.386661	2.0944357
18.580795426232832	4.8446417	2.2010546
18.598555356232698	4.7337737	2.1757238
18.616315736950185	5.0113454	2.2386034
18.63407656884626	4.656537	2.157901
18.65183785238201	4.8846507	2.2101245
18.669599588018617	4.670358	2.161101
18.68736177621737	4.6940684	2.16658
18.705124417439652	4.64429	2.1550615
18.72288751214696	4.449219	2.1093173
18.740651060800886	4.5728607	2.1384249
18.758415063863115	4.3139434	2.0770035
18.77617952179546	4.4549556	2.1106765
18.793944435059814	4.219488	2.0541394
18.811709804118184	4.2599382	2.0639617
18.829475629432675	4.2218766	2.0547206
18.8472419114655	4.027434	2.0068467
18.86500865067897	4.0762625	2.0189755
18.88277584753551	3.7532082	1.9373199
18.90054350249763	3.7653718	1.9404566
18.918311616027957	3.4733438	1.863691
18.936080188589226	3.353871	1.8313577
18.953849220644265	3.0344582	1.7419696
18.971618712656007	2.880278	1.6971382
18.9893886650875	2.8390892	1.6849597
19.007159078401887	8.000884	2.8285835
19.024929953062408	32.860447	5.7324033
19.042701289532435	32.825085	5.729318
19.060473088275405	25.408983	5.0407324
19.07824534975489	2.6670675	1.6331159
19.096018074434568	2.6162825	1.6174927
19.113791262778197	2.584778	1.6077245
19.13156491524966	2.591446	1.6097969
19.149339032312945	2.6121435	1.6162127
19.167113614432136	2.6131856	1.6165351
19.184888662071433	2.5732083	1.6041223
19.202664175695123	2.5381775	1.5931659
19.220440155767623	2.5327628	1.5914656
19.238216602753447	2.5560005	1.5987496
19.2559935171172	2.5758796	1.6049547
19.27377089932361	2.5674412	1.6023237
19.291548749837514	2.559429	1.5998216
19.309327069123835	2.5916338	1.6098552
19.32710585764763	2.5767174	1.6052157
19.344885115874032	2.5360944	1.592512
19.362664844268313	2.474248	1.5729742
19.380445043295822	2.5057807	1.5829659
19.39822571342203	2.499323	1.5809247
19.41600685511252	2.4870543	1.5770397
19.43378846883297	2.4654145	1.5701638
19.451570555049173	2.498371	1.5806236
19.469353114227037	2.5240793	1.5887351
19.48713614683254	2.488265	1.5774236
19.50491965333182	2.4365609	1.5609487
19.52270363419109	2.4552093	1.5669107
19.540488089876686	2.5032635	1.5821705
19.55827302085503	2.5313148	1.5910107
19.576058427592674	2.5027864	1.5820197
19.593844310556282	2.455099	1.5668756
19.611630670212598	2.46582	1.570293
19.629417507028506	2.500313	1.5812378
19.64720482147098	2.512833	1.5851918
19.6649926140071	2.4628503	1.5693471
19.682780885104084	2.4686468	1.5711927
19.70056963522921	2.495246	1.5796348
19.718358864849908	2.5184162	1.5869519
19.7361485744337	2.5236595	1.588603
19.753938764448215	2.5036952	1.582307
19.771729435361202	2.5045009	1.5825615
19.789520587640506	2.5165064	1.5863501
19.807312221754092	2.5152416	1.5859513
19.825104338170043	2.525713	1.5892491
19.842896937356517	2.5581634	1.5994259
19.860690019781824	2.6147542	1.6170201
19.87848358591436	2.630207	1.6217914
19.896277636222635	2.6135056	1.616634
19.914072171175278	2.5745387	1.6045369
19.931867191241015	2.5406914	1.5939547
19.94966269688869	2.5169578	1.5864923
19.967458688587264	2.5407386	1.5939695
19.985255166805807	2.498936	1.5808023
20.00305213201348	2.471656	1.5721501
20.020849584679578	2.4771872	1.5739082
20.038647525273507	2.4912446	1.5783677
20.05644595426477	2.4982374	1.5805813
20.07424487212299	2.4500182	1.5652534
20.092044279317903	2.4342272	1.560201
20.109844176319353	2.452633	1.5660884
20.127644563597304	2.4513443	1.5656769
20.145445441621817	2.4276147	1.5580804
20.16324681086307	2.3937037	1.5471599
20.181048671791373	2.3789163	1.5423735
20.198851024877122	2.3731744	1.5405111
20.216653870590836	2.3875442	1.545168
20.234457209403146	2.3974242	1.5483618
20.252261041784802	2.3800194	1.5427312
20.270065368206662	2.3551943	1.5346643
20.287870189139685	2.3674152	1.5386407
20.305675505054968	2.3820076	1.5433754
20.323481316423702	2.391234	1.5463616
20.341287623717207	2.3700757	1.539505
20.359094427406884	2.335632	1.5282775
20.376901727964288	2.3465364	1.5318408
20.39470952586107	2.3498833	1.5329329
20.41251782156899	2.3611288	1.5365965
20.430326615559935	2.3701384	1.5395254
20.448135908305886	2.3530352	1.5339606
20.465945700278965	2.3524897	1.5337828
20.483755991951384	2.33482	1.5280118
20.50156678379548	2.3623672	1.5369993
20.519378076283708	2.3715851	1.5399952
20.537189869888635	2.3859243	1.5446438
20.55500216508294	2.3671901	1.5385675
20.572814962339415	2.3458788	1.5316262
20.59062826213098	2.3431706	1.5307418
20.60844206493066	2.3582098	1.5356464
20.626256371211593	2.3712423	1.5398839
20.644071181447032	2.3902423	1.5460409
20.66188649611036	2.3776803	1.5419729
20.67970231567506	2.3654666	1.5380074
20.697518640614742	2.3705564	1.5396612
20.715335471403122	2.3411336	1.5300764
20.73315280851404	2.3589718	1.5358945
20.750970652421447	2.3520737	1.5336472
20.768789003599412	2.3436868	1.5309105
20.786607862522136	2.3580215	1.535585
20.8044272296639	2.3520095	1.5336263
20.82224710549913	2.3230991	1.5241716
20.84006749050237	2.2819498	1.5106124
20.857888385148268	3.8498342	1.9620994
20.8757097899116	45.945892	6.77834
20.893531705267254	64.826515	8.051492
20.911354131690224	83.81334	9.154963
20.92917706965566	69.101776	8.312748
20.94700051963877	50.16169	7.082492
20.96482448211493	29.400991	5.422268
20.982648957559622	4.0720415	2.01793
21.00047394644843	2.193471	1.4810371
21.01829944925707	2.1765828	1.4753246
21.036125466461375	2.206427	1.4854047
21.053951998537297	2.2192702	1.4897215
21.071779045960906	2.2221992	1.4907043
21.089606609208378	2.195297	1.4816535
21.10743468875603	2.2088692	1.4862266
21.12526328508028	2.257674	1.5025558
21.143092398657675	2.2574654	1.5024863
21.16092202996488	2.218393	1.4894271
21.17875217947867	2.1922095	1.4806112
21.19658284767596	2.2058177	1.4851996
21.21441403503377	2.218599	1.4894962
21.232245742029225	2.2384708	1.496152
21.2500779691396	2.2472823	1.4990938
21.26791071684227	2.217848	1.4892441
21.28574398561475	2.1793165	1.4762509
21.30357777593465	2.1939602	1.4812022
21.321412088279704	2.1559067	1.4683006
21.339246923127792	2.1465628	1.4651153
21.357082280956888	2.1548843	1.4679525
21.3749181622451	2.1769538	1.4754504
21.392754567470647	2.1463938	1.4650576
21.41059149711187	2.1301389	1.4594995
21.42842895164726	2.1164722	1.45481
21.446266931555378	2.1080704	1.4519196
21.464105437314945	2.1482034	1.4656751
21.481944469404798	2.1503742	1.4664154
21.49978402830388	2.1613107	1.4701396
21.51762411449127	2.1388047	1.4624653
21.53546472844617	2.1439145	1.4642112
21.553305870647876	2.0871692	1.4447038
21.571147541575865	2.053071	1.4328542
21.58898974170967	2.0696206	1.4386176
21.60683247152899	2.0881224	1.4450337
21.62467573151363	2.0869179	1.4446169
21.642519522143523	2.0466592	1.430615
21.660363843898722	2.0320592	1.4255031
21.6782086972594	1.9956894	1.4126887
21.696054082705864	1.994263	1.4121838
21.713900000718535	2.0212758	1.4217157
21.73174645177795	2.0608826	1.4355774
21.749593436364794	2.0577917	1.4345005
21.767440954959845	2.032958	1.4258183
21.785289008044032	2.0099394	1.4177233
21.803137596098388	2.0034964	1.4154491
21.820986719604086	2.0253012	1.4231308
21.838836379042412	2.0264482	1.4235337
21.85668657489478	2.0139189	1.4191262
21.87453730764273	2.0033855	1.41541
21.892388577767914	2.0072858	1.4167871
21.91024038575213	2.033596	1.4260421
21.928092732077285	2.0429099	1.429304
21.945945617225426	2.038914	1.4279054
21.963799041678694	2.0518808	1.4324387
21.981653005919398	31.384443	5.602182
21.999507510429943	78.16056	8.840846
22.01736255569286	73.09231	8.549404
22.035218142190818	4.1664867	2.0411973
22.05307427040661	2.0062697	1.4164284
22.07093094082315	1.9916754	1.4112673
22.088788153923474	1.9753684	1.405478
22.106645910190746	2.002021	1.414928
22.12450421010827	2.0047576	1.4158946
22.142363054159464	2.0008063	1.4144986
22.16022244282787	1.967078	1.4025255
22.178082376597164	1.960617	1.4002203
22.195942855951145	1.9456618	1.3948698
22.213803881373742	1.953432	1.3976523
22.231665453349002	1.9783226	1.4065286
22.24952757236111	1.9771001	1.406094
22.26739023889438	2.00965	1.4176213
22.28525345343323	1.996844	1.4130974
22.30311721646225	1.9805989	1.4073375
22.320981528466113	1.9753456	1.4054699
22.33884638992964	2.0073526	1.4168108
22.356711801337788	2.0374157	1.4273807
22.37457776317561	2.0487607	1.4313493
22.392444275928337	2.0135443	1.4189941
22.410311340081282	1.963364	1.4012009
22.428178956119904	1.9443884	1.3944132
22.446047124529805	1.9702725	1.403664
22.46391584579669	1.9537535	1.3977673
22.481785120406414	1.9320337	1.3899761
22.49965494884496	1.8966414	1.3771861
22.51752533159841	1.8828417	1.3721668
22.53539626915302	1.8942376	1.3763131
22.553267761995137	1.8958708	1.3769063
22.571139810611264	1.9100455	1.382044
22.589012415488025	1.9123061	1.3828615
22.60688557711216	1.9369593	1.3917469
22.624759295970566	1.9716679	1.404161
22.642633572550263	2.005617	1.416198
22.660508407338362	1.9739811	1.4049844
22.67838380082217	1.9761567	1.4057584
22.696259753489077	1.9530704	1.3975229
22.714136265826614	1.935866	1.391354
22.73201333832246	1.915444	1.3839957
22.74989097146439	1.9095198	1.3818537
22.76776916574035	1.9144843	1.3836489
22.785647921638393	1.9176875	1.3848059
22.803527239646712	1.9307071	1.3894988
22.82140712025363	1.9225006	1.3865427
22.839287563947593	1.9384179	1.3922708
22.85716857121719	1.9166404	1.3844278
22.875050142551135	1.918137	1.3849682
22.892932278438277	1.9113106	1.3825016
22.910814979367604	1.9265479	1.3880014
22.928698245828222	1.9607713	1.4002755
22.946582078309387	1.9637948	1.4013547
22.96446647730047	1.9680378	1.4028677
22.98235144329098	1.9397757	1.3927583
23.000236976770562	1.9289546	1.3888681
23.018123078229	1.9282066	1.3885988
23.03600974815619	1.9307909	1.389529
23.053896987042194	1.9093411	1.3817891
23.071784795377173	1.9266132	1.3880249
23.08967317365145	1.9291263	1.3889298
23.10756212235546	1.9715285	1.4041113
23.125451641979787	1.9508477	1.3967276
23.143341733015134	1.9218518	1.3863087
23.161232395952357	1.9198048	1.3855702
23.179123631282426	1.972186	1.4043454
23.197015439496468	1.9998102	1.4141464
23.214907821085717	1.9764378	1.4058584
23.23280077654157	1.9534663	1.3976645
23.250694306355538	1.9693309	1.4033285
23.268588411019277	1.9633728	1.4012041
23.28648309102458	1.9424772	1.3937278
23.304378346863356	1.9198142	1.3855736
23.322274179027676	1.9192234	1.3853604
23.340170588009723	1.9178969	1.3848815
23.358067574301852	1.8868085	1.3736115
23.37596513839651	1.8762747	1.3697717
23.39386328078629	1.8893653	1.3745419
23.411762001963947	1.9109623	1.3823756
23.429661302422353	1.9142983	1.3835816
23.4475611826545	1.9215003	1.386182
23.46546164315356	1.899225	1.3781238
23.48336268441279	1.9378325	1.3920605
23.501264306925638	1.9404868	1.3930136
23.51916651118564	1.9507085	1.3966776
23.537069297686497	1.925999	1.3878037
23.554972666922037	1.9310815	1.3896337
23.57287661938623	1.9351761	1.3911061
23.59078115557318	1.9230037	1.3867241
23.608686275977128	1.9838303	1.4084852
23.62659198109246	2.001756	1.4148343
23.6444982714137	1.998784	1.4137836
23.66240514743549	1.9739789	1.4049836
23.68031260965263	1.942916	1.3938853
23.698220658560068	1.8896875	1.3746591
23.716129294652845	1.8937349	1.3761305
23.7340385184262	1.9171176	1.3846002
23.75194833037546	1.9340199	1.3906904
23.769858730996123	1.9159747	1.3841873
23.78776972078382	1.9100479	1.3820448
23.80568130023431	1.8920727	1.3755263
23.823593469843495	1.8870772	1.3737093
23.841506230107424	1.8987473	1.3779504
23.859419581522275	1.9338872	1.3906428
23.87733352458438	1.966379	1.4022764
23.89524805979019	1.9665762	1.4023467
23.913163187636318	1.9372889	1.3918653
23.931078908619508	1.8986361	1.37791
23.948995223236633	1.9099633	1.3820142
23.966912131984735	1.9407527	1.393109
23.98482963536096	1.9911544	1.4110827
24.002747733862616	2.0350928	1.4265668
24.020666427987155	2.0877283	1.4448973
24.038585718232156	2.084306	1.4437126
24.056505605095353	2.0457606	1.4303008
24.074426089074617	2.0600004	1.4352702
24.092347170667946	2.0506787	1.4320191
24.110268850373515	2.0540702	1.4332027
24.128191128689586	2.0638402	1.4366071
24.146114006114626	2.0319023	1.4254481
24.164037483147187	2.016102	1.419895
24.181961560286005	1.9695685	1.4034132
24.199886238029926	1.9601412	1.4000504
24.21781151687797	2.0326877	1.4257236
24.235737397329274	2.106276	1.4513015
24.253663879883135	2.0938756	1.447023
24.271590965038975	2.0313075	1.4252394
24.289518653296376	2.0068524	1.4166342
24.30744694515505	2.0247245	1.4229281
24.32537584111486	2.0332663	1.4259264
24.34330534167581	2.0856707	1.4441851
24.361235447338046	2.0930793	1.4467479
24.379166158601876	2.0952826	1.447509
24.39709747596772	2.0302653	1.4248738
24.41502939993615	2.0334458	1.4259894
24.432961931007917	1.9973	1.4132587
24.450895069683856	2.0053382	1.4160997
24.468828816465	1.9731791	1.404699
24.4867631718525	1.9791288	1.4068152
24.504698136347656	2.021151	1.4216719
24.52263371045192	2.0098367	1.417687
24.540569894666874	1.9796447	1.4069985
24.558506689494266	1.9290025	1.3888854
24.57644409543597	1.9228748	1.3866776
24.594382112994012	1.9642256	1.4015083
24.61232074267057	1.9975117	1.4133335
24.630259984967953	1.9593092	1.3997532
24.64819984038863	1.9241647	1.3871427
24.66614030943522	1.8828986	1.3721875
24.684081392610462	1.8989234	1.3780143
24.702023090417274	1.9405087	1.3930215
24.7199654033587	1.9630668	1.4010949
24.737908331937927	1.9714859	1.4040961
24.755851876658305	1.9850451	1.4089162
24.773796038023324	1.977784	1.4063371
24.79174081653661	2.0065882	1.416541
24.809686212701962	2.036901	1.4272004
24.827632227023294	2.0574589	1.4343845
24.8455788600047	2.0533857	1.432964
24.8635261121504	2.0727847	1.4397168
24.88147398396475	2.0890505	1.4453548
24.899422475952303	2.1118896	1.4532342
24.917371588617698	2.069838	1.4386932
24.935321322465768	2.083011	1.443264
24.953271678001478	2.2004256	1.4833832
24.97122265572994	2.4768233	1.5737927
24.989174256156414	2.8055668	1.6749827
25.00712647978632	3.2622845	1.8061795
25.02507932712521	3.8106859	1.9520978
25.043032798678798	4.3663692	2.089586
25.060986894952933	5.0187206	2.24025
25.078941616453637	5.7727695	2.402659
25.096896963687055	6.6361375	2.57607
25.114852937159508	7.7515035	2.7841523
25.132809537377444	8.246009	2.8715866
25.150766764847468	8.30628	2.8820617
25.168724620076347	7.7746577	2.7883074
25.186683103570985	6.742476	2.5966277
25.204642215838426	5.535224	2.3527057
25.222601957385894	4.1382375	2.0342658
25.24056232872074	3.1935554	1.7870522
25.25852333035048	2.655543	1.6295837
25.276484962782778	2.3124692	1.5206805
25.294447226525435	2.1323376	1.4602525
25.312410122086423	2.0555615	1.433723
25.330373649973843	1.96192	1.4006855
25.348337810695988	1.9985996	1.4137183
25.366302604761245	1.9718579	1.4042286
25.384268032678207	1.9573637	1.3990581
25.40223409495558	1.8998091	1.3783356
25.420200792102257	1.8665731	1.3662258
25.438168124627246	1.8412141	1.3569134
25.45613609303974	1.8717743	1.3681281
25.474104697849057	1.9424626	1.3937225
25.492073939564698	1.9543886	1.3979945
25.510043818696285	1.9186755	1.3851626
25.528014335753614	1.8896936	1.3746613
25.54598549124664	1.8801553	1.3711876
25.56395728568544	1.8685042	1.3669324
25.58192971958028	1.8550675	1.3620086
25.59990279344156	1.8711225	1.3678898
25.617876507779833	1.8706404	1.3677136
25.635850863105826	1.8356506	1.3548619
25.653825859930386	1.8144798	1.3470263
25.671801498764548	1.8126608	1.3463509
25.68977778011949	1.8787438	1.3706727
25.707754704506524	1.9227939	1.3866484
25.725732272437153	1.9162024	1.3842696
25.743710484423012	1.8817704	1.3717763
25.761689340975888	1.8655009	1.3658334
25.77966884260774	1.8955114	1.3767757
25.797648989830662	1.9224524	1.3865253
25.815629783156922	1.9035734	1.3797004
25.83361122309895	1.8466519	1.3589157
25.85159331016929	1.7919563	1.3386397
25.869576044880695	1.7749423	1.3322695
25.887559427746034	1.7975357	1.3407221
25.90554345927836	1.8116548	1.3459773
25.92352813999086	1.8155938	1.3474398
25.94151347039689	1.8033476	1.3428878
25.959499451009965	1.7741883	1.3319865
25.97748608234374	1.8089362	1.344967
25.995473364912062	1.8047814	1.3434216
26.013461299228904	1.8149599	1.3472044
26.03144988580839	1.8157599	1.3475014
26.04943912516483	1.8149304	1.3471936
26.067429017812675	1.8238873	1.3505137
26.085419564266537	1.7696966	1.3302995
26.103410765041186	1.7580495	1.3259146
26.12140262065155	1.7702304	1.3305
26.139395131612723	1.8056991	1.343763
26.157388298439948	1.8189571	1.3486872
26.17538212164861	1.8264898	1.3514769
26.193376601754295	1.8386117	1.3559542
26.211371739272714	1.8519346	1.360858
26.229367534719746	1.8152364	1.3473071
26.247363988611433	1.7877675	1.3370743
26.26536110146397	1.8021106	1.3424271
26.283358873793727	1.8015021	1.3422005
26.301357306117204	1.811886	1.3460631
26.319356398951104	1.847272	1.3591439
26.33735615281224	1.8878275	1.3739823
26.35535656821762	1.8580852	1.363116
26.373357645684404	1.8174071	1.3481125
26.39135938572991	1.8025919	1.3426064
26.409361788871614	1.8099258	1.3453348
26.427364855627165	1.8185112	1.3485218
26.445368586514352	1.8003093	1.3417561
26.46337298205115	1.7835778	1.3355066
26.48137804275568	1.8258241	1.3512306
26.499383769146217	1.8812964	1.3716036
26.517390161741215	1.8255589	1.3511324
26.53539722105928	1.7563136	1.3252598
26.553404947619182	1.7979282	1.3408685
26.571413341939856	1.854494	1.361798
26.589422404540397	1.8698108	1.3674103
26.60743213594006	1.8247622	1.3508376
26.62544253665827	1.8370491	1.3553779
26.64345360721459	1.8431486	1.3576261
26.66146534812879	1.8195837	1.3489194
26.679477759920758	1.7935516	1.3392354
26.69749084311057	1.8011882	1.3420836
26.71550459821847	1.7997464	1.3415463
26.733519025764842	1.7376935	1.3182161
26.751534126270258	1.716878	1.3102969
26.769549900255434	1.7522434	1.3237233
26.787566348241267	1.7767854	1.3329611
26.80558347074881	1.7782865	1.3335241
26.823601268299267	1.7940034	1.3394041
26.841619741414036	1.8385435	1.355929
26.85963889061465	1.8372473	1.355451
26.877658716422832	1.8306632	1.3530201
26.89567921936045	1.811487	1.345915
26.913700399949544	1.7725309	1.3313643
26.93172225871233	1.7979453	1.3408748
26.949744796171174	1.8066084	1.3441013
26.967768012848605	1.8333207	1.3540018
26.98579190926733	1.8509656	1.360502
27.003816485950225	1.8735244	1.3687675
27.021841743420318	1.878692	1.3706539
27.039867682200814	1.8627682	1.3648326
27.057894302815072	1.8710788	1.3678738
27.07592160578664	1.8991606	1.3781004
27.0939495916392	1.9051839	1.380284
27.111978260896635	1.8696854	1.3673644
27.13000761408296	1.8403244	1.3565856
27.148037651722397	1.8298683	1.3527262
27.166068374339304	1.8230156	1.350191
27.184099782458215	1.8031213	1.3428035
27.20213187660384	1.776752	1.3329486
27.22016465730105	1.7928804	1.3389848
27.23819812507487	1.7944279	1.3395625
27.256232280450533	1.8300663	1.3527994
27.274267123953383	1.8585753	1.3632958
27.292302656108987	1.8727875	1.3684982
27.31033887744306	1.8238745	1.3505089
27.32837578848146	1.8415613	1.3570414
27.34641338975026	1.8037944	1.3430542
27.364451681775673	1.81941	1.348855
27.382490665084074	1.7727576	1.3314495
27.400530340202046	1.8292183	1.352486
27.41857070765629	1.8330939	1.353918
27.436611767973726	1.8491687	1.3598415
27.454653521681404	1.8123857	1.3462487
27.472695969306564	1.8079528	1.3446014
27.490739111376627	1.7947134	1.3396691
27.508782948419153	1.798945	1.3412476
27.526827480961902	1.8031099	1.3427993
27.54487270953279	1.806382	1.3440171
27.562918634659898	1.8074933	1.3444304
27.580965256871508	1.813345	1.346605
27.599012576696026	1.8237072	1.350447
27.617060594662068	1.8188392	1.3486434
27.63510931129842	1.8210636	1.3494679
27.65315872713401	1.8626064	1.3647734
27.67120884269797	1.8508754	1.3604689
27.68925965851958	1.8723596	1.3683419
27.707311175128307	1.870709	1.3677386
27.725363393053787	1.8909074	1.3751026
27.74341631282583	1.8845166	1.372777
27.7614699349744	1.8922544	1.3755924
27.77952426002968	2.038944	1.4279159
27.797579288521973	2.1266937	1.4583188
27.815635020981784	2.6506872	1.6280931
27.83369145793979	2.7033868	1.644198
27.85174859992682	2.5435288	1.5948445
27.869806447473923	2.3813174	1.5431517
27.887865001112267	2.0866625	1.4445285
27.905924261373233	1.9559836	1.3985648
27.92398422878836	1.9246817	1.387329
27.94204490388936	1.8838568	1.3725367
27.96010628720813	1.8499922	1.3601441
27.978168379276728	1.8685282	1.3669412
27.9962311806274	1.8800539	1.3711506
28.014294691792568	1.8773106	1.3701499
28.0323589133048	1.871717	1.3681071
28.050423845696887	1.8576124	1.3629426
28.068489489501758	1.8565663	1.3625587
28.086555845252523	1.8455433	1.3585078
28.104622913482487	1.8803946	1.3712748
28.122690694725115	1.9052267	1.3802994
28.14075918951405	1.9285113	1.3887085
28.15882839838312	1.9073671	1.3810747
28.176898321866304	1.9242705	1.3871808
28.1949689604978	1.9380473	1.3921376
28.213040314811945	1.9154303	1.3839908
28.23111238534327	1.9345548	1.3908827
28.249185172626493	1.9408294	1.3931365
28.267258677196473	1.9132328	1.3831966
28.285332899588294	1.9127196	1.3830111
28.303407840337172	1.9767536	1.4059707
28.321483499978545	2.0209997	1.4216187
28.33955987904799	2.0058906	1.4162947
28.357636978081285	1.9866614	1.4094898
28.37571479761439	2.00498	1.4159732
28.393793338183425	1.9648371	1.4017265
28.41187260032469	1.9095813	1.381876
28.429952584574686	1.9050305	1.3802284
28.448033291470065	1.9548473	1.3981586
28.46611472154769	2.0100734	1.4177706
28.484196875344566	2.0008862	1.4145268
28.502279753397914	2.0136416	1.4190284
28.52036335624511	2.0128157	1.4187374
28.538447684423716	1.9655735	1.4019891
28.556532738471482	1.9776093	1.4062749
28.574618518926325	2.0346186	1.4264005
28.59270502632635	2.0030086	1.4152769
28.61079226120985	1.99045	1.4108331
28.628880224115274	1.9825824	1.4080421
28.646968915581287	1.9861126	1.4092951
28.66505833614671	2.0131478	1.4188544
28.68314848635055	2.0571022	1.4342601
28.701239366732004	2.0694032	1.438542
28.71933097783044	2.028972	1.4244199
28.737423320185403	2.0338228	1.4261216
28.75551639433665	2.0952735	1.447506
28.773610200824074	2.1290867	1.459139
28.791704740187793	2.1246972	1.4576341
28.80980001296809	2.1271539	1.4584765
28.827896019705413	2.168184	1.4724755
28.845992760940433	2.158693	1.4692491
28.86409023721397	2.1694832	1.4729166
28.88218844906704	2.1430862	1.4639283
28.900287397040845	2.156756	1.4685898
28.918387081676755	2.2433517	1.4977822
28.936487503516343	2.3051853	1.5182837
28.954588663101365	2.3054502	1.5183709
28.97269056097374	2.2804477	1.5101151
28.990793197675597	2.2947853	1.5148549
29.00889657374923	2.290539	1.5134526
29.027000689737125	2.3514953	1.5334586
29.04510554618196	2.429835	1.5587928
29.06321114362659	2.468625	1.5711858
29.08131748261405	2.444098	1.5633612
29.099424563687567	2.4619617	1.569064
29.11753238739057	2.5210547	1.587783
29.13564095426663	2.5848749	1.6077546
29.15375026485954	2.588257	1.6088061
29.171860319713275	2.5723412	1.603852
29.18997111937199	2.630131	1.6217679
29.20808266438002	2.7316647	1.6527748
29.226194955281898	2.7035794	1.6442565
29.244307992622335	2.7226791	1.6500543
29.26242177694624	2.8048768	1.6747767
29.2805363087987	2.867976	1.6935099
29.29865158872498	2.8202088	1.6793478
29.316767617270557	2.8441455	1.6864594
29.334884394981064	2.9371872	1.7138224
29.353001922402367	2.942015	1.7152302
29.37112020008047	2.9731762	1.72429
29.389239228561596	3.0732143	1.7530586
29.407359008392152	3.283405	1.8120168
29.42547954011872	3.627252	1.9045346
29.44360082428809	4.341413	2.0836058
29.46172286144722	5.45186	2.3349218
29.479845652143283	7.053116	2.6557703
29.497969196923606	9.261571	3.043283
29.516093496335728	11.846737	3.4419088
29.5342185509274	14.61327	3.8227308
29.55234436124651	16.763758	4.094357
29.570470927841175	17.93924	4.235474
29.588598251259686	17.447592	4.1770315
29.60672633205055	16.09411	4.0117464
29.624855170762405	13.945663	3.7343893
29.642984767944146	11.243742	3.353169
29.66111512414481	8.513327	2.9177606
29.67924623991366	6.3233786	2.514633
29.697378115800138	4.8865314	2.21055
29.71551075235387	4.1302195	2.032294
29.733644150124675	3.7873323	1.9461069
29.751778309662576	3.5472481	1.8834139
29.769913231517766	3.3807867	1.8386916
29.78804891624066	3.3421328	1.8281502
29.806185364381818	3.3023813	1.8172455
29.82432257649206	3.3005128	1.8167313
29.842460553122333	3.3180528	1.8215523
29.86059929482382	3.3755944	1.8372791
29.878738802147872	3.450727	1.8576132
29.896879075646048	3.3722851	1.8363782
29.915020115870114	3.3180835	1.8215607
29.933161923371976	3.2922986	1.8144692
29.951304498703777	3.2500515	1.8027899
29.969447842417857	3.1845264	1.7845242
29.987591955066733	3.197097	1.7880428
30.005736837203123	3.244978	1.8013822
30.023882489379943	3.2301192	1.7972533
30.04202891215028	3.210737	1.791853
30.060176106067455	3.1547346	1.7761573
30.078324071684946	3.127413	1.7684493
30.09647280955646	3.0995972	1.7605673
30.114622320235863	3.130834	1.7694163
30.132772604277257	3.109573	1.763398
30.1509236622349	3.129295	1.7689813
30.16907549466328	3.0887175	1.7574748
30.18722810211705	3.024195	1.7390213
30.205381485151097	3.029603	1.7405754
30.22353564432045	3.0912426	1.758193
30.241690580180403	3.0940897	1.7590024
30.25984629328638	3.0665622	1.7511603
30.278002784194037	3.0253315	1.739348
30.296160053459246	2.9708729	1.723622
30.314318101638033	2.9240773	1.7099934
30.332476929286646	2.925598	1.7104379
30.35063653696153	2.880532	1.697213
30.368796925219307	2.9010189	1.7032378
30.386958094616844	2.929467	1.7115686
30.40512004571115	2.921201	1.7091521
30.423282779059463	2.8866796	1.6990231
30.441446295219233	2.8647795	1.6925659
30.459610594748067	2.8496258	1.6880835
30.47777567820382	2.855279	1.6897571
30.495941546144504	2.8420143	1.6858275
30.51410819912835	2.7376702	1.6545906
30.532275637713795	2.7415893	1.6557746
30.55044386245946	2.7913082	1.6707208
30.56861287392416	2.7751336	1.6658732
30.586782672666956	2.8339343	1.6834294
30.604953259247047	2.8129232	1.6771772
30.623124634223885	2.7866178	1.6693165
30.641296798157075	2.7888587	1.6699877
30.659469751606462	2.738559	1.6548592
30.677643495132074	2.7524529	1.6590518
30.695818029294152	2.754183	1.6595732
30.713993354653116	2.6746116	1.635424
30.73216947176962	2.5753014	1.6047746
30.75034638120448	2.5573142	1.5991604
30.768524083518756	2.6380737	1.6242148
30.786702579273673	2.7583485	1.6608276
30.80488186903069	2.7895088	1.6701822
30.82306195335144	2.9271154	1.7108815
30.841242832797782	3.1546688	1.7761388
30.85942450793176	3.4335048	1.8529719
30.877606979315637	3.7778757	1.9436758
30.895790247511883	4.1278324	2.0317068
30.913974313083134	4.5179076	2.125537
30.932159176592283	4.895916	2.2126718
30.95034483860237	4.951232	2.2251363
30.968531299676698	4.674218	2.161994
30.98671856037873	4.263324	2.0647817
31.00490662127215	3.9258416	1.9813737
31.023095482920848	3.454035	1.8585035
31.04128514588892	3.029633	1.7405841
31.059475610740662	2.6926455	1.6409283
31.07766687804056	2.6018236	1.613017
31.09585894835335	2.571273	1.603519
31.11405182224393	2.5550988	1.5984676
31.132245500277417	2.6135187	1.6166381
31.15043998301914	2.5535288	1.5979764
31.168635271034628	2.4698522	1.5715764
31.18683136488964	2.449331	1.5650339
31.20502826515008	2.4396467	1.5619369
31.223225972382135	2.3832932	1.5437918
31.241424487152155	2.3641453	1.5375777
31.259623810026692	2.383701	1.543924
31.27782394157253	2.387322	1.545096
31.296024882356644	2.4015744	1.5497013
31.314226632946237	2.3839955	1.5440192
31.332429193908684	2.3696847	1.539378
31.350632565811598	2.4145591	1.5538852
31.368836749222787	2.419204	1.555379
31.387041744710295	2.4595559	1.5682971
31.40524755284232	2.5878792	1.6086887
31.423454174187317	2.5986774	1.6120414
31.441661609313922	2.5438178	1.594935
31.459869858791002	2.5295098	1.5904433
31.478078923187628	2.5216725	1.5879775
31.496288803073064	2.4416971	1.5625931
31.514499499016807	2.3508472	1.5332472
31.532711011588546	2.3077264	1.5191202
31.550923341358178	2.3673797	1.5386292
31.56913648889584	2.3079784	1.5192032
31.587350454771844	2.2116818	1.4871725
31.605565239556732	2.2368522	1.495611
31.62378084382127	2.2493575	1.4997858
31.641997268136382	2.261069	1.5036851
31.660214513073274	2.2716515	1.5071999
31.67843257920331	2.2701058	1.506687
31.6966514670981	2.2376194	1.4958675
31.71487117732944	2.2602496	1.5034126
31.733091710469346	2.350486	1.5331295
31.751313067090052	2.4132555	1.5534656
31.769535247764008	2.409206	1.5521617
31.787758253063878	2.3774986	1.541914
31.805982083562526	2.3422868	1.5304531
31.824206739833024	2.2670238	1.5056639
31.84243222244869	2.2400556	1.4966816
31.860658531983013	2.300568	1.5167624
31.878885669009737	2.3115518	1.5203788
31.897113634102784	2.3271	1.5254835
31.91534242783632	2.3761344	1.5414715
31.933572050784694	2.395158	1.5476298
31.951802503522508	2.356038	1.5349392
31.970033786624548	2.319574	1.5230148
31.988265900665834	2.2716777	1.5072086
32.006498846221575	2.1967282	1.4821364
32.02473262386724	2.2139418	1.4879321
32.04296723417845	2.2229192	1.4909457
32.0612026777311	2.1888835	1.4794875
32.07943895510129	2.1863801	1.4786413
32.097676066865304	2.2286658	1.4928716
32.115914013599685	2.277808	1.5092409
32.13415279588115	2.2613907	1.503792
32.152392414286666	2.1930785	1.4809046
32.1706328693934	2.1464434	1.4650745
32.18887416177875	2.1590786	1.4693804
32.20711629202032	2.166492	1.4719008
32.225359260695924	2.1078734	1.4518517
32.243603068383614	2.1348693	1.4611192
32.26184771566166	2.222401	1.4907719
32.28009320310852	2.1405792	1.4630718
32.2983395313029	2.1119504	1.453255
32.31658670082372	2.142785	1.4638255
32.33483471225012	2.1740434	1.4744638
32.35308356616143	2.0771885	1.4412454
32.371333263137245	1.9964832	1.4129696
32.38958380375734	2.0336926	1.4260759
32.407835188601744	2.1107438	1.4528399
32.42608741825067	2.061389	1.4357538
32.444340493284585	2.0061958	1.4164025
32.46259441428416	2.0323763	1.4256144
32.48084918183028	2.008846	1.4173377
32.49910479650405	2.0752203	1.4405625
32.51736125888683	2.20449	1.4847525
32.53561856956014	2.2643528	1.5047767
32.5538767291058	2.2003102	1.4833443
32.572135738105764	2.0472994	1.4308387
32.59039559714228	1.9379979	1.3921199
32.608656306797776	1.9748299	1.4052864
32.62691786765491	1.9895496	1.410514
32.645180280296586	1.9604884	1.4001744
32.663443545305896	1.9622953	1.4008195
32.68170766326619	1.9525355	1.3973316
32.69997263476099	2.0101132	1.4177846
32.7182384603741	2.0645764	1.4368634
32.7365051406895	2.0603745	1.4354005
32.75477267629144	1.9956812	1.4126858
32.77304106776434	1.9007543	1.3786784
32.79131031569289	1.9279584	1.3885094
32.809580420661966	1.9634234	1.4012221
32.827851383256714	2.0377176	1.4274864
32.84612320406245	2.0449119	1.4300041
32.86439588366476	2.0996964	1.4490329
32.88266942264945	2.0624416	1.4361203
32.9009438216025	1.9649261	1.4017582
32.9192190811102	1.9116199	1.3826134
32.937495201758985	1.9732975	1.404741
32.95577218413556	2.0308769	1.4250884
32.974050028826866	1.9708737	1.4038781
32.992328736420035	1.9461964	1.3950615
33.010608307502444	1.965418	1.4019337
33.02888874266169	1.9962058	1.4128715
33.047170042485604	1.9232259	1.3868042
33.06545220756225	1.8423414	1.3573288
33.083735238479896	1.8637788	1.3652029
33.10201913582707	1.8749832	1.3693002
33.12030390019248	1.8527236	1.3611479
33.138589532165135	1.889876	1.3747276
33.15687603233419	2.0118828	1.4184085
33.17516340128909	2.0289671	1.4244182
33.19345163961947	1.9248245	1.3873805
33.211740747915215	1.9352801	1.3911434
33.23003072676643	2.0340788	1.4262114
33.248321576763466	2.005242	1.4160657
33.266613298496885	1.973259	1.4047273
33.28490589255747	1.8654796	1.3658257
33.30319935953626	1.9010893	1.3787999
33.32149370002451	1.9553823	1.3983499
33.339788914613706	1.9089674	1.3816539
33.358085003895575	1.8919423	1.3754789
33.376381968462034	1.8038846	1.3430877
33.39467980890529	1.7930648	1.3390538
33.41297852581774	1.8265382	1.3514948
33.43127811979204	1.9310952	1.3896385
33.44957859142105	1.9566926	1.3988183
33.467879941297866	2.0326486	1.4257098
33.486182170015844	2.0894053	1.4454775
33.50448527816853	2.1324146	1.460279
33.522789266349754	2.039401	1.428076
33.541094135153514	1.9229045	1.3866884
33.55939988517411	1.8097042	1.3452525
33.57770651700602	1.7776172	1.3332732
33.59601403124398	1.9051807	1.3802829
33.61432242848296	2.008602	1.4172516
33.632631709318154	1.9662768	1.4022399
33.650941874344994	1.8413278	1.3569553
33.66925292415916	1.9355327	1.3912343
33.68756485935654	2.0052426	1.4160659
33.70587768053328	1.9635626	1.4012718
33.724191388285746	1.9087924	1.3815905
33.74250598321054	1.8629677	1.3649057
33.760821465904506	1.9326024	1.3901807
33.77913783696474	1.9600224	1.400008
33.79745509698852	1.8764135	1.3698224
33.815773246573414	1.9192073	1.3853546
33.8340922863172	2.1248238	1.4576775
33.852412216817896	2.1968458	1.4821761
33.87073303867377	2.1283739	1.4588947
33.889054752483304	2.0438137	1.4296201
33.907377358845245	2.0406282	1.4285055
33.92570085835853	1.9098411	1.38197
33.94402525162239	1.9436355	1.3941432
33.96235053923627	1.9801095	1.4071636
33.980676721799824	1.9986755	1.4137452
33.999003799912984	1.8811425	1.3715475
34.01733177417592	1.933011	1.3903277
34.03566064518901	1.9133132	1.3832257
34.0539904135529	1.8552808	1.3620869
34.07232107986846	1.8636543	1.3651572
34.090652644736785	1.9939173	1.4120613
34.108985108759235	1.9880303	1.4099753
34.12731847253742	1.8806412	1.3713647
34.14565273667313	1.8490148	1.3597848
34.16398790176847	1.9784282	1.4065661
34.18232396842574	2.0640132	1.4366674
34.20066093724749	2.0233464	1.4224439
34.21899880883651	1.849476	1.3599544
34.23733758379583	1.9574766	1.3990985
34.25567726272874	2.0492678	1.4315264
34.27401784623872	2.0396645	1.4281682
34.29235933492957	1.9872427	1.409696
34.31070172940526	1.967077	1.4025252
34.32904503027003	2.113787	1.4538869
34.347389238128386	2.1356018	1.4613699
34.36573435358502	2.00156	1.414765
34.38408037724492	1.9526236	1.3973631
34.402427309713296	2.0513759	1.4322625
34.42077515159559	2.0869653	1.4446332
34.43912390349752	1.987486	1.4097823
34.45747356602499	1.9269766	1.3881558
34.47582413978423	1.9396995	1.392731
34.49417562538163	1.9105	1.3822083
34.51252802342388	1.8651786	1.3657154
34.53088133451789	1.8686308	1.3669786
34.54923555927084	1.9476053	1.3955662
34.567590698290104	1.9450138	1.3946375
34.58594675218336	1.8789312	1.3707411
34.6043037215585	1.9793591	1.406897
34.62266160702365	2.1199744	1.4560132
34.641020409187234	2.0473678	1.4308627
34.65938012865785	1.9259912	1.3878008
34.677740766044394	1.8681982	1.3668205
34.69610232195598	1.824865	1.3508756
34.714464797002016	1.7846469	1.3359067
34.73282819179208	1.8295476	1.3526077
34.751192506936064	1.8201798	1.3491404
34.76955774304408	1.6879076	1.2991949
34.7879239007265	1.7808139	1.3344715
34.80629098059391	1.892409	1.3756486
34.824658983257194	2.022027	1.4219799
34.843027909327446	2.1208975	1.4563302
34.86139775941603	2.1668065	1.4720076
34.879768534134534	2.107611	1.4517614
34.89814023409483	2.0019255	1.4148941
34.91651285990901	1.9953525	1.4125695
34.93488641218944	2.0583951	1.4347109
34.95326089154871	2.276987	1.5089688
34.97163629859967	2.2055533	1.4851105
34.99001263395542	1.9429407	1.3938941
35.00838989822934	1.903027	1.3795024
35.02676809203499	1.9460622	1.3950133
35.04514721598624	2.1191993	1.455747
35.063527270697215	2.0547864	1.4334526
35.081908256782256	1.8522751	1.3609831
35.10029017485597	1.7443074	1.3207223
35.11867302553321	1.8951086	1.3766295
35.137056809429104	2.0186322	1.4207858
35.155441527159006	1.9831737	1.408252
35.173827179338524	2.0540874	1.4332088
35.19221376658354	1.9883345	1.4100832
35.21060128951017	1.7472643	1.3218412
35.2289897487348	1.6750097	1.2942216
35.24737914487405	1.6520597	1.2853247
35.26576947854479	1.6737864	1.293749
35.28416075036418	1.9102291	1.3821104
35.30255296094958	1.8712698	1.3679436
35.32094611091867	1.7337343	1.3167135
35.33934020088932	1.857004	1.3627194
35.35773523147969	2.0698037	1.4386812
35.3761312033082	2.0252259	1.4231043
35.394528116993506	1.658824	1.2879534
35.41292597315452	1.5048773	1.2267344
35.431324772410434	1.7512151	1.3233348
35.449724515380666	1.700316	1.3039616
35.46812520268491	1.7869139	1.336755
35.486526834943106	2.282655	1.5108458
35.504929412775454	2.3186247	1.522703
35.52333293680242	2.0544107	1.4333216
35.54173740764471	2.2014103	1.483715
35.560142825923286	2.095258	1.4475006
35.5785491922594	1.7714938	1.3309747
35.59695650727454	1.2304492	1.1092561
35.61536477159042	1.1671087	1.080328
