0.008763373481513119	0.61777776	0.7859884
0.026290120649546365	0.373186	0.6108895
0.043816868432600686	0.21454643	0.46319157
0.06134361724069026	0.201408	0.44878504
0.07887036748382949	0.16379611	0.40471733
0.0963971195720331	0.22362524	0.47289032
0.11392387391531617	0.17381245	0.4169082
0.1314506309236943	0.16200167	0.4024943
0.1489773910071836	0.27369052	0.5231544
0.16650415457580078	0.27577594	0.52514374
0.18403092203956356	0.31859875	0.5644455
0.20155769380849	0.2750713	0.5244724
0.2190844702925996	0.20123324	0.44859028
0.2366112519019124	0.10531051	0.3245158
0.2541380390464497	0.041268315	0.20314604
0.27166483213623416	0.050831843	0.22545919
0.28919163158128947	0.119181715	0.34522706
0.3067184377916406	0.13212481	0.36348978
0.324245251177314	0.1181918	0.34379035
0.34177207214833777	0.11335097	0.33667636
0.3592989011147415	0.12835155	0.35826185
0.37682573848655654	0.14700975	0.3834185
0.39435258467381573	0.14091642	0.37538835
0.41187944008655414	0.13564256	0.36829683
0.42940630513480854	0.13374893	0.36571702
0.446933180228618	0.12982598	0.3603137
0.4644600657780234	0.13388506	0.36590308
0.48198696219306775	0.12615094	0.35517734
0.49951386988379676	0.14401503	0.37949312
0.5170407892602581	0.13409063	0.36618388
0.5345677207325025	0.14359505	0.3789394
0.5520946647105822	0.14014997	0.37436607
0.5696216216045534	0.14889559	0.38586992
0.5871485918244737	0.13265054	0.36421221
0.6046755757804043	0.13050744	0.36125812
0.6222025738824094	0.13978788	0.37388217
0.6397295865405557	0.14411923	0.3796304
0.6572566141649129	0.1395105	0.37351105
0.6747836571655547	0.14514218	0.3809753
0.6923107159525568	0.14407875	0.37957707
0.7098377909359992	0.148245	0.38502598
0.7273648825259653	0.12818897	0.35803488
0.7448919911325411	0.15072747	0.38823634
0.762419117165817	0.1636646	0.4045548
0.7799462610358868	0.19007137	0.43597177
0.7974734231528482	0.19485526	0.44142413
0.8150006039268024	0.18514818	0.4302885
0.8325278037678551	0.15004098	0.38735124
0.8500550230861152	0.13037857	0.36107972
0.8675822622916969	0.1428065	0.37789747
0.8851095217947171	0.18757278	0.43309674
0.9026368020052984	0.20400721	0.45167157
0.9201641033335665	0.20325308	0.45083597
0.9376914261896523	0.18673874	0.43213278
0.9552187709836915	0.19710185	0.44396153
0.9727461381258234	0.21997839	0.46901855
0.990273528026193	0.2199012	0.46893623
1.0078009410949496	0.22684182	0.47627914
1.0253283777422473	0.23214686	0.4818162
1.0428558383782454	0.2392985	0.48918146
1.0603833234131086	0.2492087	0.49920806
1.0779108332570058	0.25093535	0.5009345
1.0954383683201119	0.26126617	0.511142
1.112965929012607	0.31279975	0.55928504
1.1304935157446763	0.47956532	0.69250655
1.1480211289265108	0.50006676	0.707154
1.1655487689683062	1.2435502	1.1151458
1.1830764362802655	1.4891605	1.2203116
1.200604131272596	1.9700807	1.4035957
1.2181318543555117	2.4191687	1.5553677
1.235659605939232	2.5137603	1.5854843
1.253187386433982	4.0445747	2.011113
1.270715196249994	6.4170113	2.5331821
1.2882430357975057	11.914484	3.4517365
1.3057709054867608	16.64878	4.0802917
1.3232988057280106	22.693544	4.7637744
1.3408267369315112	27.471338	5.2413106
1.358354699507526	30.926575	5.561167
1.3758826938663256	34.63637	5.8852673
1.3934107204181858	36.634678	6.0526586
1.410938779573391	37.05109	6.086961
1.4284668717422309	37.82449	6.1501617
1.4459949973350033	37.44986	6.119629
1.4635231567620117	37.469185	6.1212077
1.4810513504335687	36.492783	6.0409255
1.4985795787599925	35.98844	5.999037
1.5161078421516088	35.71585	5.976274
1.5336361410187505	35.00512	5.9165125
1.5511644757717598	34.866962	5.904825
1.5686928468209842	35.12014	5.9262247
1.58622125457678	35.720688	5.976679
1.6037496994495108	37.026867	6.0849705
1.621278181849548	37.119568	6.092583
1.6388067021872719	37.876255	6.154369
1.6563352608730693	36.944904	6.078232
1.673863858317336	35.72012	5.976631
1.6913924949304753	35.003647	5.916388
1.7089211711228998	34.357674	5.8615417
1.7264498873050296	33.591778	5.795841
1.7439786438872935	32.754044	5.723115
1.7615074412801288	31.810534	5.640083
1.779036279893981	31.180279	5.5839305
1.796565160139305	30.209614	5.4963274
1.814094082426564	29.490696	5.430534
1.8316230471662298	28.642445	5.351864
1.849152054768784	27.65919	5.2592006
1.8666811056447168	27.215101	5.2168093
1.8842102002045273	26.403547	5.138438
1.901739338858724	25.982254	5.097279
1.9192685220178245	25.354387	5.035314
1.9367977500923557	24.620022	4.961857
1.9543270234928547	23.931576	4.891991
1.971856342629867	23.426834	4.8401275
1.9893857079139496	22.838446	4.778959
2.006915119755667	22.461262	4.7393312
2.0244445785655945	21.985298	4.6888485
2.0419740847543175	21.509151	4.637796
2.0595036387324317	21.127066	4.596419
2.0770332409105414	20.729294	4.552943
2.094562891699263	20.392597	4.515816
2.1120925915092217	19.92339	4.4635625
2.129622340751053	19.543566	4.4208107
2.1471521398354043	187.62245	13.697535
2.1646819891729323	444.16235	21.07516
2.182211889174303	440.4501	20.986902
2.1997418402501974	453.03302	21.284573
2.2172718428113023	433.0955	20.810946
2.234801897268317	321.04596	17.917755
2.2523320040319548	17.590094	4.1940546
2.269862163512935	17.003197	4.123493
2.287392376121992	16.63128	4.078147
2.304922642269869	16.064665	4.0080748
2.322452962367322	15.730535	3.966174
2.3399833368251164	15.328927	3.9152174
2.357513766054032	15.160115	3.8935993
2.3750442504648586	14.895034	3.8594084
2.3925747904683963	14.633835	3.8254197
2.410105386475459	14.224481	3.7715356
2.4276360388968707	13.836774	3.7197814
2.445166748143469	13.747898	3.707816
2.4626975146261025	13.600056	3.6878254
2.4802283387556323	13.504636	3.6748655
2.4977592209429305	13.175228	3.6297698
2.5152901615988825	12.934988	3.5965245
2.5328211611343865	12.775263	3.57425
2.5503522199603523	12.700357	3.563756
2.5678833384877024	12.460664	3.5299666
2.5854145171273712	12.159761	3.4870849
2.6029457562903064	11.897462	3.4492698
2.620477056387469	11.569024	3.401327
2.6380084178298326	11.431636	3.3810701
2.655539841028383	11.269325	3.3569815
2.673071326394119	11.103932	3.3322563
2.6906028743380523	10.929441	3.3059707
2.708134485271211	10.897649	3.3011587
2.7256661596046325	10.757764	3.279903
2.743197897749369	10.531809	3.2452748
2.760729700116486	10.426872	3.2290668
2.778261567117063	10.263062	3.2036014
2.795793499162193	10.165013	3.1882617
2.8133254966629817	10.072064	3.1736517
2.830857560030551	9.876319	3.142661
2.8483896896760337	9.820544	3.1337748
2.865921886010578	9.707999	3.1157663
2.883454149445347	9.661644	3.1083186
2.9009864803915177	9.498457	3.0819566
2.91851887926028	9.24459	3.0404918
2.9360513464628384	9.027372	3.0045586
2.953583882410413	8.784191	2.9638135
2.9711164875142373	8.787427	2.9643595
2.9886491621855606	8.658477	2.942529
3.0061819068356455	8.543391	2.922908
3.023714721875769	8.3822	2.8952029
3.041247607717225	8.357811	2.8909879
3.0587805647713213	8.33126	2.886392
3.0763135934493806	8.264339	2.8747764
3.0938466941627407	8.134912	2.8521767
3.1113798673227544	7.969123	2.8229635
3.1289131133407904	7.757852	2.7852921
3.1464464326282315	7.6585174	2.7674026
3.1639798255964786	7.5322785	2.7444997
3.1815132926569443	7.52832	2.7437785
3.1990468342210603	7.474945	2.7340345
3.216580450700272	7.4074817	2.721669
3.2341141425060416	7.3167996	2.7049584
3.251647910049847	7.2902617	2.7000484
3.2691817537431813	7.2767453	2.6975443
3.286715673997555	7.2482557	2.6922586
3.3042496712244938	7.2021685	2.6836855
3.32178374583554	6.9927635	2.6443834
3.339317898242251	6.821425	2.611786
3.3568521288562034	6.659309	2.5805638
3.3743864380889876	6.772675	2.6024363
3.3919208263522127	6.69178	2.5868475
3.4094552940575023	6.6759887	2.5837934
3.4269898416164972	6.595474	2.5681655
3.444524469440858	6.6641574	2.581503
3.4620591779422587	6.6255975	2.5740235
3.479593967532391	6.5744452	2.564068
3.4971288386229658	6.4489536	2.539479
3.5146637916257086	6.4285297	2.5354545
3.5321988269523628	6.3509855	2.520116
3.5497339450146903	6.279938	2.5059805
3.5672691462244708	6.2373366	2.497466
3.5848044309934988	6.2915263	2.5082915
3.60233979973359	6.342175	2.5183675
3.619875252856575	6.240103	2.4980197
3.6374107907743034	6.2160687	2.4932046
3.6549464138986427	6.248499	2.4996998
3.6724821226414788	6.2608566	2.5021703
3.690017917414714	6.2578025	2.50156
3.7075537986302702	6.3486667	2.519656
3.7250897667000857	6.4273953	2.5352309
3.7426258220361235	6.550503	2.559395
3.7601619650503553	6.6882453	2.5861642
3.777698196154779	7.170909	2.6778553
3.7952345157614067	8.189077	2.8616564
3.8127709242822716	9.018353	3.0030572
3.830307422129425	10.893924	3.3005946
3.847844009714936	12.056501	3.4722474
3.8653806874508954	15.216811	3.9008732
3.882917455749409	14.916059	3.8621314
3.900454315022606	15.293473	3.910687
3.917991265682631	12.486129	3.5335717
3.9355283081416506	10.658975	3.2648084
3.9530654428118495	8.565939	2.9267626
3.970602670105433	7.4520473	2.7298439
3.9881399904346244	6.6140194	2.5717735
4.005677404211669	6.540589	2.5574574
4.023214911848827	6.338937	2.5177245
4.0407525137583855	6.246936	2.499387
4.058290210352644	6.2730227	2.5046003
4.075828002043927	6.2506037	2.5001206
4.0933658892445814	6.2020802	2.4903977
4.110903872366966	6.162623	2.4824631
4.128441951823468	6.1330166	2.476493
4.145980128026488	6.1421666	2.4783394
4.163518401388452	6.140895	2.478083
4.181056772321807	6.0807805	2.4659238
4.1985952412390155	6.101186	2.470058
4.216133808552567	6.2047668	2.490937
4.233672474674966	6.2258706	2.4951694
4.251211240018741	6.458088	2.541277
4.268750104996445	6.6776023	2.5841057
4.286289070020643	7.6197157	2.7603834
4.303828135503928	9.392216	3.0646722
4.3213673018589125	29.594126	5.440048
4.3389065694982305	90.60668	9.518754
4.356445938834537	165.56296	12.867127
4.3739854102805085	171.27007	13.087019
4.391524984248844	172.20753	13.1227865
4.409064661152262	136.49739	11.683209
4.426604441403504	96.83925	9.840693
4.444144325415337	75.639595	8.697103
4.461684313600543	21.69233	4.6575027
4.47922440637193	21.857721	4.6752243
4.496764604142329	20.105867	4.483957
4.5143049073245916	18.450766	4.2954354
4.531845316331589	16.42814	4.0531645
4.5493858315762195	13.762202	3.7097442
4.566926453471405	11.341211	3.3676715
4.584467182430081	9.266049	3.0440185
4.602008018865218	8.106702	2.847227
4.619548963189798	7.474098	2.7338798
4.637090015816834	7.0104938	2.6477337
4.654631177159353	6.7978044	2.60726
4.672172447630417	6.515624	2.552572
4.689713827643102	6.3106775	2.5121062
4.7072553176105085	6.08504	2.4667873
4.724796917945764	5.904639	2.4299462
4.742338629062015	5.773242	2.4027572
4.759880451372434	5.7382927	2.3954735
4.777422385290215	5.733821	2.3945398
4.794964431228581	5.6867075	2.384682
4.812506589600768	5.631723	2.373125
4.830048860820047	5.525567	2.3506525
4.847591245299709	5.441836	2.3327744
4.8651337434530655	5.4583807	2.3363178
4.882676355693457	5.5436916	2.3545046
4.900219082434242	5.634593	2.3737297
4.917761924088813	5.635295	2.3738775
4.935304881070575	5.5182276	2.3490908
4.952847953792969	5.447403	2.3339672
4.970391142669449	5.4518123	2.3349116
4.9879344481135055	5.420065	2.3281033
5.005477870538642	5.3655257	2.3163605
5.023021410358394	5.337471	2.3102968
5.040565067986324	5.3946815	2.3226454
5.05810884383601	5.373591	2.3181007
5.075652738321066	5.4114256	2.3262472
5.09319675185512	5.382794	2.3200848
5.110740884851836	5.444628	2.3333726
5.128285137724894	5.477651	2.3404381
5.145829510888007	5.4124713	2.3264718
5.163374004754908	5.3719254	2.3177414
5.1809186197393595	5.3274937	2.3081365
5.198463356255145	5.3336296	2.3094652
5.216008214716077	5.2907968	2.3001733
5.233553195535998	5.2476587	2.290777
5.251098299128764	5.2612143	2.2937336
5.268643525908272	5.3108416	2.3045263
5.286188876288432	5.332981	2.3093247
5.3037343506831895	5.258462	2.2931337
5.32127994950651	5.2015014	2.28068
5.3388256731723915	5.2022862	2.280852
5.356371522094851	5.240554	2.2892256
5.373917496687938	5.214877	2.2836106
5.391463597365729	5.179226	2.2757912
5.40900982454232	5.1479063	2.2689
5.426556178631843	5.146785	2.2686527
5.444102660048449	5.1793065	2.275809
5.4616492692063225	5.193133	2.2788446
5.479196006519669	5.2202272	2.2847817
5.496742872402727	5.1878223	2.2776792
5.514289867269756	5.178745	2.2756855
5.531836991535049	5.202895	2.2809856
5.549384245612924	5.18699	2.2774963
5.566931629917724	5.212054	2.2829924
5.584479144863822	5.1527753	2.2699726
5.6020267908656205	5.1633554	2.2723017
5.619574568337545	5.1630425	2.272233
5.637122477694054	5.0460424	2.2463398
5.654670519349629	5.0360518	2.2441149
5.672218693718784	5.05712	2.248804
5.689767001216059	5.043133	2.245692
5.707315442256021	5.0859165	2.2551978
5.724864017253266	5.0209146	2.2407398
5.7424127266224225	4.9959803	2.235169
5.75996157077814	4.9554768	2.22609
5.777510550135105	4.9495378	2.2247558
5.795059665108022	5.0268273	2.2420588
5.812608916111639	5.0652084	2.2506018
5.830158303560715	5.215135	2.283667
5.847707827870055	5.2640486	2.2943513
5.86525748945448	5.327403	2.3081167
5.8828072887288485	5.4676085	2.338292
5.900357226108044	5.5524387	2.3563614
5.917907302006979	5.5932274	2.3650005
5.9354575168406	6.0895576	2.4677029
5.9530078710238765	6.5895996	2.5670216
5.970558364971812	7.1104636	2.6665452
5.988108999099438	7.465805	2.7323625
6.005659773821818	7.8992977	2.810569
6.023210689554039	7.6880374	2.772731
6.040761746711227	8.065951	2.840062
6.058312945708531	7.52813	2.743744
6.075864286961132	7.2060356	2.684406
6.093415770884244	6.6241217	2.573737
6.1109673978931065	6.1207113	2.4740071
6.128519168402993	5.5159965	2.348616
6.146071082829204	5.3040786	2.3030586
6.163623141587075	5.1817117	2.2763374
6.181175345091969	5.2045827	2.2813554
6.198727693759281	5.2386804	2.2888165
6.216280188004435	5.223322	2.2854588
6.233832828242885	5.123699	2.2635589
6.251385614890126	5.15873	2.2712839
6.268938548361669	5.14603	2.2684863
6.286491629073067	5.062458	2.2499907
6.304044857439898	4.9637537	2.2279484
6.321598233877777	4.9442663	2.2235706
6.339151758802344	4.96357	2.2279072
6.356705432629277	5.0136003	2.2391071
6.37425925577428	4.9649153	2.228209
6.391813228653095	4.935333	2.221561
6.409367351681486	4.984011	2.2324898
6.426921625275259	5.00547	2.2372906
6.44447604985025	5.044194	2.2459283
6.46203062582232	4.974347	2.2303245
6.47958535360737	4.9422183	2.22311
6.497140233621328	4.889771	2.2112827
6.514695266280161	4.859705	2.204474
6.532250451999859	4.817036	2.1947746
6.549805791196454	4.870982	2.20703
6.567361284286002	5.010951	2.2385154
6.584916931684597	5.061857	2.2498572
6.602472733808367	5.07913	2.2536926
6.6200286910734665	5.096017	2.2574358
6.637584803896092	4.9954863	2.2350585
6.655141072692462	4.932527	2.2209294
6.672697497878842	4.876006	2.208168
6.690254079871514	4.9317603	2.2207568
6.707810819086808	4.9956026	2.2350845
6.725367715941078	4.9412603	2.2228947
6.742924770850719	4.9085197	2.215518
6.760481984232151	4.881923	2.2095075
6.778039356501836	4.8822045	2.2095711
6.795596888076266	4.906615	2.215088
6.813154579371963	4.9330955	2.2210572
6.830712430805492	4.938398	2.2222507
6.84827044279344	4.9278955	2.2198863
6.865828615752445	4.930771	2.2205338
6.883386950099159	4.9954715	2.2350552
6.900945446250287	5.026871	2.2420685
6.918504104622553	5.059803	2.2494006
6.936062925632727	5.079901	2.2538636
6.953621909697607	5.0389915	2.2447698
6.971181057234028	5.0264697	2.241979
6.988740368658859	5.024664	2.2415762
7.006299844389007	5.1332526	2.2656682
7.023859484841407	5.216155	2.2838902
7.041419290433036	5.2449183	2.2901788
7.058979261580902	5.401754	2.3241673
7.0765393987020495	5.6192102	2.3704875
7.094099702213559	6.0448995	2.4586377
7.111660172532549	6.4096355	2.531726
7.129220810076164	6.781506	2.6041324
7.146781615261595	7.40813	2.721788
7.16434258850606	7.636542	2.7634294
7.181903730226821	8.118763	2.8493443
7.1994650408411704	8.144033	2.8537753
7.217026520766437	8.252048	2.8726377
7.234588170419983	8.423969	2.9024074
7.252149990219215	8.428912	2.9032588
7.269711980581568	8.322	2.8847876
7.2872741419245175	8.161202	2.8567817
7.304836474665574	7.723884	2.7791877
7.322398979222286	7.381031	2.7168052
7.339961656012233	7.1213703	2.6685896
7.357524505453039	6.8071876	2.6090589
7.375087527962357	6.591054	2.5673048
7.392650723957886	6.2921333	2.5084126
7.410214093857353	5.9240913	2.4339457
7.427777638078528	5.6926026	2.3859177
7.445341357039213	5.494762	2.344091
7.4629052511572525	5.3691497	2.3171425
7.480469320850524	5.2724166	2.2961743
7.498033566536948	5.2387385	2.288829
7.5155979886344735	5.2199073	2.2847116
7.5331625875610975	5.2332907	2.2876387
7.550727363734844	5.196773	2.2796433
7.568292317573788	5.158401	2.2712114
7.585857449496025	5.1413074	2.267445
7.603422759919705	5.1754284	2.2749567
7.620988249263007	5.138155	2.2667499
7.638553917944147	5.170794	2.273938
7.656119766381391	5.169999	2.2737632
7.673685794993023	5.252218	2.2917717
7.691252004197388	5.2302833	2.2869813
7.70881839441285	5.173849	2.2746096
7.726384966057826	5.150427	2.2694552
7.743951719550762	5.20021	2.280397
7.761518655310149	5.248255	2.290907
7.779085773754511	5.248213	2.2908978
7.796653075302419	5.249381	2.2911527
7.814220560372475	5.2078075	2.282062
7.831788229383323	5.2478	2.2908077
7.8493560827536495	5.2921553	2.3004684
7.866924120902174	5.3468556	2.312327
7.884492344247663	5.3639965	2.3160303
7.9020607532089135	5.3587384	2.314895
7.919629348204771	5.3129783	2.3049898
7.937198129654115	5.3466535	2.3122833
7.954767097975865	5.3209558	2.3067198
7.972336253588986	5.294915	2.3010683
7.989905596912472	5.259032	2.293258
8.007475128365371	5.225771	2.2859945
8.025044848366756	5.349899	2.312985
8.042614757335754	5.564307	2.3588784
8.060184855691523	5.6803713	2.383353
8.07775514385327	5.8525295	2.4192002
8.095325622240228	5.878553	2.4245727
8.112896291271687	5.942347	2.4376929
8.130467151366968	6.008967	2.4513195
8.148038202945436	6.0090795	2.4513423
8.165609446426497	6.010182	2.4515672
8.183180882229594	6.0341015	2.456441
8.200752510774217	6.0629373	2.4623032
8.218324332479893	6.083715	2.4665189
8.235896347766193	6.0187616	2.4533165
8.253468557052724	5.97224	2.4438167
8.27104096075914	5.9664984	2.4426417
8.288613559305137	6.0342445	2.45647
8.306186353110448	6.087217	2.4672287
8.32375934259485	6.200096	2.4899993
8.341332528178162	6.1559367	2.481116
8.358905910280246	6.179085	2.4857764
8.376479489321003	6.1668506	2.4833145
8.394053265720377	6.2591558	2.5018306
8.411627239898356	6.2978253	2.5095468
8.42920141227497	6.2777615	2.505546
8.44677578327029	6.2691255	2.503822
8.464350353304427	6.1742425	2.4848022
8.48192512279754	6.1558948	2.4811075
8.499500092169827	6.0976763	2.4693472
8.51707526184153	6.058183	2.4613376
8.534650632232934	6.0764604	2.4650478
8.552226203764365	6.070208	2.4637792
8.569801976856192	6.0790596	2.465575
8.587377951928834	6.154027	2.4807312
8.60495412940274	6.2595253	2.5019042
8.622530509698416	6.284931	2.5069766
8.6401070932364	6.3739324	2.5246649
8.657683880437283	6.455359	2.5407398
8.675260871721695	6.580766	2.5653005
8.692838067510303	6.7436566	2.5968552
8.710415468223834	6.9218826	2.630947
8.727993074283043	7.13682	2.6714828
8.745570886108737	7.1755676	2.678725
8.763148904121765	7.2211742	2.6872241
8.78072712874302	7.1396003	2.672003
8.798305560393441	7.409481	2.7220361
8.815884199494006	7.5499153	2.747711
8.833463046465745	7.714793	2.7775517
8.851042101729728	7.786899	2.7905016
8.86862136570707	8.039004	2.8353138
8.886200838818924	8.244887	2.8713913
8.903780521486505	8.309678	2.8826513
8.921360414131055	8.4320345	2.9037967
8.938940517173874	8.53372	2.9212532
8.956520831036297	8.70565	2.9505339
8.97410135613971	8.99577	2.999295
8.99168209290554	9.106692	3.0177298
9.009263041755265	9.378364	3.0624113
9.026844203110405	9.63973	3.1047916
9.044425577392525	9.783158	3.127804
9.062007165023239	9.924839	3.1503713
9.079588966424197	10.159138	3.1873403
9.097170982017108	10.220431	3.196941
9.11475321222372	11.069526	3.3270898
9.132335657465825	11.897525	3.4492788
9.149918318165264	11.99739	3.4637249
9.167501194743924	12.540583	3.5412686
9.18508428762374	12.301545	3.507356
9.202667597226693	12.241312	3.4987586
9.220251123974803	11.895556	3.4489934
9.237834868290143	11.580073	3.4029508
9.255418830594836	11.381203	3.3736038
9.273003011311046	10.876584	3.2979667
9.290587410860985	10.71044	3.2726808
9.308172029666911	10.144477	3.1850395
9.32575686815113	9.924096	3.1502533
9.343341926735997	8.688538	2.9476326
9.360927205843916	8.417048	2.901215
9.378512705897327	8.233265	2.8693666
9.396098427318728	8.067467	2.8403287
9.413684370530664	8.020549	2.8320572
9.431270535955722	7.8767886	2.8065617
9.448856924016539	7.775979	2.7885442
9.466443535135806	7.5882363	2.7546754
9.484030369736251	7.6279025	2.7618659
9.501617428240658	7.675383	2.7704482
9.519204711071852	7.6994543	2.774789
9.536792218652714	7.642129	2.76444
9.55437995140617	7.6643233	2.7684515
9.571967909755191	7.714701	2.7775352
9.589556094122802	7.8216267	2.7967172
9.60714450493207	7.8391194	2.7998428
9.624733142606116	7.9470987	2.8190598
9.642322007568108	7.9188914	2.8140526
9.659911100241267	7.9542418	2.8203266
9.677500421048851	7.9465265	2.8189585
9.695089970414175	7.9475894	2.8191469
9.712679748760609	7.9248447	2.81511
9.730269756511557	7.9767785	2.8243191
9.747859994090492	8.049553	2.8371735
9.765450461920915	8.097981	2.8456953
9.78304116042639	8.215827	2.8663263
9.800632090030527	8.253123	2.872825
9.81822325115699	8.21843	2.8667803
9.835814644229481	8.267852	2.8753872
9.853406269671762	8.210192	2.865343
9.870998127907646	8.281686	2.877792
9.888590219360985	8.355701	2.890623
9.906182544455698	8.382086	2.8951833
9.923775103615734	8.390946	2.896713
9.941367897265108	8.239793	2.870504
9.958960925827878	8.196547	2.862961
9.97655418972816	8.223415	2.8676498
9.994147689390106	8.29209	2.879599
10.011741425237934	8.2916975	2.8795307
10.029335397695904	8.307638	2.8822973
10.04692960718833	8.271895	2.8760903
10.06452405413958	8.300729	2.8810985
10.082118738974064	8.279279	2.8773737
10.099713662116246	8.271667	2.8760505
10.117308823990651	8.266455	2.8751442
10.134904225021844	8.188196	2.8615024
10.152499865634445	8.095892	2.845328
10.170095746253125	8.046178	2.8365786
10.18769186730261	7.945225	2.8187275
10.205288229207675	7.9065304	2.8118553
10.222884832393145	7.9107156	2.8125994
10.2404816772839	7.9432287	2.8183734
10.258078764304868	8.017974	2.8316028
10.275676093881035	8.00829	2.8298922
10.293273666437438	7.95673	2.8207676
10.310871482399158	8.016901	2.8314133
10.32846954219134	8.057118	2.8385065
10.346067846239173	8.083593	2.843166
10.363666394967908	8.051866	2.837581
10.38126518880283	8.040271	2.8355372
10.398864228169298	8.038033	2.8351424
10.416463513492713	8.033792	2.8343945
10.434063045198531	8.059623	2.8389475
10.451662823712262	8.098676	2.8458173
10.469262849459467	8.126233	2.8506548
10.486863122865758	8.055772	2.8382692
10.504463644356806	8.012805	2.83069
10.522064414358338	7.8937855	2.8095882
10.539665433296118	7.8687177	2.8051236
10.557266701595987	7.8632174	2.804143
10.574868219683818	7.8534627	2.802403
10.592469987985552	7.737431	2.7816238
10.610072006927185	7.536914	2.745344
10.627674276934751	7.3909817	2.718636
10.64527679843435	7.255099	2.6935291
10.662879571852143	7.158725	2.6755793
10.680482597614331	6.988964	2.6436648
10.698085876147173	6.8535523	2.617929
10.715689407876988	6.7948866	2.6067004
10.733293193230146	6.75699	2.599421
10.750897232633072	6.731132	2.5944426
10.76850152651225	6.6505537	2.5788667
10.786106075294207	6.5856977	2.5662615
10.803710879405534	6.5393953	2.557224
10.821315939272877	6.4196754	2.5337079
10.83892125532294	6.3122473	2.5124185
10.856526827982472	6.1613684	2.4822104
10.874132657678285	6.120902	2.4740458
10.891738744837243	6.1316357	2.476214
10.909345089886271	6.0896683	2.4677253
10.926951693252343	6.042851	2.4582212
10.944558555362494	5.984607	2.4463456
10.96216567664381	5.905589	2.4301417
10.979773057523436	5.823449	2.4131823
10.997380698428573	5.725147	2.3927279
11.014988599786477	5.660044	2.3790848
11.032596762024461	5.6915674	2.3857007
11.050205185569892	5.668501	2.3808613
11.067813870850198	5.596258	2.365641
11.085422818292859	5.438565	2.332073
11.10303202832541	5.3534045	2.3137426
11.120641501375454	5.361573	2.3155072
11.138251237870636	5.2830787	2.2984948
11.155861238238671	5.2013464	2.280646
11.173471502907317	5.0947976	2.257166
11.191082032304402	5.005241	2.2372396
11.208692826857805	5.010556	2.2384272
11.226303886995465	4.9434175	2.2233799
11.243915213145371	4.9503613	2.2249408
11.261526805735578	4.942549	2.2231846
11.279138665194196	4.903933	2.2144825
11.296750791949393	4.856459	2.2037375
11.314363186429393	4.7387576	2.1768687
11.331975849062479	4.676369	2.1624913
11.34958878027699	4.631895	2.1521838
11.36720198050133	4.604833	2.1458874
11.384815450163948	4.5902767	2.142493
11.402429189693366	4.5119157	2.1241271
11.420043199518153	4.4641933	2.1128638
11.437657480066942	63.3961	7.962167
11.455272031768422	85.07194	9.223445
11.472886855051353	107.46718	10.366638
11.490501950344528	99.04004	9.951886
11.508117318076819	84.38386	9.186069
11.52573295867715	45.79363	6.767099
11.543348872574514	4.106349	2.0264127
11.560965060197946	4.0992694	2.0246654
11.57858152197655	4.01936	2.0048342
11.59619825833949	3.9784222	1.9945983
11.613815269715985	3.9310272	1.9826819
11.631432556535323	38.462635	6.201825
11.649050119226837	83.017075	9.111371
11.666667958219929	93.465904	9.667777
11.68428607394406	107.76293	10.380893
11.701904466828756	82.60537	9.08875
11.719523137303586	65.435165	8.089201
11.737142085798196	4.6321907	2.1522524
11.754761312742286	3.7197735	1.9286715
11.772380818565619	3.668896	1.9154363
11.790000603698015	3.609139	1.8997734
11.80762066856935	3.5695755	1.889332
11.825241013609572	3.5065143	1.872569
11.842861639248683	3.4787354	1.8651369
11.860482545916748	3.4778347	1.8648953
11.878103734043883	3.5029886	1.8716272
11.895725204060282	3.4366298	1.853815
11.91334695639619	3.3357162	1.8263943
11.930968991481919	3.3075738	1.8186736
11.948591309747824	3.3034728	1.8175458
11.966213911624347	3.3002968	1.8166718
11.98383679754198	3.297705	1.8159584
12.001459967931268	3.2648783	1.8068974
12.019083423222835	3.2457836	1.8016058
12.036707163847352	3.2153203	1.7931315
12.05433119023556	3.1654234	1.7791637
12.071955502818259	3.0927536	1.7586226
12.089580102026313	3.06811	1.7516022
12.107204988290643	3.069143	1.751897
12.12483016204224	3.065964	1.7509894
12.142455623712152	3.0760622	1.7538706
12.16008137373149	3.047669	1.7457575
12.177707412531431	3.0478764	1.7458168
12.19533374054321	3.0362742	1.7424908
12.212960358198126	2.994311	1.7304078
12.230587265927545	2.9773872	1.7255107
12.248214464162889	2.9677062	1.7227032
12.265841953335649	2.972859	1.7241981
12.283469733877375	2.9694207	1.7232007
12.301097806219685	2.9739604	1.7245175
12.31872617079425	2.9552405	1.7190813
12.336354828032825	2.9348178	1.713131
12.353983778367205	2.8952444	1.7015418
12.371613022229262	2.9039025	1.704084
12.389242560050928	2.9035015	1.7039664
12.406872392264201	2.9134746	1.7068903
12.424502519301143	2.8568206	1.6902132
12.442132941593874	2.8369288	1.6843185
12.459763659574586	2.8372655	1.6844184
12.477394673675532	2.868387	1.6936313
12.49502598432903	2.868443	1.6936479
12.51265759196746	2.8335085	1.6833029
12.530289497023267	2.8446045	1.6865956
12.547921699928967	2.829625	1.6821489
12.565554201117134	2.8312223	1.6826236
12.583187001020404	2.7933192	1.6713226
12.600820100071486	2.8320923	1.6828822
12.618453498703152	2.8150053	1.6777978
12.636087197348235	2.8171902	1.6784488
12.65372119643964	2.7808404	1.6675853
12.671355496410326	2.7768137	1.6663774
12.68899009769333	2.7933667	1.6713368
12.706625000721749	2.80145	1.6737533
12.724260205928752	2.8674366	1.6933507
12.741895713747551	2.9075062	1.7051411
12.759531524611454	2.9517744	1.7180729
12.777167638953818	2.9458096	1.7163361
12.794804057208072	2.9185424	1.7083741
12.812440779807702	2.975534	1.7249736
12.830077807186271	3.1329575	1.7700162
12.847715139777405	3.1770422	1.782426
12.865352778014795	3.3445458	1.82881
12.882990722332197	3.4216383	1.8497671
12.90062897316344	3.5384803	1.8810849
12.918267530942412	3.6009142	1.8976074
12.935906396103071	3.519411	1.8760093
12.953545569079449	3.6801953	1.9183835
12.971185050305628	3.5086095	1.8731283
12.988824840215775	3.5158887	1.8750703
13.006464939244115	3.4983778	1.8703951
13.024105347824943	3.3631637	1.8338931
13.041746066392617	3.455676	1.8589449
13.05938709538157	3.2829013	1.8118778
13.077028435226296	3.3056886	1.8181553
13.094670086361363	3.2119498	1.7921914
13.112312049221401	3.1422355	1.7726352
13.129954324241112	3.041357	1.7439487
13.147596911855258	2.8389442	1.6849166
13.165239812498685	2.8130567	1.677217
13.182883026606293	2.7770083	1.6664358
13.200526554613058	2.746594	1.6572851
13.218170396954017	2.7381027	1.6547214
13.235814554064284	2.7308671	1.6525335
13.253459026379034	2.7234457	1.6502866
13.271103814333523	2.6882477	1.6395876
13.288748918363058	2.6731594	1.63498
13.306394338903031	2.6837552	1.6382171
13.32404007638889	2.6684163	1.6335288
13.341686131256164	2.6515164	1.6283478
13.359332503940449	2.6055775	1.6141801
13.376979194877402	2.5998871	1.6124165
13.394626204502751	2.6601982	1.6310114
13.412273533252307	2.7260346	1.6510707
13.429921181561937	2.7232776	1.6502357
13.447569149867581	2.706799	1.6452353
13.465217438605247	2.6787837	1.636699
13.482866048211022	2.6667044	1.6330047
13.500514979121052	2.6448486	1.626299
13.518164231771568	2.6447093	1.6262562
13.535813806598844	2.6466732	1.6268599
13.553463704039254	2.6643963	1.6322979
13.571113924529229	2.6800525	1.6370866
13.588764468505275	2.6955001	1.6417978
13.606415336403956	2.7087412	1.6458254
13.624066528661917	2.736772	1.6543192
13.641718045715882	2.788899	1.6699997
13.659369888002635	2.8397315	1.6851503
13.67702205595903	2.8751407	1.695624
13.694674550021993	2.9511964	1.7179047
13.712327370628532	2.996731	1.7311069
13.729980518215713	3.050066	1.7464439
13.747633993220681	3.1212442	1.7667043
13.765287796080647	3.1719718	1.781003
13.7829419272329	3.2012033	1.7891906
13.800596387114801	3.2496505	1.8026787
13.818251176163775	3.2784758	1.8106562
13.835906294817324	3.326401	1.8238424
13.853561743513023	3.3583577	1.8325822
13.871217522688525	3.387263	1.8404518
13.888873632781538	3.4231448	1.8501743
13.906530074229858	3.4718397	1.8632873
13.92418684747135	3.4727163	1.8635225
13.941843952943948	3.451815	1.8579061
13.959501391085665	3.402004	1.8444523
13.977159162334578	3.3497262	1.8302257
13.994817267128846	3.3439546	1.8286483
14.012475705906693	3.2212336	1.7947795
14.030134479106424	3.1417575	1.7725004
14.047793587166414	3.08883	1.7575067
14.065453030525108	3.0370636	1.7427173
14.083112809621026	2.9803746	1.7263762
14.100772924892766	2.9071224	1.7050285
14.118433376778997	2.8346348	1.6836374
14.136094165718458	2.743105	1.6562321
14.153755292149969	2.7106955	1.646419
14.171416756512416	2.7102926	1.6462966
14.189078559244768	2.7011979	1.6435322
14.20674070078606	2.6216676	1.6191565
14.224403181575408	2.5416334	1.5942501
14.242066002051999	2.4921665	1.5786598
14.259729162655093	2.4507475	1.5654863
14.277392663824022	2.4396095	1.5619249
14.295056505998208	2.3997998	1.5491288
14.312720689617128	2.3922179	1.5466796
14.330385215120348	2.3727953	1.5403881
14.348050082947497	2.4099648	1.5524062
14.3657152935383	2.4039934	1.5504817
14.383380847332528	2.412664	1.5532752
14.401046744770051	2.389041	1.5456523
14.418712986290798	2.3739948	1.5407773
14.436379572334793	2.3462882	1.5317599
14.454046503342123	2.3787923	1.5423334
14.471713779752946	2.4065685	1.5513119
14.489381402007504	2.3994303	1.5490094
14.507049370546113	2.348431	1.5324591
14.524717685809168	2.358643	1.5357875
14.542386348237134	2.3804202	1.5428611
14.560055358270553	2.4195614	1.555494
14.577724716350051	2.4794815	1.5746369
14.595394422916325	2.4848332	1.5763354
14.61306447841015	2.5089686	1.5839725
14.63073488327237	2.4785697	1.5743474
14.648405637943917	2.490404	1.5781014
14.6660767428658	2.4862862	1.5767962
14.683748198479094	2.530191	1.5906574
14.701420005224954	2.5784848	1.605766
14.719092163544628	2.6398692	1.6247674
14.73676467387942	2.6493278	1.6276755
14.754437536670727	2.657957	1.6303242
14.772110752360014	2.6589518	1.6306293
14.78978432138882	2.646226	1.6267225
14.807458244198777	2.667192	1.633154
14.82513252123159	2.6529682	1.6287935
14.842807152929028	2.698735	1.6427827
14.860482139732962	2.6552455	1.6294924
14.87815748208531	2.6607418	1.631178
14.8958331804281	2.6491683	1.6276265
14.91350923520342	2.5943894	1.6107109
14.931185646853438	2.596989	1.6115175
14.948862415820408	2.6059263	1.6142882
14.966539542546656	2.638972	1.6244913
14.98421702747459	2.6316888	1.622248
15.001894871046696	2.6276166	1.6209925
15.019573073705542	2.619859	1.6185979
15.037251635893766	2.622932	1.6195469
15.054930558054092	2.660853	1.6312121
15.072609840629323	2.7954526	1.6719607
15.090289484062351	2.9817686	1.7267798
15.107969488796124	3.2940524	1.8149525
15.125649855273691	3.6897185	1.920864
15.14333058393817	4.112486	2.0279264
15.161011675232768	5.011556	2.2386506
15.17869312960076	6.32998	2.5159452
15.196374947485506	8.14422	2.853808
15.214057129330447	11.187792	3.3448157
15.231739675579114	15.659059	3.9571528
15.249422586675102	20.372845	4.513629
15.267105863062092	23.110226	4.8073096
15.284789505183847	23.141052	4.810515
15.302473513484218	20.95719	4.5779023
15.320157888407127	17.535765	4.1875725
15.337842630396578	13.699874	3.701334
15.355527739896656	10.709312	3.2725086
15.37321321735153	8.40883	2.8997982
15.39089906320545	6.241632	2.4983258
15.408585277902748	4.784439	2.187336
15.42627186188783	3.7503467	1.9365811
15.443958815605198	3.2079577	1.7910773
15.461646139499424	2.9094832	1.7057208
15.479333834015168	2.765699	1.6630391
15.497021899597165	2.7119124	1.6467885
15.514710336690234	2.6946175	1.641529
15.53239914573928	2.6491005	1.6276058
15.550088327189297	2.6296265	1.6216123
15.567777881485336	2.5644886	1.601402
15.58546780907256	2.5036247	1.5822847
15.6031581103962	2.4524217	1.566021
15.620848785901568	2.4209945	1.5559546
15.638539836034063	2.424303	1.5570173
15.656231261239173	2.3905916	1.5461538
15.673923061962451	2.36943	1.5392953
15.691615238649552	2.3459632	1.5316538
15.709307791746202	2.3573344	1.5353613
15.727000721698221	2.3742676	1.5408659
15.744694028951498	2.3263464	1.5252365
15.76238771395202	2.3441992	1.5310777
15.780081777145844	2.3393776	1.5295024
15.797776218979125	2.313501	1.5210197
15.815471039898094	2.3146322	1.5213915
15.833166240349064	2.3294146	1.526242
15.850861820778437	2.344385	1.5311384
15.868557781632699	2.3206975	1.5233836
15.886254123358412	2.3235955	1.5243344
15.903950846402232	2.3173876	1.5222968
15.921647951210897	2.3626945	1.5371059
15.939345438231225	2.3827882	1.5436282
15.957043307910133	2.3965206	1.54807
15.974741560694602	2.391203	1.5463514
15.992440197031714	2.3824944	1.5435331
16.01013921736862	2.350064	1.5329919
16.02783862215259	2.3374698	1.5288786
16.045538411830933	2.3344831	1.5279015
16.06323858685107	2.3719642	1.5401182
16.080939147660512	2.385413	1.5444782
16.09864009470684	2.361237	1.5366317
16.11634142843774	2.350137	1.5330156
16.134043149300954	2.3199131	1.5231261
16.15174525774433	2.3057017	1.5184537
16.169447754215817	2.3208337	1.5234283
16.18715063916342	2.337021	1.5287318
16.204853913035244	2.3685813	1.5390196
16.222557576279478	2.391422	1.5464224
16.240261629344403	22.398024	4.732655
16.257966072678386	42.96168	6.5545163
16.275670906729868	38.08367	6.171197
16.293376131947387	2.5119238	1.584905
16.31108174877957	2.5345802	1.5920365
16.328787757675133	2.535788	1.5924158
16.34649415908287	2.5399787	1.593731
16.364200953451657	2.5462625	1.5957012
16.38190814123048	2.5805585	1.6064117
16.39961572286839	2.6484122	1.6273943
16.41732369881455	2.675806	1.6357892
16.43503206951817	2.6854224	1.6387259
16.45274083542859	2.7021687	1.6438274
16.47044999699522	2.7230911	1.6501791
16.488159554667558	2.7935243	1.671384
16.505869508895184	2.8424504	1.6859568
16.523579860127786	2.8915017	1.7004416
16.541290608815117	2.9070747	1.7050146
16.559001755407035	2.943143	1.715559
16.57671330035348	2.9807508	1.7264851
16.59442524410448	3.031605	1.7411505
16.61213758711015	3.0657637	1.7509322
16.629850329820705	3.1370265	1.7711653
16.647563472686436	3.235696	1.798804
16.665277016157724	3.3086152	1.81896
16.682990960685053	3.3625135	1.8337158
16.70070530671898	3.3902023	1.8412502
16.718420054710155	3.3773687	1.8377619
16.736135205109335	3.4129753	1.8474239
16.753850758367335	3.4842126	1.8666046
16.771566714935087	3.5581498	1.8863058
16.789283075263597	3.6454685	1.9093109
16.80699983980398	3.7603521	1.9391627
16.82471700900741	3.8158376	1.953417
16.84243458332518	3.8628645	1.9654171
16.860152563208665	3.8764513	1.9688705
16.87787094910932	3.953231	1.9882734
16.89558974147871	4.0161996	2.0040457
16.913308940768466	4.078162	2.019446
16.931028547430333	4.1459174	2.0361526
16.94874856191613	4.2071147	2.0511253
16.966468984677785	4.2788596	2.0685406
16.98418981616729	4.311753	2.076476
17.00191105683676	4.354427	2.0867264
17.019632707138374	4.479691	2.116528
17.03735476752442	4.578907	2.139838
17.05507723844728	4.6089106	2.1468372
17.072800120359403	4.5834026	2.1408882
17.090523413713353	4.562211	2.1359334
17.108247118961785	4.5906835	2.1425881
17.125971236557437	4.6067204	2.1463273
17.143695766953133	4.6050224	2.1459315
17.161420710601806	4.604988	2.1459236
17.179146067956477	4.6227803	2.1500652
17.19687183947025	4.66229	2.1592336
17.21459802559634	4.666965	2.160316
17.232324626788028	4.5964727	2.1439385
17.25005164349871	4.560756	2.1355927
17.267779076181863	4.5381618	2.1302962
17.285506925291074	4.519355	2.1258774
17.30323519127999	4.518619	2.1257043
17.320963874602384	4.476918	2.1158729
17.33869297571211	4.462656	2.1125
17.356422495063114	4.4354568	2.1060524
17.37415243310944	4.4360905	2.1062028
17.391882790305218	4.383773	2.0937462
17.40961356710468	4.3903747	2.0953221
17.42734476396215	4.4355345	2.1060708
17.445076381332044	4.442519	2.1077285
17.462808419668868	4.4967394	2.1205516
17.48054087942723	4.6791015	2.1631231
17.498273761061835	5.0089	2.2380571
17.51600706502747	5.514169	2.3482268
17.533740791779024	6.1814446	2.486251
17.551474941771485	7.502669	2.7391
17.56920951545993	8.4874115	2.9133162
17.586944513299528	10.504348	3.2410412
17.60467993574556	12.03992	3.4698586
17.622415783253373	13.389556	3.6591742
17.64015205627843	14.498277	3.8076603
17.657888755276293	15.424588	3.927415
17.675625880702604	16.003973	4.0004964
17.69336343301311	15.973424	3.9966767
17.71110141266366	15.409345	3.925474
17.728839820110178	14.495886	3.8073463
17.746578655808705	13.653934	3.695123
17.764317920215372	12.332973	3.5118332
17.7820576137864	11.000738	3.316736
17.79979773697811	9.134646	3.0223577
17.81753829024692	7.3752384	2.715739
17.835279274049356	5.7894917	2.4061363
17.85302068884201	4.865256	2.2057326
17.870762535081607	4.263864	2.0649126
17.888504813224934	3.963502	1.9908546
17.90624752372891	3.7087777	1.9258187
17.923990667050536	3.5664825	1.8885133
17.941734243646895	3.5048385	1.8721213
17.959478253975185	3.457131	1.8593361
17.9772226984927	3.4571927	1.8593527
17.994967577656833	3.4344032	1.8532143
18.01271289192506	3.3762696	1.8374628
18.030458641754965	3.3174295	1.8213812
18.04820482760425	3.2241633	1.7955955
18.06595144993067	3.2102504	1.7917172
18.083698509192125	3.2059917	1.7905283
18.101446005846576	3.2596166	1.8054408
18.119193940352105	3.2414505	1.8004029
18.136942313166887	3.173161	1.7813369
18.1546911247492	3.1046436	1.7619998
18.1724403755574	3.1103091	1.7636069
18.19019006604997	3.1075902	1.7628359
18.207940196685467	3.130225	1.7692442
18.225690767922575	3.104903	1.7620735
18.243441780220046	3.0247233	1.7391732
18.261193234036764	2.9996226	1.7319418
18.278945129831676	2.9799924	1.7262654
18.29669746806386	2.9779108	1.7256625
18.314450249192483	2.9812129	1.7266189
18.3322034736768	2.9695675	1.7232434
18.349957141976184	2.9783518	1.7257903
18.3677112545501	2.9862766	1.7280847
18.385465811858108	3.0389154	1.7432485
18.403220814359884	3.0725996	1.7528832
18.420976262515172	3.0678995	1.751542
18.43873215678387	3.0425925	1.7443029
18.456488497625923	3.0324016	1.7413793
18.474245285501407	3.119549	1.7662245
18.492002520870486	3.2264178	1.7962232
18.50976020419343	3.3012176	1.8169253
18.527518335930615	3.627088	1.9044915
18.545276916542516	4.2356124	2.0580604
18.563035946489688	4.4391217	2.1069224
18.580795426232832	4.912555	2.2164285
18.598555356232698	4.830766	2.1979003
18.616315736950185	5.161739	2.271946
18.63407656884626	4.7661195	2.1831443
18.65183785238201	4.96113	2.2273595
18.669599588018617	4.7061534	2.169367
18.68736177621737	4.718048	2.1721067
18.705124417439652	4.752058	2.1799216
18.72288751214696	4.5529413	2.1337624
18.740651060800886	4.6878147	2.165136
18.758415063863115	4.3078485	2.0755358
18.77617952179546	4.4818597	2.1170404
18.793944435059814	4.20394	2.0503511
18.811709804118184	4.301171	2.0739264
18.829475629432675	4.317463	2.0778506
18.8472419114655	4.0677657	2.0168703
18.86500865067897	4.1267834	2.0314486
18.88277584753551	3.773198	1.9424721
18.90054350249763	3.883482	1.9706552
18.918311616027957	3.5347898	1.8801037
18.936080188589226	3.4172018	1.8485675
18.953849220644265	3.0335839	1.7417186
18.971618712656007	2.8641157	1.6923698
18.9893886650875	2.8227234	1.6800963
19.007159078401887	7.9938064	2.827332
19.024929953062408	32.84798	5.7313156
19.042701289532435	32.76597	5.7241564
19.060473088275405	25.323738	5.0322695
19.07824534975489	2.6379972	1.6241913
19.096018074434568	2.6227558	1.6194924
19.113791262778197	2.5959582	1.6111977
19.13156491524966	2.5235567	1.5885706
19.149339032312945	2.4820652	1.5754571
19.167113614432136	2.4637418	1.5696311
19.184888662071433	2.5235975	1.5885835
19.202664175695123	2.5584044	1.5995013
19.220440155767623	2.5620563	1.6006424
19.238216602753447	2.547032	1.5959424
19.2559935171172	2.5047753	1.5826482
19.27377089932361	2.483882	1.5760336
19.291548749837514	2.460447	1.5685812
19.309327069123835	2.4833944	1.575879
19.32710585764763	2.4654353	1.5701704
19.344885115874032	2.4209297	1.5559337
19.362664844268313	2.3798635	1.5426806
19.380445043295822	2.4131975	1.553447
19.39822571342203	2.4325938	1.5596775
19.41600685511252	2.4392014	1.5617943
19.43378846883297	2.4353645	1.5605655
19.451570555049173	2.447418	1.5644226
19.469353114227037	2.477087	1.5738764
19.48713614683254	2.4496331	1.5651304
19.50491965333182	2.4483533	1.5647215
19.52270363419109	2.4117186	1.5529709
19.540488089876686	2.4149628	1.554015
19.55827302085503	2.4752045	1.5732783
19.576058427592674	2.4896176	1.5778522
19.593844310556282	2.4813473	1.5752293
19.611630670212598	2.4356098	1.560644
19.629417507028506	2.4568703	1.5674407
19.64720482147098	2.4449186	1.5636235
19.6649926140071	2.467526	1.5708361
19.682780885104084	2.44575	1.5638894
19.70056963522921	2.4495854	1.5651151
19.718358864849908	2.4361556	1.5608189
19.7361485744337	2.4593241	1.5682232
19.753938764448215	2.4796543	1.5746918
19.771729435361202	2.5075111	1.5835123
19.789520587640506	2.5426872	1.5945805
19.807312221754092	2.534392	1.5919775
19.825104338170043	2.4842548	1.576152
19.842896937356517	2.4717073	1.5721664
19.860690019781824	2.5123177	1.5850292
19.87848358591436	2.5071023	1.5833832
19.896277636222635	2.5065787	1.5832179
19.914072171175278	2.500197	1.5812011
19.931867191241015	2.44819	1.5646693
19.94966269688869	2.459169	1.5681738
19.967458688587264	2.452306	1.565984
19.985255166805807	2.415466	1.5541769
20.00305213201348	2.410933	1.5527179
20.020849584679578	2.3823297	1.5434797
20.038647525273507	2.3695705	1.539341
20.05644595426477	2.367356	1.5386214
20.07424487212299	2.4136477	1.5535918
20.092044279317903	2.3886664	1.5455312
20.109844176319353	2.4291465	1.5585719
20.127644563597304	2.434659	1.5603393
20.145445441621817	2.424624	1.5571204
20.16324681086307	2.4087405	1.5520117
20.181048671791373	2.376876	1.541712
20.198851024877122	2.3487914	1.5325767
20.216653870590836	2.3648777	1.5378159
20.234457209403146	2.3643794	1.5376539
20.252261041784802	2.3577015	1.5354809
20.270065368206662	2.3124864	1.5206861
20.287870189139685	2.3126082	1.5207262
20.305675505054968	2.3025894	1.5174285
20.323481316423702	2.3168573	1.5221226
20.341287623717207	2.3158731	1.5217993
20.359094427406884	2.300201	1.5166414
20.376901727964288	2.295996	1.5152544
20.39470952586107	2.3415327	1.5302068
20.41251782156899	2.3922899	1.5467029
20.430326615559935	2.3808575	1.5430027
20.448135908305886	2.3528404	1.5338972
20.465945700278965	2.332983	1.5274105
20.483755991951384	2.326852	1.5254023
20.50156678379548	2.3150332	1.5215234
20.519378076283708	2.2852068	1.51169
20.537189869888635	2.2674644	1.5058103
20.55500216508294	2.2722266	1.5073906
20.572814962339415	2.295893	1.5152204
20.59062826213098	2.3136024	1.5210531
20.60844206493066	2.313934	1.521162
20.626256371211593	2.3059025	1.5185199
20.644071181447032	2.3107047	1.5201002
20.66188649611036	2.3134496	1.5210029
20.67970231567506	2.2773712	1.5090961
20.697518640614742	2.2748263	1.5082527
20.715335471403122	2.2947547	1.5148448
20.73315280851404	2.2887118	1.5128489
20.750970652421447	2.2881904	1.5126766
20.768789003599412	2.2546942	1.5015639
20.786607862522136	2.2526827	1.500894
20.8044272296639	2.2374213	1.4958012
20.82224710549913	2.2226973	1.4908713
20.84006749050237	2.2206402	1.4901812
20.857888385148268	3.7874322	1.9461327
20.8757097899116	45.897453	6.774766
20.893531705267254	64.74713	8.04656
20.911354131690224	83.78548	9.15344
20.92917706965566	69.032814	8.3085985
20.94700051963877	50.083588	7.076976
20.96482448211493	29.302757	5.4132023
20.982648957559622	4.0549664	2.0136948
21.00047394644843	2.1709764	1.4734234
21.01829944925707	2.1848629	1.4781282
21.036125466461375	2.201015	1.4835818
21.053951998537297	2.2162485	1.488707
21.071779045960906	2.1944559	1.4813696
21.089606609208378	2.1862292	1.4785903
21.10743468875603	2.2073517	1.4857159
21.12526328508028	2.199493	1.4830687
21.143092398657675	2.1887627	1.4794468
21.16092202996488	2.1837106	1.4777384
21.17875217947867	2.201468	1.4837345
21.19658284767596	2.1723719	1.4738969
21.21441403503377	2.1703296	1.4732039
21.232245742029225	2.1543818	1.4677812
21.2500779691396	2.1922119	1.480612
21.26791071684227	2.2169278	1.4889351
21.28574398561475	2.2147417	1.4882008
21.30357777593465	2.1596766	1.4695837
21.321412088279704	2.1368113	1.4617835
21.339246923127792	2.137346	1.4619665
21.357082280956888	2.1162996	1.4547507
21.3749181622451	2.109555	1.4524307
21.392754567470647	2.1079316	1.4518718
21.41059149711187	2.1005285	1.44932
21.42842895164726	2.0996253	1.4490083
21.446266931555378	2.0818086	1.4428474
21.464105437314945	2.118495	1.455505
21.481944469404798	2.132458	1.4602938
21.49978402830388	2.1064103	1.4513477
21.51762411449127	2.115137	1.4543511
21.53546472844617	2.0796332	1.4420934
21.553305870647876	2.077801	1.441458
21.571147541575865	2.0682502	1.4381412
21.58898974170967	2.0662286	1.4374382
21.60683247152899	2.077486	1.4413487
21.62467573151363	2.0457618	1.4303013
21.642519522143523	2.0094585	1.4175537
21.660363843898722	1.9981836	1.4135712
21.6782086972594	2.0061867	1.4163992
21.696054082705864	2.0234542	1.4224817
21.713900000718535	2.0286329	1.4243008
21.73174645177795	2.0083108	1.4171488
21.749593436364794	2.0032334	1.4153563
21.767440954959845	1.9905201	1.4108579
21.785289008044032	2.004363	1.4157553
21.803137596098388	2.045814	1.4303195
21.820986719604086	2.0511358	1.4321787
21.838836379042412	2.046857	1.4306841
21.85668657489478	2.0274918	1.4239002
21.87453730764273	2.020894	1.4215815
21.892388577767914	1.9811345	1.4075278
21.91024038575213	1.943081	1.3939444
21.928092732077285	1.9424855	1.3937308
21.945945617225426	1.9677942	1.4027809
21.963799041678694	1.9847516	1.4088122
21.981653005919398	31.308384	5.5953894
21.999507510429943	78.10275	8.837576
22.01736255569286	73.07261	8.548252
22.035218142190818	4.1571918	2.0389192
22.05307427040661	1.9641647	1.4014866
22.07093094082315	1.91748	1.384731
22.088788153923474	1.9415095	1.3933806
22.106645910190746	1.9374226	1.3919133
22.12450421010827	1.9628086	1.4010028
22.142363054159464	2.0155187	1.4196897
22.16022244282787	2.0139096	1.4191228
22.178082376597164	1.9993939	1.4139993
22.195942855951145	1.9569753	1.3989193
22.213803881373742	1.9263029	1.3879131
22.231665453349002	1.8884059	1.3741928
22.24952757236111	1.8771846	1.3701038
22.26739023889438	1.8908854	1.3750947
22.28525345343323	1.945044	1.3946483
22.30311721646225	1.9950901	1.4124765
22.320981528466113	1.9645418	1.4016211
22.33884638992964	1.9197593	1.3855538
22.356711801337788	1.9093076	1.3817769
22.37457776317561	1.9109006	1.3823533
22.392444275928337	1.8919647	1.3754871
22.410311340081282	1.8864094	1.3734663
22.428178956119904	1.9066448	1.3808131
22.446047124529805	1.9118981	1.382714
22.46391584579669	1.9465892	1.3952022
22.481785120406414	1.9283664	1.3886564
22.49965494884496	1.934352	1.3908099
22.51752533159841	1.93997	1.3928281
22.53539626915302	1.9477472	1.3956171
22.553267761995137	1.9505326	1.3966147
22.571139810611264	1.9240428	1.3870987
22.589012415488025	1.9142054	1.3835481
22.60688557711216	1.9206984	1.3858926
22.624759295970566	1.9170929	1.3845912
22.642633572550263	1.8737541	1.3688514
22.660508407338362	1.8778133	1.3703333
22.67838380082217	1.869948	1.3674605
22.696259753489077	1.890698	1.3750266
22.714136265826614	1.8735818	1.3687885
22.73201333832246	1.8659097	1.365983
22.74989097146439	1.9050856	1.3802484
22.76776916574035	1.9091731	1.3817283
22.785647921638393	1.9129831	1.3831064
22.803527239646712	1.9145861	1.3836857
22.82140712025363	1.9077936	1.381229
22.839287563947593	1.8800051	1.3711327
22.85716857121719	1.8980107	1.377683
22.875050142551135	1.9213742	1.3861364
22.892932278438277	1.9194497	1.385442
22.910814979367604	1.9046129	1.3800771
22.928698245828222	1.9077923	1.3812286
22.946582078309387	1.8794162	1.370918
22.96446647730047	1.86715	1.366437
22.98235144329098	1.9008762	1.3787227
23.000236976770562	1.909472	1.3818364
23.018123078229	1.8905323	1.3749663
23.03600974815619	1.8902122	1.3748499
23.053896987042194	1.9488138	1.3959992
23.071784795377173	1.9392338	1.3925637
23.08967317365145	1.8846645	1.3728309
23.10756212235546	1.8824492	1.3720237
23.125451641979787	1.9220102	1.3863658
23.143341733015134	1.9374777	1.3919331
23.161232395952357	1.9452823	1.3947338
23.179123631282426	1.9424176	1.3937064
23.197015439496468	1.9147209	1.3837343
23.214907821085717	1.917767	1.3848346
23.23280077654157	1.9024982	1.3793107
23.250694306355538	1.906712	1.3808374
23.268588411019277	1.8914204	1.3752892
23.28648309102458	1.8956467	1.3768249
23.304378346863356	1.9231689	1.3867836
23.322274179027676	1.9147937	1.3837607
23.340170588009723	1.8800185	1.3711376
23.358067574301852	1.8872511	1.3737726
23.37596513839651	1.9240469	1.3871002
23.39386328078629	1.9788078	1.4067011
23.411762001963947	1.9513999	1.3969252
23.429661302422353	1.922513	1.3865472
23.4475611826545	1.9268268	1.3881019
23.46546164315356	1.9239863	1.3870783
23.48336268441279	1.9014829	1.3789427
23.501264306925638	1.8523127	1.360997
23.51916651118564	1.8739076	1.3689075
23.537069297686497	1.9007891	1.3786911
23.554972666922037	1.9415978	1.3934124
23.57287661938623	1.927456	1.3883286
23.59078115557318	1.913151	1.383167
23.608686275977128	1.9153622	1.3839661
23.62659198109246	1.9151382	1.3838851
23.6444982714137	1.8872694	1.3737792
23.66240514743549	1.8988379	1.3779833
23.68031260965263	1.8729626	1.3685622
23.698220658560068	1.9017068	1.3790239
23.716129294652845	1.8853822	1.3730922
23.7340385184262	1.8611331	1.3642335
23.75194833037546	1.8393166	1.356214
23.769858730996123	1.8632978	1.3650267
23.78776972078382	1.8664172	1.3661687
23.80568130023431	1.8410374	1.3568484
23.823593469843495	1.8286903	1.3522907
23.841506230107424	1.8477608	1.3593236
23.859419581522275	1.8777671	1.3703164
23.87733352458438	1.8620825	1.3645815
23.89524805979019	1.8486247	1.3596414
23.913163187636318	1.8758473	1.3696158
23.931078908619508	1.8593799	1.3635908
23.948995223236633	1.854784	1.3619045
23.966912131984735	1.8674345	1.366541
23.98482963536096	1.9167646	1.3844727
24.002747733862616	1.9502615	1.3965176
24.020666427987155	1.9891869	1.4103854
24.038585718232156	1.9926792	1.4116229
24.056505605095353	1.9963009	1.4129051
24.074426089074617	2.0464883	1.4305552
24.092347170667946	2.0401745	1.4283468
24.110268850373515	2.0233462	1.4224437
24.128191128689586	2.006677	1.4165722
24.146114006114626	1.9875827	1.4098165
24.164037483147187	1.9728647	1.404587
24.181961560286005	1.9991783	1.413923
24.199886238029926	1.9799191	1.407096
24.21781151687797	2.0085046	1.4172173
24.235737397329274	2.019714	1.4211664
24.253663879883135	2.0397456	1.4281967
24.271590965038975	1.9926646	1.4116178
24.289518653296376	1.9866298	1.4094785
24.30744694515505	2.010739	1.4180053
24.32537584111486	2.0086713	1.417276
24.34330534167581	2.0311735	1.4251925
24.361235447338046	2.058803	1.434853
24.379166158601876	2.03138	1.4252648
24.39709747596772	1.9693546	1.403337
24.41502939993615	1.9549421	1.3981924
24.432961931007917	1.9086291	1.3815315
24.450895069683856	1.9273515	1.3882909
24.468828816465	1.9261141	1.3878452
24.4867631718525	1.9245433	1.387279
24.504698136347656	1.8982631	1.3777747
24.52263371045192	1.9190209	1.3852873
24.540569894666874	1.904663	1.3800952
24.558506689494266	1.8414187	1.3569889
24.57644409543597	1.8587384	1.3633555
24.594382112994012	1.9119812	1.3827441
24.61232074267057	1.9623997	1.4008567
24.630259984967953	1.9396265	1.3927047
24.64819984038863	1.9153922	1.3839769
24.66614030943522	1.9339472	1.3906643
24.684081392610462	1.973522	1.4048209
24.702023090417274	1.9667344	1.4024031
24.7199654033587	1.9545597	1.3980557
24.737908331937927	1.9663486	1.4022655
24.755851876658305	1.9917772	1.4113034
24.773796038023324	2.020769	1.4215375
24.79174081653661	2.019353	1.4210393
24.809686212701962	2.046695	1.4306275
24.827632227023294	2.0942967	1.4471685
24.8455788600047	2.1025476	1.4500164
24.8635261121504	2.1039329	1.450494
24.88147398396475	2.0646565	1.4368913
24.899422475952303	2.056967	1.434213
24.917371588617698	2.0427194	1.4292374
24.935321322465768	2.1252785	1.4578335
24.953271678001478	2.252356	1.5007851
24.97122265572994	2.4457927	1.563903
24.989174256156414	2.7259138	1.6510341
25.00712647978632	3.0981874	1.7601669
25.02507932712521	3.573295	1.8903161
25.043032798678798	4.0239806	2.0059862
25.060986894952933	4.6336627	2.1525943
25.078941616453637	5.31596	2.3056366
25.096896963687055	6.1395183	2.4778051
25.114852937159508	7.2546635	2.6934483
25.132809537377444	7.747689	2.783467
25.150766764847468	7.833895	2.7989097
25.168724620076347	7.2943845	2.7008119
25.186683103570985	6.4155493	2.5328934
25.204642215838426	5.406276	2.32514
25.222601957385894	4.200516	2.0495162
25.24056232872074	3.2493086	1.8025838
25.25852333035048	2.6388674	1.6244591
25.276484962782778	2.2623265	1.5041032
25.294447226525435	2.1012697	1.4495757
25.312410122086423	2.020838	1.4215618
25.330373649973843	1.9494792	1.3962375
25.348337810695988	1.9184465	1.38508
25.366302604761245	1.9133359	1.3832339
25.384268032678207	1.9220501	1.3863802
25.40223409495558	1.9099679	1.3820158
25.420200792102257	1.9295782	1.3890926
25.438168124627246	1.9328752	1.3902788
25.45613609303974	1.958039	1.3992995
25.474104697849057	1.9122509	1.3828416
25.492073939564698	1.8570788	1.3627468
25.510043818696285	1.8334341	1.3540436
25.528014335753614	1.8042984	1.3432417
25.54598549124664	1.781395	1.3346891
25.56395728568544	1.8043019	1.343243
25.58192971958028	1.821314	1.3495606
25.59990279344156	1.800823	1.3419474
25.617876507779833	1.8119053	1.3460703
25.635850863105826	1.8214232	1.3496011
25.653825859930386	1.8910534	1.3751558
25.671801498764548	1.8439554	1.3579232
25.68977778011949	1.7849946	1.3360369
25.707754704506524	1.7521974	1.3237059
25.725732272437153	1.7857273	1.3363111
25.743710484423012	1.8063672	1.3440115
25.761689340975888	1.8203251	1.3491943
25.77966884260774	1.8073417	1.3443741
25.797648989830662	1.7804507	1.3343353
25.815629783156922	1.8041826	1.3431987
25.83361122309895	1.8637997	1.3652105
25.85159331016929	1.9293431	1.3890079
25.869576044880695	1.8856105	1.3731753
25.887559427746034	1.8583199	1.3632021
25.90554345927836	1.88081	1.3714262
25.92352813999086	1.8826857	1.3721099
25.94151347039689	1.84399	1.3579359
25.959499451009965	1.814183	1.3469161
25.97748608234374	1.8071471	1.3443017
25.995473364912062	1.8159198	1.3475606
26.013461299228904	1.8393097	1.3562115
26.03144988580839	1.7763858	1.3328112
26.04943912516483	1.7537988	1.3243107
26.067429017812675	1.7642872	1.3282647
26.085419564266537	1.8404281	1.3566238
26.103410765041186	1.8699641	1.3674663
26.12140262065155	1.8340065	1.354255
26.139395131612723	1.7907606	1.338193
26.157388298439948	1.7763149	1.3327847
26.17538212164861	1.779333	1.3339164
26.193376601754295	1.7565337	1.3253429
26.211371739272714	1.7607182	1.3269206
26.229367534719746	1.8074825	1.3444264
26.247363988611433	1.7959242	1.3401209
26.26536110146397	1.7341117	1.3168567
26.283358873793727	1.7772168	1.333123
26.301357306117204	1.846169	1.3587381
26.319356398951104	1.8303897	1.352919
26.33735615281224	1.7448543	1.3209293
26.35535656821762	1.7243178	1.3131328
26.373357645684404	1.7343417	1.3169441
26.39135938572991	1.7222092	1.3123296
26.409361788871614	1.7471353	1.3217925
26.427364855627165	1.7981924	1.3409669
26.445368586514352	1.7885675	1.3373734
26.46337298205115	1.781121	1.3345865
26.48137804275568	1.7624865	1.3275867
26.499383769146217	1.7602515	1.3267447
26.517390161741215	1.8035094	1.342948
26.53539722105928	1.7949071	1.3397415
26.553404947619182	1.7556201	1.3249981
26.571413341939856	1.7454593	1.3211583
26.589422404540397	1.7470092	1.3217448
26.60743213594006	1.7418242	1.3197819
26.62544253665827	1.7448198	1.3209163
26.64345360721459	1.7601737	1.3267154
26.66146534812879	1.8253449	1.3510532
26.679477759920758	1.8252319	1.3510114
26.69749084311057	1.8192092	1.3487806
26.71550459821847	1.8072522	1.3443408
26.733519025764842	1.799401	1.3414176
26.751534126270258	1.8095316	1.3451883
26.769549900255434	1.8341905	1.3543229
26.787566348241267	1.8215822	1.34966
26.80558347074881	1.7973503	1.340653
26.823601268299267	1.7365775	1.3177927
26.841619741414036	1.6940255	1.3015474
26.85963889061465	1.7517554	1.3235389
26.877658716422832	1.8026237	1.3426182
26.89567921936045	1.8098509	1.345307
26.913700399949544	1.7834345	1.3354529
26.93172225871233	1.7616616	1.327276
26.949744796171174	1.7842273	1.3357497
26.967768012848605	1.7830756	1.3353186
26.98579190926733	1.8007112	1.3419058
27.003816485950225	1.7733727	1.3316804
27.021841743420318	1.7811114	1.3345828
27.039867682200814	1.7580667	1.325921
27.057894302815072	1.7896348	1.3377724
27.07592160578664	1.7983541	1.3410273
27.0939495916392	1.7827297	1.335189
27.111978260896635	1.7696006	1.3302634
27.13000761408296	1.7667396	1.3291876
27.148037651722397	1.7906224	1.3381413
27.166068374339304	1.7793576	1.3339256
27.184099782458215	1.7848983	1.3360008
27.20213187660384	1.7837522	1.3355719
27.22016465730105	1.789882	1.3378646
27.23819812507487	1.7934834	1.33921
27.256232280450533	1.7752047	1.332368
27.274267123953383	1.7728572	1.3314868
27.292302656108987	1.7702657	1.3305134
27.31033887744306	1.7651896	1.3286043
27.32837578848146	1.7726383	1.3314047
27.34641338975026	1.7686303	1.3298986
27.364451681775673	1.7601224	1.326696
27.382490665084074	1.7429174	1.320196
27.400530340202046	1.753842	1.324327
27.41857070765629	1.7801163	1.33421
27.436611767973726	1.8100052	1.3453643
27.454653521681404	1.7453538	1.3211184
27.472695969306564	1.7166466	1.3102086
27.490739111376627	1.762931	1.3277541
27.508782948419153	1.7926507	1.338899
27.526827480961902	1.7501994	1.3229511
27.54487270953279	1.7567594	1.325428
27.562918634659898	1.7659435	1.328888
27.580965256871508	1.761121	1.3270724
27.599012576696026	1.7742338	1.3320037
27.617060594662068	1.767715	1.3295544
27.63510931129842	1.8045272	1.3433269
27.65315872713401	1.8234451	1.35035
27.67120884269797	1.8160517	1.3476096
27.68925965851958	1.7985966	1.3411176
27.707311175128307	1.7949014	1.3397393
27.725363393053787	1.8209665	1.3494319
27.74341631282583	1.8281552	1.3520929
27.7614699349744	1.7923049	1.3387699
27.77952426002968	1.9851393	1.4089497
27.797579288521973	2.0580537	1.4345919
27.815635020981784	2.614733	1.6170136
27.83369145793979	2.6494095	1.6277007
27.85174859992682	2.509516	1.5841452
27.869806447473923	2.380035	1.5427362
27.887865001112267	2.0045314	1.4158148
27.905924261373233	1.8692172	1.3671932
27.92398422878836	1.872552	1.3684123
27.94204490388936	1.8692844	1.3672178
27.96010628720813	1.852102	1.3609196
27.978168379276728	1.8532792	1.361352
27.9962311806274	1.8413402	1.3569599
28.014294691792568	1.8178741	1.3482856
28.0323589133048	1.788841	1.3374757
28.050423845696887	1.7908503	1.3382266
28.068489489501758	1.7923679	1.3387935
28.086555845252523	1.7981502	1.3409512
28.104622913482487	1.8616171	1.3644109
28.122690694725115	1.8945702	1.3764338
28.14075918951405	1.9398255	1.3927763
28.15882839838312	1.9314573	1.3897688
28.176898321866304	1.8748701	1.369259
28.1949689604978	1.8721648	1.3682708
28.213040314811945	1.8935425	1.3760605
28.23111238534327	1.876656	1.369911
28.249185172626493	1.8683519	1.3668767
28.267258677196473	1.8521657	1.360943
28.285332899588294	1.8374184	1.355514
28.303407840337172	1.8759011	1.3696353
28.321483499978545	1.9158033	1.3841255
28.33955987904799	1.8920132	1.3755047
28.357636978081285	1.8395865	1.3563136
28.37571479761439	1.8500043	1.3601487
28.393793338183425	1.8881216	1.3740894
28.41187260032469	1.9007214	1.3786665
28.429952584574686	1.8879049	1.3740106
28.448033291470065	1.9163576	1.3843257
28.46611472154769	1.9297467	1.3891532
28.484196875344566	1.8988147	1.3779749
28.502279753397914	1.8653785	1.3657886
28.52036335624511	1.8910645	1.3751599
28.538447684423716	1.9340229	1.3906915
28.556532738471482	1.8906595	1.3750125
28.574618518926325	1.8338971	1.3542145
28.59270502632635	1.868096	1.366783
28.61079226120985	1.9531065	1.3975359
28.628880224115274	1.973481	1.4048064
28.646968915581287	1.9968135	1.4130865
28.66505833614671	2.0107546	1.4180108
28.68314848635055	2.0326197	1.4256997
28.701239366732004	2.0134902	1.418975
28.71933097783044	2.0159018	1.4198246
28.737423320185403	2.032909	1.4258012
28.75551639433665	2.05897	1.4349111
28.773610200824074	2.077571	1.4413781
28.791704740187793	2.0916307	1.4462471
28.80980001296809	2.0802345	1.4423019
28.827896019705413	2.140173	1.462933
28.845992760940433	2.188335	1.4793022
28.86409023721397	2.163192	1.4707794
28.88218844906704	2.1559453	1.4683138
28.900287397040845	2.1338334	1.4607646
28.918387081676755	2.1383166	1.4622984
28.936487503516343	2.1698453	1.4730395
28.954588663101365	2.2091725	1.4863285
28.97269056097374	2.2302003	1.4933856
28.990793197675597	2.2598488	1.5032793
29.00889657374923	2.3203013	1.5232536
29.027000689737125	2.3336122	1.5276165
29.04510554618196	2.395566	1.5477616
29.06321114362659	2.4471357	1.5643324
29.08131748261405	2.477926	1.5741429
29.099424563687567	2.4649138	1.5700045
29.11753238739057	2.4433522	1.5631226
29.13564095426663	2.4281907	1.5582653
29.15375026485954	2.4893467	1.5777664
29.171860319713275	2.5606444	1.6002014
29.18997111937199	2.575915	1.6049658
29.20808266438002	2.634321	1.6230592
29.226194955281898	2.7269955	1.6513617
29.244307992622335	2.8045073	1.6746663
29.26242177694624	2.8138733	1.6774603
29.2805363087987	2.798985	1.6730168
29.29865158872498	2.82349	1.6803243
29.316767617270557	2.8017893	1.6738546
29.334884394981064	2.840607	1.68541
29.353001922402367	2.8792086	1.6968231
29.37112020008047	2.9834027	1.727253
29.389239228561596	3.123424	1.7673211
29.407359008392152	3.3121166	1.8199221
29.42547954011872	3.6323926	1.9058837
29.44360082428809	4.273287	2.067193
29.46172286144722	5.26211	2.293929
29.479845652143283	6.6925306	2.5869925
29.497969196923606	8.454254	2.90762
29.516093496335728	10.633162	3.2608528
29.5342185509274	12.8965645	3.5911787
29.55234436124651	14.762097	3.8421476
29.570470927841175	15.870725	3.9838078
29.588598251259686	15.877953	3.984715
29.60672633205055	14.793989	3.8462956
29.624855170762405	12.834347	3.5825057
29.642984767944146	10.666871	3.2660177
29.66111512414481	8.398395	2.8979983
29.67924623991366	6.300995	2.5101783
29.697378115800138	4.9420567	2.2230737
29.71551075235387	4.1235356	2.0306492
29.733644150124675	3.646556	1.9095957
29.751778309662576	3.4290557	1.851771
29.769913231517766	3.3805618	1.8386304
29.78804891624066	3.3271503	1.8240478
29.806185364381818	3.2851298	1.8124927
29.82432257649206	3.2807794	1.8112922
29.842460553122333	3.3173976	1.8213724
29.86059929482382	3.2962468	1.8155569
29.878738802147872	3.2522569	1.8034015
29.896879075646048	3.1720812	1.7810338
29.915020115870114	3.139781	1.7719427
29.933161923371976	3.1674495	1.779733
29.951304498703777	3.2292676	1.7970163
29.969447842417857	3.2610598	1.8058405
29.987591955066733	3.1823983	1.7839278
30.005736837203123	3.1553118	1.7763197
30.023882489379943	3.148355	1.7743604
30.04202891215028	3.134416	1.7704282
30.060176106067455	3.0764945	1.7539939
30.078324071684946	3.0241988	1.7390224
30.09647280955646	3.0362504	1.742484
30.114622320235863	3.0652273	1.750779
30.132772604277257	3.0808847	1.7552449
30.1509236622349	3.028766	1.740335
30.16907549466328	3.0298707	1.7406524
30.18722810211705	3.0535328	1.747436
30.205381485151097	3.077416	1.7542565
30.22353564432045	2.9927332	1.7299519
30.241690580180403	2.9247236	1.7101823
30.25984629328638	2.9403465	1.7147439
30.278002784194037	2.9412158	1.7149973
30.296160053459246	2.9427528	1.7154454
30.314318101638033	2.918902	1.7084794
30.332476929286646	2.8755662	1.6957495
30.35063653696153	2.8416214	1.6857109
30.368796925219307	2.8374608	1.6844764
30.386958094616844	2.8594117	1.6909795
30.40512004571115	2.8825955	1.6978208
30.423282779059463	2.8835006	1.6980873
30.441446295219233	2.844229	1.6864842
30.459610594748067	2.8248153	1.6807187
30.47777567820382	2.834544	1.6836104
30.495941546144504	2.8494046	1.688018
30.51410819912835	2.7823646	1.6680422
30.532275637713795	2.730254	1.652348
30.55044386245946	2.7466917	1.6573147
30.56861287392416	2.7070572	1.6453137
30.586782672666956	2.7074108	1.6454211
30.604953259247047	2.6914327	1.6405586
30.623124634223885	2.7158952	1.6479974
30.641296798157075	2.7036352	1.6442735
30.659469751606462	2.6968262	1.6422017
30.677643495132074	2.6856298	1.6387892
30.695818029294152	2.5991952	1.6122019
30.713993354653116	2.5678155	1.6024405
30.73216947176962	2.6188478	1.6182854
30.75034638120448	2.622501	1.6194137
30.768524083518756	2.6298792	1.6216903
30.786702579273673	2.716024	1.6480364
30.80488186903069	2.7000463	1.6431818
30.82306195335144	2.751202	1.6586748
30.841242832797782	2.9436681	1.7157122
30.85942450793176	3.2114372	1.7920483
30.877606979315637	3.5767407	1.8912274
30.895790247511883	3.9625351	1.9906118
30.913974313083134	4.215005	2.0530477
30.932159176592283	4.538614	2.1304023
30.95034483860237	4.6512117	2.1566668
30.968531299676698	4.493382	2.1197598
30.98671856037873	4.2828107	2.0694952
31.00490662127215	3.977714	1.9944208
31.023095482920848	3.5025818	1.8715186
31.04128514588892	3.0993586	1.7604995
31.059475610740662	2.7718823	1.6648971
31.07766687804056	2.5706148	1.6033137
31.09585894835335	2.4745286	1.5730634
31.11405182224393	2.5025954	1.5819594
31.132245500277417	2.420496	1.5557944
31.15043998301914	2.2898254	1.513217
31.168635271034628	2.2320013	1.4939884
31.18683136488964	2.2982013	1.5159819
31.20502826515008	2.4085112	1.5519378
31.223225972382135	2.4242532	1.5570014
31.241424487152155	2.3841898	1.5440822
31.259623810026692	2.3895662	1.5458221
31.27782394157253	2.4442918	1.5634232
31.296024882356644	2.4183457	1.5551031
31.314226632946237	2.420266	1.5557203
31.332429193908684	2.4321938	1.5595492
31.350632565811598	2.4149473	1.55401
31.368836749222787	2.3605769	1.5364169
31.387041744710295	2.3897357	1.545877
31.40524755284232	2.499776	1.5810679
31.423454174187317	2.5809164	1.606523
31.441661609313922	2.563408	1.6010646
31.459869858791002	2.4584374	1.5679405
31.478078923187628	2.3208032	1.5234183
31.496288803073064	2.2475157	1.4991716
31.514499499016807	2.23831	1.4960983
31.532711011588546	2.3350832	1.5280979
31.550923341358178	2.363729	1.5374423
31.56913648889584	2.3141794	1.5212427
31.587350454771844	2.2370965	1.4956926
31.605565239556732	2.2685575	1.5061731
31.62378084382127	2.2856581	1.5118393
31.641997268136382	2.2677157	1.5058937
31.660214513073274	2.1913202	1.4803108
31.67843257920331	2.1896124	1.479734
31.6966514670981	2.2007823	1.4835033
31.71487117732944	2.2646008	1.5048591
31.733091710469346	2.2728853	1.5076091
31.751313067090052	2.2731922	1.5077109
31.769535247764008	2.2431567	1.4977171
31.787758253063878	2.2283201	1.4927559
31.805982083562526	2.27403	1.5079887
31.824206739833024	2.2640014	1.5046599
31.84243222244869	2.1890268	1.479536
31.860658531983013	2.1987536	1.4828194
31.878885669009737	2.223664	1.4911956
31.897113634102784	2.255577	1.5018579
31.91534242783632	2.2772243	1.5090475
31.933572050784694	2.268992	1.5063174
31.951802503522508	2.1933978	1.4810125
31.970033786624548	2.1692917	1.4728515
31.988265900665834	2.16048	1.4698571
32.006498846221575	2.130587	1.459653
32.02473262386724	2.1388125	1.4624679
32.04296723417845	2.18932	1.4796351
32.0612026777311	2.2040362	1.4845997
32.07943895510129	2.1926415	1.4807571
32.097676066865304	2.162085	1.4704031
32.115914013599685	2.1962893	1.4819883
32.13415279588115	2.1941967	1.4812821
32.152392414286666	2.1029866	1.4501678
32.1706328693934	2.0232663	1.4224156
32.18887416177875	2.0628276	1.4362547
32.20711629202032	2.1211345	1.4564115
32.225359260695924	2.0986254	1.4486634
32.243603068383614	2.0826917	1.4431534
32.26184771566166	2.030234	1.4248629
32.28009320310852	2.010172	1.4178053
32.2983395313029	1.9969748	1.4131436
32.31658670082372	2.0238683	1.4226272
32.33483471225012	2.026151	1.4234293
32.35308356616143	2.0597048	1.4351672
32.371333263137245	2.04579	1.4303111
32.38958380375734	1.9726167	1.4044987
32.407835188601744	1.9364741	1.3915725
32.42608741825067	1.9707769	1.4038436
32.444340493284585	2.0359943	1.4268827
32.46259441428416	2.0474136	1.4308786
32.48084918183028	1.9808962	1.4074432
32.49910479650405	1.9872034	1.409682
32.51736125888683	1.9864792	1.4094251
32.53561856956014	2.021868	1.421924
32.5538767291058	2.014478	1.4193231
32.572135738105764	1.972281	1.4043792
32.59039559714228	1.9317589	1.3898773
32.608656306797776	1.9786022	1.4066279
32.62691786765491	1.9689323	1.4031864
32.645180280296586	1.9627415	1.4009788
32.663443545305896	1.9181032	1.384956
32.68170766326619	1.9245572	1.3872842
32.69997263476099	2.039041	1.4279499
32.7182384603741	2.0716956	1.4393386
32.7365051406895	1.9532074	1.3975719
32.75477267629144	1.9481382	1.3957572
32.77304106776434	1.973211	1.4047103
32.79131031569289	1.9594927	1.3998188
32.809580420661966	2.0138109	1.419088
32.827851383256714	2.0432415	1.42942
32.84612320406245	2.097115	1.4481419
32.86439588366476	2.0919807	1.4463681
32.88266942264945	2.0503726	1.4319122
32.9009438216025	1.9739562	1.4049755
32.9192190811102	1.8867344	1.3735845
32.937495201758985	1.8492972	1.3598887
32.95577218413556	1.885691	1.3732047
32.974050028826866	1.8583459	1.3632116
32.992328736420035	1.8177168	1.3482273
33.010608307502444	1.7682599	1.3297594
33.02888874266169	1.8461498	1.3587309
33.047170042485604	1.9963402	1.412919
33.06545220756225	2.1116734	1.4531598
33.083735238479896	2.0630474	1.4363313
33.10201913582707	1.9850507	1.4089183
33.12030390019248	1.9486182	1.3959291
33.138589532165135	1.9065135	1.3807656
33.15687603233419	1.8327975	1.3538085
33.17516340128909	1.8730766	1.3686038
33.19345163961947	1.9535158	1.3976823
33.211740747915215	1.9882672	1.4100593
33.23003072676643	1.8792311	1.3708504
33.248321576763466	1.8842282	1.372672
33.266613298496885	1.9167469	1.3844663
33.28490589255747	1.9107414	1.3822957
33.30319935953626	1.8292515	1.3524983
33.32149370002451	1.9149686	1.3838239
33.339788914613706	1.9977285	1.4134102
33.358085003895575	1.9971316	1.4131991
33.376381968462034	1.9447503	1.394543
33.39467980890529	1.9993023	1.4139669
33.41297852581774	2.0169601	1.4201972
33.43127811979204	1.931605	1.3898219
33.44957859142105	1.891623	1.3753629
33.467879941297866	1.8798004	1.3710581
33.486182170015844	1.8130144	1.3464823
33.50448527816853	1.8776331	1.3702675
33.522789266349754	1.9513158	1.396895
33.541094135153514	1.9195226	1.3854684
33.55939988517411	1.9895829	1.4105258
33.57770651700602	2.018066	1.4205865
33.59601403124398	1.8904022	1.3749189
33.61432242848296	1.9089578	1.3816504
33.632631709318154	1.9447676	1.3945493
33.650941874344994	1.9957409	1.412707
33.66925292415916	2.019512	1.4210954
33.68756485935654	2.0176563	1.4204423
33.70587768053328	1.9708774	1.4038794
33.724191388285746	1.9517717	1.3970582
33.74250598321054	1.9483941	1.3958489
33.760821465904506	1.9987539	1.413773
33.77913783696474	2.0058722	1.4162881
33.79745509698852	1.9831612	1.4082476
33.815773246573414	1.9761603	1.4057597
33.8340922863172	1.937151	1.3918157
33.852412216817896	1.9222201	1.3864415
33.87073303867377	1.9627501	1.4009818
33.889054752483304	1.8387341	1.3559994
33.907377358845245	1.7243218	1.3131343
33.92570085835853	1.7424514	1.3200195
33.94402525162239	1.8238856	1.3505131
33.96235053923627	1.8166325	1.347825
33.980676721799824	1.8377215	1.3556259
33.999003799912984	1.8934737	1.3760356
34.01733177417592	1.9006975	1.3786578
34.03566064518901	1.9417831	1.3934788
34.0539904135529	2.0404081	1.4284285
34.07232107986846	2.0448015	1.4299655
34.090652644736785	1.9031042	1.3795304
34.108985108759235	1.8147945	1.347143
34.12731847253742	1.803465	1.3429315
34.14565273667313	1.7283256	1.3146579
34.16398790176847	1.7759292	1.3326399
34.18232396842574	1.9222618	1.3864566
34.20066093724749	1.9693484	1.4033347
34.21899880883651	1.9941132	1.4121307
34.23733758379583	1.9729352	1.4046121
34.25567726272874	1.9446137	1.394494
34.27401784623872	1.9114559	1.382554
34.29235933492957	1.9224348	1.386519
34.31070172940526	1.8840917	1.3726223
34.32904503027003	1.7393172	1.3188318
34.347389238128386	1.7963508	1.3402802
34.36573435358502	1.9124873	1.3829271
34.38408037724492	1.9586648	1.399523
34.402427309713296	2.0940118	1.4470701
34.42077515159559	2.1072943	1.4516523
34.43912390349752	1.9592888	1.399746
34.45747356602499	1.9212627	1.3860962
34.47582413978423	1.8789272	1.3707397
34.49417562538163	1.8011814	1.342081
34.51252802342388	1.9141053	1.3835119
34.53088133451789	2.0251381	1.4230735
34.54923555927084	1.9342318	1.3907666
34.567590698290104	1.8404101	1.3566172
34.58594675218336	1.9161351	1.3842453
34.6043037215585	1.9223735	1.3864969
34.62266160702365	1.9213948	1.3861439
34.641020409187234	2.0032296	1.415355
34.65938012865785	1.9969593	1.4131382
34.677740766044394	1.8702643	1.3675761
34.69610232195598	1.8089958	1.3449892
34.714464797002016	1.9847703	1.4088187
34.73282819179208	1.9914441	1.4111854
34.751192506936064	1.8633008	1.3650278
34.76955774304408	1.8502061	1.3602228
34.7879239007265	1.9362321	1.3914856
34.80629098059391	1.9048406	1.3801596
34.824658983257194	1.8422335	1.3572891
34.843027909327446	1.804928	1.343476
34.86139775941603	1.7904108	1.3380623
34.879768534134534	1.7235196	1.3128289
34.89814023409483	1.773188	1.331611
34.91651285990901	2.017441	1.4203665
34.93488641218944	2.1004553	1.4492948
34.95326089154871	1.8665199	1.3662064
34.97163629859967	1.9474036	1.395494
34.99001263395542	2.120443	1.4561741
35.00838989822934	1.9797158	1.4070238
35.02676809203499	1.8468175	1.3589766
35.04514721598624	1.8657951	1.3659412
35.063527270697215	1.9545938	1.3980678
35.081908256782256	1.8132153	1.3465568
35.10029017485597	1.6643322	1.29009
35.11867302553321	1.6601822	1.2884806
35.137056809429104	1.83137	1.3532811
35.155441527159006	1.9030855	1.3795236
35.173827179338524	2.1801903	1.4765468
35.19221376658354	2.2223196	1.4907446
35.21060128951017	2.0073345	1.4168043
35.2289897487348	1.9243512	1.3872099
35.24737914487405	2.1436608	1.4641246
35.26576947854479	2.20969	1.4865026
35.28416075036418	2.0667	1.4376022
35.30255296094958	1.9040538	1.3798746
35.32094611091867	1.7077807	1.3068209
35.33934020088932	1.558065	1.2482247
35.35773523147969	1.946926	1.3953229
35.3761312033082	2.0839899	1.443603
35.394528116993506	1.9306655	1.3894839
35.41292597315452	1.9372851	1.3918638
35.431324772410434	1.9256048	1.3876617
35.449724515380666	1.9633723	1.4012039
35.46812520268491	2.2513742	1.500458
35.486526834943106	2.4151905	1.5540884
35.504929412775454	2.1000018	1.4491383
35.52333293680242	1.7396309	1.3189507
35.54173740764471	1.5538933	1.2465526
35.560142825923286	1.299835	1.1401031
35.5785491922594	0.97297657	0.9863957
35.59695650727454	1.1773034	1.0850362
35.61536477159042	1.7820303	1.3349271
