0.008763373481513119	0.0	0.0
0.026290120649546365	0.0	0.0
0.043816868432600686	0.0	0.0
0.06134361724069026	0.08123471	0.28501704
0.07887036748382949	0.32420486	0.5693899
0.0963971195720331	0.53169775	0.7291761
0.11392387391531617	0.5149102	0.71757245
0.1314506309236943	0.50325227	0.70940274
0.1489773910071836	0.366133	0.60508925
0.16650415457580078	0.3247086	0.5698321
0.18403092203956356	0.21706975	0.46590745
0.20155769380849	0.1750009	0.4183311
0.2190844702925996	0.21818125	0.46709877
0.2366112519019124	0.2685246	0.5181936
0.2541380390464497	0.31025842	0.55700845
0.27166483213623416	0.32061195	0.56622607
0.28919163158128947	0.2778174	0.5270839
0.3067184377916406	0.27344185	0.5229167
0.324245251177314	0.25054878	0.5005485
0.34177207214833777	0.22536248	0.47472358
0.3592989011147415	0.23723127	0.4870639
0.37682573848655654	0.20823817	0.4563312
0.39435258467381573	0.18427137	0.42926842
0.41187944008655414	0.14255323	0.37756222
0.42940630513480854	0.11812215	0.34368902
0.446933180228618	0.120275594	0.34680772
0.4644600657780234	0.14701094	0.38342005
0.48198696219306775	0.17121388	0.41378
0.49951386988379676	0.18296091	0.4277393
0.5170407892602581	0.15861431	0.3982641
0.5345677207325025	0.1645028	0.40558946
0.5520946647105822	0.17866611	0.42268914
0.5696216216045534	0.17031226	0.41268906
0.5871485918244737	0.17419517	0.41736695
0.6046755757804043	0.17800426	0.42190552
0.6222025738824094	0.16942161	0.41160858
0.6397295865405557	0.19213365	0.43833053
0.6572566141649129	0.17403565	0.4171758
0.6747836571655547	0.16978402	0.41204858
0.6923107159525568	0.19633068	0.44309217
0.7098377909359992	0.19195813	0.43813026
0.7273648825259653	0.23249976	0.4821823
0.7448919911325411	0.26964584	0.51927435
0.762419117165817	0.27044216	0.5200405
0.7799462610358868	0.2185731	0.467518
0.7974734231528482	0.2052766	0.4530746
0.8150006039268024	0.15694325	0.39616063
0.8325278037678551	0.15936406	0.39920428
0.8500550230861152	0.1620332	0.40253347
0.8675822622916969	0.1802767	0.42459005
0.8851095217947171	0.17855415	0.42255667
0.9026368020052984	0.20481697	0.4525671
0.9201641033335665	0.2523266	0.50232124
0.9376914261896523	0.26706955	0.5167877
0.9552187709836915	0.26361546	0.51343495
0.9727461381258234	0.25185162	0.5018482
0.990273528026193	0.24651304	0.4965008
1.0078009410949496	0.30642927	0.55356055
1.0253283777422473	0.36206612	0.6017193
1.0428558383782454	0.39026096	0.6247087
1.0603833234131086	0.38999715	0.62449753
1.0779108332570058	0.36410704	0.6034128
1.0954383683201119	0.3400724	0.58315724
1.112965929012607	0.35732785	0.5977691
1.1304935157446763	0.43648693	0.6606716
1.1480211289265108	0.48264402	0.6947259
1.1655487689683062	1.3302854	1.15338
1.1830764362802655	1.625237	1.2748479
1.200604131272596	2.0455863	1.4302399
1.2181318543555117	2.383024	1.5437046
1.235659605939232	2.452958	1.5661923
1.253187386433982	3.9868674	1.9967141
1.270715196249994	6.4081345	2.5314293
1.2882430357975057	11.765172	3.4300396
1.3057709054867608	16.577682	4.07157
1.3232988057280106	22.528923	4.7464643
1.3408267369315112	27.682552	5.261421
1.358354699507526	31.559538	5.617788
1.3758826938663256	35.98012	5.9983435
1.3934107204181858	37.77363	6.146025
1.410938779573391	38.46827	6.2022796
1.4284668717422309	39.007957	6.245635
1.4459949973350033	38.275387	6.1867104
1.4635231567620117	37.957832	6.1609926
1.4810513504335687	37.16778	6.0965385
1.4985795787599925	36.467003	6.0387917
1.5161078421516088	36.255592	6.0212617
1.5336361410187505	35.48171	5.9566526
1.5511644757717598	35.510532	5.9590716
1.5686928468209842	36.04624	6.0038524
1.58622125457678	36.07417	6.0061774
1.6037496994495108	37.45692	6.120206
1.621278181849548	37.40723	6.116145
1.6388067021872719	38.46978	6.202401
1.6563352608730693	38.127068	6.1747117
1.673863858317336	37.37726	6.113694
1.6913924949304753	36.34485	6.028669
1.7089211711228998	34.855335	5.9038405
1.7264498873050296	33.711964	5.8062005
1.7439786438872935	32.935814	5.738973
1.7615074412801288	32.175716	5.672364
1.779036279893981	31.509995	5.6133766
1.796565160139305	30.592615	5.5310593
1.814094082426564	29.778614	5.4569783
1.8316230471662298	28.85775	5.371941
1.849152054768784	28.185232	5.3089767
1.8666811056447168	27.78934	5.2715592
1.8842102002045273	27.160795	5.211602
1.901739338858724	26.450512	5.1430063
1.9192685220178245	25.860117	5.085284
1.9367977500923557	25.2781	5.027733
1.9543270234928547	24.819153	4.9818826
1.971856342629867	24.062735	4.9053783
1.9893857079139496	23.277708	4.8246975
2.006915119755667	22.708677	4.7653623
2.0244445785655945	22.147184	4.7060795
2.0419740847543175	22.06582	4.697427
2.0595036387324317	21.56048	4.6433263
2.0770332409105414	21.096073	4.593046
2.094562891699263	20.73751	4.553846
2.1120925915092217	20.142448	4.488034
2.129622340751053	19.883234	4.459062
2.1471521398354043	188.03766	13.712683
2.1646819891729323	444.45712	21.082151
2.182211889174303	440.58163	20.990036
2.1997418402501974	453.047	21.2849
2.2172718428113023	433.13342	20.811857
2.234801897268317	321.2492	17.923426
2.2523320040319548	17.635933	4.199516
2.269862163512935	17.13618	4.139587
2.287392376121992	16.648634	4.0802736
2.304922642269869	16.427769	4.053118
2.322452962367322	16.159744	4.0199184
2.3399833368251164	15.855627	3.9819124
2.357513766054032	15.368119	3.9202192
2.3750442504648586	15.001196	3.8731377
2.3925747904683963	14.655596	3.8282628
2.410105386475459	14.6199875	3.823609
2.4276360388968707	14.3485775	3.7879517
2.445166748143469	14.077499	3.7519994
2.4626975146261025	13.743991	3.707289
2.4802283387556323	13.462206	3.669088
2.4977592209429305	13.297946	3.6466348
2.5152901615988825	13.092793	3.6183965
2.5328211611343865	12.954552	3.5992432
2.5503522199603523	12.867081	3.5870714
2.5678833384877024	12.593591	3.548745
2.5854145171273712	12.394091	3.5205243
2.6029457562903064	11.943151	3.4558866
2.620477056387469	11.701992	3.4208174
2.6380084178298326	11.608425	3.4071138
2.655539841028383	11.530063	3.3955946
2.673071326394119	11.517928	3.3938074
2.6906028743380523	11.31713	3.3640943
2.708134485271211	11.226392	3.350581
2.7256661596046325	11.049289	3.324047
2.743197897749369	10.845083	3.2931874
2.760729700116486	10.738388	3.276948
2.778261567117063	10.480288	3.2373273
2.795793499162193	10.304245	3.2100227
2.8133254966629817	10.195257	3.1930013
2.830857560030551	10.108202	3.17934
2.8483896896760337	9.978142	3.1588197
2.865921886010578	9.747367	3.1220772
2.883454149445347	9.583474	3.0957186
2.9009864803915177	9.320791	3.052997
2.91851887926028	9.231831	3.0383928
2.9360513464628384	9.332035	3.054838
2.953583882410413	9.240041	3.0397434
2.9711164875142373	9.200737	3.0332716
2.9886491621855606	9.122684	3.020378
3.0061819068356455	8.894148	2.9823058
3.023714721875769	8.747735	2.957657
3.041247607717225	8.577877	2.9288013
3.0587805647713213	8.328802	2.8859663
3.0763135934493806	8.179789	2.860033
3.0938466941627407	8.024738	2.8327968
3.1113798673227544	7.914193	2.8132176
3.1289131133407904	7.8842254	2.8078864
3.1464464326282315	7.8609867	2.803745
3.1639798255964786	7.8305087	2.7983046
3.1815132926569443	7.7694817	2.787379
3.1990468342210603	7.7580476	2.7853272
3.216580450700272	7.704244	2.775652
3.2341141425060416	7.5223274	2.7426863
3.251647910049847	7.344775	2.7101245
3.2691817537431813	7.255999	2.6936963
3.286715673997555	7.3356185	2.7084346
3.3042496712244938	7.316213	2.70485
3.32178374583554	7.2464414	2.6919215
3.339317898242251	7.086024	2.6619587
3.3568521288562034	6.8885355	2.624602
3.3743864380889876	6.715972	2.591519
3.3919208263522127	6.5989394	2.56884
3.4094552940575023	6.5620923	2.5616581
3.4269898416164972	6.6238394	2.573682
3.444524469440858	6.537207	2.5567963
3.4620591779422587	6.4598727	2.541628
3.479593967532391	6.412378	2.5322673
3.4971288386229658	6.453327	2.54034
3.5146637916257086	6.4794836	2.5454829
3.5321988269523628	6.4542108	2.540514
3.5497339450146903	6.3702936	2.5239441
3.5672691462244708	6.3163285	2.5132308
3.5848044309934988	6.2470536	2.4994106
3.60233979973359	6.226962	2.4953883
3.619875252856575	6.1897445	2.4879198
3.6374107907743034	6.216697	2.4933305
3.6549464138986427	6.1820135	2.4863656
3.6724821226414788	6.2404947	2.4980981
3.690017917414714	6.2275515	2.4955063
3.7075537986302702	6.305273	2.5110302
3.7250897667000857	6.358585	2.5216234
3.7426258220361235	6.583013	2.5657382
3.7601619650503553	6.8743634	2.6219008
3.777698196154779	7.391811	2.7187884
3.7952345157614067	8.377187	2.894337
3.8127709242822716	9.250405	3.0414479
3.830307422129425	11.462474	3.3856275
3.847844009714936	30.364935	5.510439
3.8653806874508954	97.75634	9.88718
3.882917455749409	96.98929	9.848314
3.900454315022606	96.710655	9.834158
3.917991265682631	41.308617	6.427178
3.9355283081416506	11.069355	3.327064
3.9530654428118495	8.859705	2.9765255
3.970602670105433	7.5730042	2.7519093
3.9881399904346244	6.607116	2.5704312
4.005677404211669	6.3986964	2.5295644
4.023214911848827	6.291775	2.508341
4.0407525137583855	6.2722397	2.504444
4.058290210352644	6.3286633	2.5156834
4.075828002043927	6.310157	2.5120025
4.0933658892445814	6.3086257	2.5116978
4.110903872366966	6.245711	2.499142
4.128441951823468	6.1879373	2.4875565
4.145980128026488	6.217714	2.4935343
4.163518401388452	6.1677647	2.4834986
4.181056772321807	6.186499	2.4872675
4.1985952412390155	6.1231985	2.4745097
4.216133808552567	6.093566	2.468515
4.233672474674966	6.126263	2.475129
4.251211240018741	6.385149	2.5268853
4.268750104996445	6.661396	2.5809681
4.286289070020643	7.729093	2.7801247
4.303828135503928	9.519787	3.0854151
4.3213673018589125	29.821178	5.460877
4.3389065694982305	90.99542	9.539152
4.356445938834537	166.10771	12.888278
4.3739854102805085	171.73747	13.104864
4.391524984248844	172.64728	13.139531
4.409064661152262	136.63882	11.689261
4.426604441403504	96.89927	9.843742
4.444144325415337	75.9015	8.712147
4.461684313600543	21.827469	4.6719875
4.47922440637193	22.295122	4.7217712
4.496764604142329	20.5644	4.5347986
4.5143049073245916	18.76585	4.331957
4.531845316331589	16.666775	4.082496
4.5493858315762195	13.902113	3.7285538
4.566926453471405	11.458875	3.385096
4.584467182430081	9.503862	3.0828335
4.602008018865218	8.292232	2.8796234
4.619548963189798	7.6043706	2.7576022
4.637090015816834	7.1524377	2.6744041
4.654631177159353	6.797493	2.6072001
4.672172447630417	6.50526	2.5505412
4.689713827643102	6.333166	2.5165782
4.7072553176105085	6.127216	2.4753213
4.724796917945764	5.9932723	2.448116
4.742338629062015	5.887453	2.4264073
4.759880451372434	5.8410406	2.4168246
4.777422385290215	5.755624	2.3990881
4.794964431228581	5.720096	2.3916721
4.812506589600768	5.700141	2.3874967
4.830048860820047	5.6652265	2.3801737
4.847591245299709	5.6771398	2.382675
4.8651337434530655	5.6727858	2.381761
4.882676355693457	5.61899	2.370441
4.900219082434242	5.647061	2.3763545
4.917761924088813	5.595908	2.3655672
4.935304881070575	5.613204	2.36922
4.952847953792969	5.595328	2.3654444
4.970391142669449	5.599042	2.3662295
4.9879344481135055	5.659715	2.3790157
5.005477870538642	5.7394876	2.3957229
5.023021410358394	5.675181	2.382264
5.040565067986324	5.5543194	2.3567603
5.05810884383601	5.4937124	2.343867
5.075652738321066	5.536681	2.3530154
5.09319675185512	5.474975	2.3398664
5.110740884851836	5.4103856	2.3260236
5.128285137724894	5.44386	2.333208
5.145829510888007	5.4194236	2.3279655
5.163374004754908	5.3703647	2.3174047
5.1809186197393595	5.2821293	2.2982883
5.198463356255145	5.257899	2.293011
5.216008214716077	5.293936	2.3008554
5.233553195535998	5.341648	2.3112006
5.251098299128764	5.387498	2.3210983
5.268643525908272	5.309433	2.3042207
5.286188876288432	5.275058	2.2967494
5.3037343506831895	5.2445674	2.290102
5.32127994950651	5.3057075	2.3034122
5.3388256731723915	5.3059816	2.3034716
5.356371522094851	5.2756834	2.2968855
5.373917496687938	5.2442493	2.2900326
5.391463597365729	5.25275	2.2918878
5.40900982454232	5.2783985	2.2974765
5.426556178631843	5.383381	2.3202114
5.444102660048449	5.378747	2.3192127
5.4616492692063225	5.2810698	2.2980578
5.479196006519669	5.203335	2.281082
5.496742872402727	5.1596875	2.2714946
5.514289867269756	5.1532645	2.2700803
5.531836991535049	5.1772494	2.275357
5.549384245612924	5.235266	2.2880704
5.566931629917724	5.205382	2.2815306
5.584479144863822	5.136737	2.266437
5.6020267908656205	5.0923285	2.2566187
5.619574568337545	5.13242	2.2654846
5.637122477694054	5.129181	2.2647696
5.654670519349629	5.1479435	2.268908
5.672218693718784	5.1147814	2.2615883
5.689767001216059	5.147188	2.2687416
5.707315442256021	5.119377	2.262604
5.724864017253266	5.114802	2.2615929
5.7424127266224225	5.075578	2.2529044
5.75996157077814	5.0500503	2.2472317
5.777510550135105	5.031358	2.243069
5.795059665108022	5.020827	2.2407203
5.812608916111639	5.1531973	2.2700655
5.830158303560715	5.3658395	2.3164282
5.847707827870055	5.466796	2.338118
5.86525748945448	5.483712	2.3417327
5.8828072887288485	5.5253983	2.3506165
5.900357226108044	5.533516	2.3523426
5.917907302006979	5.5642505	2.3588665
5.9354575168406	6.131824	2.476252
5.9530078710238765	6.7492495	2.5979319
5.970558364971812	7.322355	2.705985
5.988108999099438	7.648043	2.7655096
6.005659773821818	8.170963	2.8584898
6.023210689554039	7.9224896	2.8146918
6.040761746711227	8.343284	2.8884742
6.058312945708531	7.7515154	2.7841544
6.075864286961132	7.2809696	2.6983273
6.093415770884244	6.6520424	2.5791554
6.1109673978931065	6.1758122	2.4851182
6.128519168402993	5.606838	2.3678763
6.146071082829204	5.5085773	2.347036
6.163623141587075	5.36376	2.3159792
6.181175345091969	5.3135047	2.305104
6.198727693759281	5.281124	2.2980697
6.216280188004435	5.3419347	2.3112626
6.233832828242885	5.3167744	2.305813
6.251385614890126	5.280662	2.297969
6.268938548361669	5.175711	2.275019
6.286491629073067	5.0917645	2.2564938
6.304044857439898	5.06994	2.2516527
6.321598233877777	5.003866	2.2369323
6.339151758802344	5.0409	2.245195
6.356705432629277	5.0370364	2.2443342
6.37425925577428	4.9815955	2.2319489
6.391813228653095	4.9627905	2.2277322
6.409367351681486	4.964172	2.2280421
6.426921625275259	5.0335083	2.2435482
6.44447604985025	5.0404215	2.2450883
6.46203062582232	5.043605	2.2457972
6.47958535360737	5.0796804	2.2538147
6.497140233621328	5.1277165	2.2644463
6.514695266280161	5.150195	2.2694042
6.532250451999859	5.1456475	2.2684019
6.549805791196454	5.1590667	2.2713578
6.567361284286002	5.174026	2.2746484
6.584916931684597	5.247865	2.290822
6.602472733808367	5.174246	2.2746968
6.6200286910734665	5.0622377	2.2499418
6.637584803896092	5.0059934	2.2374077
6.655141072692462	5.0141387	2.2392273
6.672697497878842	5.109286	2.2603729
6.690254079871514	5.125876	2.2640398
6.707810819086808	5.068181	2.2512622
6.725367715941078	5.067802	2.2511778
6.742924770850719	5.045606	2.2462428
6.760481984232151	5.0736904	2.2524853
6.778039356501836	5.0763316	2.2530715
6.795596888076266	5.1036677	2.2591298
6.813154579371963	5.0840607	2.2547863
6.830712430805492	5.1167006	2.2620125
6.84827044279344	5.124131	2.2636545
6.865828615752445	5.0955553	2.2573338
6.883386950099159	5.032082	2.2432303
6.900945446250287	5.0517282	2.247605
6.918504104622553	5.130124	2.2649777
6.936062925632727	5.1278057	2.2644658
6.953621909697607	5.104424	2.2592971
6.971181057234028	5.1116977	2.2609065
6.988740368658859	5.157496	2.271012
7.006299844389007	5.26205	2.293916
7.023859484841407	5.3349614	2.3097537
7.041419290433036	5.3776183	2.3189692
7.058979261580902	5.478279	2.3405724
7.0765393987020495	5.648627	2.376684
7.094099702213559	6.031584	2.4559283
7.111660172532549	6.4134617	2.5324814
7.129220810076164	6.7104635	2.5904562
7.146781615261595	7.330029	2.7074027
7.16434258850606	7.527669	2.7436597
7.181903730226821	8.033809	2.8343973
7.1994650408411704	8.158036	2.8562276
7.217026520766437	8.328967	2.885995
7.234588170419983	8.544902	2.9231665
7.252149990219215	8.5215645	2.9191718
7.269711980581568	8.454889	2.9077291
7.2872741419245175	8.279606	2.8774304
7.304836474665574	7.925152	2.8151646
7.322398979222286	7.618081	2.7600873
7.339961656012233	7.3379745	2.7088697
7.357524505453039	6.9297323	2.6324384
7.375087527962357	6.6208725	2.5731056
7.392650723957886	6.302956	2.5105689
7.410214093857353	5.969858	2.4433293
7.427777638078528	5.8233643	2.4131649
7.445341357039213	5.699496	2.3873618
7.4629052511572525	5.5514607	2.3561537
7.480469320850524	5.440817	2.3325558
7.498033566536948	5.3555202	2.3141997
7.5155979886344735	5.2895355	2.299899
7.5331625875610975	5.201915	2.2807705
7.550727363734844	5.163964	2.2724357
7.568292317573788	5.093929	2.2569733
7.585857449496025	5.0818596	2.254298
7.603422759919705	5.113777	2.2613661
7.620988249263007	5.1758037	2.2750392
7.638553917944147	5.260526	2.2935836
7.656119766381391	5.289759	2.2999477
7.673685794993023	5.303868	2.3030128
7.691252004197388	5.2928424	2.300618
7.70881839441285	5.2603793	2.2935517
7.726384966057826	5.206383	2.28175
7.743951719550762	5.2520485	2.291735
7.761518655310149	5.3611064	2.3154063
7.779085773754511	5.4142294	2.3268497
7.796653075302419	5.3760777	2.3186371
7.814220560372475	5.341233	2.3111107
7.831788229383323	5.332999	2.3093288
7.8493560827536495	5.385974	2.32077
7.866924120902174	5.3927875	2.3222375
7.884492344247663	5.416114	2.3272545
7.9020607532089135	5.399312	2.323642
7.919629348204771	5.3883424	2.3212802
7.937198129654115	5.367021	2.3166833
7.954767097975865	5.433122	2.330906
7.972336253588986	5.4661126	2.337972
7.989905596912472	5.4752746	2.3399305
8.007475128365371	5.425605	2.3292928
8.025044848366756	5.4909015	2.3432672
8.042614757335754	5.620444	2.3707476
8.060184855691523	5.7281823	2.393362
8.07775514385327	5.860701	2.4208884
8.095325622240228	5.870124	2.422834
8.112896291271687	5.9572573	2.4407494
8.130467151366968	5.9902463	2.447498
8.148038202945436	6.0361886	2.4568655
8.165609446426497	6.0485225	2.4593744
8.183180882229594	6.080888	2.4659457
8.200752510774217	6.0446873	2.4585946
8.218324332479893	6.0784826	2.465458
8.235896347766193	6.01043	2.4516177
8.253468557052724	6.038422	2.4573202
8.27104096075914	6.0490847	2.4594886
8.288613559305137	6.1077433	2.471385
8.306186353110448	6.17174	2.4842987
8.32375934259485	6.2753735	2.5050695
8.341332528178162	6.313394	2.512647
8.358905910280246	6.3666096	2.523214
8.376479489321003	6.3793406	2.5257356
8.394053265720377	6.422803	2.534325
8.411627239898356	6.384872	2.5268304
8.42920141227497	6.3000937	2.5099988
8.44677578327029	6.315353	2.5130365
8.464350353304427	6.2760644	2.5052075
8.48192512279754	6.249872	2.4999745
8.499500092169827	6.1708913	2.4841278
8.51707526184153	6.179659	2.485892
8.534650632232934	6.2228613	2.4945664
8.552226203764365	6.2883725	2.5076628
8.569801976856192	6.2992	2.5098207
8.587377951928834	6.2580595	2.5016115
8.60495412940274	6.245185	2.4990368
8.622530509698416	6.2415853	2.4983165
8.6401070932364	6.4371414	2.5371523
8.657683880437283	6.564256	2.5620804
8.675260871721695	6.736603	2.5954967
8.692838067510303	6.8600645	2.6191726
8.710415468223834	7.044192	2.6540897
8.727993074283043	7.1804185	2.6796303
8.745570886108737	7.236168	2.6900127
8.763148904121765	7.316802	2.7049587
8.78072712874302	7.3186655	2.7053032
8.798305560393441	7.512868	2.740961
8.815884199494006	7.5581045	2.7492008
8.833463046465745	7.698074	2.7745402
8.851042101729728	7.7757225	2.7884982
8.86862136570707	8.107209	2.847316
8.886200838818924	8.394791	2.8973765
8.903780521486505	8.513893	2.9178576
8.921360414131055	8.620176	2.9360137
8.938940517173874	8.742287	2.9567358
8.956520831036297	8.842861	2.9736948
8.97410135613971	9.125593	3.0208597
8.99168209290554	9.252475	3.041788
9.009263041755265	9.554512	3.0910373
9.026844203110405	9.690557	3.1129658
9.044425577392525	9.865991	3.1410174
9.062007165023239	9.963044	3.156429
9.079588966424197	10.193286	3.1926925
9.097170982017108	10.306407	3.2103593
9.11475321222372	11.27745	3.3581915
9.132335657465825	12.203064	3.4932885
9.149918318165264	12.329491	3.5113375
9.167501194743924	12.905391	3.5924075
9.18508428762374	12.575439	3.5461867
9.202667597226693	12.409224	3.522673
9.220251123974803	12.059975	3.4727473
9.237834868290143	11.750703	3.4279299
9.255418830594836	11.620455	3.4088788
9.273003011311046	11.097304	3.3312616
9.290587410860985	10.846856	3.2934566
9.308172029666911	10.252622	3.2019715
9.32575686815113	10.009243	3.1637387
9.343341926735997	8.814803	2.9689734
9.360927205843916	8.606864	2.9337456
9.378512705897327	8.391095	2.8967388
9.396098427318728	8.137762	2.8526764
9.413684370530664	8.151203	2.8550313
9.431270535955722	8.039956	2.8354816
9.448856924016539	7.971356	2.823359
9.466443535135806	7.810144	2.7946634
9.484030369736251	7.7786937	2.789031
9.501617428240658	7.739597	2.7820132
9.519204711071852	7.770295	2.787525
9.536792218652714	7.8299456	2.798204
9.55437995140617	7.9011474	2.810898
9.571967909755191	7.974941	2.8239937
9.589556094122802	7.959355	2.8212328
9.60714450493207	7.9728756	2.8236282
9.624733142606116	7.986539	2.8260465
9.642322007568108	7.9316535	2.8163192
9.659911100241267	7.939424	2.8176982
9.677500421048851	7.968834	2.8229122
9.695089970414175	8.023984	2.8326638
9.712679748760609	8.064102	2.8397362
9.730269756511557	8.068033	2.8404284
9.747859994090492	8.086239	2.8436313
9.765450461920915	8.08877	2.8440764
9.78304116042639	8.114605	2.8486145
9.800632090030527	8.167855	2.857946
9.81822325115699	8.258691	2.8737938
9.835814644229481	8.244467	2.8713179
9.853406269671762	8.275121	2.876651
9.870998127907646	8.296505	2.8803654
9.888590219360985	8.350953	2.8898015
9.906182544455698	8.342164	2.8882804
9.923775103615734	8.306691	2.882133
9.941367897265108	8.240291	2.8705907
9.958960925827878	8.264574	2.8748171
9.97655418972816	8.274644	2.876568
9.994147689390106	8.336117	2.8872335
10.011741425237934	8.31038	2.882773
10.029335397695904	8.279252	2.877369
10.04692960718833	8.277506	2.8770654
10.06452405413958	8.27231	2.8761625
10.082118738974064	8.300775	2.8811064
10.099713662116246	8.257394	2.873568
10.117308823990651	8.179878	2.8600485
10.134904225021844	8.194956	2.8626833
10.152499865634445	8.221328	2.8672857
10.170095746253125	8.250302	2.872334
10.18769186730261	8.2945175	2.8800204
10.205288229207675	8.266918	2.8752248
10.222884832393145	8.283409	2.8780913
10.2404816772839	8.229219	2.8686616
10.258078764304868	8.192162	2.8621953
10.275676093881035	8.133582	2.8519435
10.293273666437438	8.141253	2.8532882
10.310871482399158	8.118547	2.8493066
10.32846954219134	8.124109	2.8502824
10.346067846239173	8.116235	2.8489006
10.363666394967908	8.190084	2.8618324
10.38126518880283	8.206091	2.8646276
10.398864228169298	8.288506	2.8789766
10.416463513492713	8.280349	2.8775594
10.434063045198531	8.324103	2.8851523
10.451662823712262	8.330821	2.886316
10.469262849459467	8.347881	2.88927
10.486863122865758	8.212827	2.865803
10.504463644356806	8.1444235	2.8538437
10.522064414358338	8.026313	2.8330748
10.539665433296118	7.988962	2.8264751
10.557266701595987	7.9678216	2.822733
10.574868219683818	7.856744	2.8029883
10.592469987985552	7.7831435	2.7898285
10.610072006927185	7.697562	2.7744482
10.627674276934751	7.612244	2.7590296
10.64527679843435	7.516274	2.7415824
10.662879571852143	7.3638263	2.713637
10.680482597614331	7.166661	2.677062
10.698085876147173	7.044304	2.6541107
10.715689407876988	6.973294	2.6406994
10.733293193230146	6.9516068	2.63659
10.750897232633072	6.9065504	2.6280317
10.76850152651225	6.810146	2.6096256
10.786106075294207	6.7067733	2.5897439
10.803710879405534	6.5956645	2.5682025
10.821315939272877	6.4756274	2.5447254
10.83892125532294	6.4542313	2.5405178
10.856526827982472	6.399809	2.5297844
10.874132657678285	6.397842	2.5293956
10.891738744837243	6.3151975	2.5130057
10.909345089886271	6.2303553	2.496068
10.926951693252343	6.1615214	2.4822412
10.944558555362494	6.0810466	2.465978
10.96216567664381	5.988977	2.4472387
10.979773057523436	5.9611096	2.4415383
10.997380698428573	5.867522	2.4222968
11.014988599786477	5.78679	2.4055748
11.032596762024461	5.7429767	2.3964508
11.050205185569892	5.6715064	2.3814924
11.067813870850198	5.5923533	2.3648157
11.085422818292859	5.5070252	2.3467052
11.10303202832541	5.455672	2.335738
11.120641501375454	5.434503	2.331202
11.138251237870636	5.368397	2.3169801
11.155861238238671	5.3067427	2.3036368
11.173471502907317	5.259753	2.293415
11.191082032304402	5.1946635	2.2791805
11.208692826857805	5.1314225	2.2652643
11.226303886995465	5.026516	2.2419894
11.243915213145371	4.9710317	2.229581
11.261526805735578	4.9327884	2.220988
11.279138665194196	4.916209	2.2172527
11.296750791949393	4.8733435	2.207565
11.314363186429393	4.7867827	2.1878717
11.331975849062479	4.683692	2.1641839
11.34958878027699	4.6654634	2.1599684
11.36720198050133	4.6225076	2.1500018
11.384815450163948	4.6737547	2.161887
11.402429189693366	4.636074	2.1531544
11.420043199518153	4.631591	2.1521132
11.437657480066942	63.54573	7.9715576
11.455272031768422	85.223564	9.231661
11.472886855051353	107.62047	10.374028
11.490501950344528	99.21199	9.960522
11.508117318076819	84.53326	9.194197
11.52573295867715	45.84398	6.770818
11.543348872574514	4.103699	2.025759
11.560965060197946	4.0449057	2.0111952
11.57858152197655	4.0747337	2.018597
11.59619825833949	4.06787	2.0168962
11.613815269715985	4.1166286	2.0289476
11.631432556535323	38.59091	6.212158
11.649050119226837	83.05546	9.113477
11.666667958219929	93.401634	9.664453
11.68428607394406	107.65657	10.375769
11.701904466828756	82.49981	9.08294
11.719523137303586	65.34798	8.08381
11.737142085798196	4.586164	2.1415331
11.754761312742286	3.7167919	1.9278983
11.772380818565619	3.6572156	1.9123847
11.790000603698015	3.6365693	1.9069791
11.80762066856935	3.6435125	1.9087987
11.825241013609572	3.6129029	1.9007638
11.842861639248683	3.5730102	1.8902408
11.860482545916748	3.5101159	1.8735303
11.878103734043883	3.490253	1.8682219
11.895725204060282	3.4436827	1.8557162
11.91334695639619	3.4091961	1.8464009
11.930968991481919	3.3588793	1.8327246
11.948591309747824	3.3481076	1.8297834
11.966213911624347	3.3480484	1.8297673
11.98383679754198	3.3374245	1.826862
12.001459967931268	3.3135343	1.8203115
12.019083423222835	3.2758217	1.8099232
12.036707163847352	3.2346725	1.7985195
12.05433119023556	3.2246697	1.7957366
12.071955502818259	3.2039244	1.789951
12.089580102026313	3.175495	1.7819918
12.107204988290643	3.1528971	1.7756399
12.12483016204224	3.0969207	1.759807
12.142455623712152	3.110498	1.7636604
12.16008137373149	3.114555	1.7648102
12.177707412531431	3.1620595	1.778218
12.19533374054321	3.1812096	1.7835946
12.212960358198126	3.157227	1.7768588
12.230587265927545	3.1269386	1.7683152
12.248214464162889	3.049845	1.7463806
12.265841953335649	3.0023804	1.7327378
12.283469733877375	2.9345155	1.7130427
12.301097806219685	2.9283617	1.7112457
12.31872617079425	2.9478397	1.7169274
12.336354828032825	2.9547884	1.7189498
12.353983778367205	2.9733226	1.7243326
12.371613022229262	2.9349823	1.713179
12.389242560050928	2.924626	1.7101538
12.406872392264201	2.9052846	1.7044896
12.424502519301143	2.8861203	1.6988585
12.442132941593874	2.9175134	1.708073
12.459763659574586	2.928982	1.7114269
12.477394673675532	2.9230669	1.7096978
12.49502598432903	2.879718	1.6969732
12.51265759196746	2.8495872	1.6880721
12.530289497023267	2.847385	1.6874197
12.547921699928967	2.8176036	1.6785719
12.565554201117134	2.8025796	1.6740907
12.583187001020404	2.789426	1.6701576
12.600820100071486	2.8116121	1.6767863
12.618453498703152	2.7987003	1.6729317
12.636087197348235	2.7759557	1.6661199
12.65372119643964	2.785131	1.6688712
12.671355496410326	2.806488	1.6752576
12.68899009769333	2.8910348	1.7003044
12.706625000721749	2.9008007	1.7031738
12.724260205928752	2.9090984	1.7056079
12.741895713747551	2.9342103	1.7129537
12.759531524611454	2.995038	1.7306178
12.777167638953818	2.9964864	1.7310362
12.794804057208072	2.9960837	1.73092
12.812440779807702	3.0443642	1.7448107
12.830077807186271	3.219925	1.7944149
12.847715139777405	3.2812486	1.8114218
12.865352778014795	3.4904177	1.868266
12.882990722332197	3.5915527	1.8951392
12.90062897316344	3.6660058	1.9146817
12.918267530942412	3.765526	1.9404963
12.935906396103071	3.6714528	1.9161035
12.953545569079449	3.857723	1.9641087
12.971185050305628	3.657622	1.9124911
12.988824840215775	3.6626158	1.9137962
13.006464939244115	3.64521	1.9092433
13.024105347824943	3.4715824	1.8632183
13.041746066392617	3.5772114	1.8913517
13.05938709538157	3.4087236	1.846273
13.077028435226296	3.4430368	1.8555422
13.094670086361363	3.3207629	1.822296
13.112312049221401	3.204145	1.7900126
13.129954324241112	3.100005	1.7606831
13.147596911855258	2.924151	1.7100149
13.165239812498685	2.8859136	1.6987977
13.182883026606293	2.809578	1.6761795
13.200526554613058	2.7836783	1.6684359
13.218170396954017	2.7345622	1.6536511
13.235814554064284	2.706471	1.6451355
13.253459026379034	2.6976638	1.6424567
13.271103814333523	2.730623	1.6524597
13.288748918363058	2.760588	1.6615018
13.306394338903031	2.748053	1.6577252
13.32404007638889	2.697713	1.6424716
13.341686131256164	2.6911738	1.6404798
13.359332503940449	2.6648238	1.6324288
13.376979194877402	2.6577816	1.6302704
13.394626204502751	2.6553037	1.6295103
13.412273533252307	2.7022128	1.6438409
13.429921181561937	2.7237525	1.6503795
13.447569149867581	2.7137523	1.6473471
13.465217438605247	2.7712052	1.6646937
13.482866048211022	2.7984366	1.6728529
13.500514979121052	2.8180122	1.6786937
13.518164231771568	2.7415707	1.6557689
13.535813806598844	2.66696	1.633083
13.553463704039254	2.6396208	1.624691
13.571113924529229	2.6410615	1.6251343
13.588764468505275	2.6589956	1.6306427
13.606415336403956	2.6969616	1.6422429
13.624066528661917	2.759254	1.6611003
13.641718045715882	2.8378685	1.6845974
13.659369888002635	2.917807	1.708159
13.67702205595903	2.9326642	1.7125024
13.694674550021993	2.9501374	1.7175964
13.712327370628532	2.9487982	1.7172065
13.729980518215713	3.0434346	1.7445443
13.747633993220681	3.1419091	1.7725431
13.765287796080647	3.2073221	1.7908998
13.7829419272329	3.3066943	1.8184319
13.800596387114801	3.371107	1.8360575
13.818251176163775	3.4138663	1.8476651
13.835906294817324	3.4339108	1.8530815
13.853561743513023	3.4523826	1.8580588
13.871217522688525	3.4386625	1.8543631
13.888873632781538	3.4134307	1.8475472
13.906530074229858	3.4332523	1.8529037
13.92418684747135	3.4657555	1.8616539
13.941843952943948	3.5093486	1.8733256
13.959501391085665	3.5086389	1.873136
13.977159162334578	3.4573286	1.8593893
13.994817267128846	3.4005187	1.8440496
14.012475705906693	3.3313286	1.8251928
14.030134479106424	3.2476563	1.8021255
14.047793587166414	3.1635613	1.7786403
14.065453030525108	3.0945003	1.7591192
14.083112809621026	3.0219195	1.738367
14.100772924892766	2.9676793	1.7226954
14.118433376778997	2.927064	1.7108665
14.136094165718458	2.8816004	1.6975278
14.153755292149969	2.8286467	1.6818581
14.171416756512416	2.748602	1.6578908
14.189078559244768	2.687589	1.6393868
14.20674070078606	2.5944924	1.6107428
14.224403181575408	2.5915544	1.6098305
14.242066002051999	2.5434854	1.5948309
14.259729162655093	2.4931607	1.5789746
14.277392663824022	2.4424005	1.5628182
14.295056505998208	2.427565	1.5580646
14.312720689617128	2.4630787	1.5694199
14.330385215120348	2.4172823	1.5547612
14.348050082947497	2.4089599	1.5520824
14.3657152935383	2.417198	1.554734
14.383380847332528	2.4058204	1.5510707
14.401046744770051	2.386925	1.5449677
14.418712986290798	2.3639636	1.5375186
14.436379572334793	2.3761735	1.5414842
14.454046503342123	2.3879378	1.5452954
14.471713779752946	2.3775213	1.5419213
14.489381402007504	2.3704727	1.539634
14.507049370546113	2.3787537	1.5423208
14.524717685809168	2.3831892	1.5437582
14.542386348237134	2.390628	1.5461656
14.560055358270553	2.4293356	1.5586326
14.577724716350051	2.468555	1.5711635
14.595394422916325	2.4737265	1.5728085
14.61306447841015	2.4759016	1.5734998
14.63073488327237	2.4819722	1.5754277
14.648405637943917	2.5387394	1.5933422
14.6660767428658	2.5283196	1.590069
14.683748198479094	2.5758061	1.6049318
14.701420005224954	2.6165442	1.6175736
14.719092163544628	2.646787	1.6268948
14.73676467387942	2.6690035	1.6337085
14.754437536670727	2.6686752	1.633608
14.772110752360014	2.691057	1.6404442
14.78978432138882	2.680178	1.6371249
14.807458244198777	2.6825244	1.6378413
14.82513252123159	2.6594381	1.6307784
14.842807152929028	2.6689832	1.6337023
14.860482139732962	2.6848738	1.6385585
14.87815748208531	2.6886828	1.6397203
14.8958331804281	2.6983004	1.6426504
14.91350923520342	2.6662002	1.6328503
14.931185646853438	2.7061772	1.6450462
14.948862415820408	2.6853673	1.6387091
14.966539542546656	2.7005754	1.6433427
14.98421702747459	2.6565783	1.6299013
15.001894871046696	2.636331	1.6236782
15.019573073705542	2.63527	1.6233515
15.037251635893766	2.6591501	1.6306901
15.054930558054092	2.6831536	1.6380335
15.072609840629323	2.760707	1.6615375
15.090289484062351	2.8835466	1.6981009
15.107969488796124	3.1682496	1.7799578
15.125649855273691	3.5696585	1.889354
15.14333058393817	4.065648	2.0163453
15.161011675232768	5.0839	2.2547505
15.17869312960076	6.522781	2.5539734
15.196374947485506	8.408061	2.8996656
15.214057129330447	11.496719	3.3906813
15.231739675579114	16.14708	4.018343
15.249422586675102	21.145315	4.5984035
15.267105863062092	24.131182	4.9123497
15.284789505183847	24.198408	4.9191875
15.302473513484218	21.869154	4.676447
15.320157888407127	18.322247	4.2804494
15.337842630396578	14.228049	3.7720087
15.355527739896656	11.106083	3.3325791
15.37321321735153	8.711007	2.9514415
15.39089906320545	6.458636	2.5413847
15.408585277902748	4.8889837	2.2111046
15.42627186188783	3.7758193	1.9431467
15.443958815605198	3.2004848	1.7889899
15.461646139499424	2.921138	1.7091337
15.479333834015168	2.8047092	1.6747266
15.497021899597165	2.7483652	1.6578194
15.514710336690234	2.6840658	1.6383119
15.53239914573928	2.6090057	1.6152416
15.550088327189297	2.6066792	1.6145214
15.567777881485336	2.5820146	1.6068648
15.58546780907256	2.542153	1.594413
15.6031581103962	2.4871898	1.5770826
15.620848785901568	2.485996	1.5767041
15.638539836034063	2.4673002	1.5707642
15.656231261239173	2.4469783	1.5642821
15.673923061962451	2.4175098	1.5548344
15.691615238649552	2.3920033	1.5466102
15.709307791746202	2.3995254	1.5490402
15.727000721698221	2.4038703	1.550442
15.744694028951498	2.439441	1.5618709
15.76238771395202	2.4126985	1.5532863
15.780081777145844	2.374226	1.5408524
15.797776218979125	2.3442318	1.5310885
15.815471039898094	2.3517835	1.5335525
15.833166240349064	2.3393679	1.5294992
15.850861820778437	2.3381796	1.5291107
15.868557781632699	2.3636224	1.5374078
15.886254123358412	2.3984792	1.5487025
15.903950846402232	2.3816361	1.5432551
15.921647951210897	2.3479834	1.5323131
15.939345438231225	2.374322	1.5408835
15.957043307910133	2.4056516	1.5510163
15.974741560694602	2.4150345	1.5540382
15.992440197031714	2.3913121	1.5463868
16.01013921736862	2.39572	1.5478114
16.02783862215259	2.4061537	1.5511782
16.045538411830933	2.428891	1.5584899
16.06323858685107	2.3973353	1.548333
16.080939147660512	2.3867762	1.5449195
16.09864009470684	2.3521254	1.533664
16.11634142843774	2.3762836	1.5415199
16.134043149300954	2.4079845	1.5517682
16.15174525774433	2.4223619	1.5563939
16.169447754215817	2.415668	1.5542419
16.18715063916342	2.4112537	1.5528212
16.204853913035244	2.440067	1.5620714
16.222557576279478	2.4479122	1.5645806
16.240261629344403	22.421722	4.735158
16.257966072678386	42.964615	6.55474
16.275670906729868	38.04645	6.1681805
16.293376131947387	2.4614482	1.5689003
16.31108174877957	2.5062962	1.5831286
16.328787757675133	2.5818124	1.6068019
16.34649415908287	2.6152127	1.6171619
16.364200953451657	2.6301765	1.621782
16.38190814123048	2.619839	1.6185917
16.39961572286839	2.6326954	1.6225584
16.41732369881455	2.6482096	1.6273321
16.43503206951817	2.6719487	1.6346096
16.45274083542859	2.7059572	1.6449794
16.47044999699522	2.7390442	1.6550058
16.488159554667558	2.811411	1.6767262
16.505869508895184	2.8434317	1.6862478
16.523579860127786	2.8944793	1.701317
16.541290608815117	2.908558	1.7054495
16.559001755407035	2.9466274	1.7165743
16.57671330035348	2.9928913	1.7299975
16.59442524410448	3.10686	1.7626287
16.61213758711015	3.1742587	1.7816449
16.629850329820705	3.2580688	1.8050121
16.647563472686436	3.3379393	1.8270028
16.665277016157724	3.4099684	1.84661
16.682990960685053	3.432067	1.8525839
16.70070530671898	3.4587853	1.859781
16.718420054710155	3.523169	1.8770107
16.736135205109335	3.5717783	1.8899149
16.753850758367335	3.6584325	1.9127029
16.771566714935087	3.6647456	1.9143525
16.789283075263597	3.7069879	1.925354
16.80699983980398	3.739892	1.9338801
16.82471700900741	3.8291914	1.956832
16.84243458332518	3.9233053	1.9807335
16.860152563208665	4.0331316	2.0082657
16.87787094910932	4.084153	2.0209289
16.89558974147871	4.1373377	2.0340447
16.913308940768466	4.218018	2.0537815
16.931028547430333	4.261796	2.0644119
16.94874856191613	4.3263845	2.0799963
16.966468984677785	4.384219	2.0938528
16.98418981616729	4.415575	2.101327
17.00191105683676	4.4555306	2.110813
17.019632707138374	4.4785423	2.1162567
17.03735476752442	4.4562206	2.1109762
17.05507723844728	4.4803505	2.116684
17.072800120359403	4.5132093	2.1244316
17.090523413713353	4.61434	2.1481013
17.108247118961785	4.6300187	2.151748
17.125971236557437	4.6662226	2.160144
17.143695766953133	4.648523	2.1560433
17.161420710601806	4.671441	2.1613517
17.179146067956477	4.690045	2.165651
17.19687183947025	4.730704	2.175018
17.21459802559634	4.7216682	2.17294
17.232324626788028	4.6256347	2.150729
17.25005164349871	4.614399	2.1481152
17.267779076181863	4.6051035	2.1459506
17.285506925291074	4.5801997	2.14014
17.30323519127999	4.5482154	2.1326544
17.320963874602384	4.5624247	2.1359832
17.33869297571211	4.584336	2.1411061
17.356422495063114	4.5791817	2.1399024
17.37415243310944	4.5066895	2.1228964
17.391882790305218	4.4621124	2.1123712
17.40961356710468	4.42117	2.1026578
17.42734476396215	4.4515386	2.1098669
17.445076381332044	4.4742637	2.1152456
17.462808419668868	4.5240684	2.1269858
17.48054087942723	4.6575527	2.1581364
17.498273761061835	5.015524	2.2395365
17.51600706502747	5.5900164	2.3643215
17.533740791779024	6.300193	2.5100186
17.551474941771485	7.6822324	2.771684
17.56920951545993	8.707385	2.9508278
17.586944513299528	10.825336	3.2901878
17.60467993574556	12.488993	3.5339768
17.622415783253373	14.136992	3.7599192
17.64015205627843	15.469511	3.93313
17.657888755276293	16.478243	4.05934
17.675625880702604	16.88457	4.1090837
17.69336343301311	16.639786	4.0791893
17.71110141266366	15.84745	3.9808855
17.728839820110178	15.001041	3.8731177
17.746578655808705	14.223406	3.771393
17.764317920215372	12.903505	3.592145
17.7820576137864	11.452832	3.3842034
17.79979773697811	9.440548	3.0725474
17.81753829024692	7.542213	2.746309
17.835279274049356	5.880573	2.4249892
17.85302068884201	4.9095407	2.2157483
17.870762535081607	4.3019414	2.0741122
17.888504813224934	4.040837	2.0101833
17.90624752372891	3.8205175	1.9546144
17.923990667050536	3.6476212	1.9098747
17.941734243646895	3.5044203	1.8720096
17.959478253975185	3.4818199	1.8659636
17.9772226984927	3.4713955	1.8631681
17.994967577656833	3.446659	1.856518
18.01271289192506	3.4338417	1.8530627
18.030458641754965	3.414203	1.8477561
18.04820482760425	3.3623803	1.8336794
18.06595144993067	3.3044348	1.8178104
18.083698509192125	3.3075209	1.8186591
18.101446005846576	3.2928197	1.8146129
18.119193940352105	3.258433	1.8051131
18.136942313166887	3.1695178	1.780314
18.1546911247492	3.1625497	1.778356
18.1724403755574	3.1506171	1.7749978
18.19019006604997	3.1723676	1.7811141
18.207940196685467	3.1835597	1.7842532
18.225690767922575	3.1688275	1.7801201
18.243441780220046	3.1213512	1.7667346
18.261193234036764	3.1055841	1.7622668
18.278945129831676	3.0582643	1.7487893
18.29669746806386	3.0456164	1.7451694
18.314450249192483	3.0527432	1.7472101
18.3322034736768	3.0847495	1.7563455
18.349957141976184	3.118511	1.7659307
18.3677112545501	3.12591	1.7680243
18.385465811858108	3.1222591	1.7669915
18.403220814359884	3.1258936	1.7680197
18.420976262515172	3.1262674	1.7681254
18.43873215678387	3.1307774	1.7694002
18.456488497625923	3.146975	1.7739716
18.474245285501407	3.2173011	1.7936836
18.492002520870486	3.274206	1.8094767
18.50976020419343	3.3450887	1.8289584
18.527518335930615	3.7260904	1.9303083
18.545276916542516	4.316008	2.0775003
18.563035946489688	4.480758	2.11678
18.580795426232832	4.880827	2.2092593
18.598555356232698	4.7697783	2.1839821
18.616315736950185	5.047544	2.246674
18.63407656884626	4.6792974	2.1631684
18.65183785238201	4.890092	2.2113552
18.669599588018617	4.6729474	2.1617
18.68736177621737	4.715234	2.171459
18.705124417439652	4.693006	2.1663346
18.72288751214696	4.5551524	2.1342802
18.740651060800886	4.6881304	2.165209
18.758415063863115	4.3800545	2.092858
18.77617952179546	4.4726057	2.1148536
18.793944435059814	4.2072887	2.0511677
18.811709804118184	4.232057	2.0571964
18.829475629432675	4.192369	2.0475276
18.8472419114655	3.9925566	1.9981383
18.86500865067897	4.0613303	2.0152743
18.88277584753551	3.7514787	1.9368734
18.90054350249763	3.768714	1.9413176
18.918311616027957	3.4745755	1.8640213
18.936080188589226	3.3602757	1.8331054
18.953849220644265	3.053612	1.7474587
18.971618712656007	2.8710291	1.6944112
18.9893886650875	2.7790666	1.6670532
19.007159078401887	7.971456	2.8233767
19.024929953062408	32.87793	5.7339277
19.042701289532435	32.849957	5.731488
19.060473088275405	25.414864	5.0413156
19.07824534975489	2.722931	1.6501306
19.096018074434568	2.6891184	1.6398531
19.113791262778197	2.6754472	1.6356795
19.13156491524966	2.6292498	1.6214962
19.149339032312945	2.587312	1.6085124
19.167113614432136	2.5549273	1.5984141
19.184888662071433	2.5402462	1.593815
19.202664175695123	2.5479329	1.5962245
19.220440155767623	2.557998	1.5993742
19.238216602753447	2.560572	1.6001787
19.2559935171172	2.5450542	1.5953226
19.27377089932361	2.535278	1.5922557
19.291548749837514	2.5445344	1.5951596
19.309327069123835	2.557157	1.5991113
19.32710585764763	2.575225	1.6047508
19.344885115874032	2.5519354	1.5974778
19.362664844268313	2.5139568	1.5855463
19.380445043295822	2.4653425	1.570141
19.39822571342203	2.4586616	1.568012
19.41600685511252	2.4775298	1.574017
19.43378846883297	2.4894886	1.5778114
19.451570555049173	2.4825375	1.5756071
19.469353114227037	2.4742389	1.5729713
19.48713614683254	2.4605677	1.5686197
19.50491965333182	2.45945	1.5682634
19.52270363419109	2.4750283	1.5732223
19.540488089876686	2.5066087	1.5832273
19.55827302085503	2.5324686	1.5913732
19.576058427592674	2.5930362	1.6102908
19.593844310556282	2.571103	1.6034659
19.611630670212598	2.5407279	1.5939661
19.629417507028506	2.517535	1.5866742
19.64720482147098	2.5256476	1.5892286
19.6649926140071	2.5194473	1.5872767
19.682780885104084	2.4927933	1.5788583
19.70056963522921	2.4937494	1.5791609
19.718358864849908	2.47332	1.5726793
19.7361485744337	2.4944766	1.5793912
19.753938764448215	2.5188727	1.5870957
19.771729435361202	2.5315614	1.591088
19.789520587640506	2.5030577	1.5821055
19.807312221754092	2.4843419	1.5761795
19.825104338170043	2.4686708	1.5712005
19.842896937356517	2.457763	1.5677254
19.860690019781824	2.447235	1.5643641
19.87848358591436	2.4744556	1.5730402
19.896277636222635	2.5117168	1.5848397
19.914072171175278	2.5444918	1.5951463
19.931867191241015	2.5092797	1.5840706
19.94966269688869	2.484501	1.5762299
19.967458688587264	2.4567952	1.5674168
19.985255166805807	2.4374123	1.5612214
20.00305213201348	2.409766	1.552342
20.020849584679578	2.423514	1.5567639
20.038647525273507	2.4589927	1.5681176
20.05644595426477	2.4705663	1.5718035
20.07424487212299	2.486133	1.5767477
20.092044279317903	2.449181	1.564986
20.109844176319353	2.44567	1.5638638
20.127644563597304	2.4627085	1.569302
20.145445441621817	2.50503	1.5827286
20.16324681086307	2.4553366	1.5669514
20.181048671791373	2.4182782	1.5550814
20.198851024877122	2.423512	1.5567633
20.216653870590836	2.4311192	1.5592047
20.234457209403146	2.4217403	1.5561942
20.252261041784802	2.3835528	1.5438759
20.270065368206662	2.3583329	1.5356865
20.287870189139685	2.3433638	1.530805
20.305675505054968	2.3720667	1.5401515
20.323481316423702	2.3803146	1.5428268
20.341287623717207	2.3831482	1.5437448
20.359094427406884	2.3688068	1.5390929
20.376901727964288	2.3944328	1.5473955
20.39470952586107	2.4002814	1.5492842
20.41251782156899	2.4005923	1.5493845
20.430326615559935	2.3956656	1.5477937
20.448135908305886	2.3823328	1.5434808
20.465945700278965	2.3749206	1.5410777
20.483755991951384	2.3874295	1.5451308
20.50156678379548	2.4066603	1.5513414
20.519378076283708	2.3796098	1.5425984
20.537189869888635	2.3383431	1.5291642
20.55500216508294	2.324471	1.5246216
20.572814962339415	2.3250062	1.5247971
20.59062826213098	2.320416	1.5232911
20.60844206493066	2.3024476	1.5173818
20.626256371211593	2.30725	1.5189635
20.644071181447032	2.3218133	1.5237497
20.66188649611036	2.2874832	1.5124428
20.67970231567506	2.2645216	1.5048327
20.697518640614742	2.2558315	1.5019425
20.715335471403122	2.2720006	1.5073156
20.73315280851404	2.264786	1.5049206
20.750970652421447	2.2912018	1.5136716
20.768789003599412	2.3193698	1.5229478
20.786607862522136	2.341372	1.5301542
20.8044272296639	2.3613796	1.5366781
20.82224710549913	2.3553796	1.5347246
20.84006749050237	2.319537	1.5230026
20.857888385148268	3.8214576	1.9548548
20.8757097899116	45.913136	6.7759233
20.893531705267254	64.77577	8.04834
20.911354131690224	83.799355	9.154199
20.92917706965566	69.075836	8.311188
20.94700051963877	50.13547	7.080641
20.96482448211493	29.387484	5.4210224
20.982648957559622	4.0880966	2.0219042
21.00047394644843	2.2242434	1.4913898
21.01829944925707	2.229641	1.4931983
21.036125466461375	2.212595	1.4874794
21.053951998537297	2.212448	1.48743
21.071779045960906	2.2376678	1.4958836
21.089606609208378	2.22287	1.4909292
21.10743468875603	2.2045233	1.4847637
21.12526328508028	2.1852176	1.4782481
21.143092398657675	2.161791	1.470303
21.16092202996488	2.167696	1.4723097
21.17875217947867	2.1787262	1.4760509
21.19658284767596	2.2043784	1.4847149
21.21441403503377	2.1915019	1.4803722
21.232245742029225	2.1888065	1.4794616
21.2500779691396	2.1751742	1.4748472
21.26791071684227	2.1983135	1.482671
21.28574398561475	2.1969197	1.482201
21.30357777593465	2.207182	1.4856588
21.321412088279704	2.2028308	1.4841937
21.339246923127792	2.1782007	1.4758729
21.357082280956888	2.165014	1.4713987
21.3749181622451	2.1985865	1.4827632
21.392754567470647	2.1986356	1.4827796
21.41059149711187	2.1555855	1.4681913
21.42842895164726	2.1220133	1.4567132
21.446266931555378	2.1068194	1.4514887
21.464105437314945	2.1230812	1.4570796
21.481944469404798	2.1202834	1.4561193
21.49978402830388	2.1153414	1.4544213
21.51762411449127	2.0974555	1.4482595
21.53546472844617	2.1264358	1.4582304
21.553305870647876	2.1328132	1.4604155
21.571147541575865	2.138617	1.4624012
21.58898974170967	2.0937836	1.4469912
21.60683247152899	2.0592964	1.4350249
21.62467573151363	2.0468924	1.4306965
21.642519522143523	2.0854788	1.4441187
21.660363843898722	2.089728	1.4455892
21.6782086972594	2.076083	1.4408618
21.696054082705864	2.0393054	1.4280425
21.713900000718535	2.013364	1.4189306
21.73174645177795	2.0262578	1.4234668
21.749593436364794	2.0288994	1.4243944
21.767440954959845	2.0264013	1.4235172
21.785289008044032	2.022454	1.4221301
21.803137596098388	2.0355692	1.4267337
21.820986719604086	2.056584	1.4340794
21.838836379042412	2.003497	1.4154494
21.85668657489478	1.9583114	1.3993968
21.87453730764273	1.9660579	1.4021618
21.892388577767914	1.9818925	1.407797
21.91024038575213	2.0205388	1.4214566
21.928092732077285	2.038106	1.4276224
21.945945617225426	2.017719	1.4204644
21.963799041678694	1.9976474	1.4133816
21.981653005919398	31.289621	5.593713
21.999507510429943	78.08623	8.836641
22.01736255569286	73.0795	8.548655
22.035218142190818	4.204146	2.0504014
22.05307427040661	2.024616	1.4228901
22.07093094082315	2.017034	1.4202232
22.088788153923474	2.0190988	1.4209499
22.106645910190746	2.0503883	1.4319177
22.12450421010827	2.0231783	1.4223847
22.142363054159464	2.0003748	1.4143461
22.16022244282787	1.9978197	1.4134425
22.178082376597164	2.002764	1.4151905
22.195942855951145	1.997225	1.4132321
22.213803881373742	2.0028772	1.4152305
22.231665453349002	1.9905847	1.4108808
22.24952757236111	1.9820862	1.4078659
22.26739023889438	1.9931448	1.4117877
22.28525345343323	1.9933069	1.4118452
22.30311721646225	2.0031214	1.4153167
22.320981528466113	1.9879254	1.4099381
22.33884638992964	1.9792566	1.4068606
22.356711801337788	1.9655817	1.4019921
22.37457776317561	1.9645513	1.4016246
22.392444275928337	1.961478	1.4005277
22.410311340081282	1.9836679	1.4084275
22.428178956119904	1.9693433	1.403333
22.446047124529805	1.9768902	1.4060193
22.46391584579669	1.9532417	1.3975842
22.481785120406414	1.9500492	1.3964416
22.49965494884496	1.9339261	1.3906567
22.51752533159841	1.9228438	1.3866664
22.53539626915302	1.9427747	1.3938345
22.553267761995137	1.94226	1.3936499
22.571139810611264	1.978552	1.4066101
22.589012415488025	1.9771614	1.4061158
22.60688557711216	1.9597683	1.3999172
22.624759295970566	1.9281962	1.388595
22.642633572550263	1.8956462	1.3768247
22.660508407338362	1.8933511	1.375991
22.67838380082217	1.914987	1.3838305
22.696259753489077	1.9771559	1.4061137
22.714136265826614	1.9848768	1.4088565
22.73201333832246	1.9443604	1.3944032
22.74989097146439	1.9322373	1.3900493
22.76776916574035	1.9624894	1.4008888
22.785647921638393	1.9321929	1.3900335
22.803527239646712	1.8826312	1.3720901
22.82140712025363	1.8598522	1.3637639
22.839287563947593	1.8494558	1.359947
22.85716857121719	1.8486388	1.3596466
22.875050142551135	1.8574945	1.3628993
22.892932278438277	1.9074035	1.3810878
22.910814979367604	1.90161	1.3789887
22.928698245828222	1.9097811	1.3819484
22.946582078309387	1.8822012	1.3719333
22.96446647730047	1.8838886	1.3725482
22.98235144329098	1.8953593	1.3767204
23.000236976770562	1.9321713	1.3900256
23.018123078229	1.9530057	1.3974998
23.03600974815619	1.9506934	1.3966722
23.053896987042194	1.9345857	1.3908938
23.071784795377173	1.9532533	1.3975884
23.08967317365145	1.9618099	1.4006462
23.10756212235546	1.8858048	1.3732461
23.125451641979787	1.8443117	1.3580544
23.143341733015134	1.8733872	1.3687173
23.161232395952357	1.9208776	1.3859572
23.179123631282426	1.9332901	1.3904281
23.197015439496468	1.9183465	1.3850439
23.214907821085717	1.9482082	1.3957824
23.23280077654157	1.973187	1.4047017
23.250694306355538	1.99796	1.4134921
23.268588411019277	1.985622	1.409121
23.28648309102458	2.0009913	1.414564
23.304378346863356	1.9644878	1.4016019
23.322274179027676	1.9601878	1.4000671
23.340170588009723	1.9103662	1.38216
23.358067574301852	1.8907424	1.3750427
23.37596513839651	1.9041508	1.3799098
23.39386328078629	1.928878	1.3888406
23.411762001963947	1.9286885	1.3887724
23.429661302422353	1.9293821	1.389022
23.4475611826545	1.918768	1.3851961
23.46546164315356	1.9239943	1.3870813
23.48336268441279	1.9215807	1.3862109
23.501264306925638	1.9301598	1.3893019
23.51916651118564	1.8966231	1.3771794
23.537069297686497	1.8647639	1.3655635
23.554972666922037	1.8851074	1.3729922
23.57287661938623	1.8977201	1.3775777
23.59078115557318	1.9004455	1.3785665
23.608686275977128	1.8892854	1.3745128
23.62659198109246	1.8564705	1.3625236
23.6444982714137	1.8628191	1.3648514
23.66240514743549	1.9169123	1.384526
23.68031260965263	1.9272656	1.3882599
23.698220658560068	1.9282957	1.3886309
23.716129294652845	1.9055464	1.3804153
23.7340385184262	1.9405289	1.3930286
23.75194833037546	1.9048154	1.3801506
23.769858730996123	1.9004116	1.3785542
23.78776972078382	1.8878945	1.3740067
23.80568130023431	1.8944653	1.3763958
23.823593469843495	1.8734984	1.368758
23.841506230107424	1.8839628	1.3725753
23.859419581522275	1.8915899	1.3753508
23.87733352458438	1.8994613	1.3782095
23.89524805979019	1.8864703	1.3734884
23.913163187636318	1.9070998	1.3809779
23.931078908619508	1.961074	1.4003835
23.948995223236633	1.9995463	1.4140532
23.966912131984735	2.029995	1.4247789
23.98482963536096	2.0478518	1.4310317
24.002747733862616	2.0238318	1.4226145
24.020666427987155	2.0145204	1.419338
24.038585718232156	2.0407443	1.4285462
24.056505605095353	2.0475779	1.430936
24.074426089074617	2.0710561	1.4391165
24.092347170667946	2.0038707	1.4155815
24.110268850373515	1.9651952	1.4018542
24.128191128689586	1.9504365	1.3965802
24.146114006114626	2.0190477	1.420932
24.164037483147187	2.0416338	1.4288576
24.181961560286005	2.0417945	1.4289137
24.199886238029926	2.0768054	1.4411125
24.21781151687797	2.0964286	1.447905
24.235737397329274	2.1032696	1.4502653
24.253663879883135	2.0512621	1.4322228
24.271590965038975	2.019363	1.4210429
24.289518653296376	2.0054007	1.4161217
24.30744694515505	2.0133758	1.4189347
24.32537584111486	2.0015445	1.4147595
24.34330534167581	1.9720461	1.4042956
24.361235447338046	1.9971706	1.4132129
24.379166158601876	1.999506	1.4140389
24.39709747596772	1.9970058	1.4131546
24.41502939993615	2.020117	1.4213082
24.432961931007917	2.014811	1.4194404
24.450895069683856	1.9753029	1.4054548
24.468828816465	1.961249	1.400446
24.4867631718525	1.9468853	1.3953084
24.504698136347656	1.9877793	1.4098862
24.52263371045192	1.947921	1.3956795
24.540569894666874	1.932633	1.3901917
24.558506689494266	1.8982795	1.3777807
24.57644409543597	1.894335	1.3763485
24.594382112994012	1.9257795	1.3877245
24.61232074267057	1.9652243	1.4018645
24.630259984967953	1.9914004	1.4111699
24.64819984038863	1.9902807	1.4107732
24.66614030943522	2.0054257	1.4161305
24.684081392610462	1.9936864	1.4119797
24.702023090417274	1.9446672	1.3945132
24.7199654033587	1.9297528	1.3891554
24.737908331937927	1.997129	1.4131981
24.755851876658305	2.0724757	1.4396095
24.773796038023324	2.1096065	1.4524485
24.79174081653661	2.1176875	1.4552276
24.809686212701962	2.1121397	1.4533203
24.827632227023294	2.1305666	1.4596461
24.8455788600047	2.167611	1.4722809
24.8635261121504	2.1407368	1.4631257
24.88147398396475	2.1437411	1.464152
24.899422475952303	2.146237	1.4650041
24.917371588617698	2.1460767	1.4649494
24.935321322465768	2.1501706	1.466346
24.953271678001478	2.249252	1.4997506
24.97122265572994	2.4138126	1.5536449
24.989174256156414	2.7270968	1.6513923
25.00712647978632	3.1877954	1.7854398
25.02507932712521	3.7464876	1.9355845
25.043032798678798	4.279506	2.0686967
25.060986894952933	4.9681153	2.228927
25.078941616453637	5.6673636	2.3806226
25.096896963687055	6.4934497	2.548225
25.114852937159508	7.542109	2.74629
25.132809537377444	8.103376	2.846643
25.150766764847468	8.284059	2.878204
25.168724620076347	7.805077	2.7937567
25.186683103570985	6.762193	2.6004217
25.204642215838426	5.5708356	2.3602617
25.222601957385894	4.1710653	2.0423186
25.24056232872074	3.24024	1.8000667
25.25852333035048	2.6587029	1.6305529
25.276484962782778	2.2833714	1.5110829
25.294447226525435	2.0885587	1.4451847
25.312410122086423	1.9889123	1.410288
25.330373649973843	1.9652234	1.4018643
25.348337810695988	1.9310403	1.3896188
25.366302604761245	1.9066483	1.3808143
25.384268032678207	1.8843607	1.3727201
25.40223409495558	1.8962475	1.377043
25.420200792102257	1.9130886	1.3831445
25.438168124627246	1.9326465	1.3901966
25.45613609303974	1.9312061	1.3896784
25.474104697849057	1.9237179	1.3869816
25.492073939564698	1.8940377	1.3762404
25.510043818696285	1.8535427	1.3614488
25.528014335753614	1.8512211	1.3605958
25.54598549124664	1.8921691	1.3755614
25.56395728568544	1.9118721	1.3827046
25.58192971958028	1.9255455	1.3876402
25.59990279344156	1.8748662	1.3692576
25.617876507779833	1.8537532	1.361526
25.635850863105826	1.8844081	1.3727374
25.653825859930386	1.8726324	1.3684416
25.671801498764548	1.8223882	1.3499585
25.68977778011949	1.8093438	1.3451185
25.707754704506524	1.7968519	1.340467
25.725732272437153	1.8142673	1.3469474
25.743710484423012	1.8492401	1.3598677
25.761689340975888	1.9194946	1.3854582
25.77966884260774	1.9357009	1.3912947
25.797648989830662	1.8932317	1.3759476
25.815629783156922	1.8011388	1.3420651
25.83361122309895	1.772579	1.3313824
25.85159331016929	1.8317683	1.3534284
25.869576044880695	1.880184	1.371198
25.887559427746034	1.915051	1.3838537
25.90554345927836	1.904859	1.3801663
25.92352813999086	1.8568916	1.362678
25.94151347039689	1.8061875	1.3439448
25.959499451009965	1.77139	1.3309357
25.97748608234374	1.8241242	1.3506014
25.995473364912062	1.8415648	1.3570427
26.013461299228904	1.8311076	1.3531842
26.03144988580839	1.8101015	1.3454001
26.04943912516483	1.8506824	1.3603978
26.067429017812675	1.861648	1.3644222
26.085419564266537	1.9003719	1.3785398
26.103410765041186	1.9196758	1.3855237
26.12140262065155	1.9024067	1.3792776
26.139395131612723	1.9048929	1.3801786
26.157388298439948	1.8515612	1.3607209
26.17538212164861	1.78447	1.3358406
26.193376601754295	1.775225	1.3323758
26.211371739272714	1.7927401	1.3389324
26.229367534719746	1.8242263	1.3506392
26.247363988611433	1.8531135	1.3612912
26.26536110146397	1.8580934	1.363119
26.283358873793727	1.8437862	1.3578609
26.301357306117204	1.8342896	1.3543595
26.319356398951104	1.857339	1.3628422
26.33735615281224	1.836897	1.3553218
26.35535656821762	1.7952247	1.33986
26.373357645684404	1.7766114	1.3328959
26.39135938572991	1.8038137	1.3430613
26.409361788871614	1.8203743	1.3492124
26.427364855627165	1.8332708	1.3539833
26.445368586514352	1.8096466	1.345231
26.46337298205115	1.7907987	1.3382072
26.48137804275568	1.7439973	1.3206049
26.499383769146217	1.7854296	1.3361996
26.517390161741215	1.8102967	1.3454727
26.53539722105928	1.8320159	1.3535198
26.553404947619182	1.785246	1.336131
26.571413341939856	1.8247836	1.3508455
26.589422404540397	1.8229032	1.3501493
26.60743213594006	1.7820176	1.3349223
26.62544253665827	1.7860174	1.3364196
26.64345360721459	1.8037035	1.3430203
26.66146534812879	1.8139569	1.3468322
26.679477759920758	1.8008604	1.3419614
26.69749084311057	1.8092537	1.345085
26.71550459821847	1.785365	1.3361756
26.733519025764842	1.7719743	1.3311553
26.751534126270258	1.77065	1.3306577
26.769549900255434	1.7976712	1.3407726
26.787566348241267	1.8694415	1.3672752
26.80558347074881	1.8732967	1.3686843
26.823601268299267	1.8272837	1.3517706
26.841619741414036	1.81037	1.3454999
26.85963889061465	1.7836523	1.3355345
26.877658716422832	1.795116	1.3398193
26.89567921936045	1.8256782	1.3511766
26.913700399949544	1.8456312	1.35854
26.93172225871233	1.8419483	1.3571839
26.949744796171174	1.8162321	1.3476765
26.967768012848605	1.801786	1.3423063
26.98579190926733	1.784765	1.335951
27.003816485950225	1.8080521	1.3446382
27.021841743420318	1.8056823	1.3437568
27.039867682200814	1.8149844	1.3472136
27.057894302815072	1.8317885	1.3534359
27.07592160578664	1.831935	1.35349
27.0939495916392	1.8393832	1.3562386
27.111978260896635	1.7724757	1.3313435
27.13000761408296	1.7926207	1.3388878
27.148037651722397	1.8181386	1.3483837
27.166068374339304	1.8147968	1.3471439
27.184099782458215	1.8072565	1.3443424
27.20213187660384	1.8056257	1.3437357
27.22016465730105	1.8027499	1.3426652
27.23819812507487	1.8151021	1.3472573
27.256232280450533	1.8497093	1.3600402
27.274267123953383	1.864716	1.3655461
27.292302656108987	1.8599033	1.3637828
27.31033887744306	1.8476497	1.3592827
27.32837578848146	1.8437177	1.3578357
27.34641338975026	1.8277258	1.3519341
27.364451681775673	1.7894472	1.3377022
27.382490665084074	1.832818	1.3538162
27.400530340202046	1.8363247	1.3551105
27.41857070765629	1.7941734	1.3394675
27.436611767973726	1.7926805	1.3389102
27.454653521681404	1.8245612	1.3507632
27.472695969306564	1.8184962	1.3485163
27.490739111376627	1.7794387	1.333956
27.508782948419153	1.7776977	1.3333033
27.526827480961902	1.7725724	1.3313799
27.54487270953279	1.7981985	1.3409692
27.562918634659898	1.8401392	1.3565173
27.580965256871508	1.8465277	1.35887
27.599012576696026	1.8035036	1.3429459
27.617060594662068	1.8028448	1.3427006
27.63510931129842	1.8058261	1.3438103
27.65315872713401	1.8019763	1.3423771
27.67120884269797	1.8031712	1.3428221
27.68925965851958	1.7968245	1.3404568
27.707311175128307	1.8341877	1.3543218
27.725363393053787	1.8582544	1.363178
27.74341631282583	1.8752743	1.3694066
27.7614699349744	1.8455614	1.3585144
27.77952426002968	2.0454302	1.4301853
27.797579288521973	2.1278718	1.4587226
27.815635020981784	2.6031504	1.6134281
27.83369145793979	2.6595814	1.6308223
27.85174859992682	2.4501693	1.5653017
27.869806447473923	2.3212526	1.5235658
27.887865001112267	2.0119405	1.4184289
27.905924261373233	1.9074649	1.38111
27.92398422878836	1.9438411	1.394217
27.94204490388936	1.9807117	1.4073776
27.96010628720813	1.9549829	1.3982071
27.978168379276728	1.8820174	1.3718663
27.9962311806274	1.8725684	1.3684182
28.014294691792568	1.9044194	1.380007
28.0323589133048	1.9092659	1.3817619
28.050423845696887	1.907812	1.3812357
28.068489489501758	1.8690302	1.3671248
28.086555845252523	1.8431523	1.3576274
28.104622913482487	1.894754	1.3765006
28.122690694725115	1.924647	1.3873165
28.14075918951405	1.9086666	1.3815451
28.15882839838312	1.9049075	1.3801838
28.176898321866304	1.9301878	1.389312
28.1949689604978	1.886445	1.3734791
28.213040314811945	1.8641562	1.3653411
28.23111238534327	1.8489088	1.3597459
28.249185172626493	1.8578006	1.3630116
28.267258677196473	1.8576347	1.3629507
28.285332899588294	1.9249208	1.3874152
28.303407840337172	1.9327265	1.3902253
28.321483499978545	1.9482899	1.3958116
28.33955987904799	1.9312077	1.389679
28.357636978081285	1.9526522	1.3973733
28.37571479761439	2.0093467	1.4175143
28.393793338183425	2.0207102	1.4215169
28.41187260032469	1.9926337	1.4116068
28.429952584574686	1.9677657	1.4027708
28.448033291470065	1.9798255	1.4070628
28.46611472154769	1.9639401	1.4014065
28.484196875344566	1.9387832	1.3924019
28.502279753397914	1.9092635	1.381761
28.52036335624511	1.9299268	1.3892181
28.538447684423716	1.9809234	1.4074528
28.556532738471482	1.9914557	1.4111894
28.574618518926325	1.9732472	1.4047232
28.59270502632635	1.9991491	1.4139127
28.61079226120985	2.0301538	1.4248346
28.628880224115274	2.0170188	1.4202179
28.646968915581287	2.0323894	1.425619
28.66505833614671	2.0364676	1.4270486
28.68314848635055	2.0810187	1.4425737
28.701239366732004	2.0679648	1.438042
28.71933097783044	2.072402	1.439584
28.737423320185403	2.076087	1.4408633
28.75551639433665	2.1199956	1.4560205
28.773610200824074	2.1125662	1.453467
28.791704740187793	2.0849516	1.4439361
28.80980001296809	2.1144924	1.4541295
28.827896019705413	2.1351929	1.4612299
28.845992760940433	2.150382	1.4664181
28.86409023721397	2.2009404	1.4835566
28.88218844906704	2.2395902	1.496526
28.900287397040845	2.2844324	1.5114338
28.918387081676755	2.300999	1.5169044
28.936487503516343	2.2372594	1.4957471
28.954588663101365	2.2311733	1.4937112
28.97269056097374	2.291568	1.5137926
28.990793197675597	2.3542633	1.5343609
29.00889657374923	2.3208184	1.5234233
29.027000689737125	2.3180118	1.5225018
29.04510554618196	2.3648198	1.5377971
29.06321114362659	2.4129462	1.5533661
29.08131748261405	2.395081	1.5476049
29.099424563687567	2.39512	1.5476174
29.11753238739057	2.4895408	1.5778279
29.13564095426663	2.5395033	1.5935819
29.15375026485954	2.538037	1.5931218
29.171860319713275	2.5631995	1.6009996
29.18997111937199	2.6174176	1.6178435
29.20808266438002	2.71155	1.6466784
29.226194955281898	2.7460918	1.6571336
29.244307992622335	2.8634908	1.6921852
29.26242177694624	2.9509094	1.7178211
29.2805363087987	2.9606032	1.7206403
29.29865158872498	2.9449823	1.7160951
29.316767617270557	2.984922	1.7276926
29.334884394981064	2.967515	1.7226477
29.353001922402367	2.9918115	1.7296854
29.37112020008047	3.084932	1.7563975
29.389239228561596	3.2120638	1.7922231
29.407359008392152	3.402791	1.8446655
29.42547954011872	3.704805	1.9247869
29.44360082428809	4.337584	2.0826867
29.46172286144722	5.43997	2.3323743
29.479845652143283	7.0045853	2.6466177
29.497969196923606	9.023365	3.0038917
29.516093496335728	11.474997	3.3874764
29.5342185509274	14.183918	3.7661543
29.55234436124651	16.377985	4.0469723
29.570470927841175	17.629333	4.19873
29.588598251259686	17.210497	4.1485534
29.60672633205055	15.804251	3.975456
29.624855170762405	13.75342	3.7085605
29.642984767944146	11.259394	3.355502
29.66111512414481	8.680771	2.9463148
29.67924623991366	6.4649096	2.5426188
29.697378115800138	4.9990554	2.2358568
29.71551075235387	4.2155538	2.0531814
29.733644150124675	3.8360932	1.9585947
29.751778309662576	3.6041412	1.8984576
29.769913231517766	3.4197738	1.8492631
29.78804891624066	3.3294153	1.8246685
29.806185364381818	3.3137913	1.8203822
29.82432257649206	3.3857176	1.840032
29.842460553122333	3.39634	1.8429161
29.86059929482382	3.3774648	1.837788
29.878738802147872	3.3283756	1.8243836
29.896879075646048	3.3084853	1.8189242
29.915020115870114	3.2578542	1.8049527
29.933161923371976	3.2076318	1.7909863
29.951304498703777	3.1905162	1.7862016
29.969447842417857	3.1553886	1.7763413
29.987591955066733	3.2266545	1.7962891
30.005736837203123	3.3268425	1.8239634
30.023882489379943	3.3175414	1.821412
30.04202891215028	3.2463791	1.8017712
30.060176106067455	3.2102282	1.791711
30.078324071684946	3.1229367	1.7671833
30.09647280955646	3.1250181	1.7677721
30.114622320235863	3.1650796	1.779067
30.132772604277257	3.1602082	1.7776974
30.1509236622349	3.1435218	1.772998
30.16907549466328	3.054734	1.7477797
30.18722810211705	3.0040777	1.7332275
30.205381485151097	3.0408149	1.7437932
30.22353564432045	3.135471	1.7707262
30.241690580180403	3.131407	1.7695782
30.25984629328638	3.0552711	1.7479334
30.278002784194037	3.0407484	1.7437742
30.296160053459246	3.0542593	1.747644
30.314318101638033	3.012522	1.7356619
30.332476929286646	2.9199963	1.7087996
30.35063653696153	2.870946	1.6943866
30.368796925219307	2.912358	1.7065632
30.386958094616844	2.8758717	1.6958395
30.40512004571115	2.8625867	1.691918
30.423282779059463	2.891283	1.7003773
30.441446295219233	2.9062235	1.704765
30.459610594748067	2.8439946	1.6864147
30.47777567820382	2.832965	1.6831414
30.495941546144504	2.9017315	1.703447
30.51410819912835	2.884804	1.6984711
30.532275637713795	2.9148955	1.7073065
30.55044386245946	2.9406023	1.7148185
30.56861287392416	2.8648238	1.692579
30.586782672666956	2.7854407	1.6689639
30.604953259247047	2.795465	1.6719644
30.623124634223885	2.8443766	1.686528
30.641296798157075	2.8620977	1.6917735
30.659469751606462	2.8109052	1.6765754
30.677643495132074	2.7138507	1.6473769
30.695818029294152	2.7058365	1.6449428
30.713993354653116	2.755819	1.660066
30.73216947176962	2.745853	1.6570616
30.75034638120448	2.6560054	1.6297256
30.768524083518756	2.6491544	1.6276224
30.786702579273673	2.7231991	1.6502118
30.80488186903069	2.8463655	1.6871175
30.82306195335144	2.9127512	1.7066784
30.841242832797782	3.116061	1.7652369
30.85942450793176	3.385082	1.8398592
30.877606979315637	3.664431	1.9142704
30.895790247511883	3.9997478	1.9999369
30.913974313083134	4.442416	2.107704
30.932159176592283	4.808071	2.1927314
30.95034483860237	4.9169936	2.2174294
30.968531299676698	4.6505427	2.1565118
30.98671856037873	4.2854037	2.0701218
31.00490662127215	3.983309	1.9958229
31.023095482920848	3.4453115	1.856155
31.04128514588892	2.8626742	1.6919439
31.059475610740662	2.6069362	1.6146009
31.07766687804056	2.5659277	1.6018513
31.09585894835335	2.5218534	1.5880345
31.11405182224393	2.4581454	1.5678474
31.132245500277417	2.410665	1.5526316
31.15043998301914	2.3602653	1.5363154
31.168635271034628	2.3332279	1.5274907
31.18683136488964	2.3643365	1.5376399
31.20502826515008	2.4097183	1.5523267
31.223225972382135	2.3927479	1.5468509
31.241424487152155	2.4399426	1.5620315
31.259623810026692	2.4775577	1.574026
31.27782394157253	2.4435399	1.5631826
31.296024882356644	2.3969138	1.5481969
31.314226632946237	2.4232311	1.556673
31.332429193908684	2.435977	1.5607617
31.350632565811598	2.4497967	1.5651827
31.368836749222787	2.4639814	1.5697074
31.387041744710295	2.4846368	1.5762731
31.40524755284232	2.538238	1.5931848
31.423454174187317	2.4981174	1.5805434
31.441661609313922	2.4243214	1.5570233
31.459869858791002	2.430204	1.5589111
31.478078923187628	2.4689136	1.5712777
31.496288803073064	2.4598494	1.5683907
31.514499499016807	2.4450128	1.5636537
31.532711011588546	2.3794901	1.5425596
31.550923341358178	2.3564808	1.5350833
31.56913648889584	2.3753335	1.5412117
31.587350454771844	2.3036296	1.5177712
31.605565239556732	2.2465885	1.4988624
31.62378084382127	2.2678862	1.5059502
31.641997268136382	2.319741	1.5230696
31.660214513073274	2.2727854	1.507576
31.67843257920331	2.296905	1.5155543
31.6966514670981	2.2687697	1.5062436
31.71487117732944	2.1796255	1.4763554
31.733091710469346	2.1874511	1.4790034
31.751313067090052	2.270562	1.5068384
31.769535247764008	2.3188565	1.5227792
31.787758253063878	2.3426611	1.5305754
31.805982083562526	2.404221	1.5505551
31.824206739833024	2.397663	1.5484389
31.84243222244869	2.3485007	1.5324819
31.860658531983013	2.2959614	1.515243
31.878885669009737	2.2760677	1.5086643
31.897113634102784	2.2373316	1.4957713
31.91534242783632	2.1653209	1.4715029
31.933572050784694	2.192203	1.480609
31.951802503522508	2.2308266	1.4935952
31.970033786624548	2.231156	1.4937055
31.988265900665834	2.3037217	1.5178016
32.006498846221575	2.2919295	1.513912
32.02473262386724	2.2185235	1.4894708
32.04296723417845	2.1711042	1.4734668
32.0612026777311	2.1887116	1.4794295
32.07943895510129	2.2337348	1.4945685
32.097676066865304	2.2369623	1.4956478
32.115914013599685	2.172476	1.4739321
32.13415279588115	2.1563716	1.4684589
32.152392414286666	2.1799927	1.4764798
32.1706328693934	2.2020106	1.4839174
32.18887416177875	2.1877234	1.4790955
32.20711629202032	2.1631956	1.4707806
32.225359260695924	2.1335628	1.460672
32.243603068383614	2.028997	1.4244286
32.26184771566166	2.0482228	1.4311613
32.28009320310852	2.1155908	1.4545071
32.2983395313029	2.1698217	1.4730315
32.31658670082372	2.1863441	1.4786291
32.33483471225012	2.1427665	1.4638191
32.35308356616143	2.1040573	1.4505368
32.371333263137245	2.1689734	1.4727435
32.38958380375734	2.1507137	1.4665312
32.407835188601744	2.151878	1.4669281
32.42608741825067	2.1403348	1.4629884
32.444340493284585	2.075734	1.4407407
32.46259441428416	2.062877	1.4362719
32.48084918183028	2.1210947	1.4563979
32.49910479650405	2.137948	1.4621724
32.51736125888683	2.0895417	1.4455247
32.53561856956014	2.0640688	1.4366868
32.5538767291058	2.118164	1.4553914
32.572135738105764	2.1969175	1.4822003
32.59039559714228	2.0712478	1.439183
32.608656306797776	1.9656861	1.4020293
32.62691786765491	1.8958179	1.3768871
32.645180280296586	1.9136814	1.3833587
32.663443545305896	1.9928644	1.4116884
32.68170766326619	2.032157	1.4255375
32.69997263476099	2.0458822	1.4303434
32.7182384603741	1.9951553	1.4124997
32.7365051406895	1.9712267	1.4040039
32.75477267629144	1.9374262	1.3919146
32.77304106776434	1.8562725	1.362451
32.79131031569289	1.89768	1.3775631
32.809580420661966	1.9311465	1.389657
32.827851383256714	1.9277425	1.3884317
32.84612320406245	1.9546708	1.3980954
32.86439588366476	1.929836	1.3891854
32.88266942264945	1.866754	1.3662921
32.9009438216025	1.9296964	1.3891351
32.9192190811102	2.0371494	1.4272875
32.937495201758985	2.1296966	1.459348
32.95577218413556	2.1128116	1.4535514
32.974050028826866	2.055983	1.43387
32.992328736420035	2.0516462	1.4323568
33.010608307502444	2.0751925	1.4405528
33.02888874266169	2.0526514	1.4327077
33.047170042485604	1.9360055	1.3914042
33.06545220756225	1.7803795	1.3343086
33.083735238479896	1.8353792	1.3547617
33.10201913582707	1.9450362	1.3946456
33.12030390019248	1.9295979	1.3890996
33.138589532165135	1.8952806	1.3766919
33.15687603233419	2.0136716	1.419039
33.17516340128909	2.0280159	1.4240842
33.19345163961947	1.971712	1.4041766
33.211740747915215	1.958718	1.3995421
33.23003072676643	1.9316138	1.3898251
33.248321576763466	1.900599	1.3786222
33.266613298496885	2.0202806	1.4213657
33.28490589255747	2.0711071	1.4391341
33.30319935953626	1.9203094	1.3857523
33.32149370002451	1.8526397	1.3611171
33.339788914613706	1.8723857	1.3683515
33.358085003895575	1.9197145	1.3855376
33.376381968462034	1.9702979	1.403673
33.39467980890529	1.9875388	1.409801
33.41297852581774	1.8781427	1.3704535
33.43127811979204	1.8644981	1.3654662
33.44957859142105	1.9319803	1.389957
33.467879941297866	1.989697	1.4105662
33.486182170015844	2.0127296	1.418707
33.50448527816853	2.0170918	1.4202435
33.522789266349754	1.963233	1.4011542
33.541094135153514	1.899218	1.3781211
33.55939988517411	1.8348814	1.3545779
33.57770651700602	1.9278117	1.3884566
33.59601403124398	2.0234792	1.4224905
33.61432242848296	1.9550437	1.3982288
33.632631709318154	2.0211308	1.4216648
33.650941874344994	2.0055673	1.4161805
33.66925292415916	1.8547059	1.3618759
33.68756485935654	1.8812946	1.3716029
33.70587768053328	2.0667284	1.437612
33.724191388285746	2.2145936	1.4881511
33.74250598321054	2.1371715	1.4619068
33.760821465904506	1.9520304	1.3971509
33.77913783696474	1.9489568	1.3960505
33.79745509698852	2.055736	1.4337838
33.815773246573414	2.0352368	1.4266173
33.8340922863172	1.9764141	1.4058499
33.852412216817896	1.9152913	1.3839405
33.87073303867377	1.8597865	1.3637398
33.889054752483304	1.7793216	1.3339121
33.907377358845245	1.7442067	1.3206842
33.92570085835853	1.7833793	1.3354323
33.94402525162239	1.8769095	1.3700035
33.96235053923627	1.9826573	1.4080687
33.980676721799824	1.992221	1.4114606
33.999003799912984	1.9322994	1.3900717
34.01733177417592	1.8946811	1.3764741
34.03566064518901	1.9595475	1.3998384
34.0539904135529	1.9297153	1.3891419
34.07232107986846	1.8896329	1.3746392
34.090652644736785	1.8372536	1.3554533
34.108985108759235	1.9315351	1.3897967
34.12731847253742	1.9486067	1.395925
34.14565273667313	1.8384694	1.3559017
34.16398790176847	1.8552288	1.3620678
34.18232396842574	1.8583517	1.3632138
34.20066093724749	1.8658309	1.3659542
34.21899880883651	1.9544753	1.3980255
34.23733758379583	1.9497561	1.3963367
34.25567726272874	1.9844165	1.4086932
34.27401784623872	2.0774338	1.4413306
34.29235933492957	2.1099274	1.4525589
34.31070172940526	2.1460543	1.4649417
34.32904503027003	2.0510716	1.4321563
34.347389238128386	1.982006	1.4078374
34.36573435358502	2.0063617	1.416461
34.38408037724492	2.0040667	1.4156506
34.402427309713296	1.933321	1.3904392
34.42077515159559	1.9175705	1.3847637
34.43912390349752	2.0431187	1.4293771
34.45747356602499	2.1787841	1.4760705
34.47582413978423	1.977134	1.406106
34.49417562538163	1.9308313	1.3895435
34.51252802342388	1.8487101	1.3596728
34.53088133451789	1.8480283	1.3594221
34.54923555927084	1.9707328	1.4038279
34.567590698290104	1.981365	1.4076097
34.58594675218336	1.9474342	1.395505
34.6043037215585	1.8169447	1.3479409
34.62266160702365	1.8883778	1.3741826
34.641020409187234	1.9632152	1.4011478
34.65938012865785	1.9712299	1.4040049
34.677740766044394	2.0161157	1.4198998
34.69610232195598	2.056609	1.4340882
34.714464797002016	2.010207	1.4178177
34.73282819179208	2.063995	1.436661
34.751192506936064	2.0485737	1.431284
34.76955774304408	1.9602106	1.4000752
34.7879239007265	2.064983	1.4370048
34.80629098059391	2.057246	1.4343103
34.824658983257194	2.0970008	1.4481025
34.843027909327446	2.1805906	1.4766823
34.86139775941603	2.159416	1.4694952
34.879768534134534	2.273262	1.5077341
34.89814023409483	2.135186	1.4612275
34.91651285990901	1.9123377	1.3828729
34.93488641218944	1.7815717	1.3347553
34.95326089154871	1.838786	1.3560184
34.97163629859967	1.732506	1.316247
34.99001263395542	1.7631559	1.3278388
35.00838989822934	1.9055479	1.3804158
35.02676809203499	1.8985122	1.3778651
35.04514721598624	1.7799944	1.3341643
35.063527270697215	1.8712692	1.3679434
35.081908256782256	2.0698428	1.4386948
35.10029017485597	2.0836093	1.4434713
35.11867302553321	1.9957787	1.4127203
35.137056809429104	2.0791974	1.4419422
35.155441527159006	2.0151193	1.419549
35.173827179338524	1.9382002	1.3921926
35.19221376658354	1.9007969	1.3786939
35.21060128951017	2.0395317	1.4281217
35.2289897487348	2.2372384	1.49574
35.24737914487405	2.175665	1.4750135
35.26576947854479	1.854222	1.3616983
35.28416075036418	1.8829994	1.3722242
35.30255296094958	1.9326997	1.3902158
35.32094611091867	1.9658638	1.4020927
35.33934020088932	2.0591354	1.4349688
35.35773523147969	2.1112113	1.4530008
35.3761312033082	2.030527	1.4249656
35.394528116993506	2.196177	1.4819504
35.41292597315452	2.2055156	1.4850979
35.431324772410434	1.8514796	1.3606908
35.449724515380666	1.5244993	1.2347062
35.46812520268491	1.7437989	1.3205298
35.486526834943106	2.378577	1.5422636
35.504929412775454	2.1629117	1.470684
35.52333293680242	1.3509723	1.1623133
35.54173740764471	1.0341574	1.0169353
35.560142825923286	1.0097461	1.0048612
35.5785491922594	1.1711147	1.0821805
35.59695650727454	1.1030209	1.050248
35.61536477159042	0.57398254	0.75761634
