0.008763373481513119	0.0	0.0
0.026290120649546365	0.0	0.0
0.043816868432600686	0.060138714	0.24523196
0.06134361724069026	0.12766638	0.35730433
0.07887036748382949	0.19338663	0.43975747
0.0963971195720331	0.28817183	0.53681636
0.11392387391531617	0.18517135	0.4303154
0.1314506309236943	0.13681254	0.36988178
0.1489773910071836	0.18157661	0.42611808
0.16650415457580078	0.21056092	0.45886916
0.18403092203956356	0.23969834	0.48958996
0.20155769380849	0.24087067	0.49078578
0.2190844702925996	0.27964494	0.5288147
0.2366112519019124	0.23701951	0.4868465
0.2541380390464497	0.16282256	0.40351278
0.27166483213623416	0.0731125	0.27039322
0.28919163158128947	0.061714206	0.24842344
0.3067184377916406	0.08498692	0.29152516
0.324245251177314	0.12163467	0.34876162
0.34177207214833777	0.169614	0.4118422
0.3592989011147415	0.19925624	0.44638127
0.37682573848655654	0.24014434	0.49004525
0.39435258467381573	0.25212383	0.50211936
0.41187944008655414	0.23260635	0.4822928
0.42940630513480854	0.23372819	0.48345444
0.446933180228618	0.2257993	0.47518346
0.4644600657780234	0.2443039	0.49427107
0.48198696219306775	0.20527837	0.45307657
0.49951386988379676	0.1413856	0.37601277
0.5170407892602581	0.14440054	0.3800007
0.5345677207325025	0.16545641	0.40676335
0.5520946647105822	0.17613944	0.4196897
0.5696216216045534	0.1653455	0.406627
0.5871485918244737	0.16510215	0.40632764
0.6046755757804043	0.16728915	0.40900996
0.6222025738824094	0.17220774	0.41497922
0.6397295865405557	0.16491608	0.4060986
0.6572566141649129	0.13454708	0.3668066
0.6747836571655547	0.14268531	0.37773708
0.6923107159525568	0.09454082	0.3074749
0.7098377909359992	0.12527429	0.35394108
0.7273648825259653	0.17621522	0.41977996
0.7448919911325411	0.20223886	0.44970974
0.762419117165817	0.20588894	0.45374987
0.7799462610358868	0.20059551	0.4478789
0.7974734231528482	0.1802555	0.42456508
0.8150006039268024	0.15177906	0.38958833
0.8325278037678551	0.17234889	0.41514924
0.8500550230861152	0.20105669	0.44839346
0.8675822622916969	0.20267767	0.45019737
0.8851095217947171	0.22541954	0.47478366
0.9026368020052984	0.18924828	0.43502676
0.9201641033335665	0.17860948	0.42262214
0.9376914261896523	0.19027899	0.4362098
0.9552187709836915	0.20028043	0.44752702
0.9727461381258234	0.22851473	0.47803214
0.990273528026193	0.21684249	0.4656635
1.0078009410949496	0.23744735	0.4872857
1.0253283777422473	0.2786866	0.5279078
1.0428558383782454	0.31043845	0.55717003
1.0603833234131086	0.31713504	0.5631474
1.0779108332570058	0.3449158	0.58729535
1.0954383683201119	0.33510455	0.57888216
1.112965929012607	0.35997248	0.5999771
1.1304935157446763	0.5052985	0.7108435
1.1480211289265108	0.561558	0.74937177
1.1655487689683062	1.4388686	1.1995285
1.1830764362802655	1.6888878	1.2995722
1.200604131272596	2.0936146	1.4469328
1.2181318543555117	2.4910254	1.5782983
1.235659605939232	2.51171	1.5848376
1.253187386433982	4.0492783	2.012282
1.270715196249994	6.2654114	2.5030804
1.2882430357975057	11.697449	3.4201534
1.3057709054867608	16.601107	4.0744457
1.3232988057280106	22.699806	4.7644315
1.3408267369315112	27.956068	5.2873497
1.358354699507526	31.711803	5.6313233
1.3758826938663256	35.662933	5.971845
1.3934107204181858	37.029465	6.085184
1.410938779573391	37.32589	6.109492
1.4284668717422309	37.58506	6.130666
1.4459949973350033	37.429592	6.117973
1.4635231567620117	37.599308	6.1318274
1.4810513504335687	36.52164	6.0433135
1.4985795787599925	35.97344	5.997786
1.5161078421516088	35.511578	5.9591594
1.5336361410187505	34.61462	5.883419
1.5511644757717598	34.768456	5.896478
1.5686928468209842	35.629307	5.969029
1.58622125457678	36.309242	6.025715
1.6037496994495108	37.69971	6.140009
1.621278181849548	37.41782	6.1170106
1.6388067021872719	38.36108	6.193632
1.6563352608730693	37.640587	6.1351924
1.673863858317336	36.775852	6.0643096
1.6913924949304753	35.683716	5.9735847
1.7089211711228998	34.737755	5.893874
1.7264498873050296	33.848114	5.817913
1.7439786438872935	32.749996	5.722761
1.7615074412801288	31.605412	5.621869
1.779036279893981	30.64129	5.5354576
1.796565160139305	29.59375	5.440014
1.814094082426564	29.09821	5.3942757
1.8316230471662298	28.618488	5.349625
1.849152054768784	28.229021	5.313099
1.8666811056447168	27.790306	5.2716513
1.8842102002045273	26.743216	5.1713843
1.901739338858724	25.993828	5.0984144
1.9192685220178245	25.386267	5.0384784
1.9367977500923557	24.855633	4.9855423
1.9543270234928547	24.514112	4.951173
1.971856342629867	23.946918	4.893559
1.9893857079139496	22.959728	4.791631
2.006915119755667	22.28069	4.7202425
2.0244445785655945	21.83601	4.6729016
2.0419740847543175	21.871162	4.6766615
2.0595036387324317	21.592113	4.6467314
2.0770332409105414	21.120401	4.5956936
2.094562891699263	20.462025	4.523497
2.1120925915092217	19.90008	4.4609504
2.129622340751053	19.740599	4.4430394
2.1471521398354043	187.92087	13.708424
2.1646819891729323	444.28058	21.077965
2.182211889174303	440.37848	20.985197
2.1997418402501974	452.68478	21.27639
2.2172718428113023	432.49023	20.7964
2.234801897268317	320.58698	17.904943
2.2523320040319548	17.236774	4.1517196
2.269862163512935	17.051569	4.1293545
2.287392376121992	16.620853	4.076868
2.304922642269869	16.265463	4.0330462
2.322452962367322	16.109104	4.0136147
2.3399833368251164	15.847396	3.9808788
2.357513766054032	15.423132	3.9272296
2.3750442504648586	15.104751	3.886483
2.3925747904683963	15.035689	3.877588
2.410105386475459	14.805581	3.8478022
2.4276360388968707	14.657644	3.8285303
2.445166748143469	14.234984	3.7729278
2.4626975146261025	13.865485	3.7236388
2.4802283387556323	13.618494	3.6903243
2.4977592209429305	13.141808	3.625163
2.5152901615988825	12.910575	3.593129
2.5328211611343865	12.724682	3.5671673
2.5503522199603523	12.551073	3.5427494
2.5678833384877024	12.58721	3.5478458
2.5854145171273712	12.533799	3.5403106
2.6029457562903064	12.299362	3.5070446
2.620477056387469	11.93115	3.4541497
2.6380084178298326	11.594776	3.4051104
2.655539841028383	11.307709	3.3626938
2.673071326394119	11.28856	3.3598452
2.6906028743380523	11.111035	3.333322
2.708134485271211	11.135865	3.3370445
2.7256661596046325	10.970194	3.3121283
2.743197897749369	10.688248	3.2692885
2.760729700116486	10.569711	3.2511091
2.778261567117063	10.396465	3.224355
2.795793499162193	10.098872	3.1778722
2.8133254966629817	9.803552	3.1310623
2.830857560030551	9.620818	3.1017444
2.8483896896760337	9.597775	3.0980277
2.865921886010578	9.538311	3.0884156
2.883454149445347	9.436507	3.0718899
2.9009864803915177	9.350492	3.0578573
2.91851887926028	9.175675	3.0291378
2.9360513464628384	8.982682	2.9971123
2.953583882410413	8.835005	2.9723735
2.9711164875142373	8.656596	2.9422095
2.9886491621855606	8.544275	2.9230592
3.0061819068356455	8.411131	2.900195
3.023714721875769	8.24618	2.8716161
3.041247607717225	8.156345	2.8559315
3.0587805647713213	8.125975	2.8506095
3.0763135934493806	8.242448	2.8709664
3.0938466941627407	8.224634	2.8678622
3.1113798673227544	8.221729	2.8673558
3.1289131133407904	8.023306	2.832544
3.1464464326282315	7.9084864	2.8122032
3.1639798255964786	7.790976	2.791232
3.1815132926569443	7.617241	2.759935
3.1990468342210603	7.5838585	2.7538807
3.216580450700272	7.4691243	2.7329698
3.2341141425060416	7.4093533	2.7220128
3.251647910049847	7.2682004	2.69596
3.2691817537431813	7.20638	2.6844702
3.286715673997555	7.238197	2.6903896
3.3042496712244938	7.198893	2.6830752
3.32178374583554	7.081161	2.661045
3.339317898242251	7.014701	2.648528
3.3568521288562034	6.872636	2.6215713
3.3743864380889876	6.8686304	2.6208072
3.3919208263522127	6.777993	2.603458
3.4094552940575023	6.7631803	2.6006114
3.4269898416164972	6.764043	2.6007774
3.444524469440858	6.6377583	2.5763848
3.4620591779422587	6.593335	2.567749
3.479593967532391	6.451931	2.540065
3.4971288386229658	6.3982067	2.5294676
3.5146637916257086	6.4329023	2.5363166
3.5321988269523628	6.4771075	2.5450163
3.5497339450146903	6.510329	2.5515347
3.5672691462244708	6.4740114	2.5444078
3.5848044309934988	6.409774	2.531753
3.60233979973359	6.2480764	2.4996152
3.619875252856575	6.2627435	2.5025475
3.6374107907743034	6.260012	2.5020015
3.6549464138986427	6.2810435	2.506201
3.6724821226414788	6.2885747	2.507703
3.690017917414714	6.369496	2.523786
3.7075537986302702	6.48496	2.5465584
3.7250897667000857	6.584059	2.565942
3.7426258220361235	6.569228	2.5630505
3.7601619650503553	6.7180486	2.59192
3.777698196154779	7.2661138	2.695573
3.7952345157614067	8.364818	2.8921995
3.8127709242822716	9.108332	3.0180013
3.830307422129425	11.195763	3.3460069
3.847844009714936	30.010832	5.4782143
3.8653806874508954	97.54404	9.876438
3.882917455749409	96.86941	9.842226
3.900454315022606	96.73812	9.835554
3.917991265682631	41.463108	6.439185
3.9355283081416506	11.201766	3.346904
3.9530654428118495	9.029587	3.0049272
3.970602670105433	7.7476597	2.7834618
3.9881399904346244	6.749291	2.5979397
4.005677404211669	6.5900874	2.5671165
4.023214911848827	6.563721	2.561976
4.0407525137583855	6.542868	2.557903
4.058290210352644	6.5251417	2.5544357
4.075828002043927	6.3314595	2.5162392
4.0933658892445814	6.2599015	2.5019796
4.110903872366966	6.165647	2.483072
4.128441951823468	6.11431	2.472713
4.145980128026488	6.1183476	2.4735293
4.163518401388452	6.0569105	2.4610791
4.181056772321807	6.0516195	2.4600039
4.1985952412390155	5.981197	2.4456487
4.216133808552567	6.0666003	2.463047
4.233672474674966	6.086877	2.4671597
4.251211240018741	6.2851257	2.5070152
4.268750104996445	6.516906	2.552823
4.286289070020643	7.515296	2.741404
4.303828135503928	9.301524	3.04984
4.3213673018589125	29.669088	5.4469337
4.3389065694982305	90.827675	9.530355
4.356445938834537	166.06026	12.886436
4.3739854102805085	171.81255	13.107728
4.391524984248844	172.78897	13.144922
4.409064661152262	136.89099	11.700043
4.426604441403504	97.06623	9.85222
4.444144325415337	75.93189	8.713891
4.461684313600543	21.84432	4.673791
4.47922440637193	22.043356	4.6950355
4.496764604142329	20.347143	4.510781
4.5143049073245916	18.623243	4.3154655
4.531845316331589	16.691782	4.085558
4.5493858315762195	13.980696	3.7390769
4.566926453471405	11.624765	3.409511
4.584467182430081	9.541316	3.088902
4.602008018865218	8.329822	2.886143
4.619548963189798	7.6442747	2.7648282
4.637090015816834	7.2566357	2.6938143
4.654631177159353	6.9739447	2.6408226
4.672172447630417	6.6054273	2.5701027
4.689713827643102	6.3073425	2.5114424
4.7072553176105085	5.9994407	2.4493756
4.724796917945764	5.8696647	2.422739
4.742338629062015	5.813731	2.411168
4.759880451372434	5.8063345	2.4096336
4.777422385290215	5.7959304	2.4074738
4.794964431228581	5.7974896	2.4077976
4.812506589600768	5.77186	2.4024696
4.830048860820047	5.697972	2.3870425
4.847591245299709	5.6782975	2.382918
4.8651337434530655	5.6198263	2.3706174
4.882676355693457	5.589625	2.3642387
4.900219082434242	5.5744495	2.3610272
4.917761924088813	5.5664	2.3593218
4.935304881070575	5.4972324	2.3446178
4.952847953792969	5.4621863	2.337132
4.970391142669449	5.4767284	2.3402412
4.9879344481135055	5.481294	2.3412163
5.005477870538642	5.453261	2.3352218
5.023021410358394	5.4635553	2.337425
5.040565067986324	5.4224315	2.3286114
5.05810884383601	5.4640684	2.3375347
5.075652738321066	5.445588	2.3335783
5.09319675185512	5.382654	2.3200548
5.110740884851836	5.386413	2.3208647
5.128285137724894	5.3984666	2.32346
5.145829510888007	5.400066	2.3238041
5.163374004754908	5.3528204	2.3136163
5.1809186197393595	5.343594	2.3116214
5.198463356255145	5.3235793	2.3072884
5.216008214716077	5.2879696	2.2995586
5.233553195535998	5.2149487	2.2836263
5.251098299128764	5.1685376	2.2734418
5.268643525908272	5.2252965	2.2858908
5.286188876288432	5.253697	2.2920945
5.3037343506831895	5.329521	2.3085756
5.32127994950651	5.328196	2.3082886
5.3388256731723915	5.317887	2.3060544
5.356371522094851	5.234743	2.287956
5.373917496687938	5.1720576	2.274216
5.391463597365729	5.1766963	2.2752354
5.40900982454232	5.2042274	2.2812777
5.426556178631843	5.228917	2.2866826
5.444102660048449	5.246669	2.2905607
5.4616492692063225	5.2706614	2.295792
5.479196006519669	5.3410277	2.3110664
5.496742872402727	5.3480477	2.3125846
5.514289867269756	5.3029222	2.3028076
5.531836991535049	5.151826	2.2697635
5.549384245612924	5.193576	2.2789419
5.566931629917724	5.178548	2.2756424
5.584479144863822	5.2405186	2.289218
5.6020267908656205	5.233463	2.2876763
5.619574568337545	5.2324853	2.2874627
5.637122477694054	5.2105727	2.2826679
5.654670519349629	5.172026	2.274209
5.672218693718784	5.1644263	2.2725375
5.689767001216059	5.118351	2.2623773
5.707315442256021	5.171832	2.2741663
5.724864017253266	5.1520305	2.2698085
5.7424127266224225	5.192865	2.278786
5.75996157077814	5.156804	2.2708597
5.777510550135105	5.238953	2.288876
5.795059665108022	5.241442	2.2894197
5.812608916111639	5.2328467	2.2875416
5.830158303560715	5.2955856	2.301214
5.847707827870055	5.358103	2.3147576
5.86525748945448	5.428432	2.3298995
5.8828072887288485	5.563631	2.358735
5.900357226108044	5.5988555	2.3661902
5.917907302006979	5.623041	2.3712952
5.9354575168406	6.1298904	2.4758615
5.9530078710238765	6.6815815	2.5848756
5.970558364971812	7.2819824	2.698515
5.988108999099438	7.6393065	2.7639296
6.005659773821818	8.151102	2.8550136
6.023210689554039	7.8178754	2.7960465
6.040761746711227	8.238668	2.8703082
6.058312945708531	7.674849	2.770352
6.075864286961132	7.3350024	2.7083209
6.093415770884244	6.7201424	2.5923238
6.1109673978931065	6.1702704	2.4840028
6.128519168402993	5.5748878	2.36112
6.146071082829204	5.4174647	2.3275447
6.163623141587075	5.2639337	2.2943263
6.181175345091969	5.235609	2.2881453
6.198727693759281	5.18562	2.2771957
6.216280188004435	5.104894	2.2594013
6.233832828242885	5.085017	2.2549982
6.251385614890126	5.062869	2.250082
6.268938548361669	5.0869813	2.2554338
6.286491629073067	5.1065073	2.2597582
6.304044857439898	5.149184	2.2691815
6.321598233877777	5.0300307	2.242773
6.339151758802344	4.9942007	2.2347708
6.356705432629277	4.9650087	2.22823
6.37425925577428	4.9614654	2.2274346
6.391813228653095	4.9960356	2.2351813
6.409367351681486	5.0053706	2.2372684
6.426921625275259	5.059079	2.2492397
6.44447604985025	5.0511756	2.247482
6.46203062582232	5.0842714	2.254833
6.47958535360737	5.016101	2.2396653
6.497140233621328	5.0206046	2.2406707
6.514695266280161	5.0422955	2.2455056
6.532250451999859	5.085264	2.255053
6.549805791196454	5.087223	2.2554872
6.567361284286002	5.0885286	2.2557766
6.584916931684597	5.101982	2.2587569
6.602472733808367	5.1007366	2.258481
6.6200286910734665	5.040396	2.2450826
6.637584803896092	4.968936	2.229111
6.655141072692462	5.025964	2.241866
6.672697497878842	5.069889	2.2516415
6.690254079871514	5.0368443	2.2442915
6.707810819086808	5.0166225	2.2397819
6.725367715941078	4.970062	2.2293634
6.742924770850719	4.9976435	2.2355409
6.760481984232151	4.96352	2.227896
6.778039356501836	4.943511	2.2234008
6.795596888076266	4.957474	2.2265387
6.813154579371963	4.9662457	2.2285075
6.830712430805492	4.9656835	2.2283814
6.84827044279344	4.9693074	2.2291944
6.865828615752445	5.0032463	2.2367938
6.883386950099159	5.072972	2.2523258
6.900945446250287	5.114124	2.261443
6.918504104622553	5.098566	2.2580004
6.936062925632727	5.0905633	2.2562277
6.953621909697607	5.0455213	2.2462237
6.971181057234028	5.0529284	2.2478719
6.988740368658859	5.1129265	2.261178
7.006299844389007	5.178806	2.275699
7.023859484841407	5.2508974	2.2914836
7.041419290433036	5.306353	2.3035524
7.058979261580902	5.4067693	2.325246
7.0765393987020495	5.6626883	2.3796403
7.094099702213559	6.088261	2.4674401
7.111660172532549	6.449508	2.5395882
7.129220810076164	6.8063874	2.6089053
7.146781615261595	7.4418745	2.72798
7.16434258850606	7.7293625	2.780173
7.181903730226821	8.231669	2.8690886
7.1994650408411704	8.194291	2.8625672
7.217026520766437	8.262321	2.8744254
7.234588170419983	8.47109	2.9105136
7.252149990219215	8.48722	2.9132833
7.269711980581568	8.417085	2.9012213
7.2872741419245175	8.182001	2.8604198
7.304836474665574	7.74045	2.7821665
7.322398979222286	7.425979	2.725065
7.339961656012233	7.242276	2.6911478
7.357524505453039	6.8446293	2.6162243
7.375087527962357	6.551891	2.5596662
7.392650723957886	6.160177	2.4819705
7.410214093857353	5.878369	2.4245348
7.427777638078528	5.6774874	2.382748
7.445341357039213	5.493272	2.343773
7.4629052511572525	5.362351	2.315675
7.480469320850524	5.283191	2.2985194
7.498033566536948	5.2503343	2.2913609
7.5155979886344735	5.2038918	2.281204
7.5331625875610975	5.2697263	2.2955885
7.550727363734844	5.244873	2.2901688
7.568292317573788	5.222242	2.2852225
7.585857449496025	5.1755366	2.2749805
7.603422759919705	5.1429954	2.2678173
7.620988249263007	5.1703634	2.2738433
7.638553917944147	5.133624	2.2657502
7.656119766381391	5.1773753	2.2753847
7.673685794993023	5.175458	2.2749634
7.691252004197388	5.235611	2.2881458
7.70881839441285	5.2391434	2.2889175
7.726384966057826	5.2825947	2.2983897
7.743951719550762	5.34448	2.311813
7.761518655310149	5.3448253	2.3118877
7.779085773754511	5.2891808	2.2998219
7.796653075302419	5.2985024	2.3018477
7.814220560372475	5.37626	2.3186762
7.831788229383323	5.3698864	2.3173015
7.8493560827536495	5.3630476	2.3158255
7.866924120902174	5.3158064	2.3056033
7.884492344247663	5.3073483	2.3037682
7.9020607532089135	5.2861247	2.2991574
7.919629348204771	5.2999935	2.3021715
7.937198129654115	5.3138247	2.3051734
7.954767097975865	5.3816695	2.3198426
7.972336253588986	5.3406196	2.310978
7.989905596912472	5.4253697	2.3292422
8.007475128365371	5.43428	2.331154
8.025044848366756	5.484244	2.3418462
8.042614757335754	5.588833	2.3640711
8.060184855691523	5.668627	2.3808877
8.07775514385327	5.8310056	2.4147475
8.095325622240228	5.852139	2.4191194
8.112896291271687	5.8863316	2.4261763
8.130467151366968	5.930422	2.4352458
8.148038202945436	5.990879	2.4476273
8.165609446426497	5.951371	2.4395432
8.183180882229594	5.983838	2.4461884
8.200752510774217	5.902118	2.4294276
8.218324332479893	5.951203	2.4395087
8.235896347766193	5.985082	2.4464428
8.253468557052724	5.9830613	2.4460297
8.27104096075914	6.0057354	2.4506602
8.288613559305137	6.062883	2.4622922
8.306186353110448	6.1574435	2.4814196
8.32375934259485	6.2261643	2.4952283
8.341332528178162	6.2564793	2.5012956
8.358905910280246	6.29035	2.508057
8.376479489321003	6.2398286	2.4979649
8.394053265720377	6.1898556	2.487942
8.411627239898356	6.2194476	2.493882
8.42920141227497	6.311744	2.5123186
8.44677578327029	6.341417	2.518217
8.464350353304427	6.288277	2.5076437
8.48192512279754	6.274984	2.5049918
8.499500092169827	6.216812	2.4933536
8.51707526184153	6.169849	2.483918
8.534650632232934	6.120664	2.4739976
8.552226203764365	6.0776286	2.4652846
8.569801976856192	6.148017	2.4795196
8.587377951928834	6.17304	2.4845603
8.60495412940274	6.20406	2.4907951
8.622530509698416	6.290523	2.5080914
8.6401070932364	6.4251747	2.534793
8.657683880437283	6.5661726	2.5624545
8.675260871721695	6.7117696	2.5907083
8.692838067510303	6.8225913	2.612009
8.710415468223834	7.0139236	2.6483812
8.727993074283043	7.153097	2.6745274
8.745570886108737	7.0902867	2.6627593
8.763148904121765	7.1015706	2.6648772
8.78072712874302	7.16275	2.6763315
8.798305560393441	7.4498806	2.729447
8.815884199494006	7.6871386	2.772569
8.833463046465745	7.831757	2.7985277
8.851042101729728	7.905754	2.8117173
8.86862136570707	8.148178	2.8545015
8.886200838818924	8.245214	2.871448
8.903780521486505	8.339927	2.8878932
8.921360414131055	8.3935995	2.897171
8.938940517173874	8.531745	2.9209151
8.956520831036297	8.658857	2.9425936
8.97410135613971	8.948217	2.991357
8.99168209290554	9.070852	3.0117855
9.009263041755265	9.388285	3.064031
9.026844203110405	9.649217	3.1063187
9.044425577392525	9.892901	3.1452982
9.062007165023239	10.076139	3.1742935
9.079588966424197	10.300078	3.2093735
9.097170982017108	10.34126	3.2157829
9.11475321222372	11.258732	3.3554034
9.132335657465825	12.129302	3.4827147
9.149918318165264	12.216411	3.4951982
9.167501194743924	12.78001	3.574914
9.18508428762374	12.53133	3.5399618
9.202667597226693	12.471792	3.5315425
9.220251123974803	12.159473	3.4870436
9.237834868290143	11.777853	3.4318876
9.255418830594836	11.62111	3.408975
9.273003011311046	11.074305	3.3278077
9.290587410860985	10.820048	3.2893841
9.308172029666911	10.298019	3.2090528
9.32575686815113	10.037669	3.1682281
9.343341926735997	8.80539	2.967388
9.360927205843916	8.532081	2.9209726
9.378512705897327	8.321031	2.8846197
9.396098427318728	8.093113	2.8448398
9.413684370530664	7.9481564	2.8192475
9.431270535955722	7.847193	2.801284
9.448856924016539	7.8109584	2.794809
9.466443535135806	7.6824203	2.771718
9.484030369736251	7.7266254	2.7796807
9.501617428240658	7.7410913	2.7822816
9.519204711071852	7.784482	2.7900684
9.536792218652714	7.812369	2.7950616
9.55437995140617	7.8033876	2.7934544
9.571967909755191	7.820841	2.7965767
9.589556094122802	7.849006	2.8016078
9.60714450493207	7.8565917	2.8029613
9.624733142606116	7.9079213	2.8121026
9.642322007568108	7.9931192	2.8272104
9.659911100241267	8.022846	2.832463
9.677500421048851	8.052341	2.8376648
9.695089970414175	8.0426855	2.8359628
9.712679748760609	8.01025	2.8302386
9.730269756511557	8.0303955	2.8337953
9.747859994090492	7.9935546	2.8272874
9.765450461920915	8.018353	2.8316698
9.78304116042639	8.071245	2.8409936
9.800632090030527	8.163106	2.857115
9.81822325115699	8.183776	2.86073
9.835814644229481	8.229047	2.8686316
9.853406269671762	8.283257	2.8780646
9.870998127907646	8.251015	2.872458
9.888590219360985	8.23154	2.869066
9.906182544455698	8.201759	2.8638713
9.923775103615734	8.268927	2.875574
9.941367897265108	8.2731495	2.8763082
9.958960925827878	8.198407	2.863286
9.97655418972816	8.12425	2.850307
9.994147689390106	8.160076	2.8565848
10.011741425237934	8.2043915	2.864331
10.029335397695904	8.26142	2.8742685
10.04692960718833	8.296467	2.8803587
10.06452405413958	8.310932	2.8828688
10.082118738974064	8.269949	2.875752
10.099713662116246	8.202087	2.8639286
10.117308823990651	8.154562	2.8556194
10.134904225021844	8.16849	2.858057
10.152499865634445	8.165929	2.857609
10.170095746253125	8.192062	2.8621778
10.18769186730261	8.175324	2.8592525
10.205288229207675	8.196934	2.8630288
10.222884832393145	8.211102	2.8655019
10.2404816772839	8.17942	2.8599687
10.258078764304868	8.093263	2.844866
10.275676093881035	8.081863	2.842862
10.293273666437438	8.124021	2.8502667
10.310871482399158	8.152609	2.8552773
10.32846954219134	8.077391	2.842075
10.346067846239173	8.112726	2.8482847
10.363666394967908	8.152192	2.8552043
10.38126518880283	8.23039	2.8688655
10.398864228169298	8.188474	2.8615508
10.416463513492713	8.169438	2.858223
10.434063045198531	8.18628	2.8611677
10.451662823712262	8.120568	2.849661
10.469262849459467	8.124944	2.8504286
10.486863122865758	8.059572	2.8389385
10.504463644356806	8.032883	2.834234
10.522064414358338	8.038725	2.8352644
10.539665433296118	7.9732647	2.823697
10.557266701595987	7.950469	2.8196576
10.574868219683818	7.8053904	2.7938128
10.592469987985552	7.710965	2.7768624
10.610072006927185	7.6814404	2.771541
10.627674276934751	7.600918	2.7569761
10.64527679843435	7.463968	2.7320263
10.662879571852143	7.221738	2.687329
10.680482597614331	7.062725	2.6575787
10.698085876147173	6.961049	2.63838
10.715689407876988	6.8974123	2.6262925
10.733293193230146	6.8710804	2.6212745
10.750897232633072	6.7982025	2.6073363
10.76850152651225	6.7504253	2.5981581
10.786106075294207	6.6226754	2.5734558
10.803710879405534	6.4915476	2.5478516
10.821315939272877	6.3895664	2.527759
10.83892125532294	6.3434324	2.5186172
10.856526827982472	6.268941	2.5037854
10.874132657678285	6.289189	2.5078256
10.891738744837243	6.2257466	2.4951446
10.909345089886271	6.135806	2.477056
10.926951693252343	6.058337	2.461369
10.944558555362494	6.0501943	2.4597142
10.96216567664381	5.9887094	2.447184
10.979773057523436	5.8682046	2.4224377
10.997380698428573	5.775398	2.4032056
11.014988599786477	5.717495	2.3911283
11.032596762024461	5.6406283	2.3750007
11.050205185569892	5.6113973	2.3688388
11.067813870850198	5.609194	2.3683736
11.085422818292859	5.597054	2.3658094
11.10303202832541	5.638867	2.3746297
11.120641501375454	5.5824533	2.3627217
11.138251237870636	5.4186215	2.3277934
11.155861238238671	5.3055873	2.303386
11.173471502907317	5.2610164	2.2936904
11.191082032304402	5.22429	2.2856705
11.208692826857805	5.22156	2.2850733
11.226303886995465	5.151189	2.269623
11.243915213145371	5.1016765	2.2586892
11.261526805735578	4.9685783	2.2290308
11.279138665194196	4.8808374	2.2092617
11.296750791949393	4.8166666	2.1946905
11.314363186429393	4.735508	2.1761222
11.331975849062479	4.692726	2.16627
11.34958878027699	4.615707	2.1484196
11.36720198050133	4.6230316	2.1501236
11.384815450163948	4.5861993	2.1415412
11.402429189693366	4.576318	2.1392329
11.420043199518153	4.4928093	2.1196249
11.437657480066942	63.396976	7.9622216
11.455272031768422	85.09715	9.224812
11.472886855051353	107.53298	10.369811
11.490501950344528	99.207504	9.960297
11.508117318076819	84.55346	9.195295
11.52573295867715	45.91903	6.776358
11.543348872574514	4.1888137	2.0466592
11.560965060197946	4.1524715	2.0377614
11.57858152197655	4.082016	2.0204
11.59619825833949	4.0151505	2.003784
11.613815269715985	3.986388	1.9965941
11.631432556535323	38.51641	6.206159
11.649050119226837	83.071686	9.114367
11.666667958219929	93.46746	9.667857
11.68428607394406	107.721825	10.378913
11.701904466828756	82.55474	9.085964
11.719523137303586	65.40118	8.087099
11.737142085798196	4.6361237	2.153166
11.754761312742286	3.7254016	1.93013
11.772380818565619	3.662903	1.9138712
11.790000603698015	3.5623622	1.8874221
11.80762066856935	3.530483	1.878958
11.825241013609572	3.4914086	1.8685311
11.842861639248683	3.4669735	1.861981
11.860482545916748	3.4228172	1.8500857
11.878103734043883	3.4164898	1.848375
11.895725204060282	3.4173155	1.8485982
11.91334695639619	3.4552622	1.8588336
11.930968991481919	3.49445	1.8693448
11.948591309747824	3.4765358	1.8645471
11.966213911624347	3.3920863	1.8417617
11.98383679754198	3.3373046	1.8268291
12.001459967931268	3.2831419	1.8119442
12.019083423222835	3.3020155	1.8171449
12.036707163847352	3.2719886	1.8088639
12.05433119023556	3.2550385	1.8041725
12.071955502818259	3.2111175	1.7919592
12.089580102026313	3.1900377	1.7860677
12.107204988290643	3.1648564	1.7790043
12.12483016204224	3.154701	1.7761478
12.142455623712152	3.1519327	1.7753683
12.16008137373149	3.0906153	1.7580146
12.177707412531431	3.07169	1.7526238
12.19533374054321	3.0360177	1.7424172
12.212960358198126	3.0257204	1.7394598
12.230587265927545	2.9949005	1.7305781
12.248214464162889	2.9544485	1.718851
12.265841953335649	2.9694183	1.7232
12.283469733877375	2.9928615	1.7299889
12.301097806219685	2.9946523	1.7305064
12.31872617079425	2.9932027	1.7300875
12.336354828032825	2.97705	1.725413
12.353983778367205	2.9681795	1.7228405
12.371613022229262	2.953037	1.7184403
12.389242560050928	2.9545455	1.7188791
12.406872392264201	2.9314864	1.7121584
12.424502519301143	2.903614	1.7039994
12.442132941593874	2.8306866	1.6824645
12.459763659574586	2.799304	1.673112
12.477394673675532	2.770155	1.6643783
12.49502598432903	2.780336	1.667434
12.51265759196746	2.811672	1.6768041
12.530289497023267	2.83752	1.6844939
12.547921699928967	2.8239784	1.6804698
12.565554201117134	2.7947648	1.671755
12.583187001020404	2.772809	1.6651753
12.600820100071486	2.736767	1.6543177
12.618453498703152	2.756223	1.6601876
12.636087197348235	2.7707162	1.6645468
12.65372119643964	2.816871	1.6783537
12.671355496410326	2.817606	1.6785727
12.68899009769333	2.825135	1.6808138
12.706625000721749	2.8493829	1.6880115
12.724260205928752	2.9103281	1.7059684
12.741895713747551	2.9522898	1.7182229
12.759531524611454	2.9719427	1.7239323
12.777167638953818	2.9925497	1.7298987
12.794804057208072	2.967547	1.722657
12.812440779807702	2.9967	1.7310979
12.830077807186271	3.1719	1.7809829
12.847715139777405	3.2513566	1.8031518
12.865352778014795	3.4752502	1.8642023
12.882990722332197	3.5520144	1.8846788
12.90062897316344	3.591755	1.8951926
12.918267530942412	3.6385708	1.9075038
12.935906396103071	3.5385945	1.8811152
12.953545569079449	3.7650518	1.9403741
12.971185050305628	3.63674	1.9070239
12.988824840215775	3.6503196	1.910581
13.006464939244115	3.6132412	1.9008528
13.024105347824943	3.4708958	1.863034
13.041746066392617	3.524703	1.8774192
13.05938709538157	3.3448775	1.8289006
13.077028435226296	3.3530703	1.8311391
13.094670086361363	3.304797	1.8179101
13.112312049221401	3.2353075	1.798696
13.129954324241112	3.156598	1.7766818
13.147596911855258	2.9310071	1.7120185
13.165239812498685	2.9007459	1.7031577
13.182883026606293	2.8180664	1.6787097
13.200526554613058	2.8038542	1.6744714
13.218170396954017	2.7900064	1.6703312
13.235814554064284	2.773064	1.6652519
13.253459026379034	2.7610047	1.6616272
13.271103814333523	2.747752	1.6576345
13.288748918363058	2.7402148	1.6553594
13.306394338903031	2.730525	1.65243
13.32404007638889	2.6946576	1.6415412
13.341686131256164	2.6954482	1.641782
13.359332503940449	2.6960273	1.6419584
13.376979194877402	2.6718187	1.6345699
13.394626204502751	2.6846495	1.63849
13.412273533252307	2.6826046	1.6378659
13.429921181561937	2.6899462	1.6401055
13.447569149867581	2.6823673	1.6377934
13.465217438605247	2.654048	1.6291249
13.482866048211022	2.6726983	1.6348389
13.500514979121052	2.6902676	1.6402035
13.518164231771568	2.7086625	1.6458014
13.535813806598844	2.7300317	1.6522808
13.553463704039254	2.7066686	1.6451956
13.571113924529229	2.6949017	1.6416156
13.588764468505275	2.6986213	1.6427481
13.606415336403956	2.7186358	1.6488286
13.624066528661917	2.7610967	1.6616548
13.641718045715882	2.814255	1.6775742
13.659369888002635	2.8653865	1.6927452
13.67702205595903	2.8853977	1.6986458
13.694674550021993	2.9463537	1.7164946
13.712327370628532	3.0014994	1.7324836
13.729980518215713	3.0985878	1.7602806
13.747633993220681	3.1673198	1.7796966
13.765287796080647	3.206805	1.7907554
13.7829419272329	3.3006208	1.816761
13.800596387114801	3.3379233	1.8269985
13.818251176163775	3.3587267	1.832683
13.835906294817324	3.3857136	1.8400309
13.853561743513023	3.4101908	1.8466702
13.871217522688525	3.4663584	1.8618159
13.888873632781538	3.4873748	1.8674514
13.906530074229858	3.508557	1.8731142
13.92418684747135	3.503534	1.871773
13.941843952943948	3.4952517	1.8695592
13.959501391085665	3.4506261	1.8575861
13.977159162334578	3.4109054	1.8468636
13.994817267128846	3.4289725	1.8517485
14.012475705906693	3.35109	1.8305982
14.030134479106424	3.2357807	1.7988276
14.047793587166414	3.1110406	1.7638142
14.065453030525108	3.0471623	1.7456123
14.083112809621026	2.9892812	1.7289538
14.100772924892766	2.9451978	1.7161579
14.118433376778997	2.9208753	1.7090569
14.136094165718458	2.898582	1.7025223
14.153755292149969	2.8737998	1.6952286
14.171416756512416	2.7829561	1.6682194
14.189078559244768	2.7028813	1.6440442
14.20674070078606	2.6250973	1.6202152
14.224403181575408	2.5664876	1.6020261
14.242066002051999	2.5213947	1.58789
14.259729162655093	2.5047135	1.5826287
14.277392663824022	2.4690483	1.5713205
14.295056505998208	2.4503016	1.565344
14.312720689617128	2.3968558	1.5481782
14.330385215120348	2.3580348	1.5355895
14.348050082947497	2.3639674	1.5375199
14.3657152935383	2.3910246	1.5462939
14.383380847332528	2.4102635	1.5525024
14.401046744770051	2.428151	1.5582525
14.418712986290798	2.450385	1.5653706
14.436379572334793	2.4537249	1.566437
14.454046503342123	2.4257028	1.5574667
14.471713779752946	2.4101856	1.5524772
14.489381402007504	2.4291704	1.5585796
14.507049370546113	2.3969214	1.5481994
14.524717685809168	2.387926	1.5452915
14.542386348237134	2.3896368	1.545845
14.560055358270553	2.3742924	1.5408739
14.577724716350051	2.398567	1.5487307
14.595394422916325	2.404188	1.5505444
14.61306447841015	2.4214418	1.5560982
14.63073488327237	2.4284036	1.5583336
14.648405637943917	2.439313	1.56183
14.6660767428658	2.4207852	1.5558872
14.683748198479094	2.4706795	1.5718396
14.701420005224954	2.533593	1.5917264
14.719092163544628	2.618763	1.6182592
14.73676467387942	2.665742	1.63271
14.754437536670727	2.70994	1.6461896
14.772110752360014	2.6601717	1.6310033
14.78978432138882	2.641484	1.6252643
14.807458244198777	2.667073	1.6331176
14.82513252123159	2.668751	1.6336312
14.842807152929028	2.7156186	1.6479135
14.860482139732962	2.6546216	1.629301
14.87815748208531	2.601253	1.61284
14.8958331804281	2.5918026	1.6099076
14.91350923520342	2.611338	1.6159635
14.931185646853438	2.668304	1.6334944
14.948862415820408	2.6456254	1.6265378
14.966539542546656	2.6561651	1.6297746
14.98421702747459	2.6319232	1.6223203
15.001894871046696	2.6247766	1.6201162
15.019573073705542	2.6409976	1.6251147
15.037251635893766	2.6650686	1.6325037
15.054930558054092	2.7054093	1.6448128
15.072609840629323	2.7768788	1.666397
15.090289484062351	2.9256601	1.7104561
15.107969488796124	3.2490764	1.8025194
15.125649855273691	3.6733346	1.9165945
15.14333058393817	4.217525	2.0536613
15.161011675232768	5.1758666	2.275053
15.17869312960076	6.5262127	2.5546453
15.196374947485506	8.326086	2.885496
15.214057129330447	11.269542	3.3570137
15.231739675579114	15.756337	3.9694252
15.249422586675102	20.639935	4.5431194
15.267105863062092	23.831507	4.8817525
15.284789505183847	24.228025	4.9221973
15.302473513484218	22.189266	4.7105484
15.320157888407127	18.635715	4.3169103
15.337842630396578	14.522842	3.8108847
15.355527739896656	11.248309	3.35385
15.37321321735153	8.750235	2.9580796
15.39089906320545	6.425041	2.5347664
15.408585277902748	4.88453	2.2100973
15.42627186188783	3.7436154	1.9348425
15.443958815605198	3.2164006	1.7934326
15.461646139499424	2.9392369	1.7144203
15.479333834015168	2.8010914	1.6736461
15.497021899597165	2.731399	1.6526945
15.514710336690234	2.6852913	1.6386858
15.53239914573928	2.6578987	1.6303064
15.550088327189297	2.6027288	1.6132975
15.567777881485336	2.5203805	1.5875707
15.58546780907256	2.4431894	1.5630705
15.6031581103962	2.4223638	1.5563945
15.620848785901568	2.424525	1.5570886
15.638539836034063	2.4307206	1.5590768
15.656231261239173	2.427491	1.5580407
15.673923061962451	2.405861	1.5510838
15.691615238649552	2.3892777	1.5457288
15.709307791746202	2.3939962	1.5472544
15.727000721698221	2.3945308	1.5474272
15.744694028951498	2.3993306	1.5489773
15.76238771395202	2.3688326	1.5391012
15.780081777145844	2.3559382	1.5349066
15.797776218979125	2.3352928	1.5281665
15.815471039898094	2.3081686	1.5192658
15.833166240349064	2.3197508	1.5230728
15.850861820778437	2.3215225	1.5236543
15.868557781632699	2.3016315	1.5171129
15.886254123358412	2.2825902	1.5108243
15.903950846402232	2.3073945	1.519011
15.921647951210897	2.3494656	1.5327966
15.939345438231225	2.3893316	1.5457463
15.957043307910133	2.3912952	1.5463814
15.974741560694602	2.392035	1.5466205
15.992440197031714	2.3585732	1.5357647
16.01013921736862	2.3777544	1.541997
16.02783862215259	2.3785927	1.5422688
16.045538411830933	2.4146454	1.553913
16.06323858685107	2.4021564	1.5498891
16.080939147660512	2.3910859	1.5463136
16.09864009470684	2.4010499	1.5495322
16.11634142843774	2.4110718	1.5527626
16.134043149300954	2.390868	1.5462432
16.15174525774433	2.3835523	1.5438757
16.169447754215817	2.399072	1.5488938
16.18715063916342	2.4528816	1.5661678
16.204853913035244	2.4582841	1.5678916
16.222557576279478	2.4855895	1.5765753
16.240261629344403	22.475637	4.7408476
16.257966072678386	43.01086	6.5582666
16.275670906729868	38.123966	6.174461
16.293376131947387	2.5340197	1.5918604
16.31108174877957	2.5469327	1.5959113
16.328787757675133	2.58094	1.6065304
16.34649415908287	2.5757804	1.6049238
16.364200953451657	2.5884533	1.608867
16.38190814123048	2.6370327	1.6238943
16.39961572286839	2.706648	1.6451894
16.41732369881455	2.7371273	1.6544266
16.43503206951817	2.7323823	1.6529919
16.45274083542859	2.721384	1.6496618
16.47044999699522	2.7808268	1.6675811
16.488159554667558	2.8051789	1.6748668
16.505869508895184	2.824051	1.6804912
16.523579860127786	2.8921704	1.7006383
16.541290608815117	2.9373689	1.7138754
16.559001755407035	3.0521412	1.7470379
16.57671330035348	3.04951	1.7462846
16.59442524410448	3.111327	1.7638954
16.61213758711015	3.1169703	1.7654943
16.629850329820705	3.1897933	1.7859993
16.647563472686436	3.2337275	1.7982568
16.665277016157724	3.2763605	1.810072
16.682990960685053	3.3273683	1.8241075
16.70070530671898	3.3804939	1.838612
16.718420054710155	3.426423	1.85106
16.736135205109335	3.4781485	1.8649795
16.753850758367335	3.5694888	1.889309
16.771566714935087	3.5822594	1.8926858
16.789283075263597	3.6279793	1.9047256
16.80699983980398	3.6801739	1.9183779
16.82471700900741	3.7746294	1.9428406
16.84243458332518	3.8816555	1.9701917
16.860152563208665	3.9807258	1.9951756
16.87787094910932	4.042856	2.0106854
16.89558974147871	4.045151	2.0112562
16.913308940768466	4.0858636	2.0213518
16.931028547430333	4.184785	2.0456746
16.94874856191613	4.2544217	2.062625
16.966468984677785	4.325384	2.0797558
16.98418981616729	4.3244195	2.0795238
17.00191105683676	4.4044037	2.0986671
17.019632707138374	4.4323487	2.1053145
17.03735476752442	4.5083275	2.1232822
17.05507723844728	4.589085	2.142215
17.072800120359403	4.638348	2.1536825
17.090523413713353	4.641776	2.154478
17.108247118961785	4.65509	2.1575658
17.125971236557437	4.7068653	2.169531
17.143695766953133	4.731072	2.1751027
17.161420710601806	4.6825514	2.1639204
17.179146067956477	4.646964	2.1556818
17.19687183947025	4.641692	2.1544588
17.21459802559634	4.70363	2.1687853
17.232324626788028	4.732323	2.1753902
17.25005164349871	4.6984544	2.1675918
17.267779076181863	4.5805736	2.1402276
17.285506925291074	4.53157	2.1287484
17.30323519127999	4.571294	2.1380584
17.320963874602384	4.578973	2.1398535
17.33869297571211	4.5405917	2.1308665
17.356422495063114	4.502719	2.121961
17.37415243310944	4.507033	2.1229773
17.391882790305218	4.5064087	2.1228304
17.40961356710468	4.5128946	2.1243575
17.42734476396215	4.550919	2.1332884
17.445076381332044	4.5523286	2.1336186
17.462808419668868	4.636233	2.1531913
17.48054087942723	4.757104	2.1810787
17.498273761061835	5.062726	2.2500503
17.51600706502747	5.5161247	2.348643
17.533740791779024	6.210376	2.4920626
17.551474941771485	7.619526	2.7603488
17.56920951545993	8.754119	2.958736
17.586944513299528	10.919254	3.3044295
17.60467993574556	12.462699	3.5302548
17.622415783253373	14.049953	3.7483268
17.64015205627843	15.415712	3.9262848
17.657888755276293	16.498705	4.0618596
17.675625880702604	16.948875	4.1169014
17.69336343301311	16.748734	4.0925217
17.71110141266366	15.948614	3.9935715
17.728839820110178	15.100748	3.8859682
17.746578655808705	14.287323	3.7798576
17.764317920215372	12.923887	3.594981
17.7820576137864	11.538625	3.396855
17.79979773697811	9.586815	3.0962582
17.81753829024692	7.7493434	2.7837644
17.835279274049356	6.0153666	2.4526243
17.85302068884201	4.909676	2.2157788
17.870762535081607	4.259448	2.063843
17.888504813224934	3.946342	1.9865402
17.90624752372891	3.7399478	1.9338945
17.923990667050536	3.5889087	1.8944415
17.941734243646895	3.5160453	1.875112
17.959478253975185	3.4789932	1.8652059
17.9772226984927	3.4557862	1.8589745
17.994967577656833	3.409605	1.8465116
18.01271289192506	3.3990407	1.8436488
18.030458641754965	3.398327	1.8434552
18.04820482760425	3.3916352	1.8416393
18.06595144993067	3.357157	1.8322546
18.083698509192125	3.314321	1.8205277
18.101446005846576	3.3003838	1.8166958
18.119193940352105	3.2799437	1.8110615
18.136942313166887	3.2560933	1.8044648
18.1546911247492	3.199177	1.7886243
18.1724403755574	3.168937	1.7801508
18.19019006604997	3.1319838	1.7697412
18.207940196685467	3.1246152	1.7676581
18.225690767922575	3.1217015	1.7668338
18.243441780220046	3.1051974	1.7621571
18.261193234036764	3.0935335	1.7588444
18.278945129831676	3.0739355	1.7532642
18.29669746806386	3.0767052	1.754054
18.314450249192483	3.0550783	1.7478782
18.3322034736768	3.0327518	1.7414798
18.349957141976184	2.9957554	1.7308251
18.3677112545501	2.998362	1.7315779
18.385465811858108	3.0732384	1.7530655
18.403220814359884	3.1260755	1.7680712
18.420976262515172	3.1324737	1.7698796
18.43873215678387	3.1283696	1.7687198
18.456488497625923	3.1484568	1.7743891
18.474245285501407	3.240255	1.8000709
18.492002520870486	3.3070984	1.818543
18.50976020419343	3.3668416	1.8348955
18.527518335930615	3.6854928	1.9197637
18.545276916542516	4.3166103	2.0776453
18.563035946489688	4.4848375	2.1177435
18.580795426232832	4.880656	2.2092206
18.598555356232698	4.7653146	2.18296
18.616315736950185	5.076841	2.2531846
18.63407656884626	4.730619	2.1749985
18.65183785238201	4.8720336	2.2072682
18.669599588018617	4.5958877	2.1438022
18.68736177621737	4.609698	2.1470206
18.705124417439652	4.637194	2.1534145
18.72288751214696	4.4860334	2.1180258
18.740651060800886	4.6083784	2.1467135
18.758415063863115	4.304948	2.0748367
18.77617952179546	4.431012	2.104997
18.793944435059814	4.1704063	2.0421572
18.811709804118184	4.207788	2.0512893
18.829475629432675	4.2292933	2.0565245
18.8472419114655	4.041438	2.0103328
18.86500865067897	4.132859	2.0329435
18.88277584753551	3.7967336	1.9485209
18.90054350249763	3.7564893	1.9381665
18.918311616027957	3.3725383	1.8364472
18.936080188589226	3.2953193	1.8153014
18.953849220644265	3.0610645	1.7495898
18.971618712656007	2.925038	1.7102742
18.9893886650875	2.8558886	1.6899375
19.007159078401887	7.990476	2.8267431
19.024929953062408	32.85008	5.7314987
19.042701289532435	32.79522	5.7267113
19.060473088275405	25.34723	5.034603
19.07824534975489	2.6426287	1.6256164
19.096018074434568	2.6456969	1.6265599
19.113791262778197	2.6505873	1.6280625
19.13156491524966	2.6488717	1.6275355
19.149339032312945	2.6094143	1.6153681
19.167113614432136	2.5941765	1.6106447
19.184888662071433	2.5658872	1.6018387
19.202664175695123	2.5335999	1.5917286
19.220440155767623	2.5115478	1.5847864
19.238216602753447	2.5105414	1.5844688
19.2559935171172	2.5203664	1.5875663
19.27377089932361	2.5097697	1.5842253
19.291548749837514	2.500889	1.58142
19.309327069123835	2.4855225	1.576554
19.32710585764763	2.452095	1.5659167
19.344885115874032	2.4395945	1.5619202
19.362664844268313	2.4300907	1.5588748
19.380445043295822	2.4816148	1.5753142
19.39822571342203	2.5244784	1.5888608
19.41600685511252	2.5381289	1.5931506
19.43378846883297	2.5311987	1.5909741
19.451570555049173	2.5265985	1.5895277
19.469353114227037	2.5065386	1.5832052
19.48713614683254	2.52868	1.5901824
19.50491965333182	2.5412178	1.5941198
19.52270363419109	2.4975832	1.5803744
19.540488089876686	2.478195	1.5742284
19.55827302085503	2.4828424	1.5757037
19.576058427592674	2.4895763	1.5778391
19.593844310556282	2.4490714	1.564951
19.611630670212598	2.448345	1.5647188
19.629417507028506	2.4635625	1.569574
19.64720482147098	2.4799888	1.574798
19.6649926140071	2.4930656	1.5789444
19.682780885104084	2.4841466	1.5761175
19.70056963522921	2.477804	1.5741042
19.718358864849908	2.4893515	1.5777678
19.7361485744337	2.460773	1.5686852
19.753938764448215	2.4703562	1.5717367
19.771729435361202	2.4661996	1.5704138
19.789520587640506	2.5280836	1.5899948
19.807312221754092	2.5468125	1.5958736
19.825104338170043	2.50704	1.5833635
19.842896937356517	2.4917119	1.5785158
19.860690019781824	2.501941	1.5817525
19.87848358591436	2.516641	1.5863924
19.896277636222635	2.490067	1.5779946
19.914072171175278	2.458009	1.5678039
19.931867191241015	2.4391267	1.5617704
19.94966269688869	2.4276028	1.5580766
19.967458688587264	2.4258194	1.5575042
19.985255166805807	2.4460554	1.563987
20.00305213201348	2.482308	1.5755342
20.020849584679578	2.534599	1.5920424
20.038647525273507	2.5485318	1.5964122
20.05644595426477	2.5085208	1.5838311
20.07424487212299	2.476558	1.5737083
20.092044279317903	2.4320042	1.5594884
20.109844176319353	2.437549	1.5612652
20.127644563597304	2.4437895	1.5632625
20.145445441621817	2.4371648	1.5611421
20.16324681086307	2.4186077	1.5551873
20.181048671791373	2.3807013	1.5429522
20.198851024877122	2.3712242	1.539878
20.216653870590836	2.346101	1.5316987
20.234457209403146	2.3674865	1.5386639
20.252261041784802	2.4048216	1.5507487
20.270065368206662	2.4172773	1.5547596
20.287870189139685	2.393299	1.5470291
20.305675505054968	2.3457844	1.5315953
20.323481316423702	2.3141675	1.5212388
20.341287623717207	2.2926702	1.5141566
20.359094427406884	2.309979	1.5198615
20.376901727964288	2.3012934	1.5170014
20.39470952586107	2.3346198	1.5279462
20.41251782156899	2.339908	1.5296757
20.430326615559935	2.3399742	1.5296974
20.448135908305886	2.3501315	1.5330138
20.465945700278965	2.3501613	1.5330236
20.483755991951384	2.330865	1.5267171
20.50156678379548	2.3261244	1.5251638
20.519378076283708	2.3303266	1.5265408
20.537189869888635	2.3267145	1.5253571
20.55500216508294	2.3147357	1.5214255
20.572814962339415	2.3399498	1.5296894
20.59062826213098	2.329284	1.5261992
20.60844206493066	2.350698	1.5331986
20.626256371211593	2.3203356	1.5232648
20.644071181447032	2.296028	1.515265
20.66188649611036	2.2836342	1.5111698
20.67970231567506	2.278887	1.5095983
20.697518640614742	2.3350923	1.5281008
20.715335471403122	2.3518846	1.5335855
20.73315280851404	2.3465543	1.5318466
20.750970652421447	2.3163085	1.5219424
20.768789003599412	2.3106282	1.5200751
20.786607862522136	2.312026	1.5205348
20.8044272296639	2.3026838	1.5174596
20.82224710549913	2.2798228	1.5099082
20.84006749050237	2.2490396	1.4996798
20.857888385148268	3.8107464	1.9521133
20.8757097899116	45.911804	6.775825
20.893531705267254	64.77245	8.048134
20.911354131690224	83.76675	9.152417
20.92917706965566	69.03086	8.308481
20.94700051963877	50.111477	7.078946
20.96482448211493	29.392443	5.4214797
20.982648957559622	4.130136	2.0322735
21.00047394644843	2.2546144	1.5015373
21.01829944925707	2.2589014	1.5029641
21.036125466461375	2.2251587	1.4916966
21.053951998537297	2.1936677	1.4811035
21.071779045960906	2.2057352	1.4851718
21.089606609208378	2.244096	1.4980307
21.10743468875603	2.220487	1.49013
21.12526328508028	2.2255752	1.4918362
21.143092398657675	2.2354429	1.4951397
21.16092202996488	2.2872918	1.5123795
21.17875217947867	2.2596354	1.5032084
21.19658284767596	2.2451546	1.498384
21.21441403503377	2.2109737	1.4869343
21.232245742029225	2.2282119	1.4927197
21.2500779691396	2.1892219	1.479602
21.26791071684227	2.1598077	1.4696285
21.28574398561475	2.1360772	1.4615325
21.30357777593465	2.1773763	1.4755936
21.321412088279704	2.1973147	1.4823343
21.339246923127792	2.1818628	1.477113
21.357082280956888	2.1210864	1.456395
21.3749181622451	2.0960927	1.447789
21.392754567470647	2.1193247	1.45579
21.41059149711187	2.1540437	1.467666
21.42842895164726	2.1504064	1.4664264
21.446266931555378	2.0964117	1.4478991
21.464105437314945	2.0671003	1.4377414
21.481944469404798	2.056251	1.4339634
21.49978402830388	2.100519	1.4493167
21.51762411449127	2.1007068	1.4493815
21.53546472844617	2.127232	1.4585034
21.553305870647876	2.132315	1.4602448
21.571147541575865	2.09956	1.4489858
21.58898974170967	2.067338	1.437824
21.60683247152899	2.026696	1.4236207
21.62467573151363	2.030894	1.4250944
21.642519522143523	2.0275307	1.4239138
21.660363843898722	2.0390136	1.4279404
21.6782086972594	2.0314412	1.4252864
21.696054082705864	2.0430682	1.4293593
21.713900000718535	2.0502796	1.4318798
21.73174645177795	2.0324364	1.4256355
21.749593436364794	2.0448132	1.4299697
21.767440954959845	2.0292215	1.4245075
21.785289008044032	2.0002031	1.4142854
21.803137596098388	1.9683851	1.4029915
21.820986719604086	1.9694206	1.4033605
21.838836379042412	1.9604211	1.4001504
21.85668657489478	1.9770197	1.4060653
21.87453730764273	2.0030348	1.4152862
21.892388577767914	2.0140193	1.4191614
21.91024038575213	1.9986448	1.4137343
21.928092732077285	1.9876575	1.4098431
21.945945617225426	1.992159	1.4114386
21.963799041678694	1.9931883	1.4118032
21.981653005919398	31.305365	5.5951195
21.999507510429943	78.09858	8.83734
22.01736255569286	73.068924	8.548037
22.035218142190818	4.235092	2.057934
22.05307427040661	2.0420449	1.4290013
22.07093094082315	1.9797785	1.4070461
22.088788153923474	1.9374087	1.3919083
22.106645910190746	1.9462429	1.3950781
22.12450421010827	1.9543394	1.3979769
22.142363054159464	1.9340545	1.3907028
22.16022244282787	1.9455564	1.394832
22.178082376597164	1.9573426	1.3990506
22.195942855951145	1.952002	1.3971406
22.213803881373742	1.9734093	1.4047809
22.231665453349002	2.0084918	1.4172127
22.24952757236111	2.022702	1.4222172
22.26739023889438	2.0032046	1.4153461
22.28525345343323	1.9809175	1.4074507
22.30311721646225	1.9742304	1.405073
22.320981528466113	1.9619844	1.4007086
22.33884638992964	1.9355962	1.391257
22.356711801337788	1.9373641	1.3918923
22.37457776317561	1.9344852	1.3908577
22.392444275928337	1.941341	1.3933202
22.410311340081282	1.947005	1.3953512
22.428178956119904	1.9680448	1.4028702
22.446047124529805	1.9445901	1.3944856
22.46391584579669	1.9422954	1.3936626
22.481785120406414	1.9317938	1.3898898
22.49965494884496	1.9311186	1.3896469
22.51752533159841	1.9320489	1.3899816
22.53539626915302	1.944498	1.3944526
22.553267761995137	1.9699554	1.403551
22.571139810611264	1.9767737	1.4059778
22.589012415488025	1.9686232	1.4030763
22.60688557711216	1.9643359	1.4015477
22.624759295970566	1.9485542	1.3959062
22.642633572550263	1.9523364	1.3972603
22.660508407338362	1.9184554	1.3850832
22.67838380082217	1.8913882	1.3752775
22.696259753489077	1.8682235	1.3668298
22.714136265826614	1.8501221	1.360192
22.73201333832246	1.8680964	1.3667833
22.74989097146439	1.9010377	1.3787812
22.76776916574035	1.9188483	1.3852249
22.785647921638393	1.9037076	1.3797491
22.803527239646712	1.8651599	1.3657086
22.82140712025363	1.8869252	1.373654
22.839287563947593	1.9266618	1.3880424
22.85716857121719	1.9307145	1.3895016
22.875050142551135	1.9372776	1.3918612
22.892932278438277	1.9807224	1.4073814
22.910814979367604	2.0015795	1.4147719
22.928698245828222	1.9634035	1.401215
22.946582078309387	1.938807	1.3924105
22.96446647730047	1.9418992	1.3935205
22.98235144329098	1.928118	1.3885669
23.000236976770562	1.9048603	1.3801668
23.018123078229	1.8972048	1.3773905
23.03600974815619	1.8804512	1.3712955
23.053896987042194	1.8770105	1.3700403
23.071784795377173	1.8845183	1.3727776
23.08967317365145	1.8854196	1.3731059
23.10756212235546	1.8746837	1.3691909
23.125451641979787	1.8810021	1.3714963
23.143341733015134	1.89263	1.3757288
23.161232395952357	1.8580377	1.3630986
23.179123631282426	1.8560557	1.3623713
23.197015439496468	1.887304	1.3737918
23.214907821085717	1.9124813	1.3829249
23.23280077654157	1.8798761	1.3710858
23.250694306355538	1.8470368	1.3590573
23.268588411019277	1.9050747	1.3802445
23.28648309102458	1.9776325	1.4062833
23.304378346863356	1.9664445	1.4022998
23.322274179027676	1.9153167	1.3839496
23.340170588009723	1.8978807	1.377636
23.358067574301852	1.8768454	1.3699801
23.37596513839651	1.8972592	1.3774103
23.39386328078629	1.9099283	1.3820015
23.411762001963947	1.9660397	1.4021554
23.429661302422353	1.9529334	1.3974739
23.4475611826545	1.9262251	1.3878851
23.46546164315356	1.8873854	1.3738215
23.48336268441279	1.8805958	1.3713481
23.501264306925638	1.9370072	1.391764
23.51916651118564	1.9603827	1.4001367
23.537069297686497	1.9635938	1.4012829
23.554972666922037	1.9512955	1.3968878
23.57287661938623	1.9109359	1.3823661
23.59078115557318	1.8901209	1.3748167
23.608686275977128	1.8597262	1.3637178
23.62659198109246	1.8808513	1.3714414
23.6444982714137	1.8751034	1.3693441
23.66240514743549	1.8875742	1.3738902
23.68031260965263	1.8985587	1.377882
23.698220658560068	1.9314891	1.3897803
23.716129294652845	1.9314198	1.3897554
23.7340385184262	1.9464252	1.3951434
23.75194833037546	1.9372791	1.3918618
23.769858730996123	1.9382727	1.3922186
23.78776972078382	1.9154832	1.3840098
23.80568130023431	1.9277997	1.3884523
23.823593469843495	1.9459335	1.3949672
23.841506230107424	1.9360441	1.391418
23.859419581522275	1.9261107	1.387844
23.87733352458438	1.9101939	1.3820976
23.89524805979019	1.9172075	1.3846326
23.913163187636318	1.8839067	1.3725548
23.931078908619508	1.8982562	1.3777722
23.948995223236633	1.9335866	1.3905346
23.966912131984735	1.9982983	1.4136118
23.98482963536096	2.037684	1.4274747
24.002747733862616	2.0390344	1.4279476
24.020666427987155	2.0314336	1.4252837
24.038585718232156	2.085796	1.4442285
24.056505605095353	2.0938642	1.4470191
24.074426089074617	2.0636647	1.4365461
24.092347170667946	2.0180097	1.4205667
24.110268850373515	2.012247	1.4185369
24.128191128689586	2.0646932	1.4369041
24.146114006114626	2.0797615	1.4421378
24.164037483147187	2.078451	1.4416834
24.181961560286005	2.0556839	1.4337656
24.199886238029926	2.028201	1.4241493
24.21781151687797	2.015394	1.4196457
24.235737397329274	2.045156	1.4300895
24.253663879883135	2.073721	1.440042
24.271590965038975	2.0560114	1.4338799
24.289518653296376	1.9895834	1.4105259
24.30744694515505	1.9844356	1.4087
24.32537584111486	2.0018156	1.4148554
24.34330534167581	1.9877696	1.4098828
24.361235447338046	2.000262	1.4143062
24.379166158601876	2.040589	1.428492
24.39709747596772	2.0567045	1.4341215
24.41502939993615	2.0411687	1.4286947
24.432961931007917	1.9944304	1.412243
24.450895069683856	2.0127957	1.4187303
24.468828816465	2.0099397	1.4177234
24.4867631718525	2.009156	1.417447
24.504698136347656	2.0002203	1.4142915
24.52263371045192	1.985384	1.4090365
24.540569894666874	1.9743856	1.4051284
24.558506689494266	1.9824133	1.407982
24.57644409543597	2.00353	1.4154611
24.594382112994012	2.0144737	1.4193215
24.61232074267057	2.0343719	1.4263141
24.630259984967953	2.003487	1.4154459
24.64819984038863	1.980843	1.4074242
24.66614030943522	1.9475995	1.3955642
24.684081392610462	1.9316304	1.3898311
24.702023090417274	1.9303913	1.3893852
24.7199654033587	1.9276989	1.3884159
24.737908331937927	1.9674789	1.4026685
24.755851876658305	2.018061	1.4205847
24.773796038023324	2.0856006	1.4441608
24.79174081653661	2.0917435	1.4462861
24.809686212701962	2.1177695	1.4552559
24.827632227023294	2.1171315	1.4550366
24.8455788600047	2.1079826	1.4518893
24.8635261121504	2.077472	1.4413438
24.88147398396475	2.0552413	1.4336113
24.899422475952303	2.036085	1.4269145
24.917371588617698	2.071475	1.439262
24.935321322465768	2.1784022	1.4759411
24.953271678001478	2.3159854	1.5218362
24.97122265572994	2.538658	1.5933167
24.989174256156414	2.853628	1.6892685
25.00712647978632	3.274941	1.8096797
25.02507932712521	3.7659276	1.9405998
25.043032798678798	4.2255225	2.0556076
25.060986894952933	4.8848014	2.2101586
25.078941616453637	5.6277676	2.3722916
25.096896963687055	6.6203346	2.5730011
25.114852937159508	7.7267537	2.7797039
25.132809537377444	8.190484	2.8619022
25.150766764847468	8.20425	2.8643062
25.168724620076347	7.6361585	2.76336
25.186683103570985	6.6553483	2.579796
25.204642215838426	5.527435	2.3510497
25.222601957385894	4.246945	2.0608118
25.24056232872074	3.234905	1.7985842
25.25852333035048	2.6321993	1.6224054
25.276484962782778	2.303788	1.5178235
25.294447226525435	2.132261	1.4602264
25.312410122086423	1.9979904	1.4135029
25.330373649973843	1.9104238	1.3821808
25.348337810695988	1.9046987	1.3801082
25.366302604761245	1.9399667	1.3928269
25.384268032678207	1.9776738	1.4062979
25.40223409495558	1.9767736	1.4059778
25.420200792102257	1.9484905	1.3958834
25.438168124627246	1.8949089	1.3765569
25.45613609303974	1.8648868	1.3656086
25.474104697849057	1.8321987	1.3535874
25.492073939564698	1.840052	1.3564851
25.510043818696285	1.8655695	1.3658586
25.528014335753614	1.9192672	1.3853762
25.54598549124664	1.9472597	1.3954425
25.56395728568544	1.8873105	1.3737942
25.58192971958028	1.8660806	1.3660456
25.59990279344156	1.8360127	1.3549955
25.617876507779833	1.8167437	1.3478664
25.635850863105826	1.789598	1.3377585
25.653825859930386	1.8043143	1.3432477
25.671801498764548	1.8019629	1.3423721
25.68977778011949	1.8247689	1.3508401
25.707754704506524	1.8291283	1.3524526
25.725732272437153	1.8301526	1.3528314
25.743710484423012	1.8192767	1.3488057
25.761689340975888	1.8058643	1.3438245
25.77966884260774	1.8431623	1.3576311
25.797648989830662	1.8228031	1.3501123
25.815629783156922	1.8203348	1.3491979
25.83361122309895	1.8158549	1.3475366
25.85159331016929	1.8013328	1.3421375
25.869576044880695	1.7879844	1.3371553
25.887559427746034	1.8049359	1.343479
25.90554345927836	1.7959704	1.3401382
25.92352813999086	1.8007042	1.3419032
25.94151347039689	1.8703495	1.3676072
25.959499451009965	1.8749723	1.3692963
25.97748608234374	1.8504438	1.3603102
25.995473364912062	1.8167078	1.3478531
26.013461299228904	1.8761957	1.3697429
26.03144988580839	1.8975004	1.3774979
26.04943912516483	1.878681	1.3706498
26.067429017812675	1.8366003	1.3552123
26.085419564266537	1.8385451	1.3559296
26.103410765041186	1.8422121	1.3572811
26.12140262065155	1.8137522	1.3467562
26.139395131612723	1.7739216	1.3318865
26.157388298439948	1.8147132	1.3471129
26.17538212164861	1.8454436	1.358471
26.193376601754295	1.8181463	1.3483865
26.211371739272714	1.801584	1.342231
26.229367534719746	1.7649091	1.3284988
26.247363988611433	1.7867631	1.3366985
26.26536110146397	1.7894183	1.3376914
26.283358873793727	1.8106474	1.345603
26.301357306117204	1.8634521	1.3650832
26.319356398951104	1.9026747	1.3793747
26.33735615281224	1.9208825	1.385959
26.35535656821762	1.8437692	1.3578546
26.373357645684404	1.8242327	1.3506416
26.39135938572991	1.8297956	1.3526994
26.409361788871614	1.8569456	1.362698
26.427364855627165	1.8651617	1.3657092
26.445368586514352	1.8479629	1.359398
26.46337298205115	1.827328	1.351787
26.48137804275568	1.8246188	1.3507845
26.499383769146217	1.8020633	1.3424095
26.517390161741215	1.794394	1.3395499
26.53539722105928	1.7642516	1.3282514
26.553404947619182	1.7565776	1.3253595
26.571413341939856	1.809921	1.3453331
26.589422404540397	1.807744	1.3445237
26.60743213594006	1.7977037	1.3407848
26.62544253665827	1.8062885	1.3439823
26.64345360721459	1.8471313	1.3590921
26.66146534812879	1.8875911	1.3738964
26.679477759920758	1.8184302	1.3484918
26.69749084311057	1.7662613	1.3290076
26.71550459821847	1.6884623	1.2994084
26.733519025764842	1.6676768	1.2913857
26.751534126270258	1.7247847	1.3133106
26.769549900255434	1.8172007	1.3480358
26.787566348241267	1.8319461	1.353494
26.80558347074881	1.813662	1.3467227
26.823601268299267	1.8040627	1.3431541
26.841619741414036	1.7765362	1.3328676
26.85963889061465	1.7758808	1.3326218
26.877658716422832	1.8059903	1.3438714
26.89567921936045	1.7710142	1.3307946
26.913700399949544	1.8289081	1.3523713
26.93172225871233	1.8565137	1.3625394
26.949744796171174	1.8683324	1.3668696
26.967768012848605	1.8399755	1.356457
26.98579190926733	1.7996589	1.3415136
27.003816485950225	1.7764406	1.3328319
27.021841743420318	1.7704278	1.3305743
27.039867682200814	1.7792021	1.3338673
27.057894302815072	1.7925283	1.3388534
27.07592160578664	1.8230191	1.3501923
27.0939495916392	1.8382261	1.355812
27.111978260896635	1.8178353	1.3482713
27.13000761408296	1.805285	1.343609
27.148037651722397	1.8180151	1.3483379
27.166068374339304	1.8481953	1.3594835
27.184099782458215	1.8211132	1.3494862
27.20213187660384	1.7813457	1.3346707
27.22016465730105	1.8103348	1.3454869
27.23819812507487	1.7688671	1.3299876
27.256232280450533	1.7529489	1.3239897
27.274267123953383	1.7526739	1.3238859
27.292302656108987	1.781108	1.3345816
27.31033887744306	1.8076618	1.3444932
27.32837578848146	1.8116804	1.3459868
27.34641338975026	1.8058627	1.3438239
27.364451681775673	1.7739637	1.3319023
27.382490665084074	1.7112083	1.3081316
27.400530340202046	1.7528937	1.3239689
27.41857070765629	1.7929264	1.339002
27.436611767973726	1.8306153	1.3530023
27.454653521681404	1.8575791	1.3629303
27.472695969306564	1.8387929	1.356021
27.490739111376627	1.823441	1.3503485
27.508782948419153	1.8295431	1.352606
27.526827480961902	1.8279737	1.3520257
27.54487270953279	1.8258901	1.3512549
27.562918634659898	1.7780101	1.3334205
27.580965256871508	1.7764182	1.3328234
27.599012576696026	1.8078759	1.3445728
27.617060594662068	1.8327698	1.3537983
27.63510931129842	1.8345956	1.3544724
27.65315872713401	1.8497407	1.3600518
27.67120884269797	1.854024	1.3616256
27.68925965851958	1.8356367	1.3548567
27.707311175128307	1.8019363	1.3423622
27.725363393053787	1.8443599	1.3580722
27.74341631282583	1.875758	1.3695831
27.7614699349744	1.8503782	1.360286
27.77952426002968	2.0115504	1.4182913
27.797579288521973	2.113922	1.4539334
27.815635020981784	2.576632	1.6051891
27.83369145793979	2.6099663	1.615539
27.85174859992682	2.356393	1.5350548
27.869806447473923	2.2155263	1.4884645
27.887865001112267	1.9965087	1.4129786
27.905924261373233	1.9058068	1.3805096
27.92398422878836	1.8411239	1.3568802
27.94204490388936	1.8573858	1.3628594
27.96010628720813	1.8457	1.3585654
27.978168379276728	1.8801054	1.3711693
27.9962311806274	1.9038676	1.3798071
28.014294691792568	1.9330949	1.3903579
28.0323589133048	1.8982993	1.3777878
28.050423845696887	1.8655342	1.3658456
28.068489489501758	1.8479338	1.3593873
28.086555845252523	1.8449862	1.3583027
28.104622913482487	1.87095	1.3678267
28.122690694725115	1.9546065	1.3980725
28.14075918951405	1.9459976	1.3949902
28.15882839838312	1.9366144	1.3916229
28.176898321866304	1.8854084	1.3731017
28.1949689604978	1.8527982	1.3611753
28.213040314811945	1.8696009	1.3673335
28.23111238534327	1.9312344	1.3896886
28.249185172626493	1.9511265	1.3968273
28.267258677196473	1.9169232	1.38453
28.285332899588294	1.908852	1.3816121
28.303407840337172	1.9240122	1.3870877
28.321483499978545	1.9308331	1.3895442
28.33955987904799	1.904163	1.3799142
28.357636978081285	1.8761159	1.3697138
28.37571479761439	1.9000018	1.3784056
28.393793338183425	1.9245397	1.3872778
28.41187260032469	1.9332173	1.3904018
28.429952584574686	1.9751333	1.4053943
28.448033291470065	1.9809895	1.4074763
28.46611472154769	1.9255383	1.3876376
28.484196875344566	1.9743637	1.4051205
28.502279753397914	1.9733274	1.4047518
28.52036335624511	1.9363675	1.3915342
28.538447684423716	1.9420694	1.3935815
28.556532738471482	1.9341804	1.3907481
28.574618518926325	1.9921387	1.4114314
28.59270502632635	2.082703	1.4431573
28.61079226120985	2.0513349	1.4322482
28.628880224115274	2.0012128	1.4146423
28.646968915581287	1.9858072	1.4091867
28.66505833614671	1.9844685	1.4087117
28.68314848635055	2.0517428	1.4323906
28.701239366732004	2.1087074	1.4521389
28.71933097783044	2.0821593	1.442969
28.737423320185403	2.0762703	1.4409269
28.75551639433665	2.0955434	1.4475992
28.773610200824074	2.1506217	1.4664998
28.791704740187793	2.1772175	1.4755397
28.80980001296809	2.139454	1.4626873
28.827896019705413	2.0767179	1.4410822
28.845992760940433	2.081848	1.442861
28.86409023721397	2.1215854	1.4565663
28.88218844906704	2.2160919	1.4886544
28.900287397040845	2.2740655	1.5080005
28.918387081676755	2.263697	1.5045587
28.936487503516343	2.2606986	1.503562
28.954588663101365	2.2855709	1.5118104
28.97269056097374	2.3470268	1.5320009
28.990793197675597	2.3384106	1.5291862
29.00889657374923	2.307264	1.5189681
29.027000689737125	2.338741	1.5292943
29.04510554618196	2.3525727	1.5338099
29.06321114362659	2.4236193	1.5567977
29.08131748261405	2.4525468	1.5660609
29.099424563687567	2.467267	1.5707537
29.11753238739057	2.506356	1.5831475
29.13564095426663	2.556005	1.5987511
29.15375026485954	2.544732	1.5952216
29.171860319713275	2.546112	1.5956541
29.18997111937199	2.616423	1.6175361
29.20808266438002	2.6885777	1.6396883
29.226194955281898	2.7466865	1.657313
29.244307992622335	2.830165	1.6823094
29.26242177694624	2.8458822	1.6869743
29.2805363087987	2.8302426	1.6823325
29.29865158872498	2.8414264	1.6856531
29.316767617270557	2.912682	1.7066581
29.334884394981064	3.0331507	1.7415943
29.353001922402367	3.081173	1.755327
29.37112020008047	3.0875676	1.7571476
29.389239228561596	3.160161	1.7776842
29.407359008392152	3.4045045	1.84513
29.42547954011872	3.8481283	1.9616647
29.44360082428809	4.429604	2.1046624
29.46172286144722	5.3948226	2.3226757
29.479845652143283	6.957267	2.6376631
29.497969196923606	8.96908	2.9948423
29.516093496335728	11.334904	3.366735
29.5342185509274	13.975779	3.7384193
29.55234436124651	16.197403	4.0245996
29.570470927841175	17.899096	4.2307324
29.588598251259686	17.772623	4.215759
29.60672633205055	16.281857	4.035078
29.624855170762405	13.975381	3.7383661
29.642984767944146	11.350018	3.3689787
29.66111512414481	8.771973	2.9617517
29.67924623991366	6.6180983	2.5725665
29.697378115800138	5.156542	2.270802
29.71551075235387	4.1870627	2.0462313
29.733644150124675	3.7080472	1.925629
29.751778309662576	3.4920287	1.868697
29.769913231517766	3.3805647	1.8386312
29.78804891624066	3.3408134	1.8277892
29.806185364381818	3.3303516	1.8249251
29.82432257649206	3.3984425	1.8434865
29.842460553122333	3.3614693	1.833431
29.86059929482382	3.2909286	1.8140917
29.878738802147872	3.2888901	1.8135297
29.896879075646048	3.2800329	1.811086
29.915020115870114	3.2941537	1.8149804
29.933161923371976	3.351309	1.8306581
29.951304498703777	3.3521106	1.8308771
29.969447842417857	3.273602	1.8093098
29.987591955066733	3.1957893	1.787677
30.005736837203123	3.1965165	1.7878804
30.023882489379943	3.246898	1.801915
30.04202891215028	3.2079065	1.791063
30.060176106067455	3.155189	1.7762852
30.078324071684946	3.1703403	1.780545
30.09647280955646	3.2469037	1.8019167
30.114622320235863	3.2211728	1.7947626
30.132772604277257	3.1703806	1.7805562
30.1509236622349	3.1119199	1.7640635
30.16907549466328	3.0620792	1.7498797
30.18722810211705	3.0140152	1.736092
30.205381485151097	2.989027	1.7288803
30.22353564432045	2.9643269	1.721722
30.241690580180403	2.9644492	1.7217575
30.25984629328638	2.995338	1.7307044
30.278002784194037	3.01136	1.735327
30.296160053459246	3.0564141	1.7482603
30.314318101638033	3.0657504	1.7509284
30.332476929286646	3.0125785	1.7356781
30.35063653696153	2.9202461	1.7088728
30.368796925219307	2.9490457	1.7172786
30.386958094616844	2.9991722	1.7318119
30.40512004571115	2.9219503	1.7093713
30.423282779059463	2.9052706	1.7044854
30.441446295219233	2.9260843	1.7105801
30.459610594748067	2.9058142	1.7046449
30.47777567820382	2.8703814	1.69422
30.495941546144504	2.7798524	1.6672889
30.51410819912835	2.6857228	1.6388175
30.532275637713795	2.6626086	1.6317502
30.55044386245946	2.7211888	1.6496027
30.56861287392416	2.7988641	1.6729807
30.586782672666956	2.8172617	1.67847
30.604953259247047	2.7650683	1.6628494
30.623124634223885	2.714164	1.647472
30.641296798157075	2.677346	1.6362598
30.659469751606462	2.7258368	1.6510109
30.677643495132074	2.7804637	1.6674722
30.695818029294152	2.7649755	1.6628215
30.713993354653116	2.7666256	1.6633177
30.73216947176962	2.7771943	1.6664916
30.75034638120448	2.7176328	1.6485244
30.768524083518756	2.7251227	1.6507945
30.786702579273673	2.7286441	1.6518608
30.80488186903069	2.7908578	1.6705861
30.82306195335144	2.9000752	1.7029607
30.841242832797782	3.147707	1.7741778
30.85942450793176	3.4211266	1.8496288
30.877606979315637	3.7019098	1.9240347
30.895790247511883	4.0536194	2.0133603
30.913974313083134	4.3674264	2.0898387
30.932159176592283	4.617283	2.1487863
30.95034483860237	4.6665335	2.160216
30.968531299676698	4.517179	2.1253657
30.98671856037873	4.187857	2.0464253
31.00490662127215	3.84538	1.9609641
31.023095482920848	3.486588	1.8672408
31.04128514588892	3.141402	1.7724
31.059475610740662	2.7819993	1.6679326
31.07766687804056	2.5766132	1.6051832
31.09585894835335	2.4911673	1.5783433
31.11405182224393	2.371177	1.5398626
31.132245500277417	2.3608146	1.5364943
31.15043998301914	2.410555	1.5525962
31.168635271034628	2.4623516	1.5691882
31.18683136488964	2.4758835	1.5734941
31.20502826515008	2.4660761	1.5703745
31.223225972382135	2.4218795	1.5562389
31.241424487152155	2.3930054	1.5469341
31.259623810026692	2.3694408	1.5392988
31.27782394157253	2.379723	1.5426351
31.296024882356644	2.4079335	1.5517517
31.314226632946237	2.4446006	1.5635219
31.332429193908684	2.433708	1.5600346
31.350632565811598	2.4626157	1.5692724
31.368836749222787	2.5070353	1.583362
31.387041744710295	2.5407503	1.5939732
31.40524755284232	2.6079495	1.6149147
31.423454174187317	2.6127634	1.6164044
31.441661609313922	2.5414543	1.5941939
31.459869858791002	2.4656222	1.57023
31.478078923187628	2.3902266	1.5460358
31.496288803073064	2.3749955	1.541102
31.514499499016807	2.3356373	1.5282792
31.532711011588546	2.310343	1.5199813
31.550923341358178	2.2587764	1.5029227
31.56913648889584	2.2997134	1.5164806
31.587350454771844	2.3838618	1.543976
31.605565239556732	2.4135702	1.5535669
31.62378084382127	2.3817239	1.5432835
31.641997268136382	2.3304808	1.5265912
31.660214513073274	2.299785	1.5165042
31.67843257920331	2.308589	1.5194042
31.6966514670981	2.325162	1.5248482
31.71487117732944	2.3274176	1.5255877
31.733091710469346	2.3325672	1.5272745
31.751313067090052	2.2373843	1.4957888
31.769535247764008	2.2517872	1.5005956
31.787758253063878	2.2878587	1.5125669
31.805982083562526	2.2875447	1.5124631
31.824206739833024	2.3138597	1.5211376
31.84243222244869	2.3566368	1.5351341
31.860658531983013	2.2867682	1.5122064
31.878885669009737	2.187726	1.4790963
31.897113634102784	2.242513	1.4975022
31.91534242783632	2.3097427	1.5197837
31.933572050784694	2.2997367	1.5164883
31.951802503522508	2.2494104	1.4998034
31.970033786624548	2.186815	1.4787884
31.988265900665834	2.146183	1.4649857
32.006498846221575	2.1532521	1.4673964
32.02473262386724	2.1947858	1.481481
32.04296723417845	2.158082	1.4690412
32.0612026777311	2.136682	1.4617394
32.07943895510129	2.1597407	1.4696056
32.097676066865304	2.1389496	1.4625149
32.115914013599685	2.070291	1.4388506
32.13415279588115	2.029462	1.4245919
32.152392414286666	2.0239265	1.4226477
32.1706328693934	2.0224345	1.4221232
32.18887416177875	2.05914	1.4349704
32.20711629202032	2.0699086	1.4387177
32.225359260695924	2.0899606	1.4456697
32.243603068383614	2.074346	1.440259
32.26184771566166	2.1353056	1.4612685
32.28009320310852	2.1549678	1.4679809
32.2983395313029	2.189354	1.4796466
32.31658670082372	2.1751294	1.4748319
32.33483471225012	2.101717	1.4497299
32.35308356616143	2.0187128	1.4208142
32.371333263137245	2.094126	1.4471096
32.38958380375734	2.1322248	1.4602139
32.407835188601744	2.1223493	1.4568285
32.42608741825067	2.0768464	1.4411268
32.444340493284585	2.0954323	1.4475608
32.46259441428416	2.0659316	1.4373349
32.48084918183028	1.9541825	1.3979207
32.49910479650405	1.9290857	1.3889153
32.51736125888683	1.9693668	1.4033413
32.53561856956014	2.034911	1.4265031
32.5538767291058	2.049012	1.431437
32.572135738105764	2.0150332	1.4195187
32.59039559714228	2.0206988	1.4215128
32.608656306797776	2.070841	1.4390417
32.62691786765491	2.0290642	1.4244522
32.645180280296586	1.98994	1.4106524
32.663443545305896	1.9758178	1.4056379
32.68170766326619	1.9318988	1.3899276
32.69997263476099	1.9417627	1.3934715
32.7182384603741	1.9885026	1.4101428
32.7365051406895	2.0632133	1.436389
32.75477267629144	2.0515037	1.4323071
32.77304106776434	1.9778486	1.40636
32.79131031569289	1.9589018	1.3996077
32.809580420661966	1.9239864	1.3870784
32.827851383256714	2.0444443	1.4298407
32.84612320406245	2.1702888	1.47319
32.86439588366476	2.170728	1.4733391
32.88266942264945	2.0243738	1.422805
32.9009438216025	1.9103574	1.3821567
32.9192190811102	1.8803315	1.3712518
32.937495201758985	1.9066745	1.3808239
32.95577218413556	1.9197662	1.3855562
32.974050028826866	1.9251771	1.3875076
32.992328736420035	1.9574715	1.3990967
33.010608307502444	1.9947371	1.4123516
33.02888874266169	2.0070138	1.4166912
33.047170042485604	1.914588	1.3836864
33.06545220756225	1.8568469	1.3626617
33.083735238479896	1.843179	1.3576373
33.10201913582707	1.8435123	1.3577601
33.12030390019248	1.8868004	1.3736086
33.138589532165135	1.8950363	1.3766032
33.15687603233419	1.9228468	1.3866675
33.17516340128909	1.8357692	1.3549056
33.19345163961947	1.8135406	1.3466777
33.211740747915215	1.8701404	1.3675308
33.23003072676643	1.8856026	1.3731724
33.248321576763466	1.8809568	1.3714797
33.266613298496885	1.9150906	1.383868
33.28490589255747	1.9880766	1.4099917
33.30319935953626	1.9344102	1.3908308
33.32149370002451	1.9078476	1.3812486
33.339788914613706	1.934201	1.3907555
33.358085003895575	1.9367865	1.3916848
33.376381968462034	1.9486095	1.395926
33.39467980890529	2.0556595	1.4337572
33.41297852581774	2.0345979	1.4263933
33.43127811979204	1.8825884	1.3720745
33.44957859142105	1.8850961	1.372988
33.467879941297866	1.9583596	1.3994141
33.486182170015844	1.98612	1.4092977
33.50448527816853	1.9416099	1.3934166
33.522789266349754	1.9902792	1.4107726
33.541094135153514	1.99216	1.411439
33.55939988517411	1.9367754	1.3916808
33.57770651700602	2.0134828	1.4189725
33.59601403124398	2.1184936	1.4555045
33.61432242848296	2.0846727	1.4438396
33.632631709318154	1.9781163	1.4064552
33.650941874344994	1.9357804	1.3913232
33.66925292415916	2.0602007	1.4353399
33.68756485935654	2.1198902	1.4559842
33.70587768053328	2.019975	1.4212582
33.724191388285746	1.9104183	1.3821788
33.74250598321054	1.9185203	1.3851066
33.760821465904506	1.8729138	1.3685445
33.77913783696474	1.9173714	1.3846918
33.79745509698852	1.9572405	1.3990141
33.815773246573414	1.9272863	1.3882674
33.8340922863172	1.908252	1.381395
33.852412216817896	1.8707318	1.367747
33.87073303867377	1.9533933	1.3976384
33.889054752483304	1.9237207	1.3869826
33.907377358845245	1.8130492	1.3464952
33.92570085835853	1.8038086	1.3430594
33.94402525162239	1.9049639	1.3802043
33.96235053923627	2.0155134	1.4196877
33.980676721799824	1.9413165	1.3933114
33.999003799912984	1.9377778	1.3920408
34.01733177417592	1.9308867	1.3895636
34.03566064518901	1.848135	1.3594613
34.0539904135529	1.9285779	1.3887324
34.07232107986846	1.9631214	1.4011143
34.090652644736785	1.8674458	1.3665452
34.108985108759235	1.8341366	1.354303
34.12731847253742	1.8974873	1.3774931
34.14565273667313	1.9870552	1.4096295
34.16398790176847	1.9185	1.3850993
34.18232396842574	1.8981651	1.3777391
34.20066093724749	1.9598706	1.3999537
34.21899880883651	2.0688205	1.4383395
34.23733758379583	1.9198946	1.3856026
34.25567726272874	1.8508011	1.3604416
34.27401784623872	1.9147202	1.3837341
34.29235933492957	1.9697095	1.4034634
34.31070172940526	1.9680513	1.4028726
34.32904503027003	2.0014648	1.4147314
34.347389238128386	1.8819664	1.3718477
34.36573435358502	1.8857045	1.3732096
34.38408037724492	1.9296758	1.3891277
34.402427309713296	1.9134725	1.3832833
34.42077515159559	1.8624798	1.364727
34.43912390349752	1.9346333	1.390911
34.45747356602499	1.9912586	1.4111196
34.47582413978423	2.0019205	1.4148924
34.49417562538163	1.9868759	1.4095658
34.51252802342388	1.974136	1.4050395
34.53088133451789	1.9416713	1.3934387
34.54923555927084	1.9330204	1.390331
34.567590698290104	2.059686	1.4351606
34.58594675218336	2.1782212	1.4758798
34.6043037215585	2.133168	1.4605368
34.62266160702365	1.83272	1.3537799
34.641020409187234	1.8011923	1.342085
34.65938012865785	1.9819973	1.4078343
34.677740766044394	2.1536105	1.4675184
34.69610232195598	2.0992217	1.4488691
34.714464797002016	1.942108	1.3935953
34.73282819179208	1.8525407	1.3610808
34.751192506936064	1.8975756	1.3775252
34.76955774304408	1.9910034	1.4110292
34.7879239007265	1.9164472	1.384358
34.80629098059391	1.7132735	1.3089207
34.824658983257194	1.7050891	1.3057905
34.843027909327446	1.7265278	1.313974
34.86139775941603	1.7409613	1.3194549
34.879768534134534	1.8609074	1.3641508
34.89814023409483	1.9582484	1.3993742
34.91651285990901	1.9642615	1.4015212
34.93488641218944	1.9160204	1.3842039
34.95326089154871	1.9618549	1.4006623
34.97163629859967	1.973868	1.4049442
34.99001263395542	1.994671	1.4123282
35.00838989822934	2.1077266	1.4518012
35.02676809203499	2.0864537	1.4444562
35.04514721598624	1.9272639	1.3882593
35.063527270697215	1.8340132	1.3542575
35.081908256782256	1.9252267	1.3875254
35.10029017485597	1.8753849	1.369447
35.11867302553321	1.8977022	1.3775711
35.137056809429104	1.9660162	1.4021469
35.155441527159006	2.1206563	1.4562473
35.173827179338524	2.1967676	1.4821496
35.19221376658354	2.1100616	1.4526051
35.21060128951017	2.0476089	1.4309468
35.2289897487348	1.9837292	1.4084493
35.24737914487405	1.9406039	1.3930556
35.26576947854479	2.0715232	1.4392787
35.28416075036418	2.0313275	1.4252465
35.30255296094958	1.7624776	1.3275834
35.32094611091867	1.803804	1.3430578
35.33934020088932	2.045656	1.4302644
35.35773523147969	2.1107223	1.4528325
35.3761312033082	2.0830061	1.4432623
35.394528116993506	2.1639478	1.4710363
35.41292597315452	2.1154292	1.4544514
35.431324772410434	1.9756988	1.4055955
35.449724515380666	1.8768704	1.3699892
35.46812520268491	2.0802395	1.4423035
35.486526834943106	2.3578742	1.5355371
35.504929412775454	2.4111438	1.5527858
35.52333293680242	2.1897948	1.4797956
35.54173740764471	2.2577152	1.5025696
35.560142825923286	2.0058892	1.4162942
35.5785491922594	1.4663146	1.2109147
35.59695650727454	1.2143378	1.10197
35.61536477159042	1.1671087	1.080328
