0.008763373481513119	0.0	0.0
0.026290120649546365	0.0	0.0
0.043816868432600686	0.0	0.0
0.06134361724069026	0.0	0.0
0.07887036748382949	0.10480121	0.32373014
0.0963971195720331	0.25964752	0.5095562
0.11392387391531617	0.40377757	0.6354349
0.1314506309236943	0.4029661	0.63479614
0.1489773910071836	0.26988533	0.5195049
0.16650415457580078	0.14127003	0.37585905
0.18403092203956356	0.057448927	0.23968506
0.20155769380849	0.06280206	0.2506034
0.2190844702925996	0.045260336	0.21274477
0.2366112519019124	0.056057192	0.236764
0.2541380390464497	0.04942954	0.22232755
0.27166483213623416	0.09800018	0.31304982
0.28919163158128947	0.111787975	0.3343471
0.3067184377916406	0.12099311	0.34784064
0.324245251177314	0.14505294	0.38085815
0.34177207214833777	0.15850514	0.39812705
0.3592989011147415	0.16817205	0.41008785
0.37682573848655654	0.19847694	0.4455075
0.39435258467381573	0.18145412	0.4259743
0.41187944008655414	0.19715637	0.44402292
0.42940630513480854	0.15753579	0.39690778
0.446933180228618	0.143733	0.37912133
0.4644600657780234	0.13709803	0.3702675
0.48198696219306775	0.12166774	0.34880903
0.49951386988379676	0.13287275	0.36451715
0.5170407892602581	0.1490503	0.3860703
0.5345677207325025	0.18780784	0.43336803
0.5520946647105822	0.16438892	0.40544903
0.5696216216045534	0.14821872	0.38499185
0.5871485918244737	0.10335568	0.32148978
0.6046755757804043	0.10228149	0.31981477
0.6222025738824094	0.12947798	0.3598305
0.6397295865405557	0.16874108	0.41078106
0.6572566141649129	0.18382388	0.42874688
0.6747836571655547	0.18360724	0.42849416
0.6923107159525568	0.17056923	0.4130003
0.7098377909359992	0.17790331	0.42178586
0.7273648825259653	0.17463969	0.41789913
0.7448919911325411	0.18630272	0.431628
0.762419117165817	0.17790265	0.4217851
0.7799462610358868	0.20564105	0.4534766
0.7974734231528482	0.2676063	0.51730675
0.8150006039268024	0.277255	0.5265501
0.8325278037678551	0.28098103	0.53007644
0.8500550230861152	0.2312291	0.48086286
0.8675822622916969	0.24271993	0.49266616
0.8851095217947171	0.21891409	0.46788257
0.9026368020052984	0.2267357	0.4761677
0.9201641033335665	0.186726	0.43211806
0.9376914261896523	0.15717189	0.3964491
0.9552187709836915	0.13257132	0.36410347
0.9727461381258234	0.16381496	0.4047406
0.990273528026193	0.21931238	0.468308
1.0078009410949496	0.2353286	0.4851068
1.0253283777422473	0.2613734	0.5112469
1.0428558383782454	0.24887706	0.4988758
1.0603833234131086	0.27558297	0.52496
1.0779108332570058	0.30664214	0.5537528
1.0954383683201119	0.31565523	0.561832
1.112965929012607	0.34184712	0.5846769
1.1304935157446763	0.44705778	0.6686238
1.1480211289265108	0.5146813	0.7174129
1.1655487689683062	1.3134283	1.146049
1.1830764362802655	1.6194862	1.2725904
1.200604131272596	2.0562725	1.4339709
1.2181318543555117	2.539892	1.5937039
1.235659605939232	2.584541	1.6076508
1.253187386433982	4.137161	2.034001
1.270715196249994	6.5484643	2.5589967
1.2882430357975057	11.97103	3.4599175
1.3057709054867608	16.816662	4.1008124
1.3232988057280106	22.803404	4.775291
1.3408267369315112	27.703337	5.263396
1.358354699507526	31.437998	5.60696
1.3758826938663256	35.080326	5.922865
1.3934107204181858	36.50462	6.0419054
1.410938779573391	36.787174	6.0652432
1.4284668717422309	37.571644	6.1295714
1.4459949973350033	37.18181	6.0976887
1.4635231567620117	36.93067	6.077061
1.4810513504335687	36.07839	6.006529
1.4985795787599925	35.69138	5.9742265
1.5161078421516088	35.5499	5.9623737
1.5336361410187505	34.89972	5.9075985
1.5511644757717598	34.618084	5.8837132
1.5686928468209842	35.319313	5.9430056
1.58622125457678	36.042118	6.003509
1.6037496994495108	37.71085	6.140916
1.621278181849548	37.49896	6.123639
1.6388067021872719	37.790787	6.1474214
1.6563352608730693	37.284378	6.1060934
1.673863858317336	36.05778	6.004813
1.6913924949304753	34.891296	5.9068856
1.7089211711228998	33.417236	5.780764
1.7264498873050296	32.791885	5.72642
1.7439786438872935	32.353806	5.6880407
1.7615074412801288	31.643084	5.6252184
1.779036279893981	31.18385	5.58425
1.796565160139305	30.560926	5.528194
1.814094082426564	29.979412	5.4753456
1.8316230471662298	29.154385	5.39948
1.849152054768784	28.186995	5.3091426
1.8666811056447168	27.538559	5.2477193
1.8842102002045273	26.584505	5.1560163
1.901739338858724	26.069324	5.105813
1.9192685220178245	25.319674	5.0318656
1.9367977500923557	24.74646	4.9745812
1.9543270234928547	24.14309	4.913562
1.971856342629867	23.594692	4.8574367
1.9893857079139496	23.164137	4.8129134
2.006915119755667	22.595049	4.753425
2.0244445785655945	22.015217	4.6920376
2.0419740847543175	21.627453	4.6505327
2.0595036387324317	21.418749	4.6280394
2.0770332409105414	20.92616	4.574512
2.094562891699263	20.259806	4.5010896
2.1120925915092217	19.808792	4.450707
2.129622340751053	19.616032	4.428999
2.1471521398354043	187.86636	13.706435
2.1646819891729323	444.09653	21.073597
2.182211889174303	440.32938	20.984026
2.1997418402501974	452.7266	21.277372
2.2172718428113023	432.51465	20.796986
2.234801897268317	320.46823	17.901627
2.2523320040319548	17.001146	4.123245
2.269862163512935	16.771143	4.0952587
2.287392376121992	16.517214	4.0641375
2.304922642269869	16.026821	4.003351
2.322452962367322	15.464751	3.9325247
2.3399833368251164	15.257594	3.906097
2.357513766054032	15.285674	3.9096897
2.3750442504648586	15.231318	3.9027321
2.3925747904683963	14.874701	3.8567734
2.410105386475459	14.442407	3.8003166
2.4276360388968707	14.002296	3.7419643
2.445166748143469	13.51656	3.6764874
2.4626975146261025	13.217901	3.6356432
2.4802283387556323	13.056495	3.613377
2.4977592209429305	13.031043	3.6098535
2.5152901615988825	12.835594	3.5826797
2.5328211611343865	12.9016285	3.5918837
2.5503522199603523	12.8804455	3.5889337
2.5678833384877024	12.755153	3.5714357
2.5854145171273712	12.400053	3.521371
2.6029457562903064	11.83246	3.4398344
2.620477056387469	11.359429	3.3703752
2.6380084178298326	11.078285	3.3284059
2.655539841028383	11.01605	3.3190436
2.673071326394119	11.088963	3.3300095
2.6906028743380523	10.873097	3.297438
2.708134485271211	10.718529	3.2739165
2.7256661596046325	10.631424	3.2605865
2.743197897749369	10.679821	3.2679996
2.760729700116486	10.766399	3.2812192
2.778261567117063	10.64245	3.262277
2.795793499162193	10.448692	3.2324438
2.8133254966629817	10.283703	3.2068212
2.830857560030551	10.014007	3.1644914
2.8483896896760337	9.897059	3.1459591
2.865921886010578	9.882955	3.1437166
2.883454149445347	9.851034	3.1386356
2.9009864803915177	9.729819	3.1192658
2.91851887926028	9.475577	3.0782425
2.9360513464628384	8.990478	2.9984126
2.953583882410413	8.779171	2.9629667
2.9711164875142373	8.661239	2.9429982
2.9886491621855606	8.61812	2.9356635
3.0061819068356455	8.5590105	2.9255786
3.023714721875769	8.388819	2.8963459
3.041247607717225	8.381386	2.8950622
3.0587805647713213	8.275742	2.8767588
3.0763135934493806	8.262432	2.8744447
3.0938466941627407	8.146255	2.8541644
3.1113798673227544	8.048585	2.8370028
3.1289131133407904	7.89423	2.809667
3.1464464326282315	7.7294655	2.7801917
3.1639798255964786	7.5678535	2.7509732
3.1815132926569443	7.536089	2.7451937
3.1990468342210603	7.5712647	2.751593
3.216580450700272	7.5975523	2.7563658
3.2341141425060416	7.578497	2.752907
3.251647910049847	7.474089	2.7338781
3.2691817537431813	7.247209	2.692064
3.286715673997555	7.1975293	2.682821
3.3042496712244938	7.1313066	2.6704507
3.32178374583554	6.9953527	2.644873
3.339317898242251	6.7288	2.593993
3.3568521288562034	6.642463	2.5772977
3.3743864380889876	6.6076436	2.5705338
3.3919208263522127	6.7988453	2.6074595
3.4094552940575023	6.7946587	2.6066566
3.4269898416164972	6.6872773	2.585977
3.444524469440858	6.46201	2.5420485
3.4620591779422587	6.3228364	2.5145252
3.479593967532391	6.258796	2.5017586
3.4971288386229658	6.244665	2.4989328
3.5146637916257086	6.306	2.5111752
3.5321988269523628	6.407281	2.5312607
3.5497339450146903	6.3186235	2.5136871
3.5672691462244708	6.2308354	2.496164
3.5848044309934988	6.2013664	2.4902544
3.60233979973359	6.19615	2.4892066
3.619875252856575	6.2525687	2.5005138
3.6374107907743034	6.165813	2.4831054
3.6549464138986427	6.1834903	2.4866624
3.6724821226414788	6.1932197	2.4886181
3.690017917414714	6.259596	2.5019186
3.7075537986302702	6.277572	2.5055084
3.7250897667000857	6.345445	2.5190167
3.7426258220361235	6.5218997	2.553801
3.7601619650503553	6.8171754	2.6109722
3.777698196154779	7.2304974	2.6889584
3.7952345157614067	8.210224	2.8653488
3.8127709242822716	8.984313	2.9973843
3.830307422129425	11.392937	3.3753424
3.847844009714936	30.338451	5.508035
3.8653806874508954	97.76789	9.887765
3.882917455749409	96.933815	9.845497
3.900454315022606	96.73477	9.835383
3.917991265682631	41.444576	6.437746
3.9355283081416506	11.187802	3.3448172
3.9530654428118495	8.910711	2.9850814
3.970602670105433	7.563234	2.7501335
3.9881399904346244	6.584488	2.5660257
4.005677404211669	6.6321983	2.5753055
4.023214911848827	6.541787	2.5576918
4.0407525137583855	6.5597353	2.561198
4.058290210352644	6.474176	2.5444403
4.075828002043927	6.331714	2.5162897
4.0933658892445814	6.252573	2.5005145
4.110903872366966	6.1616116	2.4822593
4.128441951823468	6.1010723	2.4700348
4.145980128026488	6.1896267	2.487896
4.163518401388452	6.191817	2.488336
4.181056772321807	6.191921	2.488357
4.1985952412390155	6.1901875	2.4880087
4.216133808552567	6.192193	2.4884117
4.233672474674966	6.144939	2.4788988
4.251211240018741	6.2813115	2.5062544
4.268750104996445	6.453663	2.540406
4.286289070020643	7.5329843	2.7446282
4.303828135503928	9.208188	3.0344996
4.3213673018589125	29.610058	5.4415126
4.3389065694982305	90.78926	9.52834
4.356445938834537	166.00827	12.884419
4.3739854102805085	171.62683	13.100642
4.391524984248844	172.47815	13.133094
4.409064661152262	136.60641	11.687875
4.426604441403504	96.74059	9.83568
4.444144325415337	75.41242	8.684032
4.461684313600543	21.29709	4.614877
4.47922440637193	21.46664	4.6332107
4.496764604142329	20.016123	4.473938
4.5143049073245916	18.3958	4.2890325
4.531845316331589	16.337143	4.041923
4.5493858315762195	13.553223	3.6814702
4.566926453471405	11.228605	3.3509111
4.584467182430081	9.3727045	3.0614872
4.602008018865218	8.351929	2.8899703
4.619548963189798	7.680212	2.7713196
4.637090015816834	7.281006	2.698334
4.654631177159353	7.0328665	2.6519551
4.672172447630417	6.6971526	2.5878859
4.689713827643102	6.4834056	2.5462532
4.7072553176105085	6.162729	2.4824843
4.724796917945764	6.062001	2.4621131
4.742338629062015	5.964258	2.442183
4.759880451372434	5.8750157	2.4238431
4.777422385290215	5.696042	2.3866382
4.794964431228581	5.60166	2.3667827
4.812506589600768	5.549486	2.3557348
4.830048860820047	5.4827147	2.3415198
4.847591245299709	5.475562	2.3399918
4.8651337434530655	5.430695	2.3303852
4.882676355693457	5.477299	2.340363
4.900219082434242	5.474049	2.3396685
4.917761924088813	5.444859	2.3334222
4.935304881070575	5.438315	2.3320196
4.952847953792969	5.464185	2.3375597
4.970391142669449	5.492971	2.3437088
4.9879344481135055	5.468233	2.3384254
5.005477870538642	5.3703003	2.317391
5.023021410358394	5.2736998	2.2964537
5.040565067986324	5.2739897	2.296517
5.05810884383601	5.3192577	2.3063517
5.075652738321066	5.336542	2.3100958
5.09319675185512	5.3026443	2.302747
5.110740884851836	5.3177843	2.3060322
5.128285137724894	5.304123	2.3030682
5.145829510888007	5.2994947	2.3020632
5.163374004754908	5.358685	2.3148835
5.1809186197393595	5.3667607	2.316627
5.198463356255145	5.429055	2.3300333
5.216008214716077	5.432606	2.3307953
5.233553195535998	5.4242277	2.3289971
5.251098299128764	5.3790436	2.3192766
5.268643525908272	5.2500896	2.2913074
5.286188876288432	5.2327666	2.2875242
5.3037343506831895	5.2230577	2.285401
5.32127994950651	5.227601	2.2863948
5.3388256731723915	5.185947	2.2772675
5.356371522094851	5.1709685	2.2739763
5.373917496687938	5.156334	2.2707562
5.391463597365729	5.1326275	2.2655303
5.40900982454232	5.136837	2.2664592
5.426556178631843	5.176396	2.2751694
5.444102660048449	5.2373767	2.2885315
5.4616492692063225	5.2134147	2.2832904
5.479196006519669	5.152041	2.2698107
5.496742872402727	5.1153	2.261703
5.514289867269756	5.0853686	2.2550762
5.531836991535049	5.0843983	2.254861
5.549384245612924	5.0829735	2.254545
5.566931629917724	5.1022058	2.2588062
5.584479144863822	5.111433	2.2608478
5.6020267908656205	5.0393515	2.24485
5.619574568337545	5.020136	2.240566
5.637122477694054	5.017012	2.2398689
5.654670519349629	5.113354	2.2612727
5.672218693718784	5.1211925	2.2630053
5.689767001216059	5.1555414	2.2705817
5.707315442256021	5.14268	2.2677479
5.724864017253266	5.083968	2.2547657
5.7424127266224225	5.0729613	2.2523236
5.75996157077814	5.1343336	2.2659068
5.777510550135105	5.1265917	2.2641978
5.795059665108022	5.182103	2.2764232
5.812608916111639	5.174073	2.274659
5.830158303560715	5.266999	2.2949944
5.847707827870055	5.2559185	2.292579
5.86525748945448	5.302587	2.3027346
5.8828072887288485	5.460644	2.336802
5.900357226108044	5.521185	2.3497202
5.917907302006979	5.630397	2.3728456
5.9354575168406	6.236985	2.4973958
5.9530078710238765	6.7756867	2.603015
5.970558364971812	7.2582283	2.69411
5.988108999099438	7.5406523	2.7460248
6.005659773821818	8.0688925	2.8405795
6.023210689554039	7.898838	2.8104873
6.040761746711227	8.346015	2.888947
6.058312945708531	7.7217054	2.7787957
6.075864286961132	7.230154	2.6888945
6.093415770884244	6.5419884	2.5577312
6.1109673978931065	6.0854435	2.466869
6.128519168402993	5.4546657	2.3355227
6.146071082829204	5.3300867	2.308698
6.163623141587075	5.201379	2.2806532
6.181175345091969	5.163958	2.2724345
6.198727693759281	5.135997	2.2662737
6.216280188004435	5.1289887	2.264727
6.233832828242885	5.0908246	2.2562857
6.251385614890126	5.114486	2.261523
6.268938548361669	5.095967	2.2574248
6.286491629073067	5.035706	2.2440379
6.304044857439898	5.0444794	2.245992
6.321598233877777	4.936291	2.2217765
6.339151758802344	4.944072	2.223527
6.356705432629277	4.955547	2.2261057
6.37425925577428	4.995152	2.2349837
6.391813228653095	4.988525	2.2335005
6.409367351681486	4.9635496	2.2279024
6.426921625275259	4.9254274	2.2193303
6.44447604985025	4.932847	2.2210014
6.46203062582232	4.945858	2.2239285
6.47958535360737	4.962656	2.227702
6.497140233621328	4.9659905	2.2284503
6.514695266280161	4.917701	2.217589
6.532250451999859	4.914246	2.21681
6.549805791196454	4.9506764	2.2250116
6.567361284286002	5.0076137	2.2377698
6.584916931684597	5.068214	2.2512693
6.602472733808367	5.119267	2.2625797
6.6200286910734665	5.04601	2.2463326
6.637584803896092	5.0558195	2.248515
6.655141072692462	4.995825	2.2351341
6.672697497878842	5.0188646	2.2402823
6.690254079871514	4.980807	2.2317722
6.707810819086808	4.9690614	2.229139
6.725367715941078	4.9411616	2.2228725
6.742924770850719	4.924919	2.2192159
6.760481984232151	4.8987384	2.2133093
6.778039356501836	4.878721	2.2087827
6.795596888076266	4.918994	2.2178805
6.813154579371963	4.9207582	2.2182782
6.830712430805492	4.927991	2.2199078
6.84827044279344	4.9156656	2.21713
6.865828615752445	4.8940744	2.2122555
6.883386950099159	4.9029884	2.2142692
6.900945446250287	4.9119105	2.216283
6.918504104622553	4.9033394	2.2143486
6.936062925632727	4.954749	2.2259266
6.953621909697607	4.989104	2.2336302
6.971181057234028	5.0515327	2.2475615
6.988740368658859	5.103371	2.2590642
7.006299844389007	5.150865	2.2695518
7.023859484841407	5.225915	2.286026
7.041419290433036	5.318693	2.306229
7.058979261580902	5.482924	2.3415644
7.0765393987020495	5.656267	2.378291
7.094099702213559	5.9655733	2.4424524
7.111660172532549	6.3351703	2.5169764
7.129220810076164	6.734439	2.5950797
7.146781615261595	7.3382654	2.7089233
7.16434258850606	7.6138277	2.7593164
7.181903730226821	8.075602	2.8417604
7.1994650408411704	8.23776	2.8701499
7.217026520766437	8.330792	2.8863113
7.234588170419983	8.505829	2.9164755
7.252149990219215	8.482702	2.912508
7.269711980581568	8.330997	2.8863468
7.2872741419245175	8.150078	2.854834
7.304836474665574	7.7711463	2.7876775
7.322398979222286	7.529222	2.7439427
7.339961656012233	7.258176	2.6941001
7.357524505453039	6.827931	2.613031
7.375087527962357	6.4809623	2.5457735
7.392650723957886	6.1987143	2.4897218
7.410214093857353	5.950694	2.4394045
7.427777638078528	5.7788944	2.403933
7.445341357039213	5.5246596	2.3504593
7.4629052511572525	5.328384	2.3083293
7.480469320850524	5.226295	2.2861092
7.498033566536948	5.2104487	2.2826407
7.5155979886344735	5.1777954	2.275477
7.5331625875610975	5.176329	2.2751548
7.550727363734844	5.175467	2.2749653
7.568292317573788	5.128574	2.2646356
7.585857449496025	5.1103067	2.2605987
7.603422759919705	5.157554	2.271025
7.620988249263007	5.1968665	2.2796638
7.638553917944147	5.209866	2.2825131
7.656119766381391	5.170355	2.2738414
7.673685794993023	5.112588	2.2611032
7.691252004197388	5.150451	2.2694604
7.70881839441285	5.16572	2.2728221
7.726384966057826	5.163667	2.2723703
7.743951719550762	5.1365957	2.2664058
7.761518655310149	5.13268	2.2655418
7.779085773754511	5.136951	2.2664843
7.796653075302419	5.157682	2.271053
7.814220560372475	5.1759367	2.2750685
7.831788229383323	5.1890025	2.2779381
7.8493560827536495	5.2376027	2.288581
7.866924120902174	5.2747903	2.2966912
7.884492344247663	5.279203	2.2976515
7.9020607532089135	5.3305345	2.308795
7.919629348204771	5.306012	2.3034782
7.937198129654115	5.311046	2.3045707
7.954767097975865	5.3028345	2.3027885
7.972336253588986	5.3023963	2.3026934
7.989905596912472	5.330403	2.3087666
8.007475128365371	5.382085	2.319932
8.025044848366756	5.402186	2.3242602
8.042614757335754	5.538573	2.3534172
8.060184855691523	5.5567527	2.3572764
8.07775514385327	5.6438413	2.375677
8.095325622240228	5.7302084	2.3937855
8.112896291271687	5.7608795	2.4001832
8.130467151366968	5.8163433	2.4117095
8.148038202945436	5.8262634	2.4137654
8.165609446426497	5.873959	2.4236252
8.183180882229594	5.9343553	2.4360533
8.200752510774217	5.9622025	2.4417622
8.218324332479893	6.0377927	2.457192
8.235896347766193	6.0354314	2.4567115
8.253468557052724	6.1185455	2.4735694
8.27104096075914	6.061998	2.4621124
8.288613559305137	6.096537	2.4691167
8.306186353110448	6.077642	2.4652874
8.32375934259485	6.1336837	2.4766276
8.341332528178162	6.1475782	2.479431
8.358905910280246	6.192375	2.4884484
8.376479489321003	6.16123	2.4821825
8.394053265720377	6.198104	2.4895992
8.411627239898356	6.2542577	2.5008514
8.42920141227497	6.255275	2.5010548
8.44677578327029	6.311548	2.5122795
8.464350353304427	6.255399	2.5010796
8.48192512279754	6.231152	2.4962275
8.499500092169827	6.1530538	2.480535
8.51707526184153	6.1034784	2.470522
8.534650632232934	6.069986	2.4637341
8.552226203764365	6.095124	2.4688303
8.569801976856192	6.1169467	2.473246
8.587377951928834	6.18141	2.4862442
8.60495412940274	6.219469	2.4938862
8.622530509698416	6.273465	2.5046887
8.6401070932364	6.392147	2.5282695
8.657683880437283	6.453557	2.5403852
8.675260871721695	6.646796	2.578138
8.692838067510303	6.737669	2.595702
8.710415468223834	6.8198385	2.6114821
8.727993074283043	6.94557	2.6354449
8.745570886108737	7.0080523	2.6472726
8.763148904121765	7.06909	2.658776
8.78072712874302	7.0934334	2.66335
8.798305560393441	7.3879614	2.7180805
8.815884199494006	7.5583606	2.7492473
8.833463046465745	7.706681	2.7760909
8.851042101729728	7.7945924	2.7918797
8.86862136570707	8.101256	2.8462706
8.886200838818924	8.289926	2.879223
8.903780521486505	8.348199	2.889325
8.921360414131055	8.380316	2.8948774
8.938940517173874	8.515335	2.9181046
8.956520831036297	8.703552	2.9501784
8.97410135613971	8.914367	2.9856937
8.99168209290554	9.012052	3.002008
9.009263041755265	9.326176	3.0538788
9.026844203110405	9.603372	3.0989308
9.044425577392525	9.870631	3.141756
9.062007165023239	9.901735	3.1467023
9.079588966424197	10.128367	3.1825097
9.097170982017108	10.239098	3.199859
9.11475321222372	11.210565	3.3482182
9.132335657465825	12.155432	3.486464
9.149918318165264	12.28656	3.505219
9.167501194743924	12.848983	3.5845478
9.18508428762374	12.528015	3.5394936
9.202667597226693	12.441338	3.527228
9.220251123974803	12.130043	3.4828212
9.237834868290143	11.917157	3.4521236
9.255418830594836	11.815468	3.4373634
9.273003011311046	11.255522	3.354925
9.290587410860985	11.0053625	3.317433
9.308172029666911	10.299039	3.2092116
9.32575686815113	10.068037	3.173017
9.343341926735997	8.839897	2.9731965
9.360927205843916	8.636905	2.9388611
9.378512705897327	8.369207	2.8929582
9.396098427318728	8.07578	2.8417916
9.413684370530664	7.9450464	2.8186958
9.431270535955722	7.8578405	2.803184
9.448856924016539	7.8519897	2.8021402
9.466443535135806	7.6785364	2.7710173
9.484030369736251	7.6405826	2.7641604
9.501617428240658	7.6230206	2.7609818
9.519204711071852	7.6934576	2.7737083
9.536792218652714	7.8113937	2.794887
9.55437995140617	7.7888637	2.7908535
9.571967909755191	7.713112	2.7772489
9.589556094122802	7.6807923	2.7714243
9.60714450493207	7.6536784	2.7665281
9.624733142606116	7.7363544	2.7814302
9.642322007568108	7.8034463	2.793465
9.659911100241267	7.862672	2.8040457
9.677500421048851	7.9232435	2.8148258
9.695089970414175	7.9589124	2.8211544
9.712679748760609	8.010214	2.8302321
9.730269756511557	8.034969	2.834602
9.747859994090492	8.05833	2.8387196
9.765450461920915	8.145852	2.854094
9.78304116042639	8.251976	2.8726254
9.800632090030527	8.261617	2.8743029
9.81822325115699	8.284083	2.8782084
9.835814644229481	8.215438	2.8662586
9.853406269671762	8.236414	2.8699152
9.870998127907646	8.263977	2.8747134
9.888590219360985	8.256701	2.8734477
9.906182544455698	8.271138	2.8759587
9.923775103615734	8.224678	2.8678699
9.941367897265108	8.190509	2.8619065
9.958960925827878	8.143778	2.8537304
9.97655418972816	8.101073	2.8462384
9.994147689390106	8.177797	2.859685
10.011741425237934	8.156245	2.855914
10.029335397695904	8.219575	2.86698
10.04692960718833	8.217826	2.8666751
10.06452405413958	8.206174	2.864642
10.082118738974064	8.243294	2.8711138
10.099713662116246	8.248311	2.8719873
10.117308823990651	8.291981	2.87958
10.134904225021844	8.219032	2.8668854
10.152499865634445	8.163837	2.857243
10.170095746253125	8.1083	2.8475077
10.18769186730261	8.045905	2.8365304
10.205288229207675	8.028603	2.833479
10.222884832393145	8.090321	2.844349
10.2404816772839	8.157512	2.8561358
10.258078764304868	8.191996	2.8621662
10.275676093881035	8.133616	2.8519497
10.293273666437438	8.074014	2.841481
10.310871482399158	8.093848	2.844969
10.32846954219134	8.193871	2.8624938
10.346067846239173	8.125597	2.8505433
10.363666394967908	8.168827	2.858116
10.38126518880283	8.118629	2.849321
10.398864228169298	8.18133	2.8603024
10.416463513492713	8.15684	2.8560183
10.434063045198531	8.1183815	2.8492773
10.451662823712262	8.115891	2.8488405
10.469262849459467	8.143478	2.853678
10.486863122865758	8.051936	2.8375933
10.504463644356806	7.9768763	2.8243365
10.522064414358338	7.9336195	2.8166683
10.539665433296118	7.929768	2.8159845
10.557266701595987	7.8380513	2.799652
10.574868219683818	7.7562823	2.7850103
10.592469987985552	7.6667194	2.7688842
10.610072006927185	7.5115485	2.7407205
10.627674276934751	7.3765016	2.7159715
10.64527679843435	7.263966	2.6951747
10.662879571852143	7.170823	2.6778393
10.680482597614331	7.135675	2.6712685
10.698085876147173	7.0034833	2.6464095
10.715689407876988	6.845459	2.6163828
10.733293193230146	6.703401	2.5890927
10.750897232633072	6.5967784	2.5684195
10.76850152651225	6.504343	2.5503614
10.786106075294207	6.4903283	2.5476122
10.803710879405534	6.452652	2.5402071
10.821315939272877	6.463078	2.5422585
10.83892125532294	6.3772902	2.5253298
10.856526827982472	6.260225	2.5020442
10.874132657678285	6.1785035	2.4856596
10.891738744837243	6.0916796	2.4681327
10.909345089886271	6.0413437	2.4579146
10.926951693252343	6.010593	2.451651
10.944558555362494	5.9502797	2.4393196
10.96216567664381	5.9082046	2.4306798
10.979773057523436	5.8459377	2.4178374
10.997380698428573	5.810927	2.4105864
11.014988599786477	5.7323804	2.394239
11.032596762024461	5.6565323	2.3783464
11.050205185569892	5.5643744	2.3588927
11.067813870850198	5.4329786	2.3308752
11.085422818292859	5.3854895	2.3206658
11.10303202832541	5.401484	2.3241093
11.120641501375454	5.352087	2.3134577
11.138251237870636	5.3232813	2.3072238
11.155861238238671	5.2665787	2.2949028
11.173471502907317	5.180714	2.2761183
11.191082032304402	5.127416	2.2643797
11.208692826857805	5.0091515	2.2381134
11.226303886995465	4.9630013	2.2277794
11.243915213145371	4.967426	2.2287722
11.261526805735578	4.9513607	2.2251654
11.279138665194196	4.886557	2.2105558
11.296750791949393	4.8051887	2.192074
11.314363186429393	4.703119	2.1686676
11.331975849062479	4.658977	2.1584663
11.34958878027699	4.6030474	2.1454713
11.36720198050133	4.544082	2.1316853
11.384815450163948	4.497153	2.120649
11.402429189693366	4.499378	2.1211739
11.420043199518153	4.4909353	2.1191826
11.437657480066942	63.44569	7.96528
11.455272031768422	85.200775	9.230427
11.472886855051353	107.616974	10.37386
11.490501950344528	99.26737	9.963302
11.508117318076819	84.57833	9.196648
11.52573295867715	45.890842	6.774278
11.543348872574514	4.1383777	2.0343003
11.560965060197946	4.073722	2.0183463
11.57858152197655	4.0407248	2.0101554
11.59619825833949	4.0303617	2.007576
11.613815269715985	3.958118	1.989502
11.631432556535323	38.485134	6.2036386
11.649050119226837	83.02979	9.112068
11.666667958219929	93.47349	9.668169
11.68428607394406	107.72962	10.379288
11.701904466828756	82.54548	9.085454
11.719523137303586	65.37016	8.085181
11.737142085798196	4.583224	2.1408465
11.754761312742286	3.6794534	1.9181901
11.772380818565619	3.6722672	1.916316
11.790000603698015	3.7053223	1.9249214
11.80762066856935	3.6566184	1.9122286
11.825241013609572	3.607154	1.8992509
11.842861639248683	3.515785	1.8750427
11.860482545916748	3.4621909	1.8606963
11.878103734043883	3.4660945	1.861745
11.895725204060282	3.4576325	1.8594711
11.91334695639619	3.4261231	1.850979
11.930968991481919	3.3592975	1.8328387
11.948591309747824	3.3226724	1.82282
11.966213911624347	3.2935715	1.8148199
11.98383679754198	3.3042655	1.8177639
12.001459967931268	3.2544634	1.8040131
12.019083423222835	3.248901	1.8024708
12.036707163847352	3.1844091	1.7844913
12.05433119023556	3.1879706	1.785489
12.071955502818259	3.171615	1.7809029
12.089580102026313	3.1585255	1.7772241
12.107204988290643	3.1635182	1.7786282
12.12483016204224	3.1480412	1.7742721
12.142455623712152	3.1020021	1.7612501
12.16008137373149	3.0785363	1.7545758
12.177707412531431	3.0723538	1.7528131
12.19533374054321	3.080536	1.7551455
12.212960358198126	3.0251925	1.739308
12.230587265927545	2.9972703	1.7312627
12.248214464162889	2.9876068	1.7284695
12.265841953335649	2.9934402	1.7301561
12.283469733877375	2.9537423	1.7186455
12.301097806219685	2.9334638	1.7127358
12.31872617079425	2.9252017	1.7103221
12.336354828032825	2.8909671	1.7002845
12.353983778367205	2.8995538	1.7028077
12.371613022229262	2.9204397	1.7089294
12.389242560050928	2.923589	1.7098505
12.406872392264201	2.8806045	1.6972344
12.424502519301143	2.8402429	1.685302
12.442132941593874	2.820014	1.6792897
12.459763659574586	2.7961733	1.6721762
12.477394673675532	2.809385	1.6761221
12.49502598432903	2.8144026	1.6776181
12.51265759196746	2.8306038	1.6824398
12.530289497023267	2.7904956	1.6704776
12.547921699928967	2.7509837	1.6586089
12.565554201117134	2.7437234	1.6564188
12.583187001020404	2.7519681	1.6589057
12.600820100071486	2.770946	1.6646159
12.618453498703152	2.7841537	1.6685784
12.636087197348235	2.7862873	1.6692176
12.65372119643964	2.757581	1.6605966
12.671355496410326	2.7560267	1.6601285
12.68899009769333	2.7788014	1.6669737
12.706625000721749	2.8209174	1.6795586
12.724260205928752	2.8729122	1.6949667
12.741895713747551	2.9014025	1.7033504
12.759531524611454	2.9536653	1.718623
12.777167638953818	2.9815524	1.7267172
12.794804057208072	3.0422935	1.7442172
12.812440779807702	3.132102	1.7697746
12.830077807186271	3.2856872	1.8126465
12.847715139777405	3.275749	1.809903
12.865352778014795	3.397625	1.8432647
12.882990722332197	3.4606037	1.8602698
12.90062897316344	3.5544105	1.8853145
12.918267530942412	3.6477427	1.9099065
12.935906396103071	3.5697765	1.8893852
12.953545569079449	3.7357247	1.9328023
12.971185050305628	3.584108	1.893174
12.988824840215775	3.6216235	1.9030564
13.006464939244115	3.6239698	1.9036727
13.024105347824943	3.5101228	1.8735322
13.041746066392617	3.5710843	1.8897313
13.05938709538157	3.3810108	1.8387525
13.077028435226296	3.3516028	1.8307383
13.094670086361363	3.2500434	1.8027877
13.112312049221401	3.191446	1.7864618
13.129954324241112	3.1323578	1.7698468
13.147596911855258	2.9524295	1.7182635
13.165239812498685	2.882906	1.6979122
13.182883026606293	2.7590532	1.6610398
13.200526554613058	2.673625	1.6351223
13.218170396954017	2.6404512	1.6249465
13.235814554064284	2.6545959	1.6292931
13.253459026379034	2.7011824	1.6435274
13.271103814333523	2.715323	1.6478237
13.288748918363058	2.6742754	1.6353211
13.306394338903031	2.6642573	1.6322553
13.32404007638889	2.6294208	1.6215489
13.341686131256164	2.666197	1.6328493
13.359332503940449	2.6145315	1.6169513
13.376979194877402	2.5689495	1.6027943
13.394626204502751	2.6013927	1.6128833
13.412273533252307	2.646256	1.6267316
13.429921181561937	2.7180548	1.6486524
13.447569149867581	2.7497756	1.6582447
13.465217438605247	2.7378528	1.6546458
13.482866048211022	2.7424533	1.6560354
13.500514979121052	2.7130291	1.6471275
13.518164231771568	2.6839817	1.6382862
13.535813806598844	2.6500714	1.6279039
13.553463704039254	2.635628	1.6234617
13.571113924529229	2.6344953	1.6231128
13.588764468505275	2.6513348	1.628292
13.606415336403956	2.6985226	1.6427181
13.624066528661917	2.690694	1.6403335
13.641718045715882	2.7619278	1.6619049
13.659369888002635	2.8319705	1.682846
13.67702205595903	2.9192896	1.7085929
13.694674550021993	2.9756715	1.7250135
13.712327370628532	2.9715717	1.7238247
13.729980518215713	3.04511	1.7450243
13.747633993220681	3.0722969	1.7527969
13.765287796080647	3.1359572	1.7708634
13.7829419272329	3.1647408	1.7789718
13.800596387114801	3.2070987	1.7908374
13.818251176163775	3.2161403	1.79336
13.835906294817324	3.2924156	1.8145015
13.853561743513023	3.3108675	1.819579
13.871217522688525	3.3970761	1.8431159
13.888873632781538	3.4148462	1.8479302
13.906530074229858	3.498171	1.8703399
13.92418684747135	3.5462656	1.8831531
13.941843952943948	3.5452569	1.8828852
13.959501391085665	3.469928	1.8627743
13.977159162334578	3.3995218	1.8437792
13.994817267128846	3.3185966	1.8217015
14.012475705906693	3.2213404	1.7948093
14.030134479106424	3.1557307	1.7764376
14.047793587166414	3.0794122	1.7548254
14.065453030525108	3.0140347	1.7360976
14.083112809621026	2.921077	1.7091159
14.100772924892766	2.8831062	1.6979712
14.118433376778997	2.850482	1.6883371
14.136094165718458	2.8115494	1.6767676
14.153755292149969	2.7283561	1.6517736
14.171416756512416	2.674352	1.6353446
14.189078559244768	2.6304407	1.6218634
14.20674070078606	2.5903516	1.6094569
14.224403181575408	2.5369036	1.592766
14.242066002051999	2.5128834	1.5852077
14.259729162655093	2.4956503	1.5797627
14.277392663824022	2.5106177	1.5844929
14.295056505998208	2.471895	1.5722262
14.312720689617128	2.4235191	1.5567656
14.330385215120348	2.425705	1.5574675
14.348050082947497	2.4338737	1.5600877
14.3657152935383	2.3906276	1.5461655
14.383380847332528	2.367482	1.5386624
14.401046744770051	2.3376842	1.5289487
14.418712986290798	2.355162	1.5346537
14.436379572334793	2.3687289	1.5390675
14.454046503342123	2.3944125	1.5473889
14.471713779752946	2.3707063	1.5397098
14.489381402007504	2.3450906	1.5313689
14.507049370546113	2.3362331	1.5284741
14.524717685809168	2.353065	1.5339704
14.542386348237134	2.3260202	1.5251296
14.560055358270553	2.358324	1.5356836
14.577724716350051	2.4048336	1.5507525
14.595394422916325	2.4311779	1.5592235
14.61306447841015	2.4661615	1.5704017
14.63073488327237	2.5140798	1.585585
14.648405637943917	2.564177	1.6013048
14.6660767428658	2.5432608	1.5947604
14.683748198479094	2.5406141	1.5939304
14.701420005224954	2.5332658	1.5916237
14.719092163544628	2.5848799	1.6077561
14.73676467387942	2.6507716	1.628119
14.754437536670727	2.710826	1.6464586
14.772110752360014	2.7008505	1.6434264
14.78978432138882	2.6745794	1.6354141
14.807458244198777	2.638152	1.6242388
14.82513252123159	2.6442811	1.6261246
14.842807152929028	2.6174088	1.6178408
14.860482139732962	2.6384716	1.6243373
14.87815748208531	2.6619775	1.6315567
14.8958331804281	2.6477468	1.6271899
14.91350923520342	2.6135864	1.616659
14.931185646853438	2.625377	1.6203015
14.948862415820408	2.6260118	1.6204975
14.966539542546656	2.625039	1.6201973
14.98421702747459	2.5940504	1.6106056
15.001894871046696	2.6052685	1.6140844
15.019573073705542	2.6066055	1.6144985
15.037251635893766	2.6248183	1.6201291
15.054930558054092	2.6654127	1.6326091
15.072609840629323	2.760065	1.6613444
15.090289484062351	2.8856633	1.698724
15.107969488796124	3.1531775	1.7757189
15.125649855273691	3.5145485	1.874713
15.14333058393817	3.9935164	1.9983784
15.161011675232768	5.0281334	2.2423499
15.17869312960076	6.4570956	2.5410817
15.196374947485506	8.305201	2.8818746
15.214057129330447	11.28102	3.358723
15.231739675579114	15.962867	3.9953556
15.249422586675102	20.931818	4.5751305
15.267105863062092	23.979982	4.896936
15.284789505183847	24.256681	4.9251075
15.302473513484218	22.133297	4.7046037
15.320157888407127	18.616684	4.3147054
15.337842630396578	14.475553	3.804675
15.355527739896656	11.303227	3.3620272
15.37321321735153	8.766872	2.9608905
15.39089906320545	6.3905706	2.527958
15.408585277902748	4.8036866	2.1917315
15.42627186188783	3.7336586	1.9322677
15.443958815605198	3.1628256	1.7784334
15.461646139499424	2.8404639	1.6853676
15.479333834015168	2.7258918	1.6510276
15.497021899597165	2.656623	1.629915
15.514710336690234	2.6014705	1.6129074
15.53239914573928	2.5423486	1.5944744
15.550088327189297	2.5158906	1.5861559
15.567777881485336	2.5127134	1.585154
15.58546780907256	2.5104635	1.5844442
15.6031581103962	2.509441	1.5841215
15.620848785901568	2.488606	1.5775316
15.638539836034063	2.437303	1.5611864
15.656231261239173	2.389622	1.5458403
15.673923061962451	2.3745265	1.5409498
15.691615238649552	2.3905473	1.5461395
15.709307791746202	2.3711073	1.53984
15.727000721698221	2.3714232	1.5399426
15.744694028951498	2.391436	1.5464269
15.76238771395202	2.4231532	1.556648
15.780081777145844	2.4182575	1.5550747
15.797776218979125	2.3856106	1.5445422
15.815471039898094	2.3808868	1.5430123
15.833166240349064	2.3896148	1.5458379
15.850861820778437	2.371403	1.5399361
15.868557781632699	2.3754084	1.541236
15.886254123358412	2.3688796	1.5391165
15.903950846402232	2.3872285	1.5450659
15.921647951210897	2.379997	1.5427239
15.939345438231225	2.3726883	1.5403533
15.957043307910133	2.3737378	1.5406939
15.974741560694602	2.3920496	1.5466253
15.992440197031714	2.4115279	1.5529095
16.01013921736862	2.398965	1.5488592
16.02783862215259	2.393833	1.5472016
16.045538411830933	2.4085696	1.5519567
16.06323858685107	2.4236164	1.5567968
16.080939147660512	2.4068758	1.5514109
16.09864009470684	2.3825483	1.5435506
16.11634142843774	2.3840146	1.5440254
16.134043149300954	2.399323	1.5489749
16.15174525774433	2.3874002	1.5451214
16.169447754215817	2.3842535	1.5441028
16.18715063916342	2.405526	1.5509758
16.204853913035244	2.4321234	1.5595267
16.222557576279478	2.4681368	1.5710305
16.240261629344403	22.452766	4.738435
16.257966072678386	42.98078	6.555973
16.275670906729868	38.060238	6.169298
16.293376131947387	2.4889534	1.5776417
16.31108174877957	2.4867842	1.5769541
16.328787757675133	2.5138865	1.5855241
16.34649415908287	2.519303	1.5872313
16.364200953451657	2.5817118	1.6067706
16.38190814123048	2.620437	1.6187763
16.39961572286839	2.6371605	1.6239337
16.41732369881455	2.656427	1.6298549
16.43503206951817	2.7013059	1.6435649
16.45274083542859	2.7541237	1.6595553
16.47044999699522	2.7720518	1.664948
16.488159554667558	2.7666252	1.6633176
16.505869508895184	2.7756703	1.6660343
16.523579860127786	2.7952619	1.6719036
16.541290608815117	2.850628	1.6883802
16.559001755407035	2.9608107	1.7207006
16.57671330035348	3.004119	1.7332394
16.59442524410448	3.0594418	1.749126
16.61213758711015	3.157486	1.7769316
16.629850329820705	3.2899945	1.8138342
16.647563472686436	3.3729196	1.836551
16.665277016157724	3.4065025	1.8456713
16.682990960685053	3.4004943	1.8440429
16.70070530671898	3.392117	1.84177
16.718420054710155	3.3960135	1.8428276
16.736135205109335	3.39653	1.8429677
16.753850758367335	3.4516582	1.8578639
16.771566714935087	3.5171773	1.8754139
16.789283075263597	3.619402	1.9024726
16.80699983980398	3.6937969	1.9219253
16.82471700900741	3.7823954	1.9448382
16.84243458332518	3.8302991	1.957115
16.860152563208665	3.907859	1.9768306
16.87787094910932	3.9689095	1.9922122
16.89558974147871	4.0572863	2.0142705
16.913308940768466	4.147601	2.036566
16.931028547430333	4.2260075	2.0557256
16.94874856191613	4.2794433	2.0686815
16.966468984677785	4.3419247	2.0837286
16.98418981616729	4.3757524	2.09183
17.00191105683676	4.40424	2.098628
17.019632707138374	4.431416	2.1050928
17.03735476752442	4.463884	2.1127906
17.05507723844728	4.511205	2.1239598
17.072800120359403	4.543318	2.131506
17.090523413713353	4.5678754	2.1372588
17.108247118961785	4.5813684	2.140413
17.125971236557437	4.567625	2.1372004
17.143695766953133	4.628473	2.1513886
17.161420710601806	4.6448483	2.155191
17.179146067956477	4.6576552	2.1581602
17.19687183947025	4.617925	2.1489358
17.21459802559634	4.608578	2.14676
17.232324626788028	4.576841	2.1393552
17.25005164349871	4.569908	2.1377344
17.267779076181863	4.570794	2.1379416
17.285506925291074	4.5567603	2.134657
17.30323519127999	4.537011	2.130026
17.320963874602384	4.5448604	2.131868
17.33869297571211	4.5397043	2.1306581
17.356422495063114	4.5318527	2.128815
17.37415243310944	4.5013537	2.1216395
17.391882790305218	4.480112	2.1166275
17.40961356710468	4.517022	2.1253288
17.42734476396215	4.501486	2.1216705
17.445076381332044	4.4395995	2.1070356
17.462808419668868	4.476376	2.1157448
17.48054087942723	4.672211	2.1615298
17.498273761061835	5.008493	2.2379663
17.51600706502747	5.4517193	2.3348918
17.533740791779024	6.103129	2.470451
17.551474941771485	7.4985733	2.7383523
17.56920951545993	8.6168785	2.935452
17.586944513299528	10.800458	3.286405
17.60467993574556	12.522229	3.5386763
17.622415783253373	14.181245	3.7657993
17.64015205627843	15.650492	3.9560702
17.657888755276293	16.70869	4.0876265
17.675625880702604	17.172499	4.1439714
17.69336343301311	16.93939	4.115749
17.71110141266366	16.069876	4.008725
17.728839820110178	15.094938	3.8852205
17.746578655808705	14.153822	3.7621565
17.764317920215372	12.777016	3.574495
17.7820576137864	11.419541	3.3792813
17.79979773697811	9.467504	3.0769308
17.81753829024692	7.654412	2.7666607
17.835279274049356	5.9566207	2.440619
17.85302068884201	4.9689093	2.229105
17.870762535081607	4.3070083	2.0753334
17.888504813224934	3.952119	1.9879937
17.90624752372891	3.702547	1.9242004
17.923990667050536	3.6123867	1.900628
17.941734243646895	3.5251045	1.8775262
17.959478253975185	3.5064344	1.8725476
17.9772226984927	3.453868	1.8584585
17.994967577656833	3.445056	1.8560863
18.01271289192506	3.386992	1.8403782
18.030458641754965	3.3552287	1.8317283
18.04820482760425	3.3162634	1.821061
18.06595144993067	3.2864819	1.8128656
18.083698509192125	3.2415907	1.8004419
18.101446005846576	3.2228947	1.7952422
18.119193940352105	3.209308	1.7914541
18.136942313166887	3.2117229	1.792128
18.1546911247492	3.1776583	1.7825987
18.1724403755574	3.1605186	1.7777847
18.19019006604997	3.1046865	1.762012
18.207940196685467	3.0570679	1.7484473
18.225690767922575	3.0140173	1.7360926
18.243441780220046	2.985266	1.7277923
18.261193234036764	3.0150032	1.7363764
18.278945129831676	3.0489454	1.746123
18.29669746806386	3.01215	1.7355547
18.314450249192483	2.9880748	1.7286049
18.3322034736768	3.0086422	1.7345438
18.349957141976184	3.0926287	1.7585871
18.3677112545501	3.0756333	1.7537483
18.385465811858108	3.0673234	1.7513776
18.403220814359884	3.0145397	1.736243
18.420976262515172	3.0418034	1.7440766
18.43873215678387	3.0647738	1.7506496
18.456488497625923	3.083542	1.7560017
18.474245285501407	3.1842616	1.7844499
18.492002520870486	3.2718241	1.8088185
18.50976020419343	3.3715212	1.8361703
18.527518335930615	3.666126	1.914713
18.545276916542516	4.2057586	2.0507946
18.563035946489688	4.3679056	2.0899534
18.580795426232832	4.7679043	2.1835532
18.598555356232698	4.6757455	2.1623473
18.616315736950185	5.030021	2.242771
18.63407656884626	4.72294	2.1732326
18.65183785238201	4.9012294	2.213872
18.669599588018617	4.625426	2.1506803
18.68736177621737	4.6486754	2.1560788
18.705124417439652	4.6000266	2.1447673
18.72288751214696	4.374422	2.091512
18.740651060800886	4.4120913	2.100498
18.758415063863115	4.1550293	2.038389
18.77617952179546	4.3592486	2.0878813
18.793944435059814	4.1587095	2.0392914
18.811709804118184	4.174298	2.04311
18.829475629432675	4.169268	2.0418785
18.8472419114655	3.949786	1.9874068
18.86500865067897	3.9755793	1.9938855
18.88277584753551	3.7107944	1.9263422
18.90054350249763	3.7532446	1.9373293
18.918311616027957	3.425908	1.8509209
18.936080188589226	3.2736742	1.8093297
18.953849220644265	2.9895594	1.7290342
18.971618712656007	2.8412576	1.685603
18.9893886650875	2.798702	1.6729321
19.007159078401887	7.9909363	2.8268244
19.024929953062408	32.85871	5.7322516
19.042701289532435	32.810802	5.728071
19.060473088275405	25.368366	5.036702
19.07824534975489	2.6674924	1.633246
19.096018074434568	2.6300774	1.6217513
19.113791262778197	2.5900786	1.6093721
19.13156491524966	2.5494673	1.5967052
19.149339032312945	2.569075	1.6028335
19.167113614432136	2.56365	1.6011401
19.184888662071433	2.5413013	1.5941459
19.202664175695123	2.5240595	1.5887289
19.220440155767623	2.5070844	1.5833775
19.238216602753447	2.5101569	1.5843475
19.2559935171172	2.5004625	1.5812851
19.27377089932361	2.5033963	1.5822124
19.291548749837514	2.500255	1.5812196
19.309327069123835	2.4828362	1.5757018
19.32710585764763	2.4664361	1.5704892
19.344885115874032	2.4621036	1.5691092
19.362664844268313	2.4642177	1.5697827
19.380445043295822	2.4855077	1.5765493
19.39822571342203	2.4682615	1.5710702
19.41600685511252	2.4642317	1.5697871
19.43378846883297	2.4589493	1.5681038
19.451570555049173	2.4446537	1.5635389
19.469353114227037	2.4310236	1.5591741
19.48713614683254	2.4234266	1.5567359
19.50491965333182	2.4497554	1.5651695
19.52270363419109	2.4441297	1.5633713
19.540488089876686	2.4399142	1.5620224
19.55827302085503	2.447908	1.5645791
19.576058427592674	2.4554758	1.5669957
19.593844310556282	2.4784513	1.5743098
19.611630670212598	2.5087705	1.5839099
19.629417507028506	2.5346878	1.5920702
19.64720482147098	2.4893875	1.5777793
19.6649926140071	2.4976678	1.5804012
19.682780885104084	2.4664853	1.5705048
19.70056963522921	2.4370575	1.5611078
19.718358864849908	2.4554846	1.5669986
19.7361485744337	2.4798143	1.5747426
19.753938764448215	2.551611	1.5973762
19.771729435361202	2.5420005	1.5943652
19.789520587640506	2.546192	1.5956792
19.807312221754092	2.525901	1.5893084
19.825104338170043	2.5218222	1.5880246
19.842896937356517	2.526072	1.5893621
19.860690019781824	2.5227034	1.588302
19.87848358591436	2.5101006	1.5843297
19.896277636222635	2.496835	1.5801376
19.914072171175278	2.5017097	1.5816793
19.931867191241015	2.5055983	1.5829082
19.94966269688869	2.5140736	1.5855831
19.967458688587264	2.4884465	1.577481
19.985255166805807	2.4491982	1.5649915
20.00305213201348	2.4207528	1.5558769
20.020849584679578	2.4383717	1.5615287
20.038647525273507	2.474041	1.5729084
20.05644595426477	2.50156	1.581632
20.07424487212299	2.4898508	1.577926
20.092044279317903	2.4824708	1.5755858
20.109844176319353	2.457464	1.56763
20.127644563597304	2.4478827	1.564571
20.145445441621817	2.4202783	1.5557244
20.16324681086307	2.3855414	1.5445198
20.181048671791373	2.41643	1.5544871
20.198851024877122	2.4088852	1.5520583
20.216653870590836	2.3950887	1.5476074
20.234457209403146	2.3769066	1.5417219
20.252261041784802	2.4118938	1.5530273
20.270065368206662	2.3953395	1.5476885
20.287870189139685	2.349004	1.5326461
20.305675505054968	2.355866	1.534883
20.323481316423702	2.3621082	1.5369152
20.341287623717207	2.3645685	1.5377153
20.359094427406884	2.328648	1.5259908
20.376901727964288	2.3312287	1.5268362
20.39470952586107	2.375153	1.5411532
20.41251782156899	2.3824275	1.5435114
20.430326615559935	2.3699048	1.5394495
20.448135908305886	2.333049	1.5274322
20.465945700278965	2.3104978	1.5200322
20.483755991951384	2.293436	1.5144094
20.50156678379548	2.2839882	1.511287
20.519378076283708	2.3146	1.5213809
20.537189869888635	2.3310525	1.5267785
20.55500216508294	2.3364449	1.5285434
20.572814962339415	2.332426	1.5272282
20.59062826213098	2.3314033	1.5268934
20.60844206493066	2.3116057	1.5203966
20.626256371211593	2.3351521	1.5281205
20.644071181447032	2.3533406	1.5340601
20.66188649611036	2.3794136	1.5425348
20.67970231567506	2.363859	1.5374846
20.697518640614742	2.3167093	1.522074
20.715335471403122	2.303915	1.5178653
20.73315280851404	2.328068	1.5258008
20.750970652421447	2.326119	1.525162
20.768789003599412	2.322885	1.5241014
20.786607862522136	2.3235822	1.52433
20.8044272296639	2.322386	1.5239377
20.82224710549913	2.335501	1.5282346
20.84006749050237	2.3226464	1.524023
20.857888385148268	3.8561728	1.963714
20.8757097899116	45.913696	6.7759647
20.893531705267254	64.75038	8.046762
20.911354131690224	83.77171	9.152689
20.92917706965566	69.05267	8.309793
20.94700051963877	50.095135	7.0777917
20.96482448211493	29.372383	5.4196296
20.982648957559622	4.1438413	2.0356426
21.00047394644843	2.2572584	1.5024176
21.01829944925707	2.2418761	1.4972895
21.036125466461375	2.2295716	1.493175
21.053951998537297	2.2627487	1.5042436
21.071779045960906	2.278898	1.509602
21.089606609208378	2.2893338	1.5130545
21.10743468875603	2.2567763	1.5022571
21.12526328508028	2.2267473	1.492229
21.143092398657675	2.1919694	1.4805301
21.16092202996488	2.1845374	1.478018
21.17875217947867	2.1975026	1.4823976
21.19658284767596	2.2054167	1.4850645
21.21441403503377	2.216424	1.488766
21.232245742029225	2.1877978	1.4791206
21.2500779691396	2.1601772	1.4697541
21.26791071684227	2.160604	1.4698993
21.28574398561475	2.1377876	1.4621176
21.30357777593465	2.1204543	1.456178
21.321412088279704	2.115575	1.4545016
21.339246923127792	2.1440802	1.4642678
21.357082280956888	2.1611674	1.470091
21.3749181622451	2.1449213	1.464555
21.392754567470647	2.1449409	1.4645617
21.41059149711187	2.1495101	1.4661208
21.42842895164726	2.127597	1.4586285
21.446266931555378	2.0913813	1.4461609
21.464105437314945	2.0911646	1.4460859
21.481944469404798	2.1130614	1.4536374
21.49978402830388	2.1306748	1.4596832
21.51762411449127	2.1012444	1.449567
21.53546472844617	2.0904071	1.445824
21.553305870647876	2.072046	1.4394603
21.571147541575865	2.06323	1.4363948
21.58898974170967	2.0779383	1.4415056
21.60683247152899	2.0734541	1.4399494
21.62467573151363	2.0827236	1.4431645
21.642519522143523	2.049743	1.4316924
21.660363843898722	2.035554	1.4267284
21.6782086972594	2.0369043	1.4272016
21.696054082705864	2.0470786	1.4307616
21.713900000718535	2.060141	1.4353192
21.73174645177795	2.0588763	1.4348785
21.749593436364794	2.0337384	1.426092
21.767440954959845	2.0290265	1.4244391
21.785289008044032	1.9992237	1.4139391
21.803137596098388	1.9571254	1.398973
21.820986719604086	1.9295189	1.3890712
21.838836379042412	1.9335257	1.3905127
21.85668657489478	1.9713342	1.4040421
21.87453730764273	2.0120218	1.4184575
21.892388577767914	2.0093274	1.4175074
21.91024038575213	1.9813347	1.4075989
21.928092732077285	1.959652	1.3998756
21.945945617225426	1.982225	1.4079151
21.963799041678694	1.9787325	1.4066743
21.981653005919398	31.292402	5.5939612
21.999507510429943	78.06761	8.8355875
22.01736255569286	73.00475	8.544282
22.035218142190818	4.0926714	2.0230353
22.05307427040661	1.9417	1.393449
22.07093094082315	1.9719398	1.4042578
22.088788153923474	1.9554441	1.3983719
22.106645910190746	1.9667404	1.4024053
22.12450421010827	1.9826152	1.4080538
22.142363054159464	2.033054	1.4258521
22.16022244282787	2.0266035	1.4235883
22.178082376597164	2.0119398	1.4184287
22.195942855951145	2.002817	1.4152092
22.213803881373742	1.9739331	1.4049673
22.231665453349002	1.9287997	1.3888123
22.24952757236111	1.9112796	1.3824904
22.26739023889438	1.949534	1.3962572
22.28525345343323	2.004079	1.415655
22.30311721646225	2.0011399	1.4146165
22.320981528466113	1.9423332	1.3936762
22.33884638992964	1.9183489	1.3850447
22.356711801337788	1.9119687	1.3827395
22.37457776317561	1.9118513	1.3826971
22.392444275928337	1.8958948	1.376915
22.410311340081282	1.9298042	1.389174
22.428178956119904	1.9713552	1.4040495
22.446047124529805	1.9983002	1.4136125
22.46391584579669	1.98543	1.4090528
22.481785120406414	1.977068	1.4060825
22.49965494884496	1.9664679	1.402308
22.51752533159841	1.9333049	1.3904333
22.53539626915302	1.9224666	1.3865304
22.553267761995137	1.929736	1.3891494
22.571139810611264	1.9510915	1.3968148
22.589012415488025	1.9774001	1.4062005
22.60688557711216	1.9723222	1.4043939
22.624759295970566	1.9841167	1.4085867
22.642633572550263	1.965102	1.4018209
22.660508407338362	1.9598111	1.3999325
22.67838380082217	1.9251806	1.3875087
22.696259753489077	1.9077849	1.3812258
22.714136265826614	1.9232893	1.3868271
22.73201333832246	1.9250801	1.3874725
22.74989097146439	1.9388855	1.3924387
22.76776916574035	1.9434102	1.3940625
22.785647921638393	1.9093378	1.3817879
22.803527239646712	1.8811638	1.3715552
22.82140712025363	1.8865422	1.3735145
22.839287563947593	1.9050313	1.3802288
22.85716857121719	1.8818508	1.3718057
22.875050142551135	1.8621929	1.3646219
22.892932278438277	1.8949167	1.3765597
22.910814979367604	1.8972919	1.3774222
22.928698245828222	1.8943603	1.3763577
22.946582078309387	1.8969258	1.3772893
22.96446647730047	1.9044552	1.38002
22.98235144329098	1.90984	1.3819696
23.000236976770562	1.9010233	1.378776
23.018123078229	1.9039131	1.3798236
23.03600974815619	1.921534	1.386194
23.053896987042194	1.9113681	1.3825223
23.071784795377173	1.9229248	1.3866956
23.08967317365145	1.892167	1.3755606
23.10756212235546	1.8850745	1.3729801
23.125451641979787	1.8796006	1.3709853
23.143341733015134	1.8936365	1.3760947
23.161232395952357	1.9185467	1.3851161
23.179123631282426	1.9686681	1.4030924
23.197015439496468	1.9300386	1.3892583
23.214907821085717	1.8738421	1.3688835
23.23280077654157	1.8659221	1.3659875
23.250694306355538	1.9103352	1.3821487
23.268588411019277	1.9154868	1.3840111
23.28648309102458	1.9387616	1.3923942
23.304378346863356	1.9285914	1.3887373
23.322274179027676	1.9045947	1.3800706
23.340170588009723	1.872037	1.368224
23.358067574301852	1.9176718	1.3848003
23.37596513839651	1.9173509	1.3846844
23.39386328078629	1.939665	1.3927186
23.411762001963947	1.9056841	1.3804651
23.429661302422353	1.9063969	1.3807234
23.4475611826545	1.925747	1.3877128
23.46546164315356	1.9604255	1.400152
23.48336268441279	1.9718906	1.4042403
23.501264306925638	1.9140141	1.383479
23.51916651118564	1.8803686	1.3712653
23.537069297686497	1.8826181	1.3720853
23.554972666922037	1.8935919	1.3760785
23.57287661938623	1.8822604	1.3719549
23.59078115557318	1.8656558	1.3658901
23.608686275977128	1.8776617	1.370278
23.62659198109246	1.8442739	1.3580405
23.6444982714137	1.8375407	1.3555592
23.66240514743549	1.8183061	1.3484458
23.68031260965263	1.8596467	1.3636886
23.698220658560068	1.9025958	1.3793461
23.716129294652845	1.960291	1.4001039
23.7340385184262	1.9021856	1.3791975
23.75194833037546	1.8109345	1.3457097
23.769858730996123	1.799379	1.3414093
23.78776972078382	1.8581662	1.3631457
23.80568130023431	1.9059095	1.3805468
23.823593469843495	1.9030745	1.3795197
23.841506230107424	1.905882	1.3805368
23.859419581522275	1.8650794	1.3656791
23.87733352458438	1.8683006	1.3668579
23.89524805979019	1.8433971	1.3577176
23.913163187636318	1.8294942	1.3525879
23.931078908619508	1.832717	1.3537787
23.948995223236633	1.8902949	1.37488
23.966912131984735	1.9565917	1.3987823
23.98482963536096	1.9904357	1.410828
24.002747733862616	2.0014515	1.4147266
24.020666427987155	2.0102892	1.4178467
24.038585718232156	2.0170426	1.4202262
24.056505605095353	2.051548	1.4323226
24.074426089074617	2.1133437	1.4537344
24.092347170667946	2.1458232	1.4648628
24.110268850373515	2.1017666	1.4497471
24.128191128689586	2.084318	1.4437166
24.146114006114626	2.0549378	1.4335054
24.164037483147187	2.011357	1.4182233
24.181961560286005	1.977609	1.4062749
24.199886238029926	2.009972	1.4177349
24.21781151687797	2.060752	1.435532
24.235737397329274	2.0659626	1.4373456
24.253663879883135	2.0420737	1.4290115
24.271590965038975	2.0393882	1.4280715
24.289518653296376	2.026858	1.4236777
24.30744694515505	2.0325036	1.4256591
24.32537584111486	1.9867413	1.4095181
24.34330534167581	1.9568704	1.3988818
24.361235447338046	1.9834741	1.4083587
24.379166158601876	2.006384	1.4164689
24.39709747596772	2.0240984	1.4227082
24.41502939993615	2.0066133	1.4165498
24.432961931007917	2.0050786	1.416008
24.450895069683856	1.9768307	1.4059981
24.468828816465	1.9401357	1.3928876
24.4867631718525	1.9421159	1.3935982
24.504698136347656	1.9592364	1.3997272
24.52263371045192	1.965199	1.4018556
24.540569894666874	1.9682337	1.4029375
24.558506689494266	1.9608953	1.4003197
24.57644409543597	1.9390534	1.392499
24.594382112994012	1.9171813	1.3846232
24.61232074267057	1.9132464	1.3832015
24.630259984967953	1.9136685	1.3833541
24.64819984038863	1.9272335	1.3882483
24.66614030943522	1.960448	1.40016
24.684081392610462	1.9715703	1.4041262
24.702023090417274	1.9626921	1.4009612
24.7199654033587	1.9352598	1.3911362
24.737908331937927	1.9868321	1.4095503
24.755851876658305	2.0153677	1.4196365
24.773796038023324	2.0234947	1.422496
24.79174081653661	2.0387793	1.4278582
24.809686212701962	2.0961041	1.4477929
24.827632227023294	2.1234105	1.4571927
24.8455788600047	2.0799577	1.4422059
24.8635261121504	2.0791426	1.4419233
24.88147398396475	2.082015	1.4429189
24.899422475952303	2.0724046	1.4395849
24.917371588617698	2.104925	1.450836
24.935321322465768	2.158534	1.469195
24.953271678001478	2.3034067	1.5176978
24.97122265572994	2.5055268	1.5828856
24.989174256156414	2.8276641	1.681566
25.00712647978632	3.2316945	1.7976915
25.02507932712521	3.7498362	1.9364494
25.043032798678798	4.2883053	2.0708225
25.060986894952933	4.9948344	2.2349126
25.078941616453637	5.7045407	2.388418
25.096896963687055	6.676211	2.5838366
25.114852937159508	7.7693753	2.78736
25.132809537377444	8.178084	2.859735
25.150766764847468	8.160695	2.856693
25.168724620076347	7.642549	2.764516
25.186683103570985	6.8071713	2.6090558
25.204642215838426	5.6838403	2.3840806
25.222601957385894	4.3310146	2.081109
25.24056232872074	3.2810323	1.811362
25.25852333035048	2.7048395	1.6446396
25.276484962782778	2.2977922	1.515847
25.294447226525435	2.0967333	1.4480101
25.312410122086423	2.0275178	1.4239093
25.330373649973843	1.9547403	1.3981203
25.348337810695988	1.8689908	1.3671104
25.366302604761245	1.8557901	1.3622739
25.384268032678207	1.8672423	1.3664708
25.40223409495558	1.9097662	1.3819429
25.420200792102257	1.9103178	1.3821424
25.438168124627246	1.9010055	1.3787695
25.45613609303974	1.8987377	1.3779469
25.474104697849057	1.8722981	1.3683194
25.492073939564698	1.8023214	1.3425057
25.510043818696285	1.7479779	1.3221111
25.528014335753614	1.8561774	1.362416
25.54598549124664	1.9581546	1.3993407
25.56395728568544	1.9566841	1.3988153
25.58192971958028	1.881356	1.3716253
25.59990279344156	1.8864143	1.3734679
25.617876507779833	1.8803588	1.3712617
25.635850863105826	1.8820162	1.371866
25.653825859930386	1.9268333	1.3881042
25.671801498764548	1.9064928	1.380758
25.68977778011949	1.8606284	1.3640485
25.707754704506524	1.8623277	1.3646712
25.725732272437153	1.918618	1.3851418
25.743710484423012	1.8868442	1.3736244
25.761689340975888	1.852922	1.3612207
25.77966884260774	1.7868696	1.3367385
25.797648989830662	1.7974148	1.340677
25.815629783156922	1.7757672	1.3325791
25.83361122309895	1.7612028	1.3271031
25.85159331016929	1.744979	1.3209765
25.869576044880695	1.8212268	1.3495284
25.887559427746034	1.8428798	1.3575271
25.90554345927836	1.8486127	1.3596369
25.92352813999086	1.8530473	1.3612667
25.94151347039689	1.8416797	1.357085
25.959499451009965	1.8180889	1.3483653
25.97748608234374	1.8458939	1.3586367
25.995473364912062	1.819173	1.3487672
26.013461299228904	1.8351569	1.3546796
26.03144988580839	1.8565143	1.3625396
26.04943912516483	1.8360183	1.3549975
26.067429017812675	1.7885466	1.3373655
26.085419564266537	1.7900139	1.337914
26.103410765041186	1.8105599	1.3455704
26.12140262065155	1.831443	1.3533082
26.139395131612723	1.8244804	1.3507333
26.157388298439948	1.8130869	1.3465091
26.17538212164861	1.7741356	1.3319668
26.193376601754295	1.7623616	1.3275397
26.211371739272714	1.7930714	1.3390561
26.229367534719746	1.817552	1.3481661
26.247363988611433	1.7927471	1.338935
26.26536110146397	1.7961085	1.3401897
26.283358873793727	1.8195415	1.3489038
26.301357306117204	1.848646	1.3596492
26.319356398951104	1.8265545	1.3515009
26.33735615281224	1.8210042	1.3494458
26.35535656821762	1.7953693	1.3399138
26.373357645684404	1.7915951	1.3385048
26.39135938572991	1.8160212	1.3475983
26.409361788871614	1.8031906	1.3428293
26.427364855627165	1.8059287	1.3438485
26.445368586514352	1.8231453	1.3502389
26.46337298205115	1.8419837	1.357197
26.48137804275568	1.853645	1.3614863
26.499383769146217	1.8108749	1.3456875
26.517390161741215	1.8390884	1.35613
26.53539722105928	1.8088759	1.3449446
26.553404947619182	1.831739	1.3534175
26.571413341939856	1.8149444	1.3471987
26.589422404540397	1.8338606	1.3542011
26.60743213594006	1.8044064	1.343282
26.62544253665827	1.7769477	1.333022
26.64345360721459	1.766903	1.329249
26.66146534812879	1.7887944	1.3374581
26.679477759920758	1.8116168	1.3459631
26.69749084311057	1.8098557	1.3453088
26.71550459821847	1.8044124	1.3432841
26.733519025764842	1.7919512	1.3386378
26.751534126270258	1.7892298	1.337621
26.769549900255434	1.78334	1.3354175
26.787566348241267	1.8490696	1.359805
26.80558347074881	1.8912593	1.3752307
26.823601268299267	1.8684267	1.366904
26.841619741414036	1.8275632	1.351874
26.85963889061465	1.7913283	1.3384051
26.877658716422832	1.8020494	1.3424044
26.89567921936045	1.8409051	1.3567996
26.913700399949544	1.8562783	1.3624531
26.93172225871233	1.8410782	1.3568634
26.949744796171174	1.8079458	1.3445988
26.967768012848605	1.7815119	1.3347329
26.98579190926733	1.7891542	1.3375927
27.003816485950225	1.807405	1.3443977
27.021841743420318	1.8153616	1.3473536
27.039867682200814	1.7393805	1.3188558
27.057894302815072	1.7130018	1.3088169
27.07592160578664	1.7149748	1.3095704
27.0939495916392	1.7457062	1.3212517
27.111978260896635	1.7718078	1.3310927
27.13000761408296	1.823373	1.3503233
27.148037651722397	1.8126916	1.3463624
27.166068374339304	1.7848155	1.3359699
27.184099782458215	1.7659115	1.328876
27.20213187660384	1.7590413	1.3262886
27.22016465730105	1.7739402	1.3318934
27.23819812507487	1.7650036	1.3285344
27.256232280450533	1.788126	1.3372083
27.274267123953383	1.7740937	1.3319511
27.292302656108987	1.7708443	1.3307308
27.31033887744306	1.7621168	1.3274474
27.32837578848146	1.7745287	1.3321143
27.34641338975026	1.7468754	1.3216941
27.364451681775673	1.7533605	1.3241452
27.382490665084074	1.7794846	1.3339733
27.400530340202046	1.7991873	1.3413379
27.41857070765629	1.7921797	1.3387232
27.436611767973726	1.8194281	1.3488618
27.454653521681404	1.8316522	1.3533854
27.472695969306564	1.7939605	1.3393881
27.490739111376627	1.7947521	1.3396835
27.508782948419153	1.7534207	1.324168
27.526827480961902	1.7453064	1.3211005
27.54487270953279	1.7592593	1.3263707
27.562918634659898	1.804159	1.3431898
27.580965256871508	1.7717048	1.331054
27.599012576696026	1.793809	1.3393316
27.617060594662068	1.7889091	1.337501
27.63510931129842	1.8179266	1.3483051
27.65315872713401	1.854295	1.361725
27.67120884269797	1.8329629	1.3538696
27.68925965851958	1.8284068	1.352186
27.707311175128307	1.8088621	1.3449395
27.725363393053787	1.8471354	1.3590935
27.74341631282583	1.9028269	1.3794299
27.7614699349744	1.9087807	1.3815863
27.77952426002968	2.0472546	1.4308231
27.797579288521973	2.0858269	1.4442393
27.815635020981784	2.480224	1.5748726
27.83369145793979	2.5496364	1.5967581
27.85174859992682	2.4281902	1.5582651
27.869806447473923	2.2821426	1.5106763
27.887865001112267	2.0233135	1.4224323
27.905924261373233	1.9365793	1.3916104
27.92398422878836	1.9090219	1.3816736
27.94204490388936	1.8710419	1.3678603
27.96010628720813	1.8494663	1.3599509
27.978168379276728	1.8584772	1.3632598
27.9962311806274	1.84727	1.3591431
28.014294691792568	1.8299526	1.3527575
28.0323589133048	1.7877488	1.3370672
28.050423845696887	1.8120407	1.3461206
28.068489489501758	1.8583789	1.3632237
28.086555845252523	1.9028218	1.379428
28.104622913482487	1.8828722	1.372178
28.122690694725115	1.8243619	1.3506894
28.14075918951405	1.8199782	1.3490657
28.15882839838312	1.8253485	1.3510545
28.176898321866304	1.8680831	1.3667784
28.1949689604978	1.8793209	1.3708832
28.213040314811945	1.8795635	1.3709717
28.23111238534327	1.9018704	1.3790832
28.249185172626493	1.9528204	1.3974335
28.267258677196473	1.9569306	1.3989034
28.285332899588294	1.9001069	1.3784436
28.303407840337172	1.848694	1.3596668
28.321483499978545	1.9123331	1.3828714
28.33955987904799	1.9400734	1.3928652
28.357636978081285	1.882474	1.3720328
28.37571479761439	1.8709494	1.3678265
28.393793338183425	1.8777574	1.3703129
28.41187260032469	1.8788606	1.3707154
28.429952584574686	1.8665097	1.3662026
28.448033291470065	1.9044158	1.3800057
28.46611472154769	1.93877	1.3923973
28.484196875344566	1.9083631	1.3814352
28.502279753397914	1.8699176	1.3674493
28.52036335624511	1.9433722	1.3940488
28.538447684423716	1.9843045	1.4086535
28.556532738471482	1.9833757	1.4083238
28.574618518926325	1.9445084	1.3944563
28.59270502632635	1.9740965	1.4050255
28.61079226120985	1.9575588	1.3991278
28.628880224115274	1.981671	1.4077183
28.646968915581287	2.0085788	1.4172434
28.66505833614671	2.0098023	1.417675
28.68314848635055	2.048193	1.4311509
28.701239366732004	2.0558507	1.4338238
28.71933097783044	2.0611181	1.4356595
28.737423320185403	2.0806468	1.4424447
28.75551639433665	2.0984035	1.4485867
28.773610200824074	2.1018555	1.4497777
28.791704740187793	2.1367662	1.4617682
28.80980001296809	2.1613517	1.4701536
28.827896019705413	2.1425564	1.4637474
28.845992760940433	2.1884735	1.479349
28.86409023721397	2.2202542	1.4900517
28.88218844906704	2.182355	1.4772795
28.900287397040845	2.1647222	1.4712995
28.918387081676755	2.1749234	1.4747622
28.936487503516343	2.2105327	1.486786
28.954588663101365	2.242169	1.4973874
28.97269056097374	2.2475076	1.499169
28.990793197675597	2.2153323	1.4883993
29.00889657374923	2.2338707	1.4946139
29.027000689737125	2.2823505	1.510745
29.04510554618196	2.3718457	1.5400798
29.06321114362659	2.4370816	1.5611155
29.08131748261405	2.4549544	1.5668294
29.099424563687567	2.4436152	1.5632067
29.11753238739057	2.4846604	1.5762806
29.13564095426663	2.5852633	1.6078753
29.15375026485954	2.6402931	1.6248978
29.171860319713275	2.6554713	1.6295617
29.18997111937199	2.6414726	1.6252608
29.20808266438002	2.632811	1.6225939
29.226194955281898	2.660565	1.6311238
29.244307992622335	2.7897863	1.6702653
29.26242177694624	2.8822236	1.6977112
29.2805363087987	2.849968	1.6881849
29.29865158872498	2.83143	1.6826854
29.316767617270557	2.8198748	1.6792482
29.334884394981064	2.9269476	1.7108325
29.353001922402367	3.0323415	1.741362
29.37112020008047	3.036364	1.7425166
29.389239228561596	3.0504255	1.7465467
29.407359008392152	3.2932105	1.8147205
29.42547954011872	3.7186234	1.9283732
29.44360082428809	4.3312297	2.0811605
29.46172286144722	5.3173747	2.3059433
29.479845652143283	6.8792977	2.6228416
29.497969196923606	8.842007	2.9735513
29.516093496335728	11.470113	3.3867555
29.5342185509274	14.497658	3.807579
29.55234436124651	16.914019	4.1126657
29.570470927841175	18.050657	4.2486067
29.588598251259686	17.775358	4.216083
29.60672633205055	16.582138	4.0721173
29.624855170762405	14.535804	3.8125849
29.642984767944146	11.718734	3.4232635
29.66111512414481	8.812759	2.9686291
29.67924623991366	6.4849696	2.5465603
29.697378115800138	4.940539	2.2227323
29.71551075235387	4.06778	2.0168738
29.733644150124675	3.6893425	1.9207661
29.751778309662576	3.5553453	1.8855623
29.769913231517766	3.5052478	1.8722308
29.78804891624066	3.3937998	1.8422269
29.806185364381818	3.3563995	1.8320479
29.82432257649206	3.3328586	1.8256118
29.842460553122333	3.31985	1.8220456
29.86059929482382	3.3424702	1.8282424
29.878738802147872	3.355851	1.8318982
29.896879075646048	3.2993524	1.816412
29.915020115870114	3.2934737	1.814793
29.933161923371976	3.2794096	1.810914
29.951304498703777	3.224601	1.7957174
29.969447842417857	3.2111623	1.7919717
29.987591955066733	3.2283423	1.7967588
30.005736837203123	3.2220874	1.7950174
30.023882489379943	3.2144473	1.7928879
30.04202891215028	3.1455722	1.7735761
30.060176106067455	3.0712636	1.7525021
30.078324071684946	3.0557573	1.7480725
30.09647280955646	3.0507946	1.7466524
30.114622320235863	3.0344849	1.7419773
30.132772604277257	3.092737	1.7586179
30.1509236622349	3.076817	1.7540858
30.16907549466328	3.0590732	1.7490207
30.18722810211705	3.0953362	1.7593567
30.205381485151097	3.1240358	1.7674942
30.22353564432045	3.01832	1.7373313
30.241690580180403	2.9984832	1.7316129
30.25984629328638	3.047726	1.7457737
30.278002784194037	3.0236185	1.7388555
30.296160053459246	2.9468513	1.7166395
30.314318101638033	2.9523845	1.7182504
30.332476929286646	2.9278622	1.7110997
30.35063653696153	2.9424493	1.715357
30.368796925219307	2.9876945	1.7284949
30.386958094616844	2.9413555	1.7150381
30.40512004571115	2.910435	1.7059997
30.423282779059463	2.8541148	1.6894126
30.441446295219233	2.8164053	1.6782149
30.459610594748067	2.757858	1.6606799
30.47777567820382	2.7532055	1.6592786
30.495941546144504	2.7591977	1.6610833
30.51410819912835	2.7807384	1.6675546
30.532275637713795	2.8254292	1.6809013
30.55044386245946	2.8004065	1.6734415
30.56861287392416	2.7545652	1.6596884
30.586782672666956	2.7559774	1.6601137
30.604953259247047	2.814765	1.6777261
30.623124634223885	2.8059976	1.6751112
30.641296798157075	2.7529914	1.6592141
30.659469751606462	2.709326	1.646003
30.677643495132074	2.709806	1.6461488
30.695818029294152	2.6372867	1.6239725
30.713993354653116	2.6389945	1.6244982
30.73216947176962	2.7281916	1.6517239
30.75034638120448	2.85053	1.6883513
30.768524083518756	2.8187447	1.6789118
30.786702579273673	2.7810287	1.6676416
30.80488186903069	2.8273213	1.6814641
30.82306195335144	2.900593	1.7031127
30.841242832797782	3.0429175	1.744396
30.85942450793176	3.297713	1.8159606
30.877606979315637	3.6413567	1.9082339
30.895790247511883	4.0550985	2.0137274
30.913974313083134	4.4709163	2.114454
30.932159176592283	4.7489347	2.1792052
30.95034483860237	4.755474	2.180705
30.968531299676698	4.4941635	2.1199443
30.98671856037873	4.137428	2.034067
31.00490662127215	3.8155265	1.9533373
31.023095482920848	3.4508746	1.857653
31.04128514588892	3.0763075	1.7539406
31.059475610740662	2.7746139	1.6657172
31.07766687804056	2.5841582	1.6075317
31.09585894835335	2.553625	1.5980066
31.11405182224393	2.592698	1.6101857
31.132245500277417	2.5552118	1.598503
31.15043998301914	2.4908843	1.5782535
31.168635271034628	2.4083664	1.5518912
31.18683136488964	2.352733	1.5338621
31.20502826515008	2.366442	1.5383244
31.223225972382135	2.4006126	1.549391
31.241424487152155	2.4486341	1.5648112
31.259623810026692	2.5160418	1.5862036
31.27782394157253	2.4476645	1.5645014
31.296024882356644	2.3949568	1.5475649
31.314226632946237	2.4160936	1.5543789
31.332429193908684	2.4650147	1.5700365
31.350632565811598	2.4487796	1.5648577
31.368836749222787	2.4938195	1.5791832
31.387041744710295	2.5351071	1.592202
31.40524755284232	2.5835197	1.6073331
31.423454174187317	2.6043432	1.6137978
31.441661609313922	2.5856445	1.607994
31.459869858791002	2.5059297	1.5830128
31.478078923187628	2.4231563	1.5566491
31.496288803073064	2.4008489	1.5494673
31.514499499016807	2.3628151	1.5371451
31.532711011588546	2.349981	1.5329648
31.550923341358178	2.3265336	1.5252979
31.56913648889584	2.3125012	1.520691
31.587350454771844	2.3135939	1.5210502
31.605565239556732	2.266638	1.5055358
31.62378084382127	2.280044	1.5099815
31.641997268136382	2.3744133	1.5409131
31.660214513073274	2.4020865	1.5498666
31.67843257920331	2.3809032	1.5430176
31.6966514670981	2.367785	1.5387609
31.71487117732944	2.3186207	1.5227017
31.733091710469346	2.2406933	1.4968946
31.751313067090052	2.2368193	1.4956
31.769535247764008	2.2096362	1.4864845
31.787758253063878	2.2240095	1.4913113
31.805982083562526	2.3028324	1.5175086
31.824206739833024	2.34957	1.5328307
31.84243222244869	2.3294055	1.526239
31.860658531983013	2.288604	1.5128133
31.878885669009737	2.309595	1.5197352
31.897113634102784	2.2205682	1.4901571
31.91534242783632	2.1553485	1.4681106
31.933572050784694	2.1680193	1.4724195
31.951802503522508	2.2277164	1.4925537
31.970033786624548	2.2004592	1.4833945
31.988265900665834	2.2164392	1.4887711
32.006498846221575	2.2383945	1.4961265
32.02473262386724	2.1967673	1.4821496
32.04296723417845	2.1081288	1.4519397
32.0612026777311	2.1572936	1.4687728
32.07943895510129	2.2451007	1.498366
32.097676066865304	2.242061	1.4973513
32.115914013599685	2.1977608	1.4824847
32.13415279588115	2.1809468	1.476803
32.152392414286666	2.1519308	1.4669461
32.1706328693934	2.1585798	1.4692106
32.18887416177875	2.1284273	1.4589131
32.20711629202032	2.1378653	1.4621441
32.225359260695924	2.1148102	1.4542387
32.243603068383614	2.079486	1.4420422
32.26184771566166	2.1196043	1.4558861
32.28009320310852	2.1461527	1.4649754
32.2983395313029	2.058559	1.434768
32.31658670082372	2.0589914	1.4349186
32.33483471225012	2.0523257	1.4325941
32.35308356616143	2.032099	1.4255171
32.371333263137245	2.088053	1.4450097
32.38958380375734	2.0830815	1.4432884
32.407835188601744	2.1335847	1.4606795
32.42608741825067	2.2007022	1.4834764
32.444340493284585	2.1520498	1.4669867
32.46259441428416	2.1204252	1.4561679
32.48084918183028	2.1701427	1.4731404
32.49910479650405	2.1558065	1.4682665
32.51736125888683	2.0228806	1.4222801
32.53561856956014	1.9385794	1.3923287
32.5538767291058	2.0506716	1.4320166
32.572135738105764	2.1007662	1.449402
32.59039559714228	2.0710123	1.4391012
32.608656306797776	2.0014584	1.4147291
32.62691786765491	2.0493963	1.4315712
32.645180280296586	2.0224483	1.4221281
32.663443545305896	2.038268	1.4276793
32.68170766326619	2.0323212	1.425595
32.69997263476099	1.9943765	1.4122239
32.7182384603741	1.9685752	1.4030592
32.7365051406895	1.9957906	1.4127245
32.75477267629144	1.9955783	1.4126494
32.77304106776434	1.9906242	1.4108949
32.79131031569289	1.9690454	1.4032267
32.809580420661966	1.9738419	1.4049349
32.827851383256714	1.9675295	1.4026866
32.84612320406245	1.9334353	1.3904803
32.86439588366476	1.8811005	1.3715322
32.88266942264945	1.9564701	1.3987387
32.9009438216025	1.9478511	1.3956543
32.9192190811102	1.915515	1.3840213
32.937495201758985	1.9423469	1.393681
32.95577218413556	2.0285006	1.4242544
32.974050028826866	1.9957232	1.4127007
32.992328736420035	1.9356146	1.3912637
33.010608307502444	1.930132	1.3892919
33.02888874266169	1.8813223	1.371613
33.047170042485604	1.8824215	1.3720137
33.06545220756225	1.9247795	1.3873643
33.083735238479896	1.9797945	1.4070517
33.10201913582707	2.0108843	1.4180565
33.12030390019248	1.9899887	1.4106696
33.138589532165135	1.910804	1.3823184
33.15687603233419	1.8143889	1.3469925
33.17516340128909	1.8225162	1.350006
33.19345163961947	1.9219732	1.3863525
33.211740747915215	1.9955759	1.4126486
33.23003072676643	1.920076	1.385668
33.248321576763466	1.8477715	1.3593276
33.266613298496885	1.8871194	1.3737247
33.28490589255747	1.9254532	1.387607
33.30319935953626	1.9046843	1.380103
33.32149370002451	1.8799456	1.3711112
33.339788914613706	1.8265783	1.3515096
33.358085003895575	1.7801851	1.3342358
33.376381968462034	1.7855895	1.3362595
33.39467980890529	1.8789458	1.3707465
33.41297852581774	1.8547218	1.3618817
33.43127811979204	1.9106561	1.3822649
33.44957859142105	2.046641	1.4306086
33.467879941297866	2.070907	1.4390646
33.486182170015844	1.9559895	1.398567
33.50448527816853	1.8510528	1.360534
33.522789266349754	1.9040928	1.3798887
33.541094135153514	1.966607	1.4023577
33.55939988517411	1.9208095	1.3859327
33.57770651700602	1.879771	1.3710474
33.59601403124398	1.8957081	1.3768471
33.61432242848296	1.9225779	1.3865706
33.632631709318154	1.9615296	1.4005462
33.650941874344994	1.9182179	1.3849975
33.66925292415916	1.9082875	1.3814079
33.68756485935654	1.8817459	1.3717674
33.70587768053328	1.8539994	1.3616165
33.724191388285746	1.834138	1.3543035
33.74250598321054	1.8462919	1.3587832
33.760821465904506	1.9070749	1.3809688
33.77913783696474	1.941157	1.393254
33.79745509698852	1.8596425	1.3636872
33.815773246573414	1.7972847	1.3406285
33.8340922863172	1.8176601	1.3482063
33.852412216817896	1.8334095	1.3540345
33.87073303867377	1.9516572	1.3970172
33.889054752483304	1.9959602	1.4127846
33.907377358845245	1.9101981	1.3820992
33.92570085835853	1.8518335	1.3608209
33.94402525162239	1.8478363	1.3593514
33.96235053923627	1.9053057	1.3803282
33.980676721799824	1.9285002	1.3887045
33.999003799912984	1.8849195	1.3729237
34.01733177417592	1.8727126	1.3684709
34.03566064518901	1.9070678	1.3809663
34.0539904135529	1.7879903	1.3371576
34.07232107986846	1.8188416	1.3486444
34.090652644736785	1.9831512	1.408244
34.108985108759235	2.0336738	1.4260694
34.12731847253742	1.995359	1.4125718
34.14565273667313	1.9634529	1.4012326
34.16398790176847	1.8935065	1.3760474
34.18232396842574	1.7578005	1.3258207
34.20066093724749	1.8211414	1.3494967
34.21899880883651	1.9575757	1.3991339
34.23733758379583	2.007185	1.4167515
34.25567726272874	2.040103	1.4283217
34.27401784623872	2.0787377	1.4417828
34.29235933492957	2.078486	1.4416956
34.31070172940526	1.9405863	1.3930492
34.32904503027003	1.7880584	1.337183
34.347389238128386	1.9131465	1.3831654
34.36573435358502	1.9031651	1.3795525
34.38408037724492	1.8220092	1.3498182
34.402427309713296	1.8241118	1.3505968
34.42077515159559	1.9268231	1.3881005
34.43912390349752	2.022643	1.4221966
34.45747356602499	2.1044514	1.4506727
34.47582413978423	2.0770235	1.4411882
34.49417562538163	1.9648001	1.4017133
34.51252802342388	1.9046397	1.3800869
34.53088133451789	2.0033092	1.4153831
34.54923555927084	1.8769399	1.3700145
34.567590698290104	1.7993004	1.34138
34.58594675218336	1.8887455	1.3743163
34.6043037215585	1.9290093	1.3888878
34.62266160702365	1.8299836	1.3527689
34.641020409187234	1.7658284	1.3288448
34.65938012865785	1.782091	1.3349499
34.677740766044394	1.7181334	1.3107759
34.69610232195598	1.8100817	1.3453928
34.714464797002016	1.8978821	1.3776364
34.73282819179208	1.946605	1.3952079
34.751192506936064	1.8910155	1.375142
34.76955774304408	1.7929436	1.3390085
34.7879239007265	1.8385022	1.3559138
34.80629098059391	1.9806455	1.4073541
34.824658983257194	1.9773695	1.4061897
34.843027909327446	1.8133019	1.346589
34.86139775941603	1.749372	1.3226383
34.879768534134534	1.7791682	1.3338547
34.89814023409483	1.8655425	1.3658487
34.91651285990901	1.8580801	1.3631141
34.93488641218944	1.8478866	1.3593699
34.95326089154871	1.9426225	1.39378
34.97163629859967	1.9406748	1.3930811
34.99001263395542	1.8221352	1.3498648
35.00838989822934	1.8492572	1.359874
35.02676809203499	1.9875783	1.409815
35.04514721598624	2.0394316	1.4280866
35.063527270697215	1.8569087	1.3626844
35.081908256782256	1.7623526	1.3275362
35.10029017485597	1.9254781	1.3876159
35.11867302553321	1.998197	1.413576
35.137056809429104	1.8971359	1.3773656
35.155441527159006	1.9105226	1.3822166
35.173827179338524	1.8309672	1.3531324
35.19221376658354	1.8852166	1.3730319
35.21060128951017	1.9676291	1.402722
35.2289897487348	2.0289502	1.4244123
35.24737914487405	1.9089909	1.3816624
35.26576947854479	1.8638808	1.3652402
35.28416075036418	1.7770904	1.3330755
35.30255296094958	1.7491231	1.3225442
35.32094611091867	1.8012393	1.3421025
35.33934020088932	2.013581	1.4190071
35.35773523147969	2.1880176	1.4791949
35.3761312033082	2.0607822	1.4355425
35.394528116993506	2.1627007	1.4706123
35.41292597315452	2.4914708	1.5784394
35.431324772410434	2.3301537	1.5264841
35.449724515380666	2.2261553	1.4920306
35.46812520268491	2.374337	1.5408883
35.486526834943106	2.5943618	1.6107023
35.504929412775454	2.332323	1.5271945
35.52333293680242	2.3850205	1.5443511
35.54173740764471	2.3015025	1.5170704
35.560142825923286	1.6218435	1.2735162
35.5785491922594	1.3665404	1.1689912
35.59695650727454	1.1502402	1.0724925
35.61536477159042	1.0391313	1.019378
