0.008763373481513119	0.0	0.0
0.026290120649546365	0.11242709	0.3353015
0.043816868432600686	0.36792704	0.6065699
0.06134361724069026	0.37788785	0.6147258
0.07887036748382949	0.37616694	0.6133245
0.0963971195720331	0.20463938	0.45237085
0.11392387391531617	0.13242528	0.36390284
0.1314506309236943	0.13533312	0.3678765
0.1489773910071836	0.11629189	0.34101596
0.16650415457580078	0.14872107	0.38564372
0.18403092203956356	0.09743521	0.31214613
0.20155769380849	0.12509698	0.3536905
0.2190844702925996	0.13387628	0.36589107
0.2366112519019124	0.22436433	0.4736711
0.2541380390464497	0.20068543	0.44797927
0.27166483213623416	0.18109624	0.42555404
0.28919163158128947	0.14710803	0.38354665
0.3067184377916406	0.13570993	0.3683883
0.324245251177314	0.12269647	0.35028055
0.34177207214833777	0.09087344	0.30145222
0.3592989011147415	0.1788949	0.4229597
0.37682573848655654	0.19749744	0.44440684
0.39435258467381573	0.23472844	0.4844878
0.41187944008655414	0.1975794	0.44449905
0.42940630513480854	0.22600485	0.47539967
0.446933180228618	0.23772787	0.48757344
0.4644600657780234	0.18920791	0.43498036
0.48198696219306775	0.1609273	0.40115744
0.49951386988379676	0.15254974	0.39057615
0.5170407892602581	0.14703447	0.38345075
0.5345677207325025	0.20529522	0.45309517
0.5520946647105822	0.17175668	0.4144354
0.5696216216045534	0.14943878	0.38657314
0.5871485918244737	0.15408564	0.39253744
0.6046755757804043	0.11552375	0.33988786
0.6222025738824094	0.13294666	0.3646185
0.6397295865405557	0.17696765	0.42067522
0.6572566141649129	0.21221058	0.4606632
0.6747836571655547	0.2361584	0.48596132
0.6923107159525568	0.19939253	0.44653392
0.7098377909359992	0.15132834	0.38900945
0.7273648825259653	0.10967132	0.3311666
0.7448919911325411	0.15756881	0.39694938
0.762419117165817	0.1864328	0.43177864
0.7799462610358868	0.1691516	0.41128045
0.7974734231528482	0.16444187	0.40551433
0.8150006039268024	0.17128815	0.4138697
0.8325278037678551	0.14968434	0.3868906
0.8500550230861152	0.13457243	0.36684117
0.8675822622916969	0.107956566	0.32856745
0.8851095217947171	0.17462195	0.4178779
0.9026368020052984	0.228292	0.47779912
0.9201641033335665	0.27613762	0.52548796
0.9376914261896523	0.2745907	0.52401406
0.9552187709836915	0.24505271	0.495028
0.9727461381258234	0.24526148	0.4952388
0.990273528026193	0.22640301	0.47581825
1.0078009410949496	0.18423855	0.42923018
1.0253283777422473	0.1894552	0.43526453
1.0428558383782454	0.2028248	0.45036075
1.0603833234131086	0.23371522	0.48344103
1.0779108332570058	0.28457606	0.5334567
1.0954383683201119	0.29952157	0.5472856
1.112965929012607	0.349636	0.59130025
1.1304935157446763	0.5084056	0.7130257
1.1480211289265108	0.56555146	0.75203156
1.1655487689683062	1.4988006	1.2242551
1.1830764362802655	1.7840215	1.3356726
1.200604131272596	2.1854105	1.4783134
1.2181318543555117	2.4069917	1.5514482
1.235659605939232	2.4642327	1.5697875
1.253187386433982	3.9759297	1.9939734
1.270715196249994	6.2754297	2.5050807
1.2882430357975057	11.94571	3.4562566
1.3057709054867608	16.792324	4.0978436
1.3232988057280106	22.546715	4.748338
1.3408267369315112	27.488134	5.242913
1.358354699507526	30.964209	5.5645494
1.3758826938663256	35.314293	5.942583
1.3934107204181858	37.13689	6.0940046
1.410938779573391	37.452656	6.1198573
1.4284668717422309	37.702183	6.14021
1.4459949973350033	37.063084	6.087946
1.4635231567620117	37.040104	6.086058
1.4810513504335687	36.595993	6.0494623
1.4985795787599925	36.068256	6.0056853
1.5161078421516088	35.883587	5.990291
1.5336361410187505	35.32735	5.9436817
1.5511644757717598	35.395233	5.9493895
1.5686928468209842	35.652634	5.9709826
1.58622125457678	35.88386	5.990314
1.6037496994495108	36.970066	6.0803013
1.621278181849548	36.73378	6.0608397
1.6388067021872719	37.69117	6.139313
1.6563352608730693	37.240196	6.1024747
1.673863858317336	36.354954	6.029507
1.6913924949304753	35.571262	5.9641647
1.7089211711228998	34.341305	5.8601456
1.7264498873050296	33.77691	5.8117905
1.7439786438872935	33.08293	5.751776
1.7615074412801288	32.03544	5.6599855
1.779036279893981	31.311316	5.5956516
1.796565160139305	30.308348	5.505302
1.814094082426564	30.043276	5.4811745
1.8316230471662298	29.295843	5.4125633
1.849152054768784	28.5732	5.345391
1.8666811056447168	27.413462	5.2357864
1.8842102002045273	26.5261	5.1503496
1.901739338858724	25.890398	5.0882607
1.9192685220178245	25.395449	5.0393896
1.9367977500923557	25.063631	5.006359
1.9543270234928547	24.707527	4.970667
1.971856342629867	23.93635	4.892479
1.9893857079139496	23.118761	4.8081975
2.006915119755667	22.640894	4.758245
2.0244445785655945	22.01451	4.6919622
2.0419740847543175	21.745628	4.663221
2.0595036387324317	21.342064	4.619747
2.0770332409105414	20.865807	4.5679107
2.094562891699263	20.442226	4.521308
2.1120925915092217	20.047548	4.477449
2.129622340751053	19.886225	4.4593973
2.1471521398354043	188.1833	13.717992
2.1646819891729323	444.4324	21.081566
2.182211889174303	440.56113	20.989548
2.1997418402501974	452.79715	21.27903
2.2172718428113023	432.929	20.806946
2.234801897268317	321.1504	17.92067
2.2523320040319548	17.554186	4.1897717
2.269862163512935	17.01599	4.1250443
2.287392376121992	16.752087	4.0929313
2.304922642269869	16.51317	4.06364
2.322452962367322	16.419933	4.0521517
2.3399833368251164	16.08675	4.010829
2.357513766054032	15.739429	3.967295
2.3750442504648586	15.38115	3.921881
2.3925747904683963	14.899599	3.86
2.410105386475459	14.572754	3.8174276
2.4276360388968707	14.075715	3.7517617
2.445166748143469	13.821677	3.7177517
2.4626975146261025	13.438067	3.665797
2.4802283387556323	13.269798	3.6427734
2.4977592209429305	13.215642	3.6353323
2.5152901615988825	13.045768	3.6118925
2.5328211611343865	12.80384	3.5782454
2.5503522199603523	12.563349	3.5444815
2.5678833384877024	12.472098	3.5315857
2.5854145171273712	12.414823	3.5234673
2.6029457562903064	12.226362	3.4966216
2.620477056387469	12.094816	3.4777603
2.6380084178298326	11.929051	3.453846
2.655539841028383	11.678565	3.4173915
2.673071326394119	11.457419	3.384881
2.6906028743380523	11.239704	3.3525667
2.708134485271211	10.931856	3.3063357
2.7256661596046325	10.760578	3.280332
2.743197897749369	10.529256	3.2448814
2.760729700116486	10.448239	3.2323737
2.778261567117063	10.194604	3.192899
2.795793499162193	10.122005	3.18151
2.8133254966629817	9.836763	3.1363616
2.830857560030551	9.810109	3.1321094
2.8483896896760337	9.790492	3.128976
2.865921886010578	9.645869	3.10578
2.883454149445347	9.506618	3.0832803
2.9009864803915177	9.241058	3.0399108
2.91851887926028	9.163448	3.027119
2.9360513464628384	9.001406	3.0002344
2.953583882410413	9.020033	3.003337
2.9711164875142373	8.869477	2.9781668
2.9886491621855606	8.853539	2.9754899
3.0061819068356455	8.714972	2.9521132
3.023714721875769	8.639774	2.9393494
3.041247607717225	8.581026	2.929339
3.0587805647713213	8.491849	2.9140778
3.0763135934493806	8.30522	2.881878
3.0938466941627407	8.172374	2.8587363
3.1113798673227544	8.0278425	2.8333447
3.1289131133407904	7.979503	2.8248014
3.1464464326282315	7.8294325	2.7981124
3.1639798255964786	7.71404	2.777416
3.1815132926569443	7.572288	2.751779
3.1990468342210603	7.4863424	2.736118
3.216580450700272	7.430779	2.7259455
3.2341141425060416	7.3533525	2.7117066
3.251647910049847	7.236181	2.690015
3.2691817537431813	7.0638824	2.6577966
3.286715673997555	6.998435	2.6454556
3.3042496712244938	7.066156	2.658224
3.32178374583554	7.2047477	2.6841662
3.339317898242251	7.231093	2.6890693
3.3568521288562034	7.071921	2.6593084
3.3743864380889876	6.9535055	2.63695
3.3919208263522127	6.883745	2.6236892
3.4094552940575023	6.8099213	2.6095827
3.4269898416164972	6.648465	2.578462
3.444524469440858	6.4805493	2.5456922
3.4620591779422587	6.3782573	2.5255213
3.479593967532391	6.347951	2.519514
3.4971288386229658	6.3433433	2.5185995
3.5146637916257086	6.2827477	2.506541
3.5321988269523628	6.2761846	2.5052314
3.5497339450146903	6.270375	2.5040717
3.5672691462244708	6.3515673	2.5202315
3.5848044309934988	6.3602414	2.521952
3.60233979973359	6.317025	2.5133693
3.619875252856575	6.289538	2.5078952
3.6374107907743034	6.211225	2.492233
3.6549464138986427	6.189871	2.487945
3.6724821226414788	6.273902	2.5047758
3.690017917414714	6.3787932	2.5256274
3.7075537986302702	6.3841896	2.5266955
3.7250897667000857	6.422062	2.5341787
3.7426258220361235	6.477067	2.5450082
3.7601619650503553	6.7231193	2.592898
3.777698196154779	7.2397842	2.6906848
3.7952345157614067	8.355953	2.8906665
3.8127709242822716	9.2195	3.036363
3.830307422129425	11.434094	3.3814337
3.847844009714936	30.212597	5.4965987
3.8653806874508954	97.69775	9.884217
3.882917455749409	97.06163	9.851986
3.900454315022606	96.91237	9.844408
3.917991265682631	41.460194	6.438959
3.9355283081416506	11.081217	3.3288462
3.9530654428118495	8.824755	2.9706488
3.970602670105433	7.4893084	2.73666
3.9881399904346244	6.5667424	2.5625656
4.005677404211669	6.4102225	2.5318418
4.023214911848827	6.3791065	2.5256894
4.0407525137583855	6.343333	2.5185974
4.058290210352644	6.2977257	2.509527
4.075828002043927	6.312794	2.5125275
4.0933658892445814	6.2537227	2.5007443
4.110903872366966	6.208914	2.4917693
4.128441951823468	6.130646	2.4760141
4.145980128026488	6.120055	2.4738746
4.163518401388452	6.139172	2.4777353
4.181056772321807	6.0734134	2.4644296
4.1985952412390155	6.098606	2.4695356
4.216133808552567	6.1854177	2.48705
4.233672474674966	6.2649317	2.5029845
4.251211240018741	6.3947544	2.5287852
4.268750104996445	6.5928984	2.567664
4.286289070020643	7.4947176	2.7376482
4.303828135503928	9.122261	3.020308
4.3213673018589125	29.451654	5.426938
4.3389065694982305	90.64163	9.52059
4.356445938834537	166.05064	12.886064
4.3739854102805085	171.67923	13.102642
4.391524984248844	172.48108	13.133205
4.409064661152262	136.48392	11.682633
4.426604441403504	96.64493	9.830815
4.444144325415337	75.66478	8.69855
4.461684313600543	21.648218	4.652765
4.47922440637193	21.984114	4.688722
4.496764604142329	20.215061	4.496116
4.5143049073245916	18.410934	4.2907963
4.531845316331589	16.499159	4.061916
4.5493858315762195	13.683834	3.6991668
4.566926453471405	11.367879	3.3716285
4.584467182430081	9.231249	3.038297
4.602008018865218	8.081661	2.8428264
4.619548963189798	7.4391894	2.7274878
4.637090015816834	7.048389	2.6548803
4.654631177159353	6.76658	2.6012652
4.672172447630417	6.3769026	2.525253
4.689713827643102	6.1235204	2.4745748
4.7072553176105085	5.844415	2.4175224
4.724796917945764	5.707101	2.388954
4.742338629062015	5.689313	2.3852282
4.759880451372434	5.6871533	2.3847754
4.777422385290215	5.6118646	2.3689375
4.794964431228581	5.6101093	2.368567
4.812506589600768	5.6764946	2.3825395
4.830048860820047	5.6948977	2.3863986
4.847591245299709	5.69264	2.3859253
4.8651337434530655	5.6765523	2.3825517
4.882676355693457	5.649629	2.376895
4.900219082434242	5.671994	2.381595
4.917761924088813	5.6416545	2.3752167
4.935304881070575	5.6197896	2.3706095
4.952847953792969	5.56882	2.3598347
4.970391142669449	5.574897	2.361122
4.9879344481135055	5.5759883	2.3613532
5.005477870538642	5.562299	2.3584526
5.023021410358394	5.4959044	2.3443346
5.040565067986324	5.5288496	2.3513505
5.05810884383601	5.524689	2.3504658
5.075652738321066	5.480665	2.341082
5.09319675185512	5.469005	2.3385904
5.110740884851836	5.42358	2.3288581
5.128285137724894	5.3686085	2.317026
5.145829510888007	5.3199306	2.3064976
5.163374004754908	5.3461924	2.3121834
5.1809186197393595	5.3546166	2.3140044
5.198463356255145	5.3377576	2.3103588
5.216008214716077	5.4037514	2.3245971
5.233553195535998	5.40132	2.324074
5.251098299128764	5.393478	2.3223863
5.268643525908272	5.266159	2.2948112
5.286188876288432	5.201323	2.2806408
5.3037343506831895	5.1612782	2.2718446
5.32127994950651	5.1978893	2.279888
5.3388256731723915	5.1960707	2.279489
5.356371522094851	5.236766	2.288398
5.373917496687938	5.2213774	2.2850332
5.391463597365729	5.232942	2.2875624
5.40900982454232	5.2515163	2.2916188
5.426556178631843	5.2131214	2.283226
5.444102660048449	5.1800857	2.2759802
5.4616492692063225	5.132503	2.265503
5.479196006519669	5.1826744	2.2765489
5.496742872402727	5.2241893	2.2856486
5.514289867269756	5.2473226	2.2907035
5.531836991535049	5.1784153	2.275613
5.549384245612924	5.188795	2.2778926
5.566931629917724	5.1518164	2.2697613
5.584479144863822	5.1647716	2.2726133
5.6020267908656205	5.151042	2.2695906
5.619574568337545	5.1381774	2.2667549
5.637122477694054	5.12544	2.2639434
5.654670519349629	5.1113615	2.260832
5.672218693718784	5.1405325	2.2672741
5.689767001216059	5.2365217	2.2883449
5.707315442256021	5.3029943	2.302823
5.724864017253266	5.2908983	2.3001952
5.7424127266224225	5.2696624	2.2955744
5.75996157077814	5.211598	2.2828925
5.777510550135105	5.142355	2.267676
5.795059665108022	5.0761046	2.2530212
5.812608916111639	5.142999	2.2678182
5.830158303560715	5.272031	2.2960904
5.847707827870055	5.2936378	2.3007908
5.86525748945448	5.306448	2.303573
5.8828072887288485	5.371045	2.3175516
5.900357226108044	5.44098	2.3325908
5.917907302006979	5.562443	2.358483
5.9354575168406	6.2284856	2.4956934
5.9530078710238765	6.912747	2.6292102
5.970558364971812	7.4342747	2.7265866
5.988108999099438	7.729795	2.7802508
6.005659773821818	8.236847	2.8699908
6.023210689554039	8.001027	2.8286088
6.040761746711227	8.403694	2.8989127
6.058312945708531	7.799203	2.7927053
6.075864286961132	7.4003973	2.7203672
6.093415770884244	6.7187767	2.5920603
6.1109673978931065	6.137871	2.4774725
6.128519168402993	5.5172625	2.3488853
6.146071082829204	5.38121	2.3197434
6.163623141587075	5.281956	2.2982507
6.181175345091969	5.1466775	2.268629
6.198727693759281	5.059776	2.2493947
6.216280188004435	5.12121	2.263009
6.233832828242885	5.193993	2.2790334
6.251385614890126	5.210618	2.282678
6.268938548361669	5.1456437	2.2684011
6.286491629073067	5.051105	2.2474663
6.304044857439898	5.0220594	2.2409952
6.321598233877777	4.9899116	2.233811
6.339151758802344	4.983459	2.2323663
6.356705432629277	5.0229983	2.2412047
6.37425925577428	5.04627	2.2463903
6.391813228653095	5.0778956	2.2534187
6.409367351681486	5.0714664	2.2519917
6.426921625275259	4.976259	2.230753
6.44447604985025	4.9246683	2.2191594
6.46203062582232	4.891806	2.2117429
6.47958535360737	4.9247537	2.2191787
6.497140233621328	4.9707923	2.2295275
6.514695266280161	4.9431076	2.22331
6.532250451999859	4.940179	2.2226512
6.549805791196454	4.927997	2.2199092
6.567361284286002	4.9123683	2.2163863
6.584916931684597	4.8992643	2.2134283
6.602472733808367	4.878629	2.208762
6.6200286910734665	4.964877	2.2282004
6.637584803896092	5.0030904	2.236759
6.655141072692462	5.0019283	2.236499
6.672697497878842	4.99722	2.2354462
6.690254079871514	4.9879007	2.2333608
6.707810819086808	4.9468117	2.2241428
6.725367715941078	4.9071507	2.215209
6.742924770850719	4.8629894	2.2052188
6.760481984232151	4.9230776	2.218801
6.778039356501836	4.9456515	2.2238822
6.795596888076266	5.0030046	2.2367396
6.813154579371963	4.9842706	2.232548
6.830712430805492	4.9760423	2.2307045
6.84827044279344	4.948587	2.224542
6.865828615752445	4.960882	2.2273037
6.883386950099159	5.033624	2.243574
6.900945446250287	5.051239	2.2474961
6.918504104622553	5.0561333	2.2485847
6.936062925632727	5.043476	2.2457685
6.953621909697607	5.073693	2.252486
6.971181057234028	5.2075377	2.282003
6.988740368658859	5.267904	2.2951915
7.006299844389007	5.354515	2.3139825
7.023859484841407	5.3707914	2.3174968
7.041419290433036	5.421369	2.3283834
7.058979261580902	5.4800353	2.3409476
7.0765393987020495	5.750248	2.3979676
7.094099702213559	6.0936184	2.4685256
7.111660172532549	6.392887	2.528416
7.129220810076164	6.7043753	2.5892808
7.146781615261595	7.366272	2.7140877
7.16434258850606	7.7752204	2.7884083
7.181903730226821	8.200366	2.8636281
7.1994650408411704	8.286904	2.8786983
7.217026520766437	8.3360195	2.8872166
7.234588170419983	8.56179	2.9260538
7.252149990219215	8.566996	2.926943
7.269711980581568	8.505033	2.916339
7.2872741419245175	8.19196	2.86216
7.304836474665574	7.721275	2.7787182
7.322398979222286	7.3602357	2.7129755
7.339961656012233	7.1308985	2.6703742
7.357524505453039	6.825263	2.6125205
7.375087527962357	6.539847	2.5573125
7.392650723957886	6.292271	2.50844
7.410214093857353	5.9539385	2.4400694
7.427777638078528	5.7047763	2.3884673
7.445341357039213	5.522565	2.3500137
7.4629052511572525	5.398402	2.3234463
7.480469320850524	5.3551598	2.3141217
7.498033566536948	5.2594585	2.293351
7.5155979886344735	5.123927	2.2636094
7.5331625875610975	5.021702	2.2409153
7.550727363734844	5.0542474	2.2481654
7.568292317573788	5.1093326	2.2603834
7.585857449496025	5.1527486	2.2699666
7.603422759919705	5.160261	2.2716208
7.620988249263007	5.163787	2.2723968
7.638553917944147	5.2065763	2.2817924
7.656119766381391	5.2213707	2.2850318
7.673685794993023	5.1822853	2.2764633
7.691252004197388	5.164722	2.2726026
7.70881839441285	5.1933084	2.2788832
7.726384966057826	5.208729	2.282264
7.743951719550762	5.2076316	2.2820237
7.761518655310149	5.199537	2.2802494
7.779085773754511	5.221666	2.2850964
7.796653075302419	5.258359	2.293111
7.814220560372475	5.35408	2.3138885
7.831788229383323	5.4082837	2.3255718
7.8493560827536495	5.427243	2.3296444
7.866924120902174	5.3349223	2.309745
7.884492344247663	5.320191	2.3065538
7.9020607532089135	5.386679	2.3209221
7.919629348204771	5.4625745	2.3372152
7.937198129654115	5.4685526	2.3384936
7.954767097975865	5.4637356	2.3374634
7.972336253588986	5.4493785	2.3343904
7.989905596912472	5.41636	2.3273075
8.007475128365371	5.396664	2.3230722
8.025044848366756	5.397956	2.3233502
8.042614757335754	5.515632	2.3485384
8.060184855691523	5.6440363	2.375718
8.07775514385327	5.799404	2.4081953
8.095325622240228	5.8581495	2.4203615
8.112896291271687	5.8921723	2.4273796
8.130467151366968	5.9246397	2.4340582
8.148038202945436	5.916793	2.4324458
8.165609446426497	5.9792404	2.4452486
8.183180882229594	6.034223	2.4564655
8.200752510774217	6.0308185	2.4557724
8.218324332479893	6.022121	2.454001
8.235896347766193	5.9599113	2.441293
8.253468557052724	5.9360104	2.4363928
8.27104096075914	5.9047356	2.4299662
8.288613559305137	6.0100937	2.4515493
8.306186353110448	6.1361938	2.4771342
8.32375934259485	6.2121606	2.4924207
8.341332528178162	6.2154818	2.4930868
8.358905910280246	6.2432756	2.4986548
8.376479489321003	6.2609315	2.5021853
8.394053265720377	6.3743844	2.5247543
8.411627239898356	6.3371186	2.5173633
8.42920141227497	6.341958	2.5183244
8.44677578327029	6.354055	2.520725
8.464350353304427	6.312166	2.5124025
8.48192512279754	6.272898	2.5045755
8.499500092169827	6.199692	2.489918
8.51707526184153	6.212626	2.492514
8.534650632232934	6.166154	2.483174
8.552226203764365	6.1621985	2.4823775
8.569801976856192	6.1832776	2.4866197
8.587377951928834	6.260825	2.5021641
8.60495412940274	6.362601	2.5224197
8.622530509698416	6.43593	2.5369134
8.6401070932364	6.504066	2.550307
8.657683880437283	6.580984	2.565343
8.675260871721695	6.729162	2.5940628
8.692838067510303	6.8857284	2.624067
8.710415468223834	7.030324	2.651476
8.727993074283043	7.1523967	2.6743965
8.745570886108737	7.140443	2.6721606
8.763148904121765	7.1833515	2.6801775
8.78072712874302	7.2202234	2.6870472
8.798305560393441	7.4972663	2.7381136
8.815884199494006	7.562207	2.7499468
8.833463046465745	7.6985517	2.7746265
8.851042101729728	7.8648753	2.8044386
8.86862136570707	8.230179	2.8688288
8.886200838818924	8.407961	2.8996484
8.903780521486505	8.436708	2.9046013
8.921360414131055	8.547819	2.9236653
8.938940517173874	8.606427	2.9336712
8.956520831036297	8.824522	2.9706097
8.97410135613971	9.086617	3.0144017
8.99168209290554	9.252423	3.0417795
9.009263041755265	9.523023	3.0859394
9.026844203110405	9.709037	3.1159327
9.044425577392525	9.939589	3.1527114
9.062007165023239	10.051643	3.1704326
9.079588966424197	10.3283	3.2137673
9.097170982017108	10.459872	3.2341726
9.11475321222372	11.394415	3.3755615
9.132335657465825	12.243368	3.4990525
9.149918318165264	12.26463	3.5020895
9.167501194743924	12.835597	3.5826802
9.18508428762374	12.502514	3.5358894
9.202667597226693	12.530649	3.5398657
9.220251123974803	12.22422	3.4963152
9.237834868290143	11.888074	3.4479086
9.255418830594836	11.743302	3.4268503
9.273003011311046	11.144545	3.3383446
9.290587410860985	10.912008	3.3033328
9.308172029666911	10.293902	3.2084112
9.32575686815113	10.019944	3.1654296
9.343341926735997	8.772249	2.9617982
9.360927205843916	8.576857	2.928627
9.378512705897327	8.393999	2.89724
9.396098427318728	8.141134	2.8532672
9.413684370530664	7.998464	2.8281555
9.431270535955722	7.927665	2.815611
9.448856924016539	7.8943563	2.8096898
9.466443535135806	7.8374386	2.7995427
9.484030369736251	7.764372	2.7864623
9.501617428240658	7.702737	2.7753804
9.519204711071852	7.7568083	2.7851048
9.536792218652714	7.7973347	2.7923708
9.55437995140617	7.930009	2.8160272
9.571967909755191	7.929175	2.815879
9.589556094122802	7.9514384	2.8198295
9.60714450493207	7.9402647	2.8178475
9.624733142606116	7.9289117	2.8158324
9.642322007568108	7.9476523	2.819158
9.659911100241267	7.995327	2.827601
9.677500421048851	8.068675	2.8405414
9.695089970414175	8.059447	2.8389165
9.712679748760609	8.033004	2.8342555
9.730269756511557	7.9809446	2.8250566
9.747859994090492	8.0601015	2.8390317
9.765450461920915	8.099599	2.8459795
9.78304116042639	8.133799	2.8519816
9.800632090030527	8.073576	2.841404
9.81822325115699	8.1279955	2.850964
9.835814644229481	8.196088	2.862881
9.853406269671762	8.279172	2.877355
9.870998127907646	8.291096	2.8794262
9.888590219360985	8.232437	2.8692224
9.906182544455698	8.235733	2.8697968
9.923775103615734	8.302905	2.8814762
9.941367897265108	8.304278	2.8817146
9.958960925827878	8.348613	2.8893967
9.97655418972816	8.323681	2.885079
9.994147689390106	8.340551	2.8880012
10.011741425237934	8.36702	2.89258
10.029335397695904	8.378616	2.894584
10.04692960718833	8.412431	2.900419
10.06452405413958	8.425871	2.902735
10.082118738974064	8.336938	2.8873756
10.099713662116246	8.221622	2.8673372
10.117308823990651	8.121865	2.8498886
10.134904225021844	8.076681	2.8419502
10.152499865634445	8.11211	2.8481767
10.170095746253125	8.200774	2.8636994
10.18769186730261	8.243851	2.8712106
10.205288229207675	8.2925415	2.8796773
10.222884832393145	8.297291	2.8805017
10.2404816772839	8.236515	2.869933
10.258078764304868	8.109157	2.8476582
10.275676093881035	8.066488	2.8401563
10.293273666437438	8.06947	2.8406813
10.310871482399158	8.152397	2.8552403
10.32846954219134	8.175036	2.8592021
10.346067846239173	8.283873	2.8781717
10.363666394967908	8.291295	2.8794608
10.38126518880283	8.218723	2.8668315
10.398864228169298	8.210385	2.865377
10.416463513492713	8.19267	2.862284
10.434063045198531	8.307271	2.8822336
10.451662823712262	8.331351	2.886408
10.469262849459467	8.300999	2.8811455
10.486863122865758	8.12509	2.8504543
10.504463644356806	8.105614	2.847036
10.522064414358338	8.0498705	2.8372293
10.539665433296118	8.015568	2.8311777
10.557266701595987	7.911572	2.8127518
10.574868219683818	7.868882	2.805153
10.592469987985552	7.74821	2.7835608
10.610072006927185	7.613005	2.7591674
10.627674276934751	7.472145	2.7335224
10.64527679843435	7.3281665	2.7070587
10.662879571852143	7.2329807	2.6894202
10.680482597614331	7.145443	2.6730962
10.698085876147173	7.0674386	2.6584654
10.715689407876988	6.9966626	2.6451206
10.733293193230146	6.905231	2.6277807
10.750897232633072	6.73775	2.5957177
10.76850152651225	6.596187	2.5683043
10.786106075294207	6.505107	2.5505111
10.803710879405534	6.478546	2.5452988
10.821315939272877	6.456125	2.5408905
10.83892125532294	6.3842025	2.5266979
10.856526827982472	6.3356338	2.5170684
10.874132657678285	6.29929	2.5098386
10.891738744837243	6.2644033	2.502879
10.909345089886271	6.1720357	2.4843583
10.926951693252343	6.1185975	2.47358
10.944558555362494	6.077819	2.4653232
10.96216567664381	6.059738	2.4616535
10.979773057523436	5.9980783	2.4490974
10.997380698428573	5.9234653	2.433817
11.014988599786477	5.839587	2.4165237
11.032596762024461	5.835726	2.4157248
11.050205185569892	5.7702866	2.402142
11.067813870850198	5.6275396	2.3722436
11.085422818292859	5.4567704	2.335973
11.10303202832541	5.3478565	2.3125434
11.120641501375454	5.3262653	2.3078704
11.138251237870636	5.3129187	2.304977
11.155861238238671	5.313486	2.3051
11.173471502907317	5.185067	2.2770743
11.191082032304402	5.0723667	2.2521915
11.208692826857805	4.988531	2.233502
11.226303886995465	4.9965677	2.2353003
11.243915213145371	5.012131	2.238779
11.261526805735578	4.9221106	2.218583
11.279138665194196	4.8448367	2.201099
11.296750791949393	4.7787733	2.1860406
11.314363186429393	4.757015	2.1810582
11.331975849062479	4.6847763	2.1644344
11.34958878027699	4.6558204	2.157735
11.36720198050133	4.695412	2.16689
11.384815450163948	4.658108	2.158265
11.402429189693366	4.583251	2.140853
11.420043199518153	4.4499364	2.1094873
11.437657480066942	63.409435	7.963004
11.455272031768422	85.18089	9.229349
11.472886855051353	107.59435	10.372769
11.490501950344528	99.18168	9.959
11.508117318076819	84.46106	9.190269
11.52573295867715	45.84993	6.7712574
11.543348872574514	4.17638	2.0436194
11.560965060197946	4.200052	2.0494027
11.57858152197655	4.154682	2.0383039
11.59619825833949	4.070562	2.0175633
11.613815269715985	3.9776888	1.9944144
11.631432556535323	38.515083	6.2060523
11.649050119226837	83.07752	9.114687
11.666667958219929	93.47097	9.668038
11.68428607394406	107.715355	10.378601
11.701904466828756	82.52826	9.084507
11.719523137303586	65.37849	8.085696
11.737142085798196	4.606003	2.1461601
11.754761312742286	3.7240775	1.9297869
11.772380818565619	3.6758063	1.9172392
11.790000603698015	3.6262186	1.9042633
11.80762066856935	3.5506248	1.8843101
11.825241013609572	3.4951448	1.8695307
11.842861639248683	3.4647644	1.8613877
11.860482545916748	3.4686604	1.862434
11.878103734043883	3.4675448	1.8621345
11.895725204060282	3.418282	1.8488597
11.91334695639619	3.390573	1.8413509
11.930968991481919	3.4072022	1.8458608
11.948591309747824	3.4248896	1.8506457
11.966213911624347	3.4151955	1.8480247
11.98383679754198	3.4245286	1.8505481
12.001459967931268	3.3954751	1.8426815
12.019083423222835	3.4005964	1.8440706
12.036707163847352	3.3145807	1.820599
12.05433119023556	3.2024775	1.7895467
12.071955502818259	3.1804361	1.7833778
12.089580102026313	3.2078958	1.79106
12.107204988290643	3.203379	1.7897986
12.12483016204224	3.177298	1.7824978
12.142455623712152	3.1421304	1.7726055
12.16008137373149	3.162241	1.778269
12.177707412531431	3.125037	1.7677774
12.19533374054321	3.0807323	1.7552015
12.212960358198126	3.0468404	1.7455201
12.230587265927545	3.0636418	1.7503262
12.248214464162889	3.042518	1.7442815
12.265841953335649	3.0322175	1.7413263
12.283469733877375	3.0230784	1.7387003
12.301097806219685	3.0488887	1.7461067
12.31872617079425	2.994486	1.7304584
12.336354828032825	2.9671319	1.7225364
12.353983778367205	2.933207	1.7126608
12.371613022229262	2.931464	1.7121519
12.389242560050928	2.91095	1.7061507
12.406872392264201	2.904372	1.7042218
12.424502519301143	2.878501	1.6966145
12.442132941593874	2.8446953	1.6866225
12.459763659574586	2.8220196	1.6798868
12.477394673675532	2.856523	1.6901251
12.49502598432903	2.8727388	1.6949155
12.51265759196746	2.8791258	1.6967987
12.530289497023267	2.8275259	1.6815249
12.547921699928967	2.8124833	1.6770461
12.565554201117134	2.79069	1.6705358
12.583187001020404	2.808096	1.6757374
12.600820100071486	2.8227322	1.6800989
12.618453498703152	2.80953	1.6761652
12.636087197348235	2.7810352	1.6676435
12.65372119643964	2.775986	1.666129
12.671355496410326	2.773789	1.6654695
12.68899009769333	2.7698104	1.6642747
12.706625000721749	2.798677	1.6729246
12.724260205928752	2.857597	1.6904429
12.741895713747551	2.9391866	1.7144057
12.759531524611454	3.005328	1.7335882
12.777167638953818	3.0183046	1.7373269
12.794804057208072	3.0034707	1.7330524
12.812440779807702	3.027296	1.7399126
12.830077807186271	3.157661	1.7769809
12.847715139777405	3.2309046	1.7974718
12.865352778014795	3.434163	1.8531495
12.882990722332197	3.550782	1.8843518
12.90062897316344	3.6403131	1.9079604
12.918267530942412	3.733324	1.9321811
12.935906396103071	3.6011765	1.8976766
12.953545569079449	3.7579334	1.938539
12.971185050305628	3.596395	1.8964163
12.988824840215775	3.6245153	1.903816
13.006464939244115	3.6065235	1.8990849
13.024105347824943	3.4742577	1.8639361
13.041746066392617	3.578121	1.8915921
13.05938709538157	3.4042459	1.8450599
13.077028435226296	3.4069147	1.845783
13.094670086361363	3.2797449	1.8110065
13.112312049221401	3.182117	1.7838489
13.129954324241112	3.109607	1.7634078
13.147596911855258	2.9238973	1.7099407
13.165239812498685	2.8890479	1.6997199
13.182883026606293	2.8494143	1.6880208
13.200526554613058	2.7967212	1.67234
13.218170396954017	2.7730384	1.6652442
13.235814554064284	2.731404	1.652696
13.253459026379034	2.748778	1.657944
13.271103814333523	2.7670968	1.6634593
13.288748918363058	2.7618418	1.661879
13.306394338903031	2.7530658	1.6592366
13.32404007638889	2.7205546	1.6494104
13.341686131256164	2.7319574	1.6528634
13.359332503940449	2.7298486	1.6522254
13.376979194877402	2.7132118	1.647183
13.394626204502751	2.7268233	1.6513096
13.412273533252307	2.7211552	1.6495924
13.429921181561937	2.7022986	1.643867
13.447569149867581	2.6805792	1.6372474
13.465217438605247	2.671274	1.6344032
13.482866048211022	2.7128458	1.6470718
13.500514979121052	2.7525992	1.6590959
13.518164231771568	2.7000978	1.6431974
13.535813806598844	2.69903	1.6428725
13.553463704039254	2.6936076	1.6412214
13.571113924529229	2.7371104	1.6544214
13.588764468505275	2.7514677	1.6587548
13.606415336403956	2.7207391	1.6494663
13.624066528661917	2.7412775	1.6556804
13.641718045715882	2.7809572	1.6676202
13.659369888002635	2.8918905	1.7005559
13.67702205595903	2.9294252	1.7115564
13.694674550021993	3.0014796	1.7324779
13.712327370628532	3.0186074	1.737414
13.729980518215713	3.115161	1.7649819
13.747633993220681	3.199037	1.7885852
13.765287796080647	3.301754	1.8170729
13.7829419272329	3.309376	1.819169
13.800596387114801	3.299533	1.8164617
13.818251176163775	3.2767668	1.8101842
13.835906294817324	3.334543	1.826073
13.853561743513023	3.3949976	1.842552
13.871217522688525	3.4797537	1.8654099
13.888873632781538	3.5058753	1.8723983
13.906530074229858	3.562111	1.8873556
13.92418684747135	3.5275707	1.8781828
13.941843952943948	3.5082438	1.8730307
13.959501391085665	3.4529073	1.8582001
13.977159162334578	3.3617086	1.8334963
13.994817267128846	3.3376534	1.8269246
14.012475705906693	3.2461154	1.801698
14.030134479106424	3.180417	1.7833724
14.047793587166414	3.0855546	1.7565746
14.065453030525108	3.0286813	1.7403107
14.083112809621026	2.9742308	1.7245958
14.100772924892766	2.9464536	1.7165236
14.118433376778997	2.9152853	1.7074207
14.136094165718458	2.8682067	1.6935781
14.153755292149969	2.8016732	1.6738199
14.171416756512416	2.7379599	1.6546782
14.189078559244768	2.6769223	1.6361303
14.20674070078606	2.6274698	1.6209472
14.224403181575408	2.5539446	1.5981066
14.242066002051999	2.5025237	1.5819367
14.259729162655093	2.4643435	1.5698228
14.277392663824022	2.463098	1.5694261
14.295056505998208	2.4718702	1.5722182
14.312720689617128	2.513028	1.5852532
14.330385215120348	2.502224	1.581842
14.348050082947497	2.468052	1.5710034
14.3657152935383	2.4351308	1.5604906
14.383380847332528	2.3721228	1.5401697
14.401046744770051	2.3916461	1.5464948
14.418712986290798	2.4018054	1.549776
14.436379572334793	2.4295843	1.5587124
14.454046503342123	2.4191828	1.5553722
14.471713779752946	2.4026775	1.5500573
14.489381402007504	2.3788228	1.5423433
14.507049370546113	2.364143	1.5375769
14.524717685809168	2.3851912	1.5444064
14.542386348237134	2.3929596	1.5469193
14.560055358270553	2.3719115	1.5401012
14.577724716350051	2.3720884	1.5401586
14.595394422916325	2.3986633	1.5487618
14.61306447841015	2.4979682	1.5804962
14.63073488327237	2.5357845	1.5924146
14.648405637943917	2.5348485	1.5921208
14.6660767428658	2.518107	1.5868545
14.683748198479094	2.563201	1.601
14.701420005224954	2.6217954	1.6191959
14.719092163544628	2.7116966	1.646723
14.73676467387942	2.737543	1.6545522
14.754437536670727	2.724935	1.6507378
14.772110752360014	2.678601	1.6366432
14.78978432138882	2.6639478	1.6321604
14.807458244198777	2.7003999	1.6432893
14.82513252123159	2.7023654	1.6438873
14.842807152929028	2.7628152	1.6621718
14.860482139732962	2.734454	1.6536185
14.87815748208531	2.7372923	1.6544764
14.8958331804281	2.7185655	1.6488073
14.91350923520342	2.6960917	1.641978
14.931185646853438	2.6642535	1.6322541
14.948862415820408	2.661677	1.6314646
14.966539542546656	2.6866732	1.6391075
14.98421702747459	2.68095	1.6373607
15.001894871046696	2.6624885	1.6317134
15.019573073705542	2.652893	1.6287705
15.037251635893766	2.6313336	1.6221386
15.054930558054092	2.674288	1.6353251
15.072609840629323	2.7413385	1.6556988
15.090289484062351	2.8808727	1.6973134
15.107969488796124	3.2413611	1.8003781
15.125649855273691	3.9393666	1.9847838
15.14333058393817	4.814664	2.1942341
15.161011675232768	6.04304	2.4582596
15.17869312960076	8.001462	2.8286855
15.196374947485506	10.731954	3.2759662
15.214057129330447	14.833551	3.851435
15.231739675579114	19.772926	4.446676
15.249422586675102	24.02282	4.901308
15.267105863062092	24.98042	4.9980416
15.284789505183847	22.928854	4.7884083
15.302473513484218	19.439932	4.409074
15.320157888407127	15.992665	3.999083
15.337842630396578	12.2401285	3.4985895
15.355527739896656	9.289662	3.0478947
15.37321321735153	6.9488854	2.6360738
15.39089906320545	5.124414	2.263717
15.408585277902748	3.9968443	1.999211
15.42627186188783	3.3165517	1.8211402
15.443958815605198	2.9715555	1.72382
15.461646139499424	2.8263283	1.6811687
15.479333834015168	2.7088416	1.6458559
15.497021899597165	2.6622326	1.631635
15.514710336690234	2.5958228	1.6111557
15.53239914573928	2.5096598	1.5841906
15.550088327189297	2.4810617	1.5751386
15.567777881485336	2.474702	1.5731186
15.58546780907256	2.5173366	1.5866116
15.6031581103962	2.5040696	1.5824252
15.620848785901568	2.4942453	1.5793179
15.638539836034063	2.5108166	1.5845556
15.656231261239173	2.5331442	1.5915854
15.673923061962451	2.5327048	1.5914474
15.691615238649552	2.4818814	1.5753988
15.709307791746202	2.441442	1.5625114
15.727000721698221	2.4424956	1.5628486
15.744694028951498	2.437038	1.5611016
15.76238771395202	2.406489	1.5512862
15.780081777145844	2.4146712	1.5539212
15.797776218979125	2.399912	1.549165
15.815471039898094	2.355732	1.5348394
15.833166240349064	2.37351	1.54062
15.850861820778437	2.3993795	1.5489931
15.868557781632699	2.4267974	1.5578182
15.886254123358412	2.4029627	1.5501492
15.903950846402232	2.3848436	1.5442939
15.921647951210897	2.3732193	1.5405257
15.939345438231225	2.3799226	1.5426998
15.957043307910133	2.3534057	1.5340813
15.974741560694602	2.3730164	1.5404598
15.992440197031714	2.3787913	1.5423331
16.01013921736862	2.407449	1.5515957
16.02783862215259	2.4053836	1.5509299
16.045538411830933	2.3983405	1.5486577
16.06323858685107	2.3880174	1.5453211
16.080939147660512	2.412445	1.5532048
16.09864009470684	2.4652698	1.5701177
16.11634142843774	2.4751277	1.5732539
16.134043149300954	2.4553847	1.5669668
16.15174525774433	2.4272463	1.5579622
16.169447754215817	2.4234502	1.5567435
16.18715063916342	2.4145942	1.5538964
16.204853913035244	2.4452431	1.5637273
16.222557576279478	2.4744582	1.5730411
16.240261629344403	22.47014	4.7402678
16.257966072678386	43.018127	6.5588207
16.275670906729868	38.102825	6.1727486
16.293376131947387	2.5260587	1.589358
16.31108174877957	2.552272	1.5975832
16.328787757675133	2.5907707	1.6095871
16.34649415908287	2.5913477	1.6097664
16.364200953451657	2.6178558	1.6179789
16.38190814123048	2.6736388	1.6351266
16.39961572286839	2.7257824	1.6509944
16.41732369881455	2.7541158	1.6595529
16.43503206951817	2.7508574	1.6585709
16.45274083542859	2.7616062	1.6618081
16.47044999699522	2.76321	1.6622906
16.488159554667558	2.8257818	1.6810062
16.505869508895184	2.868242	1.6935885
16.523579860127786	2.9301686	1.7117735
16.541290608815117	2.975046	1.7248322
16.559001755407035	3.07266	1.7529005
16.57671330035348	3.1039774	1.7618109
16.59442524410448	3.1547613	1.7761648
16.61213758711015	3.1997294	1.7887788
16.629850329820705	3.2761621	1.8100171
16.647563472686436	3.377127	1.8376961
16.665277016157724	3.4303296	1.8521149
16.682990960685053	3.4563217	1.8591186
16.70070530671898	3.4800875	1.8654993
16.718420054710155	3.5253923	1.8776028
16.736135205109335	3.5426283	1.8821871
16.753850758367335	3.5656564	1.8882946
16.771566714935087	3.5855687	1.8935598
16.789283075263597	3.7026289	1.9242216
16.80699983980398	3.8324175	1.9576561
16.82471700900741	3.9596474	1.9898863
16.84243458332518	4.0044966	2.001124
16.860152563208665	4.0759254	2.018892
16.87787094910932	4.1208177	2.0299797
16.89558974147871	4.154356	2.0382237
16.913308940768466	4.235293	2.0579827
16.931028547430333	4.288585	2.07089
16.94874856191613	4.329765	2.0808086
16.966468984677785	4.3477955	2.085137
16.98418981616729	4.3934913	2.0960658
17.00191105683676	4.444951	2.1083052
17.019632707138374	4.5097685	2.1236215
17.03735476752442	4.529264	2.1282067
17.05507723844728	4.571408	2.1380851
17.072800120359403	4.5744314	2.138792
17.090523413713353	4.5816483	2.1404786
17.108247118961785	4.622854	2.1500823
17.125971236557437	4.6559505	2.1577652
17.143695766953133	4.684873	2.1644568
17.161420710601806	4.699139	2.16775
17.179146067956477	4.724119	2.1735039
17.19687183947025	4.729734	2.1747952
17.21459802559634	4.6888885	2.165384
17.232324626788028	4.6945786	2.1666977
17.25005164349871	4.6441035	2.1550183
17.267779076181863	4.6306925	2.1519043
17.285506925291074	4.606175	2.1462002
17.30323519127999	4.5949407	2.1435812
17.320963874602384	4.5948215	2.1435535
17.33869297571211	4.5318356	2.128811
17.356422495063114	4.513096	2.124405
17.37415243310944	4.504029	2.1222696
17.391882790305218	4.5610533	2.1356623
17.40961356710468	4.560659	2.13557
17.42734476396215	4.574491	2.1388059
17.445076381332044	4.607952	2.146614
17.462808419668868	4.8118677	2.193597
17.48054087942723	5.140588	2.2672865
17.498273761061835	5.693619	2.3861306
17.51600706502747	6.442953	2.5382972
17.533740791779024	7.431265	2.7260346
17.551474941771485	9.550951	3.0904613
17.56920951545993	11.013755	3.3186977
17.586944513299528	12.951344	3.5987976
17.60467993574556	14.658894	3.8286934
17.622415783253373	16.212345	4.026456
17.64015205627843	17.43252	4.175227
17.657888755276293	18.128876	4.2578015
17.675625880702604	18.551975	4.3072004
17.69336343301311	18.48764	4.2997255
17.71110141266366	17.655104	4.2017975
17.728839820110178	16.060186	4.0075164
17.746578655808705	14.133715	3.7594833
17.764317920215372	11.498019	3.390873
17.7820576137864	9.267027	3.0441792
17.79979773697811	7.1763854	2.6788776
17.81753829024692	5.7957134	2.4074287
17.835279274049356	4.8051815	2.1920724
17.85302068884201	4.267816	2.0658693
17.870762535081607	3.9079223	1.9768466
17.888504813224934	3.6826105	1.9190129
17.90624752372891	3.5747712	1.8907065
17.923990667050536	3.5459347	1.8830652
17.941734243646895	3.5134401	1.8744173
17.959478253975185	3.4929125	1.8689336
17.9772226984927	3.4735494	1.863746
17.994967577656833	3.46644	1.8618377
18.01271289192506	3.4653263	1.8615386
18.030458641754965	3.4347312	1.8533028
18.04820482760425	3.4447	1.8559903
18.06595144993067	3.4007022	1.8440993
18.083698509192125	3.382956	1.8392814
18.101446005846576	3.3450494	1.8289477
18.119193940352105	3.351318	1.8306605
18.136942313166887	3.303201	1.817471
18.1546911247492	3.2381523	1.7994866
18.1724403755574	3.2153084	1.7931281
18.19019006604997	3.221209	1.7947727
18.207940196685467	3.1618354	1.7781551
18.225690767922575	3.1013136	1.7610546
18.243441780220046	3.1366858	1.7710692
18.261193234036764	3.159419	1.7774755
18.278945129831676	3.1457398	1.7736233
18.29669746806386	3.0713859	1.752537
18.314450249192483	3.0718958	1.7526824
18.3322034736768	3.047956	1.7458396
18.349957141976184	3.0902812	1.7579195
18.3677112545501	3.1096418	1.7634176
18.385465811858108	3.1398692	1.7719676
18.403220814359884	3.109701	1.7634344
18.420976262515172	3.0993764	1.7605046
18.43873215678387	3.1197517	1.7662818
18.456488497625923	3.180822	1.7834859
18.474245285501407	3.2582943	1.8050746
18.492002520870486	3.2873716	1.8131111
18.50976020419343	3.3523343	1.8309381
18.527518335930615	3.701076	1.9238181
18.545276916542516	4.311879	2.0765064
18.563035946489688	4.508709	2.123372
18.580795426232832	4.926338	2.2195356
18.598555356232698	4.8445277	2.2010288
18.616315736950185	5.136145	2.2663064
18.63407656884626	4.758818	2.1814716
18.65183785238201	4.8717976	2.2072148
18.669599588018617	4.6288285	2.1514711
18.68736177621737	4.636631	2.1532838
18.705124417439652	4.6686172	2.1606984
18.72288751214696	4.4993415	2.121165
18.740651060800886	4.612504	2.147674
18.758415063863115	4.324041	2.0794327
18.77617952179546	4.488922	2.1187077
18.793944435059814	4.252834	2.0622401
18.811709804118184	4.2560906	2.0630295
18.829475629432675	4.2296753	2.0566175
18.8472419114655	4.0468807	2.011686
18.86500865067897	4.1067204	2.0265045
18.88277584753551	3.7835014	1.9451225
18.90054350249763	3.835667	1.9584858
18.918311616027957	3.5178246	1.8755865
18.936080188589226	3.431933	1.8525476
18.953849220644265	3.1162784	1.7652984
18.971618712656007	2.9854271	1.7278389
18.9893886650875	2.8631322	1.6920793
19.007159078401887	8.02763	2.8333073
19.024929953062408	32.86902	5.733151
19.042701289532435	32.80973	5.7279778
19.060473088275405	25.357615	5.0356345
19.07824534975489	2.6596277	1.6308365
19.096018074434568	2.6369586	1.6238714
19.113791262778197	2.5852258	1.6078638
19.13156491524966	2.536956	1.5927825
19.149339032312945	2.5371346	1.5928385
19.167113614432136	2.5700862	1.6031488
19.184888662071433	2.5856428	1.6079934
19.202664175695123	2.5933847	1.6103989
19.220440155767623	2.5804265	1.6063706
19.238216602753447	2.5500102	1.5968752
19.2559935171172	2.5168111	1.586446
19.27377089932361	2.509691	1.5842004
19.291548749837514	2.5288267	1.5902286
19.309327069123835	2.5581706	1.5994282
19.32710585764763	2.5178561	1.5867754
19.344885115874032	2.5069313	1.5833292
19.362664844268313	2.505309	1.5828168
19.380445043295822	2.5420375	1.5943768
19.39822571342203	2.5891087	1.6090708
19.41600685511252	2.5682392	1.6025727
19.43378846883297	2.5315018	1.5910693
19.451570555049173	2.4913983	1.5784163
19.469353114227037	2.4920793	1.5786321
19.48713614683254	2.5050526	1.5827358
19.50491965333182	2.5240471	1.588725
19.52270363419109	2.5514007	1.5973104
19.540488089876686	2.5508368	1.5971339
19.55827302085503	2.5335724	1.59172
19.576058427592674	2.5172646	1.586589
19.593844310556282	2.475664	1.5734242
19.611630670212598	2.4578817	1.5677633
19.629417507028506	2.4778197	1.5741092
19.64720482147098	2.4925349	1.5787764
19.6649926140071	2.4717317	1.5721742
19.682780885104084	2.4604676	1.5685878
19.70056963522921	2.4958904	1.5798388
19.718358864849908	2.5396845	1.5936388
19.7361485744337	2.5253894	1.5891474
19.753938764448215	2.513152	1.5852923
19.771729435361202	2.4955592	1.5797338
19.789520587640506	2.5264368	1.589477
19.807312221754092	2.5182202	1.5868901
19.825104338170043	2.516738	1.586423
19.842896937356517	2.55327	1.5978955
19.860690019781824	2.575899	1.6049607
19.87848358591436	2.566911	1.6021582
19.896277636222635	2.5463648	1.5957333
19.914072171175278	2.5851555	1.6078418
19.931867191241015	2.5574195	1.5991935
19.94966269688869	2.5172093	1.5865716
19.967458688587264	2.4621217	1.5691149
19.985255166805807	2.4470263	1.5642973
20.00305213201348	2.44261	1.5628852
20.020849584679578	2.4432473	1.563089
20.038647525273507	2.42305	1.5566149
20.05644595426477	2.4139385	1.5536854
20.07424487212299	2.3976252	1.5484267
20.092044279317903	2.4202378	1.5557114
20.109844176319353	2.4446945	1.5635519
20.127644563597304	2.4470332	1.5642996
20.145445441621817	2.4260602	1.5575815
20.16324681086307	2.4281197	1.5582424
20.181048671791373	2.3998144	1.5491334
20.198851024877122	2.3701138	1.5395174
20.216653870590836	2.3411422	1.5300791
20.234457209403146	2.3778365	1.5420235
20.252261041784802	2.3827562	1.5436178
20.270065368206662	2.3644059	1.5376625
20.287870189139685	2.3538063	1.534212
20.305675505054968	2.3602881	1.536323
20.323481316423702	2.3574777	1.535408
20.341287623717207	2.3650765	1.5378805
20.359094427406884	2.3935673	1.5471158
20.376901727964288	2.402927	1.5501378
20.39470952586107	2.3884754	1.5454693
20.41251782156899	2.4017165	1.5497472
20.430326615559935	2.392007	1.5466115
20.448135908305886	2.3858473	1.5446188
20.465945700278965	2.3807144	1.5429564
20.483755991951384	2.3614156	1.5366899
20.50156678379548	2.3229976	1.5241383
20.519378076283708	2.3353126	1.528173
20.537189869888635	2.344711	1.531245
20.55500216508294	2.3642454	1.5376103
20.572814962339415	2.327524	1.5256225
20.59062826213098	2.3304818	1.5265915
20.60844206493066	2.3266153	1.5253247
20.626256371211593	2.309861	1.5198227
20.644071181447032	2.3022988	1.5173328
20.66188649611036	2.3359296	1.5283748
20.67970231567506	2.3418233	1.5303017
20.697518640614742	2.3446522	1.5312257
20.715335471403122	2.3223124	1.5239135
20.73315280851404	2.3028722	1.5175217
20.750970652421447	2.307093	1.5189117
20.768789003599412	2.334785	1.5280004
20.786607862522136	2.3193252	1.5229331
20.8044272296639	2.323331	1.5242478
20.82224710549913	2.2978737	1.5158739
20.84006749050237	2.323105	1.5241736
20.857888385148268	3.8609645	1.9649338
20.8757097899116	45.96619	6.779837
20.893531705267254	64.821144	8.051158
20.911354131690224	83.83706	9.156258
20.92917706965566	69.12358	8.314059
20.94700051963877	50.140797	7.0810165
20.96482448211493	29.369728	5.4193845
20.982648957559622	4.108968	2.0270588
21.00047394644843	2.2450855	1.4983609
21.01829944925707	2.2732575	1.5077325
21.036125466461375	2.2893095	1.5130464
21.053951998537297	2.2859018	1.5119199
21.071779045960906	2.2498012	1.4999337
21.089606609208378	2.2248557	1.491595
21.10743468875603	2.234869	1.4949478
21.12526328508028	2.2490196	1.4996731
21.143092398657675	2.2291827	1.4930447
21.16092202996488	2.2161403	1.4886706
21.17875217947867	2.2096202	1.4864792
21.19658284767596	2.2106638	1.4868301
21.21441403503377	2.183485	1.477662
21.232245742029225	2.187863	1.4791427
21.2500779691396	2.1929538	1.4808625
21.26791071684227	2.2199028	1.4899338
21.28574398561475	2.178968	1.4761328
21.30357777593465	2.1743288	1.4745605
21.321412088279704	2.1523507	1.4670892
21.339246923127792	2.1488066	1.4658809
21.357082280956888	2.140896	1.4631802
21.3749181622451	2.153177	1.4673707
21.392754567470647	2.1490316	1.4659576
21.41059149711187	2.15147	1.466789
21.42842895164726	2.1574502	1.4688262
21.446266931555378	2.1527123	1.4672124
21.464105437314945	2.1433485	1.4640179
21.481944469404798	2.1028244	1.4501119
21.49978402830388	2.0599298	1.4352455
21.51762411449127	2.0772247	1.4412581
21.53546472844617	2.0788574	1.4418243
21.553305870647876	2.0924814	1.4465412
21.571147541575865	2.076627	1.4410506
21.58898974170967	2.0905764	1.4458826
21.60683247152899	2.0757122	1.4407332
21.62467573151363	2.06954	1.4385896
21.642519522143523	2.0696244	1.4386189
21.660363843898722	2.0729136	1.4397616
21.6782086972594	2.0785406	1.4417144
21.696054082705864	2.0969234	1.4480758
21.713900000718535	2.1024275	1.449975
21.73174645177795	2.0831127	1.4432993
21.749593436364794	2.0719624	1.4394313
21.767440954959845	2.070869	1.4390514
21.785289008044032	2.054432	1.433329
21.803137596098388	2.0460012	1.430385
21.820986719604086	2.0434616	1.429497
21.838836379042412	2.0251057	1.4230621
21.85668657489478	2.0111346	1.4181448
21.87453730764273	2.0248456	1.4229707
21.892388577767914	2.0158823	1.4198177
21.91024038575213	1.9926074	1.4115975
21.928092732077285	1.9766878	1.4059473
21.945945617225426	1.9999486	1.4141954
21.963799041678694	1.9934331	1.4118899
21.981653005919398	31.33649	5.5979004
21.999507510429943	78.16256	8.84096
22.01736255569286	73.12917	8.551559
22.035218142190818	4.2336993	2.0575955
22.05307427040661	2.0558038	1.4338075
22.07093094082315	2.0304093	1.4249244
22.088788153923474	2.0099006	1.4177096
22.106645910190746	1.9892583	1.4104106
22.12450421010827	1.9618914	1.4006753
22.142363054159464	1.9415647	1.3934004
22.16022244282787	1.966263	1.402235
22.178082376597164	1.9617151	1.4006124
22.195942855951145	1.9740148	1.4049964
22.213803881373742	1.9729964	1.4046339
22.231665453349002	1.9764972	1.4058795
22.24952757236111	1.976018	1.405709
22.26739023889438	1.9870468	1.4096265
22.28525345343323	1.9965247	1.4129844
22.30311721646225	1.9812713	1.4075763
22.320981528466113	1.960717	1.400256
22.33884638992964	1.960928	1.4003314
22.356711801337788	1.9497617	1.3963387
22.37457776317561	1.9479954	1.395706
22.392444275928337	1.9792514	1.4068587
22.410311340081282	2.0196083	1.4211292
22.428178956119904	2.0059493	1.4163154
22.446047124529805	1.9830904	1.4082224
22.46391584579669	1.994239	1.4121753
22.481785120406414	1.9778461	1.4063592
22.49965494884496	1.9341991	1.3907548
22.51752533159841	1.9294268	1.3890381
22.53539626915302	1.9575646	1.39913
22.553267761995137	1.9922984	1.411488
22.571139810611264	1.9897491	1.4105847
22.589012415488025	1.9721451	1.4043308
22.60688557711216	1.9620777	1.4007418
22.624759295970566	1.9769155	1.4060283
22.642633572550263	1.9603233	1.4001155
22.660508407338362	1.9530748	1.3975245
22.67838380082217	1.946406	1.3951366
22.696259753489077	1.9475209	1.3955361
22.714136265826614	1.9211112	1.3860415
22.73201333832246	1.9208027	1.3859303
22.74989097146439	1.9262311	1.3878872
22.76776916574035	1.922527	1.3865522
22.785647921638393	1.8879576	1.3740296
22.803527239646712	1.8908474	1.375081
22.82140712025363	1.8826274	1.3720887
22.839287563947593	1.8962117	1.37703
22.85716857121719	1.942652	1.3937905
22.875050142551135	1.966111	1.4021808
22.892932278438277	1.9608389	1.4002995
22.910814979367604	1.9261434	1.3878556
22.928698245828222	1.8880688	1.3740702
22.946582078309387	1.8774889	1.3702149
22.96446647730047	1.8885205	1.3742346
22.98235144329098	1.9039699	1.3798442
23.000236976770562	1.902515	1.3793169
23.018123078229	1.9009986	1.378767
23.03600974815619	1.8852781	1.3730543
23.053896987042194	1.8848004	1.3728803
23.071784795377173	1.9182459	1.3850075
23.08967317365145	1.9508147	1.3967156
23.10756212235546	1.9465472	1.3951871
23.125451641979787	1.9557264	1.3984729
23.143341733015134	1.9766219	1.4059238
23.161232395952357	2.001867	1.4148735
23.179123631282426	1.9753815	1.4054826
23.197015439496468	1.9643222	1.4015428
23.214907821085717	1.9712516	1.4040127
23.23280077654157	1.9776176	1.4062779
23.250694306355538	1.9629265	1.4010448
23.268588411019277	1.9554702	1.3983812
23.28648309102458	1.9638948	1.4013903
23.304378346863356	1.9794216	1.4069192
23.322274179027676	2.0070684	1.4167104
23.340170588009723	1.9639188	1.4013989
23.358067574301852	1.9388173	1.3924142
23.37596513839651	1.9152926	1.3839409
23.39386328078629	1.940158	1.3928956
23.411762001963947	1.9296763	1.3891279
23.429661302422353	1.9342749	1.3907821
23.4475611826545	1.9417855	1.3934796
23.46546164315356	1.936547	1.3915987
23.48336268441279	1.9063771	1.3807162
23.501264306925638	1.9014132	1.3789175
23.51916651118564	1.9023644	1.3792622
23.537069297686497	1.9048963	1.3801798
23.554972666922037	1.898294	1.3777859
23.57287661938623	1.8961415	1.3770045
23.59078115557318	1.8623431	1.364677
23.608686275977128	1.8721784	1.3682758
23.62659198109246	1.875148	1.3693604
23.6444982714137	1.882482	1.3720357
23.66240514743549	1.8928205	1.3757981
23.68031260965263	1.913235	1.3831973
23.698220658560068	1.9071509	1.3809963
23.716129294652845	1.9369683	1.3917501
23.7340385184262	1.9639487	1.4014095
23.75194833037546	1.9582747	1.3993837
23.769858730996123	1.9347578	1.3909557
23.78776972078382	1.9090732	1.3816922
23.80568130023431	1.8954964	1.3767703
23.823593469843495	1.9014294	1.3789233
23.841506230107424	1.9324195	1.3901149
23.859419581522275	1.9269189	1.3881351
23.87733352458438	1.9059807	1.3805726
23.89524805979019	1.8794795	1.3709412
23.913163187636318	1.9028285	1.3794305
23.931078908619508	1.9009857	1.3787624
23.948995223236633	1.9411087	1.3932368
23.966912131984735	1.998899	1.4138242
23.98482963536096	2.03214	1.4255315
24.002747733862616	2.0347753	1.4264555
24.020666427987155	1.9886949	1.410211
24.038585718232156	2.0170581	1.4202317
24.056505605095353	2.051292	1.4322332
24.074426089074617	2.115274	1.4543982
24.092347170667946	2.1126685	1.4535022
24.110268850373515	2.087407	1.4447862
24.128191128689586	2.0771635	1.4412367
24.146114006114626	2.0667446	1.4376177
24.164037483147187	2.0765228	1.4410145
24.181961560286005	2.1094413	1.4523916
24.199886238029926	2.1100142	1.4525888
24.21781151687797	2.0909421	1.446009
24.235737397329274	2.0447612	1.4299514
24.253663879883135	2.0457344	1.4302918
24.271590965038975	2.0711794	1.4391593
24.289518653296376	2.08889	1.4452993
24.30744694515505	2.0798552	1.4421703
24.32537584111486	2.0359178	1.4268559
24.34330534167581	1.991357	1.4111545
24.361235447338046	2.0028281	1.4152131
24.379166158601876	2.0108716	1.4180521
24.39709747596772	2.0437703	1.429605
24.41502939993615	2.023562	1.4225196
24.432961931007917	2.0266898	1.4236186
24.450895069683856	2.0703661	1.4388767
24.468828816465	2.1055744	1.4510597
24.4867631718525	2.0948057	1.4473444
24.504698136347656	2.0400386	1.4282992
24.52263371045192	2.0114696	1.4182628
24.540569894666874	2.0001187	1.4142555
24.558506689494266	2.026115	1.4234166
24.57644409543597	2.020799	1.4215481
24.594382112994012	1.9873787	1.4097441
24.61232074267057	1.9356408	1.3912731
24.630259984967953	1.9785595	1.4066128
24.64819984038863	2.0113502	1.4182208
24.66614030943522	2.0141747	1.4192163
24.684081392610462	2.0073454	1.4168081
24.702023090417274	2.0223043	1.4220774
24.7199654033587	2.017594	1.4204204
24.737908331937927	1.9967395	1.4130603
24.755851876658305	2.0297859	1.4247055
24.773796038023324	2.1120436	1.4532871
24.79174081653661	2.1883001	1.4792904
24.809686212701962	2.1715236	1.473609
24.827632227023294	2.152887	1.467272
24.8455788600047	2.118844	1.4556249
24.8635261121504	2.1018004	1.4497588
24.88147398396475	2.083106	1.4432969
24.899422475952303	2.1370983	1.4618818
24.917371588617698	2.2118256	1.4872208
24.935321322465768	2.3692613	1.5392405
24.953271678001478	2.6265938	1.620677
24.97122265572994	3.0306172	1.7408668
24.989174256156414	3.4894629	1.8680104
25.00712647978632	4.0045347	2.0011334
25.02507932712521	4.5003676	2.121407
25.043032798678798	5.0307817	2.2429404
25.060986894952933	6.007985	2.4511192
25.078941616453637	6.9052367	2.6277816
25.096896963687055	7.7454653	2.7830677
25.114852937159508	8.152638	2.8552825
25.132809537377444	7.974514	2.823918
25.150766764847468	7.3704166	2.7148511
25.168724620076347	6.205101	2.491004
25.186683103570985	4.976495	2.2308059
25.204642215838426	3.8805368	1.9699078
25.222601957385894	2.9662344	1.722276
25.24056232872074	2.4443765	1.5634502
25.25852333035048	2.2214108	1.4904398
25.276484962782778	2.1341176	1.4608619
25.294447226525435	2.0734591	1.4399511
25.312410122086423	1.9915105	1.4112089
25.330373649973843	1.9458332	1.3949312
25.348337810695988	1.9261782	1.3878683
25.366302604761245	1.8862062	1.3733922
25.384268032678207	1.8689369	1.3670907
25.40223409495558	1.9307008	1.3894966
25.420200792102257	1.9450494	1.3946503
25.438168124627246	1.9589915	1.3996397
25.45613609303974	1.949629	1.3962911
25.474104697849057	1.9012135	1.378845
25.492073939564698	1.9284812	1.3886976
25.510043818696285	1.9304632	1.3894111
25.528014335753614	1.894417	1.3763782
25.54598549124664	1.8895733	1.3746176
25.56395728568544	1.8998697	1.3783576
25.58192971958028	1.9471201	1.3953924
25.59990279344156	1.9191517	1.3853345
25.617876507779833	1.8975511	1.3775163
25.635850863105826	1.8725145	1.3683985
25.653825859930386	1.8987911	1.3779663
25.671801498764548	1.9457237	1.394892
25.68977778011949	1.9571787	1.3989921
25.707754704506524	1.9465679	1.3951945
25.725732272437153	1.9326128	1.3901844
25.743710484423012	1.9715145	1.4041063
25.761689340975888	1.9571394	1.398978
25.77966884260774	1.9193321	1.3853996
25.797648989830662	1.8446994	1.3581971
25.815629783156922	1.8574903	1.3628978
25.83361122309895	1.8671057	1.3664207
25.85159331016929	1.8694948	1.3672947
25.869576044880695	1.8675171	1.3665713
25.887559427746034	1.8701768	1.367544
25.90554345927836	1.8841896	1.3726579
25.92352813999086	1.8925871	1.3757133
25.94151347039689	1.8501962	1.3602192
25.959499451009965	1.8317424	1.3534188
25.97748608234374	1.8556508	1.3622228
25.995473364912062	1.888626	1.374273
26.013461299228904	1.8677319	1.3666499
26.03144988580839	1.8626993	1.3648074
26.04943912516483	1.8558837	1.3623083
26.067429017812675	1.8380533	1.3557483
26.085419564266537	1.8271588	1.3517244
26.103410765041186	1.8987105	1.3779371
26.12140262065155	1.9053952	1.3803605
26.139395131612723	1.8567437	1.3626238
26.157388298439948	1.8105434	1.3455644
26.17538212164861	1.838743	1.3560026
26.193376601754295	1.8182923	1.3484406
26.211371739272714	1.8368593	1.3553078
26.229367534719746	1.8270534	1.3516854
26.247363988611433	1.8189553	1.3486865
26.26536110146397	1.79996	1.3416259
26.283358873793727	1.8298781	1.3527299
26.301357306117204	1.80955	1.3451952
26.319356398951104	1.827242	1.3517551
26.33735615281224	1.8836358	1.3724561
26.35535656821762	1.8919349	1.3754762
26.373357645684404	1.8734021	1.3687228
26.39135938572991	1.848608	1.3596352
26.409361788871614	1.8743184	1.3690574
26.427364855627165	1.9013249	1.3788854
26.445368586514352	1.9018037	1.379059
26.46337298205115	1.8891697	1.3744707
26.48137804275568	1.8418642	1.3571529
26.499383769146217	1.8427154	1.3574666
26.517390161741215	1.8246963	1.3508132
26.53539722105928	1.8334807	1.3540608
26.553404947619182	1.8259852	1.3512902
26.571413341939856	1.8365773	1.3552037
26.589422404540397	1.8225249	1.3500092
26.60743213594006	1.7890576	1.3375566
26.62544253665827	1.7878716	1.3371131
26.64345360721459	1.782543	1.3351191
26.66146534812879	1.8045083	1.3433199
26.679477759920758	1.8235298	1.3503814
26.69749084311057	1.8795294	1.3709593
26.71550459821847	1.8641263	1.3653301
26.733519025764842	1.8188963	1.3486646
26.751534126270258	1.7947961	1.3397
26.769549900255434	1.7779855	1.3334112
26.787566348241267	1.7542245	1.3244715
26.80558347074881	1.7590991	1.3263104
26.823601268299267	1.8047473	1.3434088
26.841619741414036	1.8575827	1.3629316
26.85963889061465	1.8582278	1.3631684
26.877658716422832	1.84841	1.3595624
26.89567921936045	1.8400435	1.356482
26.913700399949544	1.8221594	1.3498739
26.93172225871233	1.8105556	1.3455689
26.949744796171174	1.8259541	1.3512787
26.967768012848605	1.8362142	1.3550698
26.98579190926733	1.8316948	1.3534012
27.003816485950225	1.8486089	1.3596356
27.021841743420318	1.872109	1.3682504
27.039867682200814	1.849406	1.3599287
27.057894302815072	1.7863481	1.3365433
27.07592160578664	1.760434	1.3268135
27.0939495916392	1.7600545	1.3266704
27.111978260896635	1.7944539	1.3395723
27.13000761408296	1.7881068	1.3372011
27.148037651722397	1.8107129	1.3456273
27.166068374339304	1.820509	1.3492624
27.184099782458215	1.8383892	1.3558722
27.20213187660384	1.8211735	1.3495086
27.22016465730105	1.8004874	1.3418224
27.23819812507487	1.7894336	1.3376971
27.256232280450533	1.7837474	1.3355701
27.274267123953383	1.8239883	1.3505511
27.292302656108987	1.8460763	1.3587039
27.31033887744306	1.7864639	1.3365866
27.32837578848146	1.748843	1.3224382
27.34641338975026	1.7890557	1.3375559
27.364451681775673	1.8270155	1.3516713
27.382490665084074	1.8308973	1.3531065
27.400530340202046	1.7950443	1.3397926
27.41857070765629	1.7732008	1.3316158
27.436611767973726	1.8064164	1.3440299
27.454653521681404	1.8403258	1.3565861
27.472695969306564	1.8305101	1.3529634
27.490739111376627	1.8073404	1.3443736
27.508782948419153	1.8332003	1.3539573
27.526827480961902	1.8300164	1.3527809
27.54487270953279	1.8156594	1.3474641
27.562918634659898	1.7661371	1.3289609
27.580965256871508	1.7912017	1.3383578
27.599012576696026	1.8372455	1.3554503
27.617060594662068	1.8605405	1.3640163
27.63510931129842	1.8488919	1.3597397
27.65315872713401	1.8600147	1.3638235
27.67120884269797	1.8839858	1.3725836
27.68925965851958	1.9037814	1.3797759
27.707311175128307	1.8770392	1.3700508
27.725363393053787	1.8929938	1.3758612
27.74341631282583	1.9108111	1.3823209
27.7614699349744	1.949021	1.3960735
27.77952426002968	2.1160545	1.4546665
27.797579288521973	2.173493	1.4742771
27.815635020981784	2.6245327	1.620041
27.83369145793979	2.6750398	1.6355549
27.85174859992682	2.4759176	1.5735049
27.869806447473923	2.3311238	1.5268018
27.887865001112267	2.0268157	1.4236628
27.905924261373233	1.8994758	1.3782147
27.92398422878836	1.8534777	1.3614249
27.94204490388936	1.8718722	1.3681638
27.96010628720813	1.919622	1.3855042
27.978168379276728	1.9214722	1.3861718
27.9962311806274	1.8437783	1.357858
28.014294691792568	1.8753921	1.3694495
28.0323589133048	1.9370078	1.3917643
28.050423845696887	1.9581873	1.3993524
28.068489489501758	1.91571	1.3840917
28.086555845252523	1.9018335	1.3790698
28.104622913482487	1.8897163	1.3746696
28.122690694725115	1.8975135	1.3775027
28.14075918951405	1.9049705	1.3802067
28.15882839838312	1.906996	1.3809403
28.176898321866304	1.8870615	1.3737036
28.1949689604978	1.8675158	1.3665708
28.213040314811945	1.8985095	1.3778641
28.23111238534327	1.9896452	1.4105479
28.249185172626493	2.0060332	1.416345
28.267258677196473	1.993324	1.4118513
28.285332899588294	1.9694636	1.4033757
28.303407840337172	1.9943603	1.4122182
28.321483499978545	1.9610351	1.4003696
28.33955987904799	1.9231757	1.3867861
28.357636978081285	1.9066457	1.3808134
28.37571479761439	1.9042178	1.379934
28.393793338183425	1.9279505	1.3885065
28.41187260032469	1.9646091	1.4016452
28.429952584574686	1.9987901	1.4137857
28.448033291470065	2.0195732	1.421117
28.46611472154769	2.019895	1.4212301
28.484196875344566	2.0097332	1.4176506
28.502279753397914	1.9643754	1.4015617
28.52036335624511	1.9716778	1.4041644
28.538447684423716	2.021987	1.4219658
28.556532738471482	2.016784	1.4201351
28.574618518926325	2.0030942	1.415307
28.59270502632635	1.9915928	1.4112381
28.61079226120985	1.9463918	1.3951315
28.628880224115274	1.9227269	1.3866242
28.646968915581287	2.002023	1.4149286
28.66505833614671	2.057688	1.4344643
28.68314848635055	2.1015494	1.4496722
28.701239366732004	2.11395	1.4539429
28.71933097783044	2.1627748	1.4706376
28.737423320185403	2.2025247	1.4840906
28.75551639433665	2.214088	1.4879812
28.773610200824074	2.2146604	1.4881735
28.791704740187793	2.2127306	1.487525
28.80980001296809	2.1559935	1.4683301
28.827896019705413	2.156925	1.4686474
28.845992760940433	2.1496112	1.4661553
28.86409023721397	2.1986356	1.4827796
28.88218844906704	2.1976116	1.4824344
28.900287397040845	2.2582793	1.5027572
28.918387081676755	2.329124	1.5261468
28.936487503516343	2.3407776	1.52996
28.954588663101365	2.3373306	1.528833
28.97269056097374	2.3365855	1.5285894
28.990793197675597	2.3663	1.5382783
29.00889657374923	2.3876197	1.5451925
29.027000689737125	2.4314184	1.5593007
29.04510554618196	2.4779108	1.574138
29.06321114362659	2.447105	1.5643225
29.08131748261405	2.4181492	1.55504
29.099424563687567	2.4931636	1.5789754
29.11753238739057	2.5922425	1.6100442
29.13564095426663	2.6310432	1.6220491
29.15375026485954	2.6458638	1.6266111
29.171860319713275	2.6617754	1.6314949
29.18997111937199	2.71001	1.6462108
29.20808266438002	2.8137808	1.6774328
29.226194955281898	2.8633246	1.6921362
29.244307992622335	2.8893356	1.6998045
29.26242177694624	2.9062357	1.7047685
29.2805363087987	2.8989055	1.7026173
29.29865158872498	2.8828564	1.6978977
29.316767617270557	2.9393232	1.7144455
29.334884394981064	3.0548375	1.7478093
29.353001922402367	3.1453342	1.773509
29.37112020008047	3.2287047	1.7968596
29.389239228561596	3.4725735	1.8634843
29.407359008392152	4.000906	2.0002265
29.42547954011872	4.8455806	2.201268
29.44360082428809	6.184723	2.4869103
29.46172286144722	8.0413685	2.8357308
29.479845652143283	10.321177	3.212659
29.497969196923606	13.121384	3.622345
29.516093496335728	15.830524	3.978759
29.5342185509274	17.782484	4.2169285
29.55234436124651	18.204668	4.2666926
29.570470927841175	17.25453	4.153857
29.588598251259686	15.220337	3.901325
29.60672633205055	12.705036	3.5644124
29.624855170762405	10.114246	3.1802902
29.642984767944146	7.5062103	2.7397463
29.66111512414481	5.6861286	2.3845606
29.67924623991366	4.4690676	2.114017
29.697378115800138	3.8272684	1.9563406
29.71551075235387	3.5973582	1.8966703
29.733644150124675	3.4772968	1.8647511
29.751778309662576	3.3682606	1.8352822
29.769913231517766	3.2813394	1.8114468
29.78804891624066	3.24158	1.8004389
29.806185364381818	3.3146338	1.8206136
29.82432257649206	3.3251348	1.8234951
29.842460553122333	3.2863915	1.8128407
29.86059929482382	3.270648	1.8084933
29.878738802147872	3.275004	1.8096972
29.896879075646048	3.3310015	1.8251032
29.915020115870114	3.3454442	1.8290555
29.933161923371976	3.319807	1.8220338
29.951304498703777	3.3012683	1.8169392
29.969447842417857	3.2689679	1.8080287
29.987591955066733	3.3245547	1.8233361
30.005736837203123	3.366711	1.83486
30.023882489379943	3.3104222	1.8194566
30.04202891215028	3.2060697	1.7905501
30.060176106067455	3.185258	1.7847291
30.078324071684946	3.195212	1.7875155
30.09647280955646	3.123712	1.7674026
30.114622320235863	3.076637	1.7540345
30.132772604277257	3.121635	1.766815
30.1509236622349	3.1298714	1.7691443
30.16907549466328	3.1030521	1.7615483
30.18722810211705	3.0488496	1.7460955
30.205381485151097	3.0727997	1.7529403
30.22353564432045	3.0869114	1.7569609
30.241690580180403	3.0562289	1.7482073
30.25984629328638	3.0563745	1.748249
30.278002784194037	2.9771798	1.7254506
30.296160053459246	2.9832394	1.7272056
30.314318101638033	3.021062	1.7381202
30.332476929286646	2.9943352	1.7304147
30.35063653696153	2.960583	1.7206345
30.368796925219307	2.9146378	1.707231
30.386958094616844	2.9050727	1.7044274
30.40512004571115	2.9710453	1.723672
30.423282779059463	2.9610317	1.7207649
30.441446295219233	2.8681653	1.6935658
30.459610594748067	2.8056636	1.6750115
30.47777567820382	2.7884598	1.6698682
30.495941546144504	2.8500452	1.6882077
30.51410819912835	2.8567994	1.6902069
30.532275637713795	2.8091962	1.6760657
30.55044386245946	2.7681937	1.6637889
30.56861287392416	2.7834368	1.6683635
30.586782672666956	2.864537	1.6924943
30.604953259247047	2.8925142	1.7007393
30.623124634223885	2.8880699	1.6994323
30.641296798157075	2.8718042	1.6946398
30.659469751606462	2.8164208	1.6782196
30.677643495132074	2.8131082	1.6772323
30.695818029294152	2.7791095	1.6670661
30.713993354653116	2.756339	1.6602226
30.73216947176962	2.7291188	1.6520045
30.75034638120448	2.6876354	1.639401
30.768524083518756	2.8198023	1.6792266
30.786702579273673	3.0106578	1.7351247
30.80488186903069	3.1754766	1.7819867
30.82306195335144	3.384768	1.8397739
30.841242832797782	3.6464226	1.9095608
30.85942450793176	3.9891732	1.9972914
30.877606979315637	4.4365544	2.106313
30.895790247511883	4.734655	2.1759262
30.913974313083134	4.8226204	2.1960466
30.932159176592283	4.670096	2.1610405
30.95034483860237	4.3336954	2.081753
30.968531299676698	4.0211215	2.0052733
30.98671856037873	3.6954322	1.9223506
31.00490662127215	3.3150632	1.8207315
31.023095482920848	2.9523928	1.7182529
31.04128514588892	2.6986597	1.6427598
31.059475610740662	2.5889566	1.6090235
31.07766687804056	2.5198972	1.5874184
31.09585894835335	2.5229127	1.5883679
31.11405182224393	2.555004	1.5984379
31.132245500277417	2.589079	1.6090615
31.15043998301914	2.5344408	1.5919927
31.168635271034628	2.4652786	1.5701206
31.18683136488964	2.4398737	1.5620095
31.20502826515008	2.4457672	1.5638949
31.223225972382135	2.5099173	1.5842718
31.241424487152155	2.568788	1.6027439
31.259623810026692	2.5691214	1.6028479
31.27782394157253	2.454348	1.566636
31.296024882356644	2.4719555	1.5722454
31.314226632946237	2.450629	1.5654485
31.332429193908684	2.412657	1.553273
31.350632565811598	2.446474	1.5641209
31.368836749222787	2.5343366	1.59196
31.387041744710295	2.569478	1.6029592
31.40524755284232	2.642666	1.6256279
31.423454174187317	2.6917806	1.6406647
31.441661609313922	2.652631	1.62869
31.459869858791002	2.569387	1.6029308
31.478078923187628	2.4641986	1.5697767
31.496288803073064	2.4340491	1.560144
31.514499499016807	2.4013658	1.5496341
31.532711011588546	2.3645394	1.5377059
31.550923341358178	2.383363	1.5438144
31.56913648889584	2.382715	1.5436045
31.587350454771844	2.3243303	1.5245755
31.605565239556732	2.3161077	1.5218763
31.62378084382127	2.2823927	1.510759
31.641997268136382	2.2979457	1.5158976
31.660214513073274	2.34792	1.5322924
31.67843257920331	2.3857064	1.5445732
31.6966514670981	2.3832629	1.543782
31.71487117732944	2.3691154	1.539193
31.733091710469346	2.2676802	1.5058819
31.751313067090052	2.1793833	1.4762734
31.769535247764008	2.203406	1.4843874
31.787758253063878	2.3040822	1.5179204
31.805982083562526	2.2881186	1.5126529
31.824206739833024	2.2458453	1.4986144
31.84243222244869	2.2693644	1.506441
31.860658531983013	2.2821987	1.5106947
31.878885669009737	2.2580783	1.5026903
31.897113634102784	2.2212381	1.4903818
31.91534242783632	2.2084184	1.4860748
31.933572050784694	2.2268434	1.4922612
31.951802503522508	2.2074807	1.4857593
31.970033786624548	2.170769	1.473353
31.988265900665834	2.1376433	1.4620682
32.006498846221575	2.1119885	1.4532682
32.02473262386724	2.132071	1.4601613
32.04296723417845	2.1916199	1.480412
32.0612026777311	2.2287266	1.492892
32.07943895510129	2.2400217	1.4966702
32.097676066865304	2.18903	1.479537
32.115914013599685	2.1256077	1.4579464
32.13415279588115	2.120097	1.4560553
32.152392414286666	2.1769848	1.4754609
32.1706328693934	2.200565	1.4834301
32.18887416177875	2.1774154	1.4756068
32.20711629202032	2.150549	1.466475
32.225359260695924	2.1317527	1.4600523
32.243603068383614	2.1698868	1.4730536
32.26184771566166	2.250912	1.500304
32.28009320310852	2.2199032	1.489934
32.2983395313029	2.1564507	1.4684858
32.31658670082372	2.0819292	1.4428892
32.33483471225012	2.1378465	1.4621376
32.35308356616143	2.0973895	1.4482367
32.371333263137245	2.0558975	1.4338402
32.38958380375734	2.0619442	1.4359472
32.407835188601744	2.0954578	1.4475696
32.42608741825067	2.1594944	1.4695219
32.444340493284585	2.1391513	1.4625838
32.46259441428416	2.0606241	1.4354874
32.48084918183028	2.0369327	1.4272115
32.49910479650405	2.1008434	1.4494287
32.51736125888683	2.1170113	1.4549953
32.53561856956014	2.0822108	1.4429867
32.5538767291058	2.0836089	1.4434711
32.572135738105764	2.166432	1.4718804
32.59039559714228	2.0788746	1.4418303
32.608656306797776	2.0195005	1.4210913
32.62691786765491	2.0441737	1.429746
32.645180280296586	2.1228342	1.4569949
32.663443545305896	2.155087	1.4680215
32.68170766326619	2.104216	1.4505917
32.69997263476099	2.0907528	1.4459436
32.7182384603741	2.1499789	1.4662806
32.7365051406895	2.1211543	1.4564183
32.75477267629144	2.0200155	1.4212725
32.77304106776434	1.8858911	1.3732775
32.79131031569289	1.8938127	1.3761587
32.809580420661966	2.0199978	1.4212663
32.827851383256714	2.0954454	1.4475653
32.84612320406245	2.0466998	1.4306291
32.86439588366476	2.029754	1.4246943
32.88266942264945	1.9538884	1.3978156
32.9009438216025	1.9385242	1.392309
32.9192190811102	2.0289898	1.4244261
32.937495201758985	2.0099046	1.417711
32.95577218413556	2.0218349	1.4219124
32.974050028826866	1.9924788	1.411552
32.992328736420035	1.9401934	1.3929082
33.010608307502444	1.9449139	1.3946017
33.02888874266169	1.9729873	1.4046307
33.047170042485604	2.099488	1.448961
33.06545220756225	2.0347965	1.4264629
33.083735238479896	1.9221212	1.3864058
33.10201913582707	1.935905	1.391368
33.12030390019248	1.9818468	1.4077808
33.138589532165135	1.9422551	1.3936481
33.15687603233419	1.9606454	1.4002305
33.17516340128909	2.0950944	1.4474441
33.19345163961947	2.131996	1.4601356
33.211740747915215	2.120104	1.4560577
33.23003072676643	2.0359085	1.4268526
33.248321576763466	1.9587039	1.399537
33.266613298496885	1.936689	1.3916497
33.28490589255747	1.9691995	1.4032817
33.30319935953626	1.9969271	1.4131267
33.32149370002451	2.0312562	1.4252214
33.339788914613706	2.022968	1.4223108
33.358085003895575	2.0380454	1.4276012
33.376381968462034	1.981186	1.4075462
33.39467980890529	1.8712002	1.3679183
33.41297852581774	1.8960484	1.3769708
33.43127811979204	1.9167038	1.3844507
33.44957859142105	1.9991584	1.413916
33.467879941297866	1.9875917	1.4098197
33.486182170015844	2.0268636	1.4236796
33.50448527816853	2.001669	1.4148035
33.522789266349754	1.9667022	1.4023916
33.541094135153514	1.8757961	1.3695971
33.55939988517411	1.8420643	1.3572267
33.57770651700602	1.8923192	1.375616
33.59601403124398	1.9426306	1.3937829
33.61432242848296	1.9652565	1.4018761
33.632631709318154	2.0115287	1.4182837
33.650941874344994	2.078152	1.4415797
33.66925292415916	2.0963619	1.4478818
33.68756485935654	2.0043917	1.4157654
33.70587768053328	1.9697161	1.4034657
33.724191388285746	1.9258077	1.3877348
33.74250598321054	1.7956663	1.3400247
33.760821465904506	1.7919928	1.3386533
33.77913783696474	1.8446283	1.358171
33.79745509698852	1.9556931	1.398461
33.815773246573414	1.9805267	1.4073119
33.8340922863172	1.9931004	1.4117721
33.852412216817896	1.9365075	1.3915845
33.87073303867377	1.8782864	1.3705059
33.889054752483304	1.8566909	1.3626045
33.907377358845245	1.8035272	1.3429546
33.92570085835853	1.7860141	1.3364184
33.94402525162239	1.832067	1.3535388
33.96235053923627	1.9544473	1.3980155
33.980676721799824	1.9959458	1.4127795
33.999003799912984	1.921945	1.3863423
34.01733177417592	1.978216	1.4064907
34.03566064518901	2.0422387	1.4290692
34.0539904135529	2.0764678	1.4409955
34.07232107986846	2.0791075	1.4419111
34.090652644736785	1.9913824	1.4111634
34.108985108759235	1.9633888	1.4012097
34.12731847253742	1.9006888	1.3786547
34.14565273667313	1.9336092	1.3905427
34.16398790176847	2.0498114	1.4317162
34.18232396842574	2.0347965	1.4264629
34.20066093724749	2.0455062	1.4302119
34.21899880883651	2.1170318	1.4550023
34.23733758379583	2.07091	1.4390657
34.25567726272874	1.9055626	1.3804212
34.27401784623872	1.7571534	1.3255767
34.29235933492957	1.7208352	1.3118061
34.31070172940526	1.8731434	1.3686283
34.32904503027003	2.004323	1.4157412
34.347389238128386	1.9865636	1.4094551
34.36573435358502	1.9913162	1.4111401
34.38408037724492	2.04249	1.4291571
34.402427309713296	2.0000389	1.4142272
34.42077515159559	1.9758124	1.405636
34.43912390349752	1.9342297	1.3907659
34.45747356602499	2.039168	1.4279944
34.47582413978423	2.2046793	1.4848162
34.49417562538163	2.188401	1.4793245
34.51252802342388	2.0316055	1.425344
34.53088133451789	1.8519406	1.3608602
34.54923555927084	1.8917409	1.3754057
34.567590698290104	2.001273	1.4146636
34.58594675218336	2.07167	1.4393297
34.6043037215585	2.0993953	1.448929
34.62266160702365	2.1145186	1.4541384
34.641020409187234	1.9754065	1.4054916
34.65938012865785	1.8866137	1.3735406
34.677740766044394	1.9761553	1.4057579
34.69610232195598	2.1336482	1.4607012
34.714464797002016	1.9514414	1.39694
34.73282819179208	1.8025734	1.3425995
34.751192506936064	1.886909	1.373648
34.76955774304408	1.9854751	1.4090688
34.7879239007265	2.0152166	1.4195832
34.80629098059391	1.9315692	1.389809
34.824658983257194	1.784509	1.3358551
34.843027909327446	1.6911993	1.3004612
34.86139775941603	1.6946381	1.3017827
34.879768534134534	1.8435133	1.3577604
34.89814023409483	2.0048862	1.41594
34.91651285990901	2.1570473	1.468689
34.93488641218944	2.1330733	1.4605045
34.95326089154871	2.0129144	1.4187721
34.97163629859967	2.0306036	1.4249926
34.99001263395542	2.053035	1.4328415
35.00838989822934	2.0481591	1.4311391
35.02676809203499	2.018236	1.4206463
35.04514721598624	2.1102266	1.4526619
35.063527270697215	2.0017412	1.414829
35.081908256782256	1.7526299	1.3238692
35.10029017485597	1.8018148	1.342317
35.11867302553321	1.9070816	1.3809713
35.137056809429104	2.0252635	1.4231175
35.155441527159006	2.0577245	1.4344771
35.173827179338524	2.0336616	1.4260651
35.19221376658354	1.8621367	1.3646013
35.21060128951017	2.0086474	1.4172676
35.2289897487348	2.2128398	1.4875617
35.24737914487405	2.3524907	1.5337831
35.26576947854479	2.310883	1.5201589
35.28416075036418	2.279823	1.5099083
35.30255296094958	2.0316954	1.4253755
35.32094611091867	1.9289253	1.3888575
35.33934020088932	2.1216123	1.4565755
35.35773523147969	2.3370922	1.5287551
35.3761312033082	2.19865	1.4827845
35.394528116993506	2.246877	1.4989586
35.41292597315452	2.33544	1.5282146
35.431324772410434	2.3555155	1.5347688
35.449724515380666	2.220986	1.4902972
35.46812520268491	2.1730638	1.4741316
35.486526834943106	2.0931637	1.446777
35.504929412775454	2.1138074	1.4538939
35.52333293680242	2.2715378	1.5071622
35.54173740764471	2.1783595	1.4759266
35.560142825923286	2.252572	1.5008571
35.5785491922594	2.275987	1.5086374
35.59695650727454	2.2292292	1.4930604
35.61536477159042	1.7820303	1.3349271
