0.008763373481513119	0.0	0.0
0.026290120649546365	0.0	0.0
0.043816868432600686	0.054749444	0.23398599
0.06134361724069026	0.10053836	0.31707785
0.07887036748382949	0.078538425	0.2802471
0.0963971195720331	0.0881196	0.29684946
0.11392387391531617	0.11586874	0.34039497
0.1314506309236943	0.13307649	0.3647965
0.1489773910071836	0.07558783	0.2749324
0.16650415457580078	0.03722426	0.1929359
0.18403092203956356	0.03572358	0.18900682
0.20155769380849	0.03916154	0.19789276
0.2190844702925996	0.046962272	0.21670781
0.2366112519019124	0.090751685	0.3012502
0.2541380390464497	0.1617233	0.40214837
0.27166483213623416	0.20720868	0.4552018
0.28919163158128947	0.23892325	0.48879775
0.3067184377916406	0.22833484	0.47784394
0.324245251177314	0.18916735	0.43493372
0.34177207214833777	0.17612606	0.41967377
0.3592989011147415	0.14388745	0.37932497
0.37682573848655654	0.12272053	0.35031492
0.39435258467381573	0.120892614	0.34769616
0.41187944008655414	0.12439198	0.35269248
0.42940630513480854	0.13518243	0.36767164
0.446933180228618	0.14484487	0.38058493
0.4644600657780234	0.13798873	0.37146834
0.48198696219306775	0.123645104	0.35163206
0.49951386988379676	0.12202165	0.34931597
0.5170407892602581	0.113370225	0.33670494
0.5345677207325025	0.13788529	0.37132907
0.5520946647105822	0.15352565	0.3918235
0.5696216216045534	0.13678074	0.3698388
0.5871485918244737	0.09205167	0.3034002
0.6046755757804043	0.13219804	0.36359048
0.6222025738824094	0.1443475	0.3799309
0.6397295865405557	0.1519947	0.38986498
0.6572566141649129	0.15269357	0.39076024
0.6747836571655547	0.1048398	0.32378975
0.6923107159525568	0.15810345	0.39762226
0.7098377909359992	0.18034008	0.42466468
0.7273648825259653	0.2184461	0.4673822
0.7448919911325411	0.21435615	0.46298614
0.762419117165817	0.25905505	0.5089745
0.7799462610358868	0.26742893	0.5171353
0.7974734231528482	0.25633445	0.50629485
0.8150006039268024	0.18951136	0.43532902
0.8325278037678551	0.17579801	0.41928273
0.8500550230861152	0.22127356	0.47039723
0.8675822622916969	0.24355245	0.49351034
0.8851095217947171	0.29288575	0.5411892
0.9026368020052984	0.3111115	0.5577737
0.9201641033335665	0.3400755	0.5831599
0.9376914261896523	0.31618372	0.5623022
0.9552187709836915	0.26978767	0.5194109
0.9727461381258234	0.2683678	0.51804227
0.990273528026193	0.29671228	0.544713
1.0078009410949496	0.321272	0.5668086
1.0253283777422473	0.32054317	0.5661653
1.0428558383782454	0.30513442	0.55238974
1.0603833234131086	0.29792872	0.54582846
1.0779108332570058	0.3466207	0.58874506
1.0954383683201119	0.33950323	0.5826691
1.112965929012607	0.36268425	0.6022327
1.1304935157446763	0.51015335	0.7142502
1.1480211289265108	0.5448132	0.73811466
1.1655487689683062	1.4087967	1.1869274
1.1830764362802655	1.6676695	1.2913828
1.200604131272596	2.0584636	1.4347347
1.2181318543555117	2.3291862	1.5261672
1.235659605939232	2.3827374	1.5436118
1.253187386433982	3.8842995	1.9708626
1.270715196249994	6.3279138	2.5155344
1.2882430357975057	11.79075	3.4337661
1.3057709054867608	16.770565	4.095188
1.3232988057280106	22.271385	4.719257
1.3408267369315112	26.762417	5.1732407
1.358354699507526	30.140203	5.4900093
1.3758826938663256	34.29901	5.856536
1.3934107204181858	36.54141	6.044949
1.410938779573391	36.868565	6.071949
1.4284668717422309	37.196037	6.0988555
1.4459949973350033	36.624275	6.0517993
1.4635231567620117	36.777664	6.0644593
1.4810513504335687	36.31864	6.026495
1.4985795787599925	35.744263	5.9786506
1.5161078421516088	35.466263	5.9553556
1.5336361410187505	34.846313	5.9030766
1.5511644757717598	35.043762	5.9197774
1.5686928468209842	36.11863	6.0098777
1.58622125457678	36.48876	6.0405927
1.6037496994495108	37.556606	6.1283445
1.621278181849548	36.991497	6.0820637
1.6388067021872719	37.516964	6.125109
1.6563352608730693	36.972942	6.080538
1.673863858317336	36.206303	6.017167
1.6913924949304753	35.534145	5.9610524
1.7089211711228998	34.541225	5.877178
1.7264498873050296	33.555473	5.7927084
1.7439786438872935	32.635113	5.712715
1.7615074412801288	31.600807	5.6214595
1.779036279893981	31.091515	5.5759764
1.796565160139305	30.094252	5.4858227
1.814094082426564	29.51256	5.432546
1.8316230471662298	28.981009	5.3834014
1.849152054768784	28.0514	5.296357
1.8666811056447168	27.481388	5.2422695
1.8842102002045273	26.615032	5.158976
1.901739338858724	26.528486	5.1505814
1.9192685220178245	25.928377	5.0919914
1.9367977500923557	24.925167	4.9925113
1.9543270234928547	23.866924	4.885379
1.971856342629867	23.069975	4.8031216
1.9893857079139496	22.781887	4.7730374
2.006915119755667	22.349928	4.727571
2.0244445785655945	21.94469	4.684516
2.0419740847543175	21.805485	4.6696343
2.0595036387324317	21.459784	4.6324706
2.0770332409105414	21.016909	4.58442
2.094562891699263	20.654123	4.5446806
2.1120925915092217	20.044514	4.47711
2.129622340751053	19.808723	4.4506993
2.1471521398354043	187.67404	13.699417
2.1646819891729323	444.1342	21.074492
2.182211889174303	440.33197	20.984089
2.1997418402501974	452.71774	21.277164
2.2172718428113023	432.68716	20.801134
2.234801897268317	320.4986	17.902475
2.2523320040319548	17.059307	4.1302915
2.269862163512935	16.79324	4.0979557
2.287392376121992	16.434994	4.0540094
2.304922642269869	16.156853	4.019559
2.322452962367322	15.82618	3.9782133
2.3399833368251164	15.540083	3.9420912
2.357513766054032	15.282073	3.9092293
2.3750442504648586	15.095582	3.8853033
2.3925747904683963	14.879649	3.8574147
2.410105386475459	14.680565	3.8315225
2.4276360388968707	14.273599	3.7780416
2.445166748143469	14.069814	3.7509751
2.4626975146261025	13.865701	3.7236676
2.4802283387556323	13.590083	3.686473
2.4977592209429305	13.206638	3.634094
2.5152901615988825	12.897462	3.5913036
2.5328211611343865	12.899215	3.5915477
2.5503522199603523	12.61013	3.5510745
2.5678833384877024	12.400586	3.5214467
2.5854145171273712	12.214014	3.4948554
2.6029457562903064	12.018321	3.4667451
2.620477056387469	11.9298935	3.4539678
2.6380084178298326	11.706852	3.4215276
2.655539841028383	11.483047	3.3886645
2.673071326394119	11.425132	3.3801084
2.6906028743380523	11.233821	3.3516893
2.708134485271211	10.865291	3.296254
2.7256661596046325	10.597944	3.2554483
2.743197897749369	10.40878	3.226264
2.760729700116486	10.516335	3.24289
2.778261567117063	10.46162	3.2344427
2.795793499162193	10.387222	3.2229214
2.8133254966629817	10.278933	3.2060773
2.830857560030551	9.929411	3.1510968
2.8483896896760337	9.561729	3.0922046
2.865921886010578	9.422795	3.069657
2.883454149445347	9.295431	3.048841
2.9009864803915177	9.311622	3.051495
2.91851887926028	9.146159	3.0242617
2.9360513464628384	9.0464115	3.0077252
2.953583882410413	8.902377	2.9836853
2.9711164875142373	8.808212	2.9678633
2.9886491621855606	8.774056	2.9621034
3.0061819068356455	8.66523	2.9436762
3.023714721875769	8.689612	2.947815
3.041247607717225	8.651721	2.9413807
3.0587805647713213	8.545599	2.9232857
3.0763135934493806	8.270478	2.875844
3.0938466941627407	8.080191	2.8425677
3.1113798673227544	7.989476	2.8265662
3.1289131133407904	7.8487206	2.8015568
3.1464464326282315	7.6730466	2.7700264
3.1639798255964786	7.588443	2.7547128
3.1815132926569443	7.6107993	2.7587676
3.1990468342210603	7.5555387	2.748734
3.216580450700272	7.4717503	2.7334502
3.2341141425060416	7.299148	2.7016935
3.251647910049847	7.142087	2.6724684
3.2691817537431813	7.1089106	2.666254
3.286715673997555	7.1073937	2.6659696
3.3042496712244938	7.0828876	2.6613696
3.32178374583554	6.993295	2.6444838
3.339317898242251	6.854546	2.6181188
3.3568521288562034	6.828232	2.6130886
3.3743864380889876	6.78976	2.6057167
3.3919208263522127	6.7853994	2.6048799
3.4094552940575023	6.7533174	2.5987146
3.4269898416164972	6.6805387	2.584674
3.444524469440858	6.613764	2.571724
3.4620591779422587	6.531294	2.5556395
3.479593967532391	6.571452	2.5634844
3.4971288386229658	6.5073757	2.5509558
3.5146637916257086	6.4544015	2.5405514
3.5321988269523628	6.41731	2.533241
3.5497339450146903	6.347504	2.5194254
3.5672691462244708	6.270023	2.5040014
3.5848044309934988	6.2549715	2.5009942
3.60233979973359	6.298632	2.5097077
3.619875252856575	6.3223453	2.5144274
3.6374107907743034	6.310894	2.5121493
3.6549464138986427	6.303638	2.5107048
3.6724821226414788	6.3112164	2.5122135
3.690017917414714	6.3562603	2.5211625
3.7075537986302702	6.308097	2.5115924
3.7250897667000857	6.3714223	2.5241675
3.7426258220361235	6.4613485	2.5419183
3.7601619650503553	6.7786	2.6035745
3.777698196154779	7.283228	2.6987457
3.7952345157614067	8.2709875	2.8759325
3.8127709242822716	9.0189495	3.0031567
3.830307422129425	10.960577	3.310676
3.847844009714936	12.362947	3.5160983
3.8653806874508954	15.877513	3.9846597
3.882917455749409	15.639964	3.9547393
3.900454315022606	15.995372	3.9994214
3.917991265682631	12.934834	3.596503
3.9355283081416506	10.920697	3.304648
3.9530654428118495	8.646044	2.9404156
3.970602670105433	7.4041924	2.7210646
3.9881399904346244	6.561918	2.561624
4.005677404211669	6.4318423	2.5361078
4.023214911848827	6.3389525	2.5177276
4.0407525137583855	6.2750287	2.5050008
4.058290210352644	6.2419405	2.4983876
4.075828002043927	6.261638	2.5023265
4.0933658892445814	6.32332	2.5146213
4.110903872366966	6.3778577	2.5254421
4.128441951823468	6.34246	2.518424
4.145980128026488	6.266784	2.5033545
4.163518401388452	6.2573876	2.501477
4.181056772321807	6.274847	2.5049646
4.1985952412390155	6.217773	2.4935462
4.216133808552567	6.20998	2.4919832
4.233672474674966	6.242241	2.4984477
4.251211240018741	6.396741	2.529178
4.268750104996445	6.5784435	2.5648477
4.286289070020643	7.572867	2.7518842
4.303828135503928	9.2094965	3.0347152
4.3213673018589125	29.583755	5.439095
4.3389065694982305	90.6892	9.5230875
4.356445938834537	165.83722	12.87778
4.3739854102805085	171.61375	13.100143
4.391524984248844	172.3816	13.129417
4.409064661152262	136.4046	11.679238
4.426604441403504	96.75517	9.836421
4.444144325415337	75.60599	8.69517
4.461684313600543	21.664295	4.654492
4.47922440637193	21.77643	4.6665225
4.496764604142329	20.170399	4.4911466
4.5143049073245916	18.451038	4.2954674
4.531845316331589	16.477982	4.059308
4.5493858315762195	13.693545	3.700479
4.566926453471405	11.349282	3.3688695
4.584467182430081	9.474568	3.0780787
4.602008018865218	8.4216385	2.902006
4.619548963189798	7.6502194	2.765903
4.637090015816834	7.0688114	2.6587236
4.654631177159353	6.6314855	2.5751672
4.672172447630417	6.326325	2.5152187
4.689713827643102	6.186424	2.4872522
4.7072553176105085	5.9778123	2.4449565
4.724796917945764	5.8836985	2.4256337
4.742338629062015	5.6978755	2.3870223
4.759880451372434	5.69306	2.3860135
4.777422385290215	5.682287	2.383755
4.794964431228581	5.7353206	2.3948529
4.812506589600768	5.7549	2.3989372
4.830048860820047	5.7045712	2.3884244
4.847591245299709	5.631096	2.372993
4.8651337434530655	5.6063175	2.3677664
4.882676355693457	5.594774	2.3653274
4.900219082434242	5.6092877	2.3683934
4.917761924088813	5.4948945	2.344119
4.935304881070575	5.4040575	2.324663
4.952847953792969	5.359998	2.315167
4.970391142669449	5.4298315	2.3302
4.9879344481135055	5.560262	2.3580208
5.005477870538642	5.548597	2.355546
5.023021410358394	5.561818	2.3583508
5.040565067986324	5.388368	2.321286
5.05810884383601	5.339748	2.3107893
5.075652738321066	5.319168	2.306332
5.09319675185512	5.3421674	2.311313
5.110740884851836	5.364746	2.3161922
5.128285137724894	5.3674397	2.3167737
5.145829510888007	5.386124	2.3208025
5.163374004754908	5.3327	2.309264
5.1809186197393595	5.2934213	2.3007436
5.198463356255145	5.35132	2.313292
5.216008214716077	5.3492894	2.312853
5.233553195535998	5.3694897	2.317216
5.251098299128764	5.316209	2.3056905
5.268643525908272	5.265227	2.294608
5.286188876288432	5.299909	2.302153
5.3037343506831895	5.1975718	2.2798183
5.32127994950651	5.1746974	2.274796
5.3388256731723915	5.1099544	2.2605207
5.356371522094851	5.1700025	2.273764
5.373917496687938	5.187547	2.2776186
5.391463597365729	5.182438	2.276497
5.40900982454232	5.130556	2.265073
5.426556178631843	5.1599164	2.271545
5.444102660048449	5.1417747	2.267548
5.4616492692063225	5.1442857	2.2681017
5.479196006519669	5.172576	2.2743297
5.496742872402727	5.1177354	2.2622411
5.514289867269756	5.0664353	2.2508743
5.531836991535049	5.0027595	2.236685
5.549384245612924	5.0421877	2.2454817
5.566931629917724	5.0628805	2.2500846
5.584479144863822	5.004295	2.2370281
5.6020267908656205	4.96502	2.2282326
5.619574568337545	4.985348	2.2327893
5.637122477694054	5.072096	2.2521315
5.654670519349629	5.139125	2.2669637
5.672218693718784	5.1224003	2.263272
5.689767001216059	5.176528	2.2751985
5.707315442256021	5.168414	2.2734146
5.724864017253266	5.153307	2.2700896
5.7424127266224225	5.142285	2.2676606
5.75996157077814	5.155583	2.2705908
5.777510550135105	5.1697197	2.2737017
5.795059665108022	5.180192	2.2760036
5.812608916111639	5.204269	2.2812867
5.830158303560715	5.2790866	2.2976263
5.847707827870055	5.2654586	2.2946587
5.86525748945448	5.2786307	2.297527
5.8828072887288485	5.428849	2.3299892
5.900357226108044	5.4969325	2.3445537
5.917907302006979	5.5360293	2.352877
5.9354575168406	6.1069727	2.471229
5.9530078710238765	6.684054	2.5853536
5.970558364971812	7.2762227	2.6974475
5.988108999099438	7.588627	2.7547462
6.005659773821818	7.999597	2.8283558
6.023210689554039	7.649513	2.7657752
6.040761746711227	7.97198	2.8234694
6.058312945708531	7.540114	2.7459269
6.075864286961132	7.2065754	2.6845067
6.093415770884244	6.6136646	2.5717046
6.1109673978931065	6.0495167	2.4595766
6.128519168402993	5.4911466	2.3433197
6.146071082829204	5.378701	2.3192027
6.163623141587075	5.280233	2.2978756
6.181175345091969	5.24426	2.290035
6.198727693759281	5.1957483	2.2794185
6.216280188004435	5.20359	2.281138
6.233832828242885	5.1375895	2.2666252
6.251385614890126	5.158319	2.2711933
6.268938548361669	5.126131	2.264096
6.286491629073067	5.0765734	2.2531252
6.304044857439898	5.033624	2.243574
6.321598233877777	4.902966	2.2142642
6.339151758802344	4.846292	2.2014296
6.356705432629277	4.886154	2.2104647
6.37425925577428	4.9220667	2.218573
6.391813228653095	4.997656	2.2355437
6.409367351681486	4.9684033	2.2289915
6.426921625275259	4.9844756	2.232594
6.44447604985025	4.9439936	2.2235093
6.46203062582232	4.967693	2.2288322
6.47958535360737	4.999268	2.2359042
6.497140233621328	4.9768915	2.2308948
6.514695266280161	5.0140004	2.2391963
6.532250451999859	5.0933137	2.2568371
6.549805791196454	5.0526276	2.247805
6.567361284286002	5.031262	2.2430475
6.584916931684597	5.040037	2.2450027
6.602472733808367	5.06356	2.2502356
6.6200286910734665	5.1330085	2.2656143
6.637584803896092	5.061509	2.2497797
6.655141072692462	5.044788	2.2460606
6.672697497878842	4.9802284	2.2316425
6.690254079871514	4.9428554	2.2232533
6.707810819086808	4.9777894	2.231096
6.725367715941078	5.048402	2.2468648
6.742924770850719	5.0704074	2.2517564
6.760481984232151	5.0831122	2.2545757
6.778039356501836	5.017261	2.2399244
6.795596888076266	4.9737725	2.2301955
6.813154579371963	4.907168	2.2152128
6.830712430805492	4.9211373	2.2183638
6.84827044279344	4.9513793	2.2251694
6.865828615752445	5.020563	2.2406614
6.883386950099159	5.072856	2.2523003
6.900945446250287	5.084052	2.2547843
6.918504104622553	5.139098	2.266958
6.936062925632727	5.1176925	2.2622318
6.953621909697607	5.1253166	2.2639163
6.971181057234028	5.1647286	2.272604
6.988740368658859	5.135106	2.2660773
7.006299844389007	5.178096	2.275543
7.023859484841407	5.20125	2.2806249
7.041419290433036	5.3741345	2.318218
7.058979261580902	5.498146	2.3448126
7.0765393987020495	5.723414	2.3923657
7.094099702213559	6.075969	2.4649482
7.111660172532549	6.473545	2.5443163
7.129220810076164	6.7836723	2.6045485
7.146781615261595	7.41995	2.7239585
7.16434258850606	7.632126	2.7626302
7.181903730226821	8.088684	2.8440611
7.1994650408411704	8.092674	2.8447626
7.217026520766437	8.203763	2.864221
7.234588170419983	8.510465	2.9172702
7.252149990219215	8.518037	2.9185677
7.269711980581568	8.417037	2.901213
7.2872741419245175	8.234549	2.8695903
7.304836474665574	7.785624	2.7902732
7.322398979222286	7.508026	2.7400777
7.339961656012233	7.183578	2.68022
7.357524505453039	6.857026	2.6185925
7.375087527962357	6.59396	2.5678706
7.392650723957886	6.332177	2.5163817
7.410214093857353	5.9485493	2.4389648
7.427777638078528	5.7032757	2.388153
7.445341357039213	5.5288305	2.3513465
7.4629052511572525	5.4239435	2.328936
7.480469320850524	5.393292	2.3223462
7.498033566536948	5.3338757	2.3095186
7.5155979886344735	5.2270117	2.2862659
7.5331625875610975	5.16702	2.273108
7.550727363734844	5.111205	2.2607975
7.568292317573788	5.143272	2.2678783
7.585857449496025	5.15517	2.2705
7.603422759919705	5.145952	2.268469
7.620988249263007	5.1052775	2.2594862
7.638553917944147	5.0745177	2.252669
7.656119766381391	5.0958347	2.2573955
7.673685794993023	5.1844797	2.2769454
7.691252004197388	5.214955	2.2836275
7.70881839441285	5.1615863	2.2719126
7.726384966057826	5.1574383	2.2709994
7.743951719550762	5.1596923	2.2714956
7.761518655310149	5.2509894	2.2915037
7.779085773754511	5.275796	2.29691
7.796653075302419	5.2514443	2.291603
7.814220560372475	5.255481	2.2924836
7.831788229383323	5.2219324	2.2851548
7.8493560827536495	5.2216554	2.2850943
7.866924120902174	5.242568	2.2896655
7.884492344247663	5.263388	2.2942076
7.9020607532089135	5.278825	2.2975693
7.919629348204771	5.3341517	2.3095782
7.937198129654115	5.3384485	2.3105083
7.954767097975865	5.331626	2.3090315
7.972336253588986	5.3157015	2.3055806
7.989905596912472	5.284847	2.2988794
8.007475128365371	5.3418427	2.3112426
8.025044848366756	5.392383	2.3221505
8.042614757335754	5.546347	2.3550684
8.060184855691523	5.6742415	2.3820667
8.07775514385327	5.8692155	2.4226463
8.095325622240228	5.923256	2.433774
8.112896291271687	5.921336	2.4333797
8.130467151366968	5.9559226	2.440476
8.148038202945436	5.9641776	2.4421666
8.165609446426497	5.974878	2.4443564
8.183180882229594	5.9549866	2.440284
8.200752510774217	5.885444	2.4259934
8.218324332479893	5.912074	2.4314756
8.235896347766193	5.8864217	2.426195
8.253468557052724	5.9745665	2.4442925
8.27104096075914	6.017443	2.4530478
8.288613559305137	6.1315007	2.4761868
8.306186353110448	6.151534	2.4802287
8.32375934259485	6.1792774	2.4858153
8.341332528178162	6.139418	2.4777849
8.358905910280246	6.127857	2.475451
8.376479489321003	6.195847	2.4891458
8.394053265720377	6.1737046	2.484694
8.411627239898356	6.177913	2.4855409
8.42920141227497	6.1956058	2.4890974
8.44677578327029	6.2568617	2.5013719
8.464350353304427	6.2785535	2.5057042
8.48192512279754	6.2067695	2.491339
8.499500092169827	6.137137	2.4773245
8.51707526184153	6.1000338	2.4698246
8.534650632232934	6.098539	2.469522
8.552226203764365	6.10605	2.4710424
8.569801976856192	6.141059	2.478116
8.587377951928834	6.236374	2.4972732
8.60495412940274	6.2967067	2.5093238
8.622530509698416	6.3075733	2.5114882
8.6401070932364	6.3693533	2.5237577
8.657683880437283	6.429882	2.5357213
8.675260871721695	6.6119213	2.5713656
8.692838067510303	6.7733703	2.6025698
8.710415468223834	6.9326468	2.632992
8.727993074283043	7.0651603	2.658037
8.745570886108737	6.993905	2.6445992
8.763148904121765	7.018618	2.6492674
8.78072712874302	7.079827	2.6607945
8.798305560393441	7.332544	2.7078671
8.815884199494006	7.5047517	2.7394803
8.833463046465745	7.7429495	2.7826157
8.851042101729728	7.944565	2.8186104
8.86862136570707	8.241084	2.8707287
8.886200838818924	8.367473	2.8926585
8.903780521486505	8.358376	2.8910856
8.921360414131055	8.518345	2.9186203
8.938940517173874	8.714423	2.9520202
8.956520831036297	8.852226	2.975269
8.97410135613971	9.103471	3.017196
8.99168209290554	9.226506	3.0375164
9.009263041755265	9.403409	3.0664978
9.026844203110405	9.545558	3.0895886
9.044425577392525	9.659232	3.1079304
9.062007165023239	9.840733	3.1369941
9.079588966424197	10.129423	3.1826754
9.097170982017108	10.293335	3.2083228
9.11475321222372	11.120521	3.3347445
9.132335657465825	11.969778	3.4597366
9.149918318165264	12.012675	3.4659307
9.167501194743924	12.518861	3.5382001
9.18508428762374	12.260767	3.5015378
9.202667597226693	12.230889	3.497269
9.220251123974803	11.929487	3.453909
9.237834868290143	11.698294	3.4202769
9.255418830594836	11.586143	3.4038422
9.273003011311046	11.119176	3.3345428
9.290587410860985	10.898558	3.3012965
9.308172029666911	10.29635	3.2087924
9.32575686815113	10.016878	3.1649451
9.343341926735997	8.784272	2.9638274
9.360927205843916	8.549206	2.9239025
9.378512705897327	8.353796	2.8902934
9.396098427318728	8.079573	2.842459
9.413684370530664	7.943964	2.8185039
9.431270535955722	7.8438187	2.8006818
9.448856924016539	7.850502	2.8018746
9.466443535135806	7.789016	2.790881
9.484030369736251	7.7323623	2.7807126
9.501617428240658	7.6705246	2.7695713
9.519204711071852	7.6870894	2.7725601
9.536792218652714	7.7099833	2.7766857
9.55437995140617	7.7395287	2.7820008
9.571967909755191	7.747278	2.7833934
9.589556094122802	7.7952495	2.7919974
9.60714450493207	7.8820653	2.8075016
9.624733142606116	7.921666	2.8145454
9.642322007568108	7.9649925	2.8222318
9.659911100241267	7.9525485	2.8200264
9.677500421048851	7.8859396	2.8081915
9.695089970414175	7.855564	2.802778
9.712679748760609	7.901162	2.8109007
9.730269756511557	7.9984617	2.8281553
9.747859994090492	8.032335	2.8341374
9.765450461920915	8.070285	2.8408246
9.78304116042639	8.095463	2.8452528
9.800632090030527	8.168849	2.8581197
9.81822325115699	8.16043	2.8566465
9.835814644229481	8.20893	2.865123
9.853406269671762	8.224582	2.8678532
9.870998127907646	8.242129	2.870911
9.888590219360985	8.220277	2.8671026
9.906182544455698	8.329601	2.8861048
9.923775103615734	8.38494	2.8956761
9.941367897265108	8.433504	2.9040496
9.958960925827878	8.286689	2.878661
9.97655418972816	8.27611	2.876823
9.994147689390106	8.258377	2.8737392
10.011741425237934	8.250209	2.8723178
10.029335397695904	8.280671	2.8776155
10.04692960718833	8.198437	2.8632913
10.06452405413958	8.246552	2.8716812
10.082118738974064	8.216493	2.8664424
10.099713662116246	8.116724	2.8489864
10.117308823990651	8.059099	2.8388553
10.134904225021844	8.003098	2.8289747
10.152499865634445	8.052338	2.8376641
10.170095746253125	8.06146	2.839271
10.18769186730261	8.052939	2.8377702
10.205288229207675	8.09989	2.8460305
10.222884832393145	8.052126	2.8376267
10.2404816772839	8.052893	2.8377619
10.258078764304868	8.043428	2.836094
10.275676093881035	8.064052	2.8397274
10.293273666437438	8.136946	2.852533
10.310871482399158	8.136906	2.8525262
10.32846954219134	8.05687	2.8384626
10.346067846239173	8.008217	2.8298793
10.363666394967908	7.968856	2.8229163
10.38126518880283	8.058612	2.8387694
10.398864228169298	8.125302	2.8504915
10.416463513492713	8.171507	2.858585
10.434063045198531	8.199472	2.863472
10.451662823712262	8.220044	2.8670619
10.469262849459467	8.244813	2.8713782
10.486863122865758	8.117495	2.8491218
10.504463644356806	7.972144	2.8234985
10.522064414358338	7.8614893	2.8038347
10.539665433296118	7.81043	2.7947147
10.557266701595987	7.7766056	2.7886567
10.574868219683818	7.687138	2.772569
10.592469987985552	7.591879	2.7553365
10.610072006927185	7.4552493	2.7304301
10.627674276934751	7.3839684	2.7173457
10.64527679843435	7.2187676	2.6867764
10.662879571852143	7.168495	2.6774046
10.680482597614331	7.097839	2.664177
10.698085876147173	7.051793	2.6555212
10.715689407876988	6.9805346	2.64207
10.733293193230146	6.8810167	2.6231692
10.750897232633072	6.779311	2.6037111
10.76850152651225	6.7200303	2.592302
10.786106075294207	6.634771	2.575805
10.803710879405534	6.510034	2.551477
10.821315939272877	6.383309	2.5265212
10.83892125532294	6.220822	2.4941576
10.856526827982472	6.1312876	2.4761436
10.874132657678285	6.152049	2.4803324
10.891738744837243	6.10435	2.4706984
10.909345089886271	6.075888	2.4649317
10.926951693252343	5.9996176	2.4494116
10.944558555362494	5.998848	2.4492545
10.96216567664381	5.9601316	2.441338
10.979773057523436	5.879947	2.4248602
10.997380698428573	5.7482653	2.397554
11.014988599786477	5.609767	2.3684947
11.032596762024461	5.6074615	2.368008
11.050205185569892	5.556952	2.3573189
11.067813870850198	5.5800405	2.362211
11.085422818292859	5.5002947	2.3452706
11.10303202832541	5.4746804	2.3398035
11.120641501375454	5.411744	2.3263156
11.138251237870636	5.330615	2.3088124
11.155861238238671	5.2804103	2.2979143
11.173471502907317	5.1935124	2.2789278
11.191082032304402	5.1640944	2.2724645
11.208692826857805	5.1310964	2.2651923
11.226303886995465	5.080807	2.2540646
11.243915213145371	5.011937	2.2387357
11.261526805735578	4.947777	2.2243598
11.279138665194196	4.8978577	2.2131104
11.296750791949393	4.8189836	2.1952183
11.314363186429393	4.7433224	2.177917
11.331975849062479	4.7209425	2.172773
11.34958878027699	4.6851797	2.1645277
11.36720198050133	4.599313	2.1446009
11.384815450163948	4.5141535	2.1246538
11.402429189693366	4.4520392	2.1099856
11.420043199518153	4.4618077	2.1122992
11.437657480066942	63.48659	7.9678473
11.455272031768422	85.174805	9.22902
11.472886855051353	107.505486	10.368485
11.490501950344528	99.09094	9.954443
11.508117318076819	84.4793	9.191262
11.52573295867715	45.860977	6.7720733
11.543348872574514	4.0837164	2.0208206
11.560965060197946	4.068069	2.0169454
11.57858152197655	4.058712	2.0146246
11.59619825833949	4.036953	2.009217
11.613815269715985	4.0059886	2.0014966
11.631432556535323	38.500362	6.204866
11.649050119226837	83.02082	9.111576
11.666667958219929	93.38659	9.663673
11.68428607394406	107.632675	10.374617
11.701904466828756	82.486084	9.082185
11.719523137303586	65.35553	8.084277
11.737142085798196	4.5572596	2.134774
11.754761312742286	3.6347022	1.9064895
11.772380818565619	3.6393745	1.9077145
11.790000603698015	3.6321435	1.9058183
11.80762066856935	3.610313	1.9000823
11.825241013609572	3.5302186	1.8788877
11.842861639248683	3.4578266	1.8595232
11.860482545916748	3.5049195	1.872143
11.878103734043883	3.5228229	1.8769184
11.895725204060282	3.5137792	1.8745077
11.91334695639619	3.4599693	1.8600993
11.930968991481919	3.3996134	1.843804
11.948591309747824	3.3954763	1.8426819
11.966213911624347	3.35669	1.8321272
11.98383679754198	3.3065948	1.8184044
12.001459967931268	3.2476578	1.8021259
12.019083423222835	3.2013464	1.7892307
12.036707163847352	3.2197163	1.7943568
12.05433119023556	3.1531444	1.7757095
12.071955502818259	3.1479547	1.7742476
12.089580102026313	3.1156087	1.7651087
12.107204988290643	3.1529207	1.7756466
12.12483016204224	3.1478786	1.7742262
12.142455623712152	3.1323013	1.7698308
12.16008137373149	3.0786245	1.754601
12.177707412531431	3.054133	1.7476078
12.19533374054321	3.0368602	1.742659
12.212960358198126	3.0607	1.7494856
12.230587265927545	3.0394182	1.7433927
12.248214464162889	3.0055177	1.7336429
12.265841953335649	2.9743268	1.7246237
12.283469733877375	2.9650536	1.7219331
12.301097806219685	2.961091	1.7207822
12.31872617079425	2.9557674	1.7192346
12.336354828032825	2.9683843	1.7228999
12.353983778367205	2.9511175	1.7178817
12.371613022229262	2.9551914	1.719067
12.389242560050928	2.929025	1.7114395
12.406872392264201	2.8738384	1.6952399
12.424502519301143	2.81008	1.6763294
12.442132941593874	2.78923	1.6700988
12.459763659574586	2.7896264	1.6702175
12.477394673675532	2.8205802	1.6794583
12.49502598432903	2.8357484	1.6839681
12.51265759196746	2.854224	1.6894449
12.530289497023267	2.8229866	1.6801746
12.547921699928967	2.7592936	1.6611122
12.565554201117134	2.7634523	1.6623634
12.583187001020404	2.7660093	1.6631324
12.600820100071486	2.7631445	1.6622709
12.618453498703152	2.7725997	1.6651125
12.636087197348235	2.7435367	1.6563625
12.65372119643964	2.7700608	1.6643499
12.671355496410326	2.7639267	1.6625062
12.68899009769333	2.779088	1.6670597
12.706625000721749	2.8118105	1.6768454
12.724260205928752	2.8775804	1.6963433
12.741895713747551	2.9352567	1.7132591
12.759531524611454	2.9865463	1.7281626
12.777167638953818	3.0006661	1.7322431
12.794804057208072	2.9843452	1.7275257
12.812440779807702	3.059328	1.7490935
12.830077807186271	3.2024302	1.7895335
12.847715139777405	3.2194083	1.794271
12.865352778014795	3.363758	1.8340551
12.882990722332197	3.4647233	1.8613768
12.90062897316344	3.5500426	1.8841556
12.918267530942412	3.6208715	1.9028587
12.935906396103071	3.562931	1.8875728
12.953545569079449	3.7159724	1.9276857
12.971185050305628	3.5685065	1.889049
12.988824840215775	3.5550447	1.8854825
13.006464939244115	3.515445	1.874952
13.024105347824943	3.3272448	1.8240737
13.041746066392617	3.4064016	1.845644
13.05938709538157	3.3099995	1.8193403
13.077028435226296	3.387491	1.8405138
13.094670086361363	3.308982	1.8190607
13.112312049221401	3.184103	1.7844055
13.129954324241112	3.0702949	1.7522256
13.147596911855258	2.8263066	1.6811622
13.165239812498685	2.7697434	1.6642547
13.182883026606293	2.6828706	1.6379471
13.200526554613058	2.6534784	1.6289501
13.218170396954017	2.6265366	1.6206594
13.235814554064284	2.6090722	1.6152623
13.253459026379034	2.5986197	1.6120235
13.271103814333523	2.604342	1.6137974
13.288748918363058	2.6376812	1.624094
13.306394338903031	2.685884	1.6388667
13.32404007638889	2.67665	1.6360471
13.341686131256164	2.7165017	1.6481813
13.359332503940449	2.6788507	1.6367195
13.376979194877402	2.69062	1.6403109
13.394626204502751	2.7078893	1.6455666
13.412273533252307	2.7233508	1.6502578
13.429921181561937	2.725933	1.65104
13.447569149867581	2.7201605	1.6492909
13.465217438605247	2.6946251	1.6415313
13.482866048211022	2.6761441	1.6358925
13.500514979121052	2.6634698	1.632014
13.518164231771568	2.6780465	1.6364738
13.535813806598844	2.7009451	1.6434553
13.553463704039254	2.706188	1.6450496
13.571113924529229	2.7132633	1.6471986
13.588764468505275	2.7065573	1.6451617
13.606415336403956	2.6979053	1.6425302
13.624066528661917	2.7242322	1.6505249
13.641718045715882	2.7724624	1.6650712
13.659369888002635	2.7972097	1.6724861
13.67702205595903	2.8778026	1.6964087
13.694674550021993	2.9725542	1.7241096
13.712327370628532	3.0665855	1.7511669
13.729980518215713	3.1926427	1.7867968
13.747633993220681	3.259375	1.8053739
13.765287796080647	3.284936	1.8124392
13.7829419272329	3.3082762	1.8188667
13.800596387114801	3.3286536	1.8244598
13.818251176163775	3.3502777	1.8303764
13.835906294817324	3.3816304	1.838921
13.853561743513023	3.4108403	1.846846
13.871217522688525	3.4417384	1.8551923
13.888873632781538	3.439063	1.8544711
13.906530074229858	3.4336805	1.8530194
13.92418684747135	3.400254	1.8439778
13.941843952943948	3.4037335	1.844921
13.959501391085665	3.4517128	1.8578786
13.977159162334578	3.4455497	1.8562192
13.994817267128846	3.401604	1.8443438
14.012475705906693	3.2755532	1.8098489
14.030134479106424	3.1664464	1.7794511
14.047793587166414	3.1147566	1.7648673
14.065453030525108	3.0837104	1.7560496
14.083112809621026	2.9891238	1.7289083
14.100772924892766	2.882001	1.6976457
14.118433376778997	2.791239	1.6707002
14.136094165718458	2.820343	1.6793877
14.153755292149969	2.775866	1.666093
14.171416756512416	2.7536645	1.6594169
14.189078559244768	2.6787663	1.6366937
14.20674070078606	2.6153595	1.6172073
14.224403181575408	2.524905	1.588995
14.242066002051999	2.4561777	1.5672197
14.259729162655093	2.4012573	1.549599
14.277392663824022	2.3758824	1.5413897
14.295056505998208	2.4028869	1.5501248
14.312720689617128	2.4123552	1.5531758
14.330385215120348	2.4344144	1.560261
14.348050082947497	2.4273696	1.5580018
14.3657152935383	2.417382	1.5547932
14.383380847332528	2.3717191	1.5400387
14.401046744770051	2.3488436	1.5325937
14.418712986290798	2.3209202	1.5234567
14.436379572334793	2.3556697	1.5348191
14.454046503342123	2.390937	1.5462655
14.471713779752946	2.414316	1.5538069
14.489381402007504	2.3960195	1.5479081
14.507049370546113	2.4131281	1.5534246
14.524717685809168	2.4230647	1.5566196
14.542386348237134	2.4331965	1.5598707
14.560055358270553	2.3932648	1.547018
14.577724716350051	2.44649	1.564126
14.595394422916325	2.473495	1.5727348
14.61306447841015	2.5112174	1.5846821
14.63073488327237	2.4855263	1.5765553
14.648405637943917	2.530559	1.5907731
14.6660767428658	2.527501	1.5898117
14.683748198479094	2.518718	1.587047
14.701420005224954	2.5111125	1.584649
14.719092163544628	2.585259	1.607874
14.73676467387942	2.659012	1.6306478
14.754437536670727	2.7075734	1.6454706
14.772110752360014	2.7516928	1.6588227
14.78978432138882	2.726939	1.6513445
14.807458244198777	2.7071204	1.6453329
14.82513252123159	2.6798491	1.6370245
14.842807152929028	2.6826844	1.6378902
14.860482139732962	2.674269	1.6353192
14.87815748208531	2.6439216	1.626014
14.8958331804281	2.6607046	1.6311667
14.91350923520342	2.6544785	1.6292571
14.931185646853438	2.6878006	1.6394513
14.948862415820408	2.6830232	1.6379937
14.966539542546656	2.6621675	1.631615
14.98421702747459	2.6292284	1.6214895
15.001894871046696	2.6455767	1.6265229
15.019573073705542	2.6566694	1.6299293
15.037251635893766	2.6529727	1.6287949
15.054930558054092	2.6595924	1.6308256
15.072609840629323	2.707109	1.6453295
15.090289484062351	2.8749435	1.6955658
15.107969488796124	3.1563165	1.7766025
15.125649855273691	3.5881147	1.8942319
15.14333058393817	4.1139207	2.0282803
15.161011675232768	5.1025786	2.2588887
15.17869312960076	6.4210677	2.5339825
15.196374947485506	8.22754	2.8683689
15.214057129330447	11.184963	3.3443928
15.231739675579114	15.705019	3.962956
15.249422586675102	20.541872	4.5323143
15.267105863062092	23.539597	4.8517623
15.284789505183847	23.67108	4.8652935
15.302473513484218	21.404455	4.626495
15.320157888407127	17.818024	4.22114
15.337842630396578	13.856736	3.7224636
15.355527739896656	10.869219	3.2968497
15.37321321735153	8.558403	2.925475
15.39089906320545	6.4008727	2.5299945
15.408585277902748	4.8939266	2.212222
15.42627186188783	3.771125	1.9419385
15.443958815605198	3.215158	1.7930862
15.461646139499424	2.9618318	1.7209973
15.479333834015168	2.8515816	1.6886626
15.497021899597165	2.7363682	1.6541971
15.514710336690234	2.6396189	1.6246904
15.53239914573928	2.6137419	1.6167071
15.550088327189297	2.6008334	1.61271
15.567777881485336	2.588812	1.6089786
15.58546780907256	2.5440392	1.5950044
15.6031581103962	2.489478	1.577808
15.620848785901568	2.4598935	1.5684048
15.638539836034063	2.4448302	1.5635953
15.656231261239173	2.4175186	1.5548371
15.673923061962451	2.416483	1.554504
15.691615238649552	2.4112563	1.552822
15.709307791746202	2.410273	1.5525054
15.727000721698221	2.4041102	1.5505193
15.744694028951498	2.375842	1.5413767
15.76238771395202	2.3494403	1.5327884
15.780081777145844	2.3471014	1.5320252
15.797776218979125	2.3334289	1.5275565
15.815471039898094	2.3257189	1.5250307
15.833166240349064	2.3294256	1.5262456
15.850861820778437	2.3370054	1.5287267
15.868557781632699	2.3726897	1.5403538
15.886254123358412	2.3689406	1.5391363
15.903950846402232	2.3596413	1.5361124
15.921647951210897	2.3636692	1.5374229
15.939345438231225	2.3863149	1.5447701
15.957043307910133	2.3366199	1.5286006
15.974741560694602	2.318077	1.5225233
15.992440197031714	2.3031845	1.5176246
16.01013921736862	2.302983	1.5175582
16.02783862215259	2.3234878	1.5242991
16.045538411830933	2.3547006	1.5345033
16.06323858685107	2.3913527	1.5464
16.080939147660512	2.3886995	1.5455419
16.09864009470684	2.3728313	1.5403998
16.11634142843774	2.3528557	1.5339022
16.134043149300954	2.3781834	1.542136
16.15174525774433	2.3830428	1.5437107
16.169447754215817	2.418778	1.5552421
16.18715063916342	2.408226	1.551846
16.204853913035244	2.425554	1.5574191
16.222557576279478	2.4221416	1.556323
16.240261629344403	22.419085	4.7348795
16.257966072678386	42.93485	6.552469
16.275670906729868	38.05753	6.1690784
16.293376131947387	2.5000932	1.5811683
16.31108174877957	2.5297422	1.5905163
16.328787757675133	2.5446424	1.5951935
16.34649415908287	2.5647087	1.6014708
16.364200953451657	2.5811114	1.6065838
16.38190814123048	2.6105714	1.6157262
16.39961572286839	2.6564975	1.6298765
16.41732369881455	2.6885786	1.6396886
16.43503206951817	2.7012	1.6435328
16.45274083542859	2.6924465	1.6408676
16.47044999699522	2.6970632	1.6422738
16.488159554667558	2.734584	1.6536578
16.505869508895184	2.8185499	1.6788538
16.523579860127786	2.8936107	1.7010616
16.541290608815117	2.9131322	1.70679
16.559001755407035	2.974068	1.7245486
16.57671330035348	3.0139594	1.7360759
16.59442524410448	3.0737498	1.7532113
16.61213758711015	3.1644535	1.7788911
16.629850329820705	3.2510972	1.80308
16.647563472686436	3.3153307	1.820805
16.665277016157724	3.341437	1.8279598
16.682990960685053	3.3662155	1.8347249
16.70070530671898	3.428687	1.8516715
16.718420054710155	3.4740121	1.8638703
16.736135205109335	3.5202968	1.8762454
16.753850758367335	3.5735981	1.8903962
16.771566714935087	3.6246545	1.9038526
16.789283075263597	3.7023106	1.9241389
16.80699983980398	3.7777555	1.9436449
16.82471700900741	3.8028505	1.9500898
16.84243458332518	3.8344033	1.9581633
16.860152563208665	3.8842661	1.9708542
16.87787094910932	3.919366	1.9797388
16.89558974147871	3.987245	1.9968088
16.913308940768466	4.0774813	2.0192773
16.931028547430333	4.1998806	2.049361
16.94874856191613	4.28187	2.069268
16.966468984677785	4.307071	2.0753484
16.98418981616729	4.351367	2.085993
17.00191105683676	4.420264	2.1024423
17.019632707138374	4.4872603	2.1183155
17.03735476752442	4.49248	2.1195471
17.05507723844728	4.5008483	2.1215203
17.072800120359403	4.5161204	2.1251166
17.090523413713353	4.616151	2.1485229
17.108247118961785	4.6754694	2.1622834
17.125971236557437	4.6834426	2.1641264
17.143695766953133	4.6357627	2.1530821
17.161420710601806	4.6295624	2.1516418
17.179146067956477	4.623043	2.1501262
17.19687183947025	4.6239176	2.1503296
17.21459802559634	4.590805	2.1426165
17.232324626788028	4.589182	2.1422377
17.25005164349871	4.5531693	2.1338158
17.267779076181863	4.5152802	2.124919
17.285506925291074	4.4645147	2.1129398
17.30323519127999	4.4683332	2.1138432
17.320963874602384	4.5406184	2.1308727
17.33869297571211	4.576972	2.139386
17.356422495063114	4.5951147	2.143622
17.37415243310944	4.5398197	2.1306853
17.391882790305218	4.462624	2.1124923
17.40961356710468	4.417233	2.1017215
17.42734476396215	4.42644	2.1039107
17.445076381332044	4.4344544	2.1058145
17.462808419668868	4.5540915	2.1340318
17.48054087942723	4.7387667	2.1768708
17.498273761061835	5.05408	2.2481282
17.51600706502747	5.5232296	2.350155
17.533740791779024	6.2290397	2.4958043
17.551474941771485	7.6816792	2.7715843
17.56920951545993	8.741014	2.9565206
17.586944513299528	10.721597	3.274385
17.60467993574556	12.155214	3.4864328
17.622415783253373	13.634952	3.6925535
17.64015205627843	14.902034	3.8603153
17.657888755276293	15.920427	3.990041
17.675625880702604	16.385542	4.047906
17.69336343301311	16.185173	4.02308
17.71110141266366	15.438409	3.9291742
17.728839820110178	14.639068	3.8261034
17.746578655808705	13.825405	3.718253
17.764317920215372	12.48253	3.5330625
17.7820576137864	11.124126	3.335285
17.79979773697811	9.286604	3.047393
17.81753829024692	7.504923	2.7395115
17.835279274049356	5.909663	2.43098
17.85302068884201	4.873062	2.2075014
17.870762535081607	4.2289686	2.0564456
17.888504813224934	3.8487957	1.9618348
17.90624752372891	3.6443985	1.9090308
17.923990667050536	3.5769818	1.891291
17.941734243646895	3.4774911	1.8648032
17.959478253975185	3.4482057	1.8569345
17.9772226984927	3.3772187	1.8377211
17.994967577656833	3.3610022	1.8333037
18.01271289192506	3.3254137	1.8235717
18.030458641754965	3.3061004	1.8182685
18.04820482760425	3.279456	1.8109268
18.06595144993067	3.2539327	1.803866
18.083698509192125	3.2079327	1.7910702
18.101446005846576	3.1664407	1.7794496
18.119193940352105	3.17619	1.7821869
18.136942313166887	3.1708808	1.7806967
18.1546911247492	3.1454892	1.7735527
18.1724403755574	3.1120734	1.764107
18.19019006604997	3.1044865	1.7619553
18.207940196685467	3.1167715	1.7654381
18.225690767922575	3.0844004	1.7562461
18.243441780220046	3.0523233	1.74709
18.261193234036764	3.0567741	1.7483633
18.278945129831676	3.0796497	1.7548931
18.29669746806386	3.0998695	1.7606447
18.314450249192483	3.0583022	1.7488002
18.3322034736768	3.0580785	1.7487363
18.349957141976184	3.044009	1.7447089
18.3677112545501	3.0144308	1.7362117
18.385465811858108	3.015899	1.7366344
18.403220814359884	3.0190017	1.7375275
18.420976262515172	3.0702035	1.7521996
18.43873215678387	3.1076858	1.7628629
18.456488497625923	3.119139	1.7661084
18.474245285501407	3.1704047	1.780563
18.492002520870486	3.1942184	1.7872376
18.50976020419343	3.3163235	1.8210776
18.527518335930615	3.6689358	1.9154466
18.545276916542516	4.3016562	2.0740435
18.563035946489688	4.4799347	2.1165857
18.580795426232832	4.942306	2.2231297
18.598555356232698	4.8048716	2.1920018
18.616315736950185	5.117715	2.2622366
18.63407656884626	4.739414	2.1770196
18.65183785238201	4.919106	2.2179058
18.669599588018617	4.677094	2.162659
18.68736177621737	4.739765	2.1771002
18.705124417439652	4.752699	2.1800685
18.72288751214696	4.5265455	2.127568
18.740651060800886	4.6404443	2.154169
18.758415063863115	4.3382835	2.0828547
18.77617952179546	4.5441155	2.1316931
18.793944435059814	4.25415	2.0625591
18.811709804118184	4.2584586	2.0636034
18.829475629432675	4.2267795	2.0559132
18.8472419114655	4.044283	2.0110402
18.86500865067897	4.1356926	2.0336401
18.88277584753551	3.7636902	1.9400233
18.90054350249763	3.768452	1.9412501
18.918311616027957	3.442162	1.8553065
18.936080188589226	3.330639	1.8250039
18.953849220644265	3.0045118	1.7333528
18.971618712656007	2.8583994	1.6906801
18.9893886650875	2.796588	1.6723002
19.007159078401887	7.962037	2.8217082
19.024929953062408	32.794933	5.726686
19.042701289532435	32.769894	5.724499
19.060473088275405	25.379152	5.0377727
19.07824534975489	2.649532	1.6277384
19.096018074434568	2.606434	1.6144454
19.113791262778197	2.5654728	1.6017094
19.13156491524966	2.5559537	1.5987351
19.149339032312945	2.5549245	1.5984131
19.167113614432136	2.5728478	1.6040099
19.184888662071433	2.5560198	1.5987557
19.202664175695123	2.540708	1.5939599
19.220440155767623	2.5040016	1.5824038
19.238216602753447	2.5251896	1.5890845
19.2559935171172	2.5457585	1.5955433
19.27377089932361	2.55765	1.5992655
19.291548749837514	2.5043366	1.5825096
19.309327069123835	2.4527504	1.566126
19.32710585764763	2.444505	1.5634912
19.344885115874032	2.483145	1.5757998
19.362664844268313	2.4846928	1.5762908
19.380445043295822	2.4572592	1.5675647
19.39822571342203	2.4793735	1.5746026
19.41600685511252	2.4867172	1.5769329
19.43378846883297	2.4696357	1.5715075
19.451570555049173	2.4588578	1.5680746
19.469353114227037	2.4414923	1.5625275
19.48713614683254	2.4340801	1.5601538
19.50491965333182	2.43296	1.5597949
19.52270363419109	2.4294803	1.558679
19.540488089876686	2.426271	1.5576491
19.55827302085503	2.410455	1.552564
19.576058427592674	2.4330812	1.5598336
19.593844310556282	2.4686835	1.5712044
19.611630670212598	2.4925656	1.5787861
19.629417507028506	2.4945655	1.5794194
19.64720482147098	2.4490561	1.564946
19.6649926140071	2.4384522	1.5615544
19.682780885104084	2.44973	1.5651613
19.70056963522921	2.4890316	1.5776665
19.718358864849908	2.501095	1.581485
19.7361485744337	2.506128	1.5830755
19.753938764448215	2.5366275	1.5926794
19.771729435361202	2.5390766	1.593448
19.789520587640506	2.5245008	1.5888678
19.807312221754092	2.4886837	1.5775563
19.825104338170043	2.4932404	1.5789998
19.842896937356517	2.4939084	1.5792114
19.860690019781824	2.4916136	1.5784847
19.87848358591436	2.4527512	1.5661261
19.896277636222635	2.4344287	1.5602655
19.914072171175278	2.4749513	1.5731978
19.931867191241015	2.4635885	1.5695822
19.94966269688869	2.4615855	1.5689441
19.967458688587264	2.4160182	1.5543547
19.985255166805807	2.413284	1.5534748
20.00305213201348	2.40432	1.5505869
20.020849584679578	2.4194381	1.5554544
20.038647525273507	2.44907	1.5649505
20.05644595426477	2.4527328	1.5661203
20.07424487212299	2.4641104	1.5697485
20.092044279317903	2.4184508	1.5551369
20.109844176319353	2.439358	1.5618445
20.127644563597304	2.4397073	1.5619563
20.145445441621817	2.4098463	1.5523679
20.16324681086307	2.3801494	1.5427732
20.181048671791373	2.3869474	1.5449749
20.198851024877122	2.4019175	1.5498121
20.216653870590836	2.392294	1.5467042
20.234457209403146	2.3689308	1.5391332
20.252261041784802	2.3362527	1.5284805
20.270065368206662	2.3543274	1.5343817
20.287870189139685	2.371095	1.539836
20.305675505054968	2.3845012	1.544183
20.323481316423702	2.3896496	1.5458492
20.341287623717207	2.3861868	1.5447288
20.359094427406884	2.3561594	1.5349786
20.376901727964288	2.3374329	1.5288665
20.39470952586107	2.330505	1.5265992
20.41251782156899	2.3262095	1.5251917
20.430326615559935	2.3276973	1.5256792
20.448135908305886	2.3170943	1.5222005
20.465945700278965	2.2992806	1.5163379
20.483755991951384	2.3000832	1.5166025
20.50156678379548	2.2729979	1.5076464
20.519378076283708	2.2835257	1.5111339
20.537189869888635	2.2875113	1.5124521
20.55500216508294	2.3123167	1.5206304
20.572814962339415	2.3163116	1.5219433
20.59062826213098	2.2946205	1.5148004
20.60844206493066	2.2678185	1.5059278
20.626256371211593	2.2797296	1.5098773
20.644071181447032	2.3032687	1.5176524
20.66188649611036	2.3089592	1.519526
20.67970231567506	2.295136	1.5149707
20.697518640614742	2.2697608	1.5065726
20.715335471403122	2.255551	1.5018492
20.73315280851404	2.276995	1.5089715
20.750970652421447	2.303226	1.5176383
20.768789003599412	2.3086963	1.5194395
20.786607862522136	2.2825806	1.5108212
20.8044272296639	2.2845125	1.5114604
20.82224710549913	2.3037896	1.5178239
20.84006749050237	2.303387	1.5176914
20.857888385148268	3.8420415	1.9601126
20.8757097899116	45.935246	6.7775545
20.893531705267254	64.80523	8.05017
20.911354131690224	83.822754	9.155477
20.92917706965566	69.1098	8.3132305
20.94700051963877	50.1417	7.0810804
20.96482448211493	29.368145	5.4192386
20.982648957559622	4.1024966	2.0254622
21.00047394644843	2.2115052	1.487113
21.01829944925707	2.224501	1.491476
21.036125466461375	2.2264762	1.4921381
21.053951998537297	2.2319138	1.4939591
21.071779045960906	2.2373867	1.4957896
21.089606609208378	2.2337906	1.4945871
21.10743468875603	2.2067947	1.4855285
21.12526328508028	2.178778	1.4760684
21.143092398657675	2.1630912	1.4707451
21.16092202996488	2.1854513	1.4783272
21.17875217947867	2.199723	1.4831463
21.19658284767596	2.176222	1.4752024
21.21441403503377	2.17162	1.4736418
21.232245742029225	2.188907	1.4794955
21.2500779691396	2.183429	1.477643
21.26791071684227	2.1513617	1.466752
21.28574398561475	2.1325629	1.4603298
21.30357777593465	2.1268694	1.458379
21.321412088279704	2.1342492	1.460907
21.339246923127792	2.1306925	1.4596891
21.357082280956888	2.145623	1.4647945
21.3749181622451	2.1190844	1.4557076
21.392754567470647	2.1163173	1.4547567
21.41059149711187	2.1123962	1.4534085
21.42842895164726	2.1200178	1.4560281
21.446266931555378	2.1184914	1.4555038
21.464105437314945	2.1110172	1.452934
21.481944469404798	2.0945807	1.4472666
21.49978402830388	2.0925457	1.4465635
21.51762411449127	2.1162786	1.4547435
21.53546472844617	2.0835721	1.4434584
21.553305870647876	2.0540128	1.4331827
21.571147541575865	2.0515769	1.4323326
21.58898974170967	2.0849714	1.443943
21.60683247152899	2.0930455	1.4467361
21.62467573151363	2.0671704	1.4377657
21.642519522143523	2.052239	1.4325638
21.660363843898722	2.0216825	1.4218588
21.6782086972594	2.0143287	1.4192705
21.696054082705864	1.9875435	1.4098027
21.713900000718535	2.0054235	1.4161298
21.73174645177795	1.9926426	1.4116099
21.749593436364794	1.9913526	1.411153
21.767440954959845	1.9949257	1.4124184
21.785289008044032	2.0317492	1.4253944
21.803137596098388	2.0383263	1.4276997
21.820986719604086	2.0027688	1.4151921
21.838836379042412	1.9990726	1.4138856
21.85668657489478	1.9957751	1.412719
21.87453730764273	1.9926745	1.4116212
21.892388577767914	2.008719	1.4172928
21.91024038575213	1.9818956	1.4077982
21.928092732077285	1.9752587	1.405439
21.945945617225426	1.9806721	1.4073635
21.963799041678694	1.9851257	1.4089448
21.981653005919398	31.305311	5.5951147
21.999507510429943	78.12554	8.838865
22.01736255569286	73.08405	8.548922
22.035218142190818	4.163651	2.0405025
22.05307427040661	1.981772	1.4077542
22.07093094082315	1.9914583	1.4111904
22.088788153923474	1.9682305	1.4029363
22.106645910190746	1.9450617	1.3946546
22.12450421010827	1.9223576	1.3864911
22.142363054159464	1.9398068	1.3927695
22.16022244282787	1.9749833	1.405341
22.178082376597164	1.9806745	1.4073644
22.195942855951145	1.9537714	1.3977737
22.213803881373742	1.9408743	1.3931527
22.231665453349002	1.9300675	1.3892688
22.24952757236111	1.9475877	1.39556
22.26739023889438	1.9599156	1.3999698
22.28525345343323	1.9690104	1.4032143
22.30311721646225	1.9295486	1.389082
22.320981528466113	1.9152044	1.3839091
22.33884638992964	1.9208432	1.3859448
22.356711801337788	1.9406216	1.393062
22.37457776317561	1.922648	1.3865958
22.392444275928337	1.9179659	1.3849064
22.410311340081282	1.9005957	1.378621
22.428178956119904	1.8804936	1.371311
22.446047124529805	1.8996063	1.378262
22.46391584579669	1.9139084	1.3834407
22.481785120406414	1.9408753	1.393153
22.49965494884496	1.9549453	1.3981936
22.51752533159841	1.9685851	1.4030628
22.53539626915302	1.9565908	1.3987819
22.553267761995137	1.9692909	1.4033142
22.571139810611264	1.9956299	1.4126676
22.589012415488025	2.0198703	1.4212214
22.60688557711216	1.9702475	1.403655
22.624759295970566	1.9253138	1.3875568
22.642633572550263	1.9299675	1.3892328
22.660508407338362	1.9542024	1.3979279
22.67838380082217	1.9185908	1.3851321
22.696259753489077	1.9012402	1.3788546
22.714136265826614	1.9109372	1.3823665
22.73201333832246	1.9429829	1.3939092
22.74989097146439	1.9436226	1.3941387
22.76776916574035	1.9453353	1.3947527
22.785647921638393	1.9319555	1.389948
22.803527239646712	1.9017231	1.3790298
22.82140712025363	1.8627528	1.364827
22.839287563947593	1.8396171	1.3563249
22.85716857121719	1.8470945	1.3590785
22.875050142551135	1.858341	1.3632098
22.892932278438277	1.8858582	1.3732655
22.910814979367604	1.9105173	1.3822147
22.928698245828222	1.863406	1.3650663
22.946582078309387	1.8063501	1.3440052
22.96446647730047	1.801344	1.3421416
22.98235144329098	1.8352977	1.3547316
23.000236976770562	1.856104	1.3623891
23.018123078229	1.859204	1.3635263
23.03600974815619	1.9070221	1.3809497
23.053896987042194	1.9060216	1.3805875
23.071784795377173	1.8991926	1.378112
23.08967317365145	1.9165877	1.3844088
23.10756212235546	1.921308	1.3861126
23.125451641979787	1.8933215	1.3759803
23.143341733015134	1.8859745	1.3733078
23.161232395952357	1.8871682	1.3737423
23.179123631282426	1.8292686	1.3525046
23.197015439496468	1.8265276	1.3514909
23.214907821085717	1.8769628	1.3700229
23.23280077654157	1.9102228	1.3821081
23.250694306355538	1.9083122	1.3814167
23.268588411019277	1.8988199	1.3779768
23.28648309102458	1.9213823	1.3861394
23.304378346863356	1.908942	1.3816447
23.322274179027676	1.8796787	1.3710138
23.340170588009723	1.8509983	1.3605139
23.358067574301852	1.8451948	1.3583795
23.37596513839651	1.8269205	1.3516363
23.39386328078629	1.8176782	1.348213
23.411762001963947	1.8270367	1.3516792
23.429661302422353	1.8951288	1.3766367
23.4475611826545	1.9180775	1.3849467
23.46546164315356	1.9695461	1.4034052
23.48336268441279	1.9969583	1.4131378
23.501264306925638	1.9558179	1.3985056
23.51916651118564	1.9261291	1.3878505
23.537069297686497	1.9068556	1.3808894
23.554972666922037	1.9256302	1.3876708
23.57287661938623	1.8684645	1.3669178
23.59078115557318	1.8564631	1.3625208
23.608686275977128	1.8743602	1.3690728
23.62659198109246	1.8903961	1.3749168
23.6444982714137	1.8680894	1.3667806
23.66240514743549	1.9028988	1.3794559
23.68031260965263	1.9042888	1.3799597
23.698220658560068	1.876571	1.36988
23.716129294652845	1.8583181	1.3632014
23.7340385184262	1.8930162	1.3758693
23.75194833037546	1.9297282	1.3891466
23.769858730996123	1.9209318	1.3859768
23.78776972078382	1.87882	1.3707005
23.80568130023431	1.8849748	1.3729439
23.823593469843495	1.8928576	1.3758116
23.841506230107424	1.8896664	1.3746514
23.859419581522275	1.8448585	1.3582557
23.87733352458438	1.8429996	1.3575712
23.89524805979019	1.8551133	1.3620254
23.913163187636318	1.8393719	1.3562344
23.931078908619508	1.8693298	1.3672343
23.948995223236633	1.8651907	1.3657199
23.966912131984735	1.8816482	1.3717319
23.98482963536096	1.9319364	1.3899411
24.002747733862616	1.9519805	1.397133
24.020666427987155	1.9775697	1.4062608
24.038585718232156	2.0151768	1.4195693
24.056505605095353	2.0781476	1.4415781
24.074426089074617	2.1105702	1.4527801
24.092347170667946	2.11927	1.4557713
24.110268850373515	2.1009095	1.4494514
24.128191128689586	2.0787182	1.441776
24.146114006114626	2.0455484	1.4302267
24.164037483147187	2.047171	1.4307939
24.181961560286005	2.006415	1.4164797
24.199886238029926	1.9581425	1.3993365
24.21781151687797	1.9818367	1.4077772
24.235737397329274	2.0617716	1.4358871
24.253663879883135	2.1044452	1.4506706
24.271590965038975	2.1189032	1.4556453
24.289518653296376	2.0528266	1.4327688
24.30744694515505	1.9959217	1.412771
24.32537584111486	1.9810112	1.4074839
24.34330534167581	2.016265	1.4199524
24.361235447338046	2.0376928	1.4274777
24.379166158601876	2.0287807	1.4243528
24.39709747596772	2.0188332	1.4208565
24.41502939993615	2.0565214	1.4340577
24.432961931007917	2.0871527	1.4446981
24.450895069683856	2.03854	1.4277744
24.468828816465	1.913828	1.3834118
24.4867631718525	1.8810139	1.3715006
24.504698136347656	1.9165804	1.3844062
24.52263371045192	1.9315765	1.3898116
24.540569894666874	1.8863025	1.3734273
24.558506689494266	1.8683853	1.3668889
24.57644409543597	1.9203925	1.3857822
24.594382112994012	1.9388232	1.3924164
24.61232074267057	1.9025159	1.3793172
24.630259984967953	1.8871793	1.3737464
24.64819984038863	1.9419992	1.3935564
24.66614030943522	1.9577727	1.3992044
24.684081392610462	1.9746453	1.4052207
24.702023090417274	1.9523101	1.3972509
24.7199654033587	1.9211631	1.3860602
24.737908331937927	1.9414399	1.3933556
24.755851876658305	1.9726368	1.4045058
24.773796038023324	2.0102897	1.4178468
24.79174081653661	2.056394	1.4340132
24.809686212701962	2.0626056	1.4361775
24.827632227023294	2.0318074	1.4254148
24.8455788600047	2.0502903	1.4318835
24.8635261121504	2.0618236	1.4359051
24.88147398396475	2.0410597	1.4286566
24.899422475952303	2.0304253	1.42493
24.917371588617698	2.0614736	1.4357833
24.935321322465768	2.1126478	1.453495
24.953271678001478	2.2130308	1.487626
24.97122265572994	2.401623	1.5497171
24.989174256156414	2.7105682	1.6463803
25.00712647978632	3.1795986	1.7831429
25.02507932712521	3.6944137	1.9220858
25.043032798678798	4.2082906	2.0514119
25.060986894952933	4.7072897	2.1696289
25.078941616453637	5.35144	2.313318
25.096896963687055	6.1615667	2.4822505
25.114852937159508	7.313278	2.7043073
25.132809537377444	7.799486	2.792756
25.150766764847468	7.874223	2.8061047
25.168724620076347	7.3217883	2.7058804
25.186683103570985	6.412794	2.5323496
25.204642215838426	5.384051	2.3203557
25.222601957385894	4.178508	2.0441399
25.24056232872074	3.234289	1.7984129
25.25852333035048	2.5806217	1.6064314
25.276484962782778	2.1597383	1.4696048
25.294447226525435	1.9867553	1.409523
25.312410122086423	1.9627804	1.4009926
25.330373649973843	2.0092475	1.4174793
25.348337810695988	1.9631797	1.4011352
25.366302604761245	1.9376148	1.3919823
25.384268032678207	1.8665922	1.3662329
25.40223409495558	1.8666135	1.3662406
25.420200792102257	1.8574964	1.3629
25.438168124627246	1.8952612	1.3766849
25.45613609303974	1.8701009	1.3675163
25.474104697849057	1.8960537	1.3769727
25.492073939564698	1.866444	1.3661786
25.510043818696285	1.8516171	1.3607414
25.528014335753614	1.8302598	1.352871
25.54598549124664	1.8531704	1.361312
25.56395728568544	1.8843987	1.3727341
25.58192971958028	1.8835506	1.3724251
25.59990279344156	1.8318233	1.3534486
25.617876507779833	1.8206064	1.3492985
25.635850863105826	1.8128577	1.3464241
25.653825859930386	1.8667798	1.3663015
25.671801498764548	1.9118673	1.3827028
25.68977778011949	1.906666	1.3808208
25.707754704506524	1.90234	1.3792534
25.725732272437153	1.9210033	1.3860027
25.743710484423012	1.8651026	1.3656876
25.761689340975888	1.8427905	1.3574942
25.77966884260774	1.8592451	1.3635414
25.797648989830662	1.9090714	1.3816916
25.815629783156922	1.9191778	1.3853439
25.83361122309895	1.9065495	1.3807786
25.85159331016929	1.8691795	1.3671794
25.869576044880695	1.8893722	1.3745444
25.887559427746034	1.8850857	1.3729843
25.90554345927836	1.8713379	1.3679686
25.92352813999086	1.8320067	1.3535165
25.94151347039689	1.8184414	1.348496
25.959499451009965	1.8499818	1.3601403
25.97748608234374	1.8700514	1.3674983
25.995473364912062	1.8605654	1.3640255
26.013461299228904	1.8190585	1.3487247
26.03144988580839	1.820879	1.3493994
26.04943912516483	1.8290391	1.3524197
26.067429017812675	1.7801572	1.3342253
26.085419564266537	1.7631844	1.3278495
26.103410765041186	1.7867564	1.336696
26.12140262065155	1.8261712	1.351359
26.139395131612723	1.8063743	1.3440143
26.157388298439948	1.7941849	1.3394719
26.17538212164861	1.837574	1.3555715
26.193376601754295	1.8367312	1.3552606
26.211371739272714	1.8314542	1.3533123
26.229367534719746	1.828798	1.3523306
26.247363988611433	1.827455	1.3518339
26.26536110146397	1.8214631	1.3496159
26.283358873793727	1.8191327	1.3487523
26.301357306117204	1.820577	1.3492876
26.319356398951104	1.8064182	1.3440306
26.33735615281224	1.77181	1.3310935
26.35535656821762	1.7248625	1.3133402
26.373357645684404	1.7214599	1.3120441
26.39135938572991	1.7504035	1.3230282
26.409361788871614	1.8211274	1.3494916
26.427364855627165	1.7833508	1.3354216
26.445368586514352	1.6967406	1.30259
26.46337298205115	1.7160869	1.3099949
26.48137804275568	1.7825288	1.3351138
26.499383769146217	1.8289822	1.3523988
26.517390161741215	1.8194497	1.3488698
26.53539722105928	1.7452595	1.3210827
26.553404947619182	1.7320206	1.3160626
26.571413341939856	1.7522144	1.3237123
26.589422404540397	1.7774792	1.3332213
26.60743213594006	1.7860179	1.3364198
26.62544253665827	1.8154116	1.347372
26.64345360721459	1.7940418	1.3394184
26.66146534812879	1.7658542	1.3288544
26.679477759920758	1.7458241	1.3212963
26.69749084311057	1.756715	1.3254113
26.71550459821847	1.8031081	1.3427986
26.733519025764842	1.8043854	1.3432741
26.751534126270258	1.8081489	1.3446742
26.769549900255434	1.8109539	1.3457168
26.787566348241267	1.8154641	1.3473916
26.80558347074881	1.7915239	1.3384782
26.823601268299267	1.8085412	1.3448201
26.841619741414036	1.8257309	1.351196
26.85963889061465	1.8107457	1.3456395
26.877658716422832	1.7657769	1.3288254
26.89567921936045	1.7610456	1.3270439
26.913700399949544	1.7969788	1.3405144
26.93172225871233	1.7941386	1.3394545
26.949744796171174	1.7788556	1.3337375
26.967768012848605	1.7588881	1.3262308
26.98579190926733	1.7631621	1.3278412
27.003816485950225	1.8047397	1.343406
27.021841743420318	1.8648541	1.3655967
27.039867682200814	1.8676941	1.366636
27.057894302815072	1.8237725	1.3504713
27.07592160578664	1.7872642	1.336886
27.0939495916392	1.7998636	1.3415899
27.111978260896635	1.8160908	1.3476242
27.13000761408296	1.7855927	1.3362607
27.148037651722397	1.7633301	1.3279043
27.166068374339304	1.7274253	1.3143156
27.184099782458215	1.7603773	1.3267921
27.20213187660384	1.8395056	1.3562838
27.22016465730105	1.8636976	1.3651731
27.23819812507487	1.8282733	1.3521366
27.256232280450533	1.7772818	1.3331473
27.274267123953383	1.7622198	1.3274863
27.292302656108987	1.7511287	1.3233021
27.31033887744306	1.7832736	1.3353927
27.32837578848146	1.8069472	1.3442273
27.34641338975026	1.7792222	1.333875
27.364451681775673	1.7848834	1.3359953
27.382490665084074	1.7826403	1.3351556
27.400530340202046	1.7721314	1.3312143
27.41857070765629	1.7361994	1.3176492
27.436611767973726	1.7693914	1.3301847
27.454653521681404	1.7914499	1.3384506
27.472695969306564	1.7978315	1.3408324
27.490739111376627	1.8322977	1.3536239
27.508782948419153	1.7977035	1.3407847
27.526827480961902	1.7652355	1.3286216
27.54487270953279	1.8013914	1.3421593
27.562918634659898	1.8200963	1.3491094
27.580965256871508	1.7648296	1.3284689
27.599012576696026	1.7500131	1.3228806
27.617060594662068	1.7978683	1.3408461
27.63510931129842	1.7914423	1.3384477
27.65315872713401	1.7722746	1.3312681
27.67120884269797	1.7650794	1.3285629
27.68925965851958	1.7415597	1.3196816
27.707311175128307	1.762816	1.3277107
27.725363393053787	1.7475194	1.3219377
27.74341631282583	1.7696902	1.330297
27.7614699349744	1.8334485	1.354049
27.77952426002968	2.1028233	1.4501115
27.797579288521973	2.1734703	1.4742694
27.815635020981784	2.6470022	1.626961
27.83369145793979	2.6717682	1.6345544
27.85174859992682	2.435221	1.5605195
27.869806447473923	2.2499642	1.4999881
27.887865001112267	1.9702442	1.4036539
27.905924261373233	1.9232696	1.38682
27.92398422878836	1.8913577	1.3752664
27.94204490388936	1.8764727	1.3698441
27.96010628720813	1.8934337	1.3760209
27.978168379276728	1.8712149	1.3679236
27.9962311806274	1.8228844	1.3501424
28.014294691792568	1.759954	1.3266326
28.0323589133048	1.7911181	1.3383266
28.050423845696887	1.82102	1.3494518
28.068489489501758	1.824185	1.350624
28.086555845252523	1.8130643	1.3465008
28.104622913482487	1.8333212	1.3540019
28.122690694725115	1.8869445	1.373661
28.14075918951405	1.8907075	1.37503
28.15882839838312	1.8976659	1.3775579
28.176898321866304	1.8819729	1.3718501
28.1949689604978	1.8799859	1.3711258
28.213040314811945	1.8712682	1.367943
28.23111238534327	1.9200019	1.3856413
28.249185172626493	1.9351863	1.3911097
28.267258677196473	1.9457122	1.3948879
28.285332899588294	1.9198743	1.3855953
28.303407840337172	1.8895209	1.3745985
28.321483499978545	1.859104	1.3634896
28.33955987904799	1.8822767	1.3719609
28.357636978081285	1.9774103	1.4062042
28.37571479761439	2.006297	1.4164382
28.393793338183425	1.956229	1.3986526
28.41187260032469	1.910183	1.3820937
28.429952584574686	1.8746939	1.3691946
28.448033291470065	1.8970866	1.3773477
28.46611472154769	1.9377167	1.3920189
28.484196875344566	1.961214	1.4004335
28.502279753397914	1.9225497	1.3865604
28.52036335624511	1.900373	1.3785402
28.538447684423716	1.9021153	1.379172
28.556532738471482	1.9575437	1.3991225
28.574618518926325	1.954341	1.3979775
28.59270502632635	1.9596902	1.3998893
28.61079226120985	1.976611	1.40592
28.628880224115274	1.9441961	1.3943443
28.646968915581287	1.9390312	1.392491
28.66505833614671	1.9196599	1.385518
28.68314848635055	1.9404955	1.3930167
28.701239366732004	2.0072365	1.4167697
28.71933097783044	2.05291	1.432798
28.737423320185403	2.0395937	1.4281435
28.75551639433665	2.0732133	1.4398657
28.773610200824074	2.098784	1.4487181
28.791704740187793	2.1062295	1.4512855
28.80980001296809	2.0738866	1.4400995
28.827896019705413	2.1330009	1.4604796
28.845992760940433	2.1894379	1.4796749
28.86409023721397	2.1484046	1.4657437
28.88218844906704	2.1678011	1.4723455
28.900287397040845	2.227682	1.4925421
28.918387081676755	2.199891	1.4832029
28.936487503516343	2.1284645	1.4589258
28.954588663101365	2.125894	1.4580446
28.97269056097374	2.2265933	1.4921774
28.990793197675597	2.2912588	1.5136905
29.00889657374923	2.3061047	1.5185864
29.027000689737125	2.3401973	1.5297704
29.04510554618196	2.3673832	1.5386304
29.06321114362659	2.394681	1.5474757
29.08131748261405	2.4162219	1.5544201
29.099424563687567	2.448968	1.5649179
29.11753238739057	2.4594266	1.5682559
29.13564095426663	2.4759037	1.5735005
29.15375026485954	2.5403347	1.5938427
29.171860319713275	2.61959	1.6185148
29.18997111937199	2.686902	1.6391772
29.20808266438002	2.6676514	1.6332947
29.226194955281898	2.6712883	1.6344076
29.244307992622335	2.809635	1.6761966
29.26242177694624	2.9101713	1.7059224
29.2805363087987	2.8971982	1.7021158
29.29865158872498	2.8535588	1.689248
29.316767617270557	2.846765	1.687236
29.334884394981064	2.8304305	1.6823883
29.353001922402367	2.8691018	1.6938423
29.37112020008047	2.929756	1.711653
29.389239228561596	3.1052818	1.762181
29.407359008392152	3.3354106	1.8263106
29.42547954011872	3.730524	1.9314564
29.44360082428809	4.3922334	2.0957656
29.46172286144722	5.318687	2.306228
29.479845652143283	6.6360126	2.576046
29.497969196923606	8.499906	2.9154599
29.516093496335728	10.744608	3.277897
29.5342185509274	13.352831	3.6541526
29.55234436124651	15.538676	3.9419127
29.570470927841175	16.887472	4.109437
29.588598251259686	16.683722	4.0845714
29.60672633205055	15.569765	3.9458542
29.624855170762405	13.490513	3.6729434
29.642984767944146	11.071993	3.3274605
29.66111512414481	8.643767	2.9400284
29.67924623991366	6.4992785	2.5493684
29.697378115800138	5.0528417	2.2478526
29.71551075235387	4.125625	2.0311635
29.733644150124675	3.6630356	1.9139059
29.751778309662576	3.435577	1.8535309
29.769913231517766	3.3667176	1.8348618
29.78804891624066	3.3258052	1.823679
29.806185364381818	3.317012	1.8212667
29.82432257649206	3.2672591	1.8075562
29.842460553122333	3.310152	1.8193823
29.86059929482382	3.2540352	1.8038945
29.878738802147872	3.2169847	1.7935954
29.896879075646048	3.2060192	1.790536
29.915020115870114	3.210547	1.7917999
29.933161923371976	3.2466724	1.8018525
29.951304498703777	3.183143	1.7841364
29.969447842417857	3.178969	1.7829664
29.987591955066733	3.1622663	1.7782762
30.005736837203123	3.1058924	1.7623543
30.023882489379943	3.1274626	1.7684634
30.04202891215028	3.111891	1.7640553
30.060176106067455	3.1410184	1.7722919
30.078324071684946	3.1618261	1.7781525
30.09647280955646	3.1438236	1.7730831
30.114622320235863	3.0591483	1.7490422
30.132772604277257	3.0109055	1.7351961
30.1509236622349	2.9870152	1.7282984
30.16907549466328	3.0209045	1.7380749
30.18722810211705	3.0583951	1.7488267
30.205381485151097	3.0518584	1.746957
30.22353564432045	3.018514	1.7373871
30.241690580180403	2.992402	1.7298561
30.25984629328638	2.9412274	1.7150007
30.278002784194037	2.9927366	1.7299528
30.296160053459246	3.0067127	1.7339875
30.314318101638033	2.946006	1.7163934
30.332476929286646	2.895265	1.7015479
30.35063653696153	2.8854723	1.6986678
30.368796925219307	2.8287468	1.6818879
30.386958094616844	2.799735	1.6732409
30.40512004571115	2.7916565	1.6708251
30.423282779059463	2.799237	1.673092
30.441446295219233	2.7574384	1.6605537
30.459610594748067	2.8393939	1.6850501
30.47777567820382	2.8881629	1.6994596
30.495941546144504	2.7903824	1.6704438
30.51410819912835	2.7052631	1.6447684
30.532275637713795	2.721419	1.6496724
30.55044386245946	2.7419598	1.6558864
30.56861287392416	2.7453988	1.6569245
30.586782672666956	2.764454	1.6626647
30.604953259247047	2.8637033	1.692248
30.623124634223885	2.869894	1.6940762
30.641296798157075	2.7619557	1.6619133
30.659469751606462	2.679112	1.6367993
30.677643495132074	2.673276	1.6350156
30.695818029294152	2.6447856	1.6262797
30.713993354653116	2.6566236	1.6299152
30.73216947176962	2.711179	1.6465658
30.75034638120448	2.7020757	1.6437992
30.768524083518756	2.6793694	1.636878
30.786702579273673	2.6580935	1.6303661
30.80488186903069	2.7520628	1.6589342
30.82306195335144	2.931522	1.7121688
30.841242832797782	3.1410375	1.7722973
30.85942450793176	3.3880277	1.8406596
30.877606979315637	3.6274245	1.9045799
30.895790247511883	3.9714816	1.9928577
30.913974313083134	4.4076138	2.0994318
30.932159176592283	4.6027417	2.1454
30.95034483860237	4.613375	2.147877
30.968531299676698	4.479839	2.116563
30.98671856037873	4.2286506	2.0563684
31.00490662127215	3.8803468	1.9698596
31.023095482920848	3.4360719	1.8536644
31.04128514588892	3.0277717	1.7400494
31.059475610740662	2.7363837	1.6542019
31.07766687804056	2.5798872	1.6062027
31.09585894835335	2.490364	1.5780888
31.11405182224393	2.437103	1.5611224
31.132245500277417	2.3649461	1.5378381
31.15043998301914	2.3401916	1.5297685
31.168635271034628	2.4071476	1.5514985
31.18683136488964	2.4147842	1.5539576
31.20502826515008	2.400923	1.5494912
31.223225972382135	2.398573	1.5487326
31.241424487152155	2.3824995	1.5435348
31.259623810026692	2.3408933	1.5299978
31.27782394157253	2.3016725	1.5171264
31.296024882356644	2.291521	1.5137771
31.314226632946237	2.3750968	1.541135
31.332429193908684	2.4446673	1.5635432
31.350632565811598	2.470997	1.5719405
31.368836749222787	2.347689	1.532217
31.387041744710295	2.3665938	1.5383737
31.40524755284232	2.4619944	1.5690744
31.423454174187317	2.5338492	1.5918069
31.441661609313922	2.5096073	1.584174
31.459869858791002	2.36259	1.537072
31.478078923187628	2.3101492	1.5199175
31.496288803073064	2.2827213	1.5108677
31.514499499016807	2.2536209	1.5012065
31.532711011588546	2.2595026	1.5031642
31.550923341358178	2.3385446	1.5292301
31.56913648889584	2.3513117	1.5333987
31.587350454771844	2.3565495	1.5351057
31.605565239556732	2.3474915	1.5321525
31.62378084382127	2.2808242	1.5102397
31.641997268136382	2.2699547	1.5066369
31.660214513073274	2.284073	1.511315
31.67843257920331	2.3089006	1.5195067
31.6966514670981	2.2320938	1.4940194
31.71487117732944	2.206947	1.4855797
31.733091710469346	2.1878545	1.4791398
31.751313067090052	2.147584	1.4654638
31.769535247764008	2.1300716	1.4594765
31.787758253063878	2.2001455	1.4832888
31.805982083562526	2.265504	1.5051591
31.824206739833024	2.290966	1.5135938
31.84243222244869	2.2982624	1.516002
31.860658531983013	2.243945	1.4979802
31.878885669009737	2.209271	1.4863616
31.897113634102784	2.2191966	1.4896967
31.91534242783632	2.269592	1.5065166
31.933572050784694	2.2892704	1.5130335
31.951802503522508	2.2038507	1.4845372
31.970033786624548	2.19723	1.4823056
31.988265900665834	2.1683772	1.4725411
32.006498846221575	2.1591191	1.4693941
32.02473262386724	2.1722775	1.4738648
32.04296723417845	2.1676738	1.4723022
32.0612026777311	2.148593	1.4658079
32.07943895510129	2.1486313	1.465821
32.097676066865304	2.1859007	1.4784791
32.115914013599685	2.2234356	1.4911189
32.13415279588115	2.2022903	1.4840115
32.152392414286666	2.0965557	1.4479488
32.1706328693934	2.0436437	1.4295607
32.18887416177875	2.0545409	1.433367
32.20711629202032	2.0991733	1.4488524
32.225359260695924	2.1376767	1.4620796
32.243603068383614	2.1323245	1.4602481
32.26184771566166	2.1134593	1.4537742
32.28009320310852	2.1896663	1.4797521
32.2983395313029	2.1866894	1.4787459
32.31658670082372	2.1421332	1.4636028
32.33483471225012	2.0508265	1.4320707
32.35308356616143	2.057646	1.4344498
32.371333263137245	2.0390568	1.4279555
32.38958380375734	2.075808	1.4407665
32.407835188601744	2.0566888	1.434116
32.42608741825067	1.9942304	1.4121722
32.444340493284585	1.9292831	1.3889863
32.46259441428416	1.9972047	1.4132249
32.48084918183028	2.1061	1.4512409
32.49910479650405	2.1297913	1.4593804
32.51736125888683	2.086306	1.4444051
32.53561856956014	2.071787	1.4393704
32.5538767291058	2.0756457	1.4407102
32.572135738105764	1.9908898	1.4109889
32.59039559714228	1.9577925	1.3992114
32.608656306797776	2.043835	1.4296275
32.62691786765491	2.1135972	1.4538215
32.645180280296586	2.0819552	1.4428982
32.663443545305896	2.062581	1.4361689
32.68170766326619	2.0515451	1.4323215
32.69997263476099	2.0034497	1.4154327
32.7182384603741	1.974936	1.4053242
32.7365051406895	1.9732234	1.4047147
32.75477267629144	1.9451463	1.394685
32.77304106776434	1.9674274	1.4026501
32.79131031569289	1.9803503	1.4072492
32.809580420661966	1.9728845	1.4045941
32.827851383256714	1.9219388	1.38634
32.84612320406245	1.8903389	1.3748959
32.86439588366476	1.8949473	1.3765708
32.88266942264945	1.9778898	1.4063747
32.9009438216025	2.078441	1.4416798
32.9192190811102	2.1367342	1.4617573
32.937495201758985	2.0416746	1.4288718
32.95577218413556	1.9075297	1.3811334
32.974050028826866	1.9274988	1.3883439
32.992328736420035	1.9482031	1.3957804
33.010608307502444	1.8489225	1.3597509
33.02888874266169	1.8787092	1.3706602
33.047170042485604	1.9447622	1.3945473
33.06545220756225	1.948875	1.3960211
33.083735238479896	1.9483387	1.3958291
33.10201913582707	1.9741957	1.4050608
33.12030390019248	1.9259826	1.3877977
33.138589532165135	1.9075632	1.3811456
33.15687603233419	1.8380327	1.3557407
33.17516340128909	1.8649099	1.365617
33.19345163961947	1.9342465	1.3907719
33.211740747915215	1.9735738	1.4048394
33.23003072676643	1.9261339	1.3878522
33.248321576763466	1.9091467	1.3817188
33.266613298496885	1.9148271	1.3837727
33.28490589255747	1.9334971	1.3905025
33.30319935953626	1.898314	1.3777932
33.32149370002451	1.9513173	1.3968956
33.339788914613706	1.9499501	1.3964062
33.358085003895575	1.8919221	1.3754716
33.376381968462034	1.8293912	1.3525499
33.39467980890529	1.8798808	1.3710874
33.41297852581774	1.931363	1.3897349
33.43127811979204	1.899504	1.378225
33.44957859142105	1.8579208	1.3630557
33.467879941297866	1.9142386	1.3835601
33.486182170015844	1.8937924	1.3761513
33.50448527816853	1.806732	1.3441473
33.522789266349754	1.8252428	1.3510154
33.541094135153514	1.8828396	1.372166
33.55939988517411	1.9688501	1.4031572
33.57770651700602	2.0077293	1.4169437
33.59601403124398	2.0312026	1.4252026
33.61432242848296	1.976266	1.4057972
33.632631709318154	1.900401	1.3785503
33.650941874344994	1.8605866	1.3640332
33.66925292415916	1.796838	1.3404619
33.68756485935654	1.9123762	1.3828869
33.70587768053328	1.9555786	1.39842
33.724191388285746	1.8604168	1.363971
33.74250598321054	1.8195122	1.3488929
33.760821465904506	1.7996979	1.3415282
33.77913783696474	1.796637	1.3403869
33.79745509698852	1.761947	1.3273835
33.815773246573414	1.7975395	1.3407235
33.8340922863172	1.8176645	1.3482078
33.852412216817896	1.8910633	1.3751594
33.87073303867377	1.8457199	1.3585727
33.889054752483304	1.7797467	1.3340714
33.907377358845245	1.6766353	1.2948495
33.92570085835853	1.7013792	1.3043692
33.94402525162239	1.8004806	1.3418199
33.96235053923627	1.8032445	1.3428494
33.980676721799824	1.8368112	1.35529
33.999003799912984	1.8274575	1.3518349
34.01733177417592	1.847471	1.359217
34.03566064518901	1.877201	1.3701098
34.0539904135529	1.9253422	1.387567
34.07232107986846	1.8916196	1.3753616
34.090652644736785	1.9359615	1.3913883
34.108985108759235	1.874137	1.3689913
34.12731847253742	1.8957927	1.3768779
34.14565273667313	1.9610077	1.4003599
34.16398790176847	1.9405555	1.3930382
34.18232396842574	1.8660154	1.3660218
34.20066093724749	2.0217235	1.4218732
34.21899880883651	2.0895493	1.4455273
34.23733758379583	1.9253254	1.387561
34.25567726272874	1.9694653	1.4033763
34.27401784623872	2.003444	1.4154307
34.29235933492957	1.9646497	1.4016596
34.31070172940526	1.9332561	1.3904158
34.32904503027003	1.7904464	1.3380756
34.347389238128386	1.7474258	1.3219024
34.36573435358502	1.9306304	1.3894713
34.38408037724492	2.0482056	1.4311553
34.402427309713296	1.9614053	1.4005018
34.42077515159559	1.8866364	1.3735489
34.43912390349752	1.8218882	1.3497734
34.45747356602499	1.7985476	1.3410994
34.47582413978423	1.849616	1.3600059
34.49417562538163	1.9450314	1.3946438
34.51252802342388	2.0019364	1.414898
34.53088133451789	2.0343533	1.4263076
34.54923555927084	1.9373491	1.3918868
34.567590698290104	1.8841064	1.3726275
34.58594675218336	1.9862521	1.4093446
34.6043037215585	2.0353873	1.42667
34.62266160702365	1.9535818	1.3977059
34.641020409187234	1.890465	1.3749418
34.65938012865785	1.7982126	1.3409746
34.677740766044394	1.831576	1.3533573
34.69610232195598	1.9498512	1.3963706
34.714464797002016	1.9693664	1.4033412
34.73282819179208	1.9800276	1.4071345
34.751192506936064	1.9246374	1.387313
34.76955774304408	2.0693002	1.4385062
34.7879239007265	2.120093	1.456054
34.80629098059391	2.110232	1.4526638
34.824658983257194	2.09787	1.4484026
34.843027909327446	2.1428084	1.4638335
34.86139775941603	1.9905843	1.4108807
34.879768534134534	1.7970026	1.3405232
34.89814023409483	1.6057315	1.2671746
34.91651285990901	1.6057926	1.2671987
34.93488641218944	1.7880967	1.3371973
34.95326089154871	1.8369647	1.3553467
34.97163629859967	1.787331	1.336911
34.99001263395542	1.7305076	1.3154876
35.00838989822934	1.5617841	1.2497137
35.02676809203499	1.7568208	1.3254511
35.04514721598624	1.8924743	1.3756723
35.063527270697215	2.0138097	1.4190876
35.081908256782256	2.0338817	1.4261422
35.10029017485597	2.0939755	1.4470576
35.11867302553321	2.173977	1.4744412
35.137056809429104	2.0171993	1.4202814
35.155441527159006	1.9096371	1.3818961
35.173827179338524	1.6948617	1.3018686
35.19221376658354	1.7188932	1.3110657
35.21060128951017	1.7676433	1.3295275
35.2289897487348	1.8935081	1.376048
35.24737914487405	2.0718641	1.4393971
35.26576947854479	2.1061378	1.4512539
35.28416075036418	1.9233387	1.3868449
35.30255296094958	1.7296535	1.3151629
35.32094611091867	1.8882625	1.3741406
35.33934020088932	2.215106	1.4883232
35.35773523147969	2.2630732	1.5043514
35.3761312033082	2.606031	1.6143206
35.394528116993506	2.3175778	1.5223593
35.41292597315452	1.7626786	1.3276591
35.431324772410434	1.568742	1.2524943
35.449724515380666	1.664532	1.2901675
35.46812520268491	2.1144829	1.4541261
35.486526834943106	2.1009007	1.4494483
35.504929412775454	1.899442	1.3782024
35.52333293680242	1.9562999	1.398678
35.54173740764471	2.2596643	1.5032179
35.560142825923286	1.9141494	1.3835279
35.5785491922594	1.5584098	1.2483629
35.59695650727454	1.7806082	1.3343943
35.61536477159042	1.5075935	1.227841
