0.008763373481513119	0.56609195	0.7523908
0.026290120649546365	0.36068255	0.60056853
0.043816868432600686	0.2109245	0.45926517
0.06134361724069026	0.094355136	0.3071728
0.07887036748382949	0.117813654	0.34323993
0.0963971195720331	0.20225678	0.44972968
0.11392387391531617	0.21685365	0.46567547
0.1314506309236943	0.17939615	0.42355183
0.1489773910071836	0.07258811	0.26942182
0.16650415457580078	0.031224692	0.1767051
0.18403092203956356	0.032050252	0.17902584
0.20155769380849	0.07182841	0.26800823
0.2190844702925996	0.15494338	0.39362848
0.2366112519019124	0.18957451	0.43540156
0.2541380390464497	0.15998529	0.39998162
0.27166483213623416	0.12349028	0.35141185
0.28919163158128947	0.12067391	0.3473815
0.3067184377916406	0.18479201	0.42987442
0.324245251177314	0.23693341	0.48675805
0.34177207214833777	0.24564447	0.49562532
0.3592989011147415	0.20889689	0.45705238
0.37682573848655654	0.20152603	0.4489165
0.39435258467381573	0.17482926	0.4181259
0.41187944008655414	0.13709588	0.37026462
0.42940630513480854	0.113117896	0.33633003
0.446933180228618	0.11507563	0.339228
0.4644600657780234	0.12897873	0.35913607
0.48198696219306775	0.13878885	0.37254375
0.49951386988379676	0.109700926	0.3312113
0.5170407892602581	0.14474957	0.38045967
0.5345677207325025	0.14869136	0.3856052
0.5520946647105822	0.19091073	0.4369333
0.5696216216045534	0.18407848	0.42904368
0.5871485918244737	0.15848967	0.39810762
0.6046755757804043	0.1360456	0.36884362
0.6222025738824094	0.13747506	0.3707763
0.6397295865405557	0.14344347	0.3787393
0.6572566141649129	0.14680254	0.3831482
0.6747836571655547	0.15106949	0.38867658
0.6923107159525568	0.16294211	0.4036609
0.7098377909359992	0.1578652	0.39732254
0.7273648825259653	0.12984577	0.3603412
0.7448919911325411	0.12085084	0.34763607
0.762419117165817	0.13272512	0.3643146
0.7799462610358868	0.18342692	0.4282837
0.7974734231528482	0.21476986	0.4634327
0.8150006039268024	0.23797236	0.4878241
0.8325278037678551	0.2441474	0.49411276
0.8500550230861152	0.2537484	0.50373447
0.8675822622916969	0.25513345	0.50510734
0.8851095217947171	0.28021786	0.52935606
0.9026368020052984	0.30992866	0.5567124
0.9201641033335665	0.33124492	0.5755388
0.9376914261896523	0.3127611	0.5592505
0.9552187709836915	0.26067275	0.5105612
0.9727461381258234	0.24616855	0.49615377
0.990273528026193	0.20796676	0.45603374
1.0078009410949496	0.23388217	0.48361367
1.0253283777422473	0.23472457	0.4844838
1.0428558383782454	0.28264317	0.53164196
1.0603833234131086	0.27405527	0.5235029
1.0779108332570058	0.27185658	0.52139866
1.0954383683201119	0.29109195	0.5395294
1.112965929012607	0.32901317	0.5735967
1.1304935157446763	0.49554703	0.703951
1.1480211289265108	0.55819005	0.74712116
1.1655487689683062	1.3721856	1.1714033
1.1830764362802655	1.6420324	1.2814181
1.200604131272596	2.033192	1.4259003
1.2181318543555117	2.3237267	1.5243775
1.235659605939232	2.3637102	1.5374362
1.253187386433982	3.7454662	1.9353207
1.270715196249994	5.9503736	2.4393387
1.2882430357975057	11.409427	3.3777843
1.3057709054867608	16.468397	4.0581274
1.3232988057280106	22.14832	4.7062
1.3408267369315112	26.938484	5.19023
1.358354699507526	30.306896	5.50517
1.3758826938663256	34.368355	5.862453
1.3934107204181858	36.468708	6.038933
1.410938779573391	37.142212	6.094441
1.4284668717422309	37.761166	6.1450114
1.4459949973350033	37.10979	6.0917807
1.4635231567620117	37.21839	6.100688
1.4810513504335687	36.432655	6.035947
1.4985795787599925	35.771057	5.980891
1.5161078421516088	35.456684	5.9545517
1.5336361410187505	34.593746	5.8816447
1.5511644757717598	34.527466	5.8760076
1.5686928468209842	35.32697	5.9436493
1.58622125457678	36.04456	6.003712
1.6037496994495108	37.013325	6.0838575
1.621278181849548	37.02718	6.084996
1.6388067021872719	37.725147	6.14208
1.6563352608730693	37.22952	6.1015997
1.673863858317336	36.23344	6.019422
1.6913924949304753	35.34794	5.945413
1.7089211711228998	34.01544	5.832276
1.7264498873050296	33.296726	5.7703314
1.7439786438872935	32.63623	5.712813
1.7615074412801288	31.91897	5.649688
1.779036279893981	31.257254	5.590819
1.796565160139305	30.472052	5.5201497
1.814094082426564	29.830002	5.4616847
1.8316230471662298	29.030188	5.387967
1.849152054768784	28.088013	5.2998123
1.8666811056447168	27.593456	5.2529473
1.8842102002045273	26.64431	5.161813
1.901739338858724	26.071241	5.1060004
1.9192685220178245	25.336529	5.0335402
1.9367977500923557	24.58673	4.958501
1.9543270234928547	24.009146	4.899913
1.971856342629867	23.363188	4.833548
1.9893857079139496	22.907713	4.7862
2.006915119755667	22.613146	4.755328
2.0244445785655945	22.036089	4.694261
2.0419740847543175	21.612432	4.648917
2.0595036387324317	21.366667	4.6224093
2.0770332409105414	20.887589	4.570294
2.094562891699263	20.597336	4.538429
2.1120925915092217	20.038755	4.4764667
2.129622340751053	19.647678	4.43257
2.1471521398354043	187.76953	13.702902
2.1646819891729323	444.20142	21.076086
2.182211889174303	440.54727	20.989218
2.1997418402501974	452.80035	21.279106
2.2172718428113023	432.66507	20.800602
2.234801897268317	320.6324	17.90621
2.2523320040319548	17.005093	4.123723
2.269862163512935	16.817322	4.100893
2.287392376121992	16.443617	4.055073
2.304922642269869	16.32701	4.0406694
2.322452962367322	15.925706	3.9907024
2.3399833368251164	15.534748	3.9414146
2.357513766054032	15.223635	3.9017477
2.3750442504648586	14.964917	3.8684516
2.3925747904683963	14.8491745	3.8534627
2.410105386475459	14.537513	3.812809
2.4276360388968707	14.080183	3.752357
2.445166748143469	13.66913	3.6971786
2.4626975146261025	13.5069275	3.675177
2.4802283387556323	13.430563	3.6647732
2.4977592209429305	13.461761	3.6690273
2.5152901615988825	13.202358	3.6335049
2.5328211611343865	12.852087	3.5849807
2.5503522199603523	12.4920845	3.5344143
2.5678833384877024	12.323503	3.5104847
2.5854145171273712	12.197714	3.4925225
2.6029457562903064	12.001929	3.46438
2.620477056387469	11.6639385	3.4152508
2.6380084178298326	11.364315	3.3711
2.655539841028383	11.240216	3.3526433
2.673071326394119	11.234729	3.3518248
2.6906028743380523	11.117188	3.3342447
2.708134485271211	11.059633	3.3256028
2.7256661596046325	10.83145	3.291117
2.743197897749369	10.631138	3.2605426
2.760729700116486	10.507856	3.2415824
2.778261567117063	10.246928	3.2010825
2.795793499162193	10.120413	3.1812596
2.8133254966629817	9.850331	3.1385238
2.830857560030551	9.589045	3.0966182
2.8483896896760337	9.590286	3.0968187
2.865921886010578	9.474528	3.078072
2.883454149445347	9.439653	3.072402
2.9009864803915177	9.335365	3.055383
2.91851887926028	9.196632	3.032595
2.9360513464628384	9.096677	3.0160697
2.953583882410413	8.904024	2.983961
2.9711164875142373	8.755756	2.9590127
2.9886491621855606	8.670351	2.944546
3.0061819068356455	8.57822	2.92886
3.023714721875769	8.558197	2.9254396
3.041247607717225	8.46247	2.9090326
3.0587805647713213	8.306232	2.8820536
3.0763135934493806	8.229844	2.8687706
3.0938466941627407	8.121173	2.8497672
3.1113798673227544	7.999363	2.8283145
3.1289131133407904	7.9037633	2.8113632
3.1464464326282315	7.739175	2.7819374
3.1639798255964786	7.594581	2.7558267
3.1815132926569443	7.5254188	2.7432497
3.1990468342210603	7.5346565	2.744933
3.216580450700272	7.487443	2.7363193
3.2341141425060416	7.3929753	2.7190027
3.251647910049847	7.2348394	2.6897657
3.2691817537431813	7.1749372	2.6786072
3.286715673997555	7.0927505	2.6632218
3.3042496712244938	7.0352535	2.6524053
3.32178374583554	6.874116	2.6218536
3.339317898242251	6.766288	2.601209
3.3568521288562034	6.7453356	2.5971785
3.3743864380889876	6.7699413	2.601911
3.3919208263522127	6.7728553	2.602471
3.4094552940575023	6.6488566	2.5785377
3.4269898416164972	6.576594	2.564487
3.444524469440858	6.6180162	2.5725505
3.4620591779422587	6.664604	2.5815895
3.479593967532391	6.6664295	2.581943
3.4971288386229658	6.5814567	2.565435
3.5146637916257086	6.4206977	2.5339096
3.5321988269523628	6.4076924	2.531342
3.5497339450146903	6.4371524	2.5371544
3.5672691462244708	6.424108	2.5345824
3.5848044309934988	6.2918944	2.508365
3.60233979973359	6.1816077	2.486284
3.619875252856575	6.194455	2.4888663
3.6374107907743034	6.2362213	2.4972427
3.6549464138986427	6.2572246	2.5014446
3.6724821226414788	6.290464	2.5080798
3.690017917414714	6.271355	2.5042675
3.7075537986302702	6.3247128	2.514898
3.7250897667000857	6.39686	2.5292015
3.7426258220361235	6.6557026	2.5798647
3.7601619650503553	7.0162287	2.6488166
3.777698196154779	7.507742	2.740026
3.7952345157614067	8.503148	2.9160159
3.8127709242822716	9.3014965	3.0498354
3.830307422129425	11.499618	3.3911085
3.847844009714936	30.205965	5.4959955
3.8653806874508954	97.824326	9.890618
3.882917455749409	96.98564	9.848129
3.900454315022606	96.675224	9.832356
3.917991265682631	41.265324	6.423809
3.9355283081416506	10.955458	3.309903
3.9530654428118495	8.934992	2.9891458
3.970602670105433	7.7014437	2.7751474
3.9881399904346244	6.6891913	2.586347
4.005677404211669	6.499071	2.5493276
4.023214911848827	6.390358	2.5279157
4.0407525137583855	6.338506	2.517639
4.058290210352644	6.301864	2.5103514
4.075828002043927	6.201889	2.4903593
4.0933658892445814	6.200295	2.490039
4.110903872366966	6.1105866	2.47196
4.128441951823468	6.004773	2.4504638
4.145980128026488	5.9307895	2.4353213
4.163518401388452	5.9524097	2.4397562
4.181056772321807	6.105394	2.4709096
4.1985952412390155	6.1693306	2.4838138
4.216133808552567	6.142886	2.4784846
4.233672474674966	6.0865645	2.4670963
4.251211240018741	6.2174134	2.4934742
4.268750104996445	6.4579554	2.5412507
4.286289070020643	7.3088603	2.7034905
4.303828135503928	8.962846	2.993801
4.3213673018589125	29.3708	5.419483
4.3389065694982305	90.62978	9.519968
4.356445938834537	165.96416	12.882708
4.3739854102805085	171.2221	13.085187
4.391524984248844	172.01425	13.11542
4.409064661152262	136.10081	11.666225
4.426604441403504	96.38104	9.817385
4.444144325415337	75.55251	8.692095
4.461684313600543	21.662594	4.6543093
4.47922440637193	21.849466	4.674341
4.496764604142329	20.063549	4.479235
4.5143049073245916	18.115242	4.2562003
4.531845316331589	16.201979	4.025168
4.5493858315762195	13.446997	3.6670146
4.566926453471405	11.173054	3.3426118
4.584467182430081	9.013945	3.0023232
4.602008018865218	7.85651	2.8029468
4.619548963189798	7.3027754	2.7023647
4.637090015816834	6.9132543	2.6293068
4.654631177159353	6.7268577	2.5936186
4.672172447630417	6.457055	2.5410736
4.689713827643102	6.2567363	2.5013468
4.7072553176105085	6.131378	2.476162
4.724796917945764	5.9533916	2.4399574
4.742338629062015	5.8914905	2.4272392
4.759880451372434	5.751062	2.398137
4.777422385290215	5.6709666	2.3813791
4.794964431228581	5.5489726	2.3556256
4.812506589600768	5.5300817	2.3516126
4.830048860820047	5.4642954	2.3375833
4.847591245299709	5.422413	2.3286076
4.8651337434530655	5.439346	2.3322406
4.882676355693457	5.4692783	2.3386488
4.900219082434242	5.5076666	2.3468418
4.917761924088813	5.4602776	2.3367236
4.935304881070575	5.4036565	2.3245766
4.952847953792969	5.4429727	2.3330178
4.970391142669449	5.363507	2.3159246
4.9879344481135055	5.3305264	2.3087933
5.005477870538642	5.306613	2.3036087
5.023021410358394	5.282073	2.2982762
5.040565067986324	5.3786793	2.319198
5.05810884383601	5.365355	2.3163235
5.075652738321066	5.4448123	2.3334122
5.09319675185512	5.2960367	2.301312
5.110740884851836	5.2478347	2.2908154
5.128285137724894	5.2202363	2.2847836
5.145829510888007	5.2418365	2.2895057
5.163374004754908	5.3104277	2.3044364
5.1809186197393595	5.290588	2.3001277
5.198463356255145	5.280627	2.2979615
5.216008214716077	5.24661	2.290548
5.233553195535998	5.2457795	2.2903666
5.251098299128764	5.2160506	2.2838674
5.268643525908272	5.272416	2.2961743
5.286188876288432	5.2751904	2.2967782
5.3037343506831895	5.278861	2.2975771
5.32127994950651	5.278475	2.2974932
5.3388256731723915	5.307193	2.3037345
5.356371522094851	5.2429667	2.2897525
5.373917496687938	5.211933	2.282966
5.391463597365729	5.127179	2.2643275
5.40900982454232	5.091273	2.2563848
5.426556178631843	5.0653877	2.2506416
5.444102660048449	5.1136994	2.261349
5.4616492692063225	5.2097507	2.2824879
5.479196006519669	5.197128	2.279721
5.496742872402727	5.1789393	2.2757282
5.514289867269756	5.175222	2.2749114
5.531836991535049	5.1847773	2.2770107
5.549384245612924	5.0765405	2.253118
5.566931629917724	4.9877663	2.2333307
5.584479144863822	4.9282837	2.2199738
5.6020267908656205	5.0530906	2.247908
5.619574568337545	5.09419	2.2570312
5.637122477694054	5.0700874	2.2516854
5.654670519349629	5.082504	2.254441
5.672218693718784	5.0804014	2.2539747
5.689767001216059	5.050554	2.2473438
5.707315442256021	5.010119	2.2383294
5.724864017253266	4.9719267	2.2297819
5.7424127266224225	5.0451164	2.2461336
5.75996157077814	5.095058	2.2572236
5.777510550135105	5.107513	2.2599807
5.795059665108022	5.0933857	2.256853
5.812608916111639	5.104057	2.259216
5.830158303560715	5.253906	2.29214
5.847707827870055	5.30253	2.3027222
5.86525748945448	5.3574057	2.314607
5.8828072887288485	5.4594755	2.3365521
5.900357226108044	5.4911313	2.3433163
5.917907302006979	5.623058	2.3712988
5.9354575168406	6.3970594	2.5292408
5.9530078710238765	7.1142325	2.6672518
5.970558364971812	7.597723	2.7563968
5.988108999099438	7.7981715	2.7925205
6.005659773821818	8.253553	2.8728998
6.023210689554039	8.079945	2.8425243
6.040761746711227	8.579884	2.929144
6.058312945708531	7.9266925	2.8154383
6.075864286961132	7.3745093	2.7156048
6.093415770884244	6.658409	2.5803893
6.1109673978931065	6.1626678	2.4824722
6.128519168402993	5.5822544	2.3626795
6.146071082829204	5.5122175	2.3478112
6.163623141587075	5.3087273	2.3040676
6.181175345091969	5.0902605	2.2561605
6.198727693759281	5.0691843	2.2514849
6.216280188004435	5.0402517	2.2450504
6.233832828242885	5.088071	2.2556753
6.251385614890126	5.103645	2.2591248
6.268938548361669	5.049876	2.2471929
6.286491629073067	5.0253315	2.2417252
6.304044857439898	4.995056	2.2349622
6.321598233877777	4.969337	2.229201
6.339151758802344	4.9777956	2.2310975
6.356705432629277	5.060905	2.2496455
6.37425925577428	5.067834	2.251185
6.391813228653095	5.0907884	2.2562776
6.409367351681486	5.0797887	2.2538385
6.426921625275259	5.083999	2.2547724
6.44447604985025	5.021396	2.240847
6.46203062582232	5.000093	2.2360888
6.47958535360737	5.024106	2.2414517
6.497140233621328	5.0729747	2.2523265
6.514695266280161	5.099022	2.2581015
6.532250451999859	5.061862	2.2498581
6.549805791196454	4.995285	2.2350135
6.567361284286002	4.8674474	2.2062292
6.584916931684597	4.8572345	2.2039135
6.602472733808367	4.8724446	2.2073615
6.6200286910734665	4.914903	2.216958
6.637584803896092	4.9617243	2.2274928
6.655141072692462	4.978536	2.2312634
6.672697497878842	5.007798	2.237811
6.690254079871514	4.948737	2.2245758
6.707810819086808	4.9073663	2.2152576
6.725367715941078	4.912463	2.2164078
6.742924770850719	4.9221253	2.2185864
6.760481984232151	5.028108	2.2423444
6.778039356501836	5.0418334	2.2454028
6.795596888076266	5.023355	2.2412841
6.813154579371963	4.942982	2.2232819
6.830712430805492	4.911585	2.2162097
6.84827044279344	4.9232535	2.2188406
6.865828615752445	4.950361	2.2249405
6.883386950099159	5.0170474	2.2398767
6.900945446250287	5.026229	2.2419252
6.918504104622553	4.975858	2.230663
6.936062925632727	4.903636	2.2144156
6.953621909697607	4.8963213	2.2127633
6.971181057234028	4.977765	2.2310905
6.988740368658859	5.024817	2.2416103
7.006299844389007	5.0762777	2.2530596
7.023859484841407	5.149191	2.269183
7.041419290433036	5.242677	2.2896893
7.058979261580902	5.3959517	2.322919
7.0765393987020495	5.580596	2.3623285
7.094099702213559	5.87726	2.4243062
7.111660172532549	6.1686916	2.483685
7.129220810076164	6.501625	2.5498285
7.146781615261595	7.0511374	2.655398
7.16434258850606	7.323731	2.7062392
7.181903730226821	7.7759995	2.788548
7.1994650408411704	8.002222	2.82882
7.217026520766437	8.231874	2.8691244
7.234588170419983	8.475809	2.9113243
7.252149990219215	8.498015	2.9151356
7.269711980581568	8.39184	2.8968673
7.2872741419245175	8.268284	2.8754623
7.304836474665574	7.837229	2.799505
7.322398979222286	7.520607	2.7423725
7.339961656012233	7.222651	2.687499
7.357524505453039	6.815005	2.6105564
7.375087527962357	6.475392	2.5446792
7.392650723957886	6.1385756	2.4776149
7.410214093857353	5.8352284	2.4156218
7.427777638078528	5.6411996	2.3751209
7.445341357039213	5.4746475	2.3397965
7.4629052511572525	5.357668	2.3146636
7.480469320850524	5.2894135	2.2998724
7.498033566536948	5.22827	2.286541
7.5155979886344735	5.179872	2.2759333
7.5331625875610975	5.160206	2.2716086
7.550727363734844	5.201252	2.2806253
7.568292317573788	5.1674304	2.2731984
7.585857449496025	5.175077	2.2748795
7.603422759919705	5.086994	2.2554367
7.620988249263007	5.021735	2.240923
7.638553917944147	5.010453	2.2384043
7.656119766381391	5.1030645	2.2589962
7.673685794993023	5.2464128	2.290505
7.691252004197388	5.268277	2.2952728
7.70881839441285	5.281888	2.298236
7.726384966057826	5.1895294	2.2780538
7.743951719550762	5.2046056	2.2813604
7.761518655310149	5.211356	2.2828395
7.779085773754511	5.2513676	2.2915862
7.796653075302419	5.2819357	2.2982461
7.814220560372475	5.2795653	2.2977304
7.831788229383323	5.316437	2.3057399
7.8493560827536495	5.3482995	2.312639
7.866924120902174	5.356583	2.3144293
7.884492344247663	5.357135	2.3145485
7.9020607532089135	5.2931266	2.3006797
7.919629348204771	5.2766175	2.2970889
7.937198129654115	5.2977543	2.301685
7.954767097975865	5.2842326	2.2987459
7.972336253588986	5.299426	2.3020482
7.989905596912472	5.3229823	2.307159
8.007475128365371	5.396871	2.3231168
8.025044848366756	5.4319563	2.3306558
8.042614757335754	5.4995527	2.3451126
8.060184855691523	5.5511684	2.3560917
8.07775514385327	5.7272563	2.3931687
8.095325622240228	5.7682858	2.4017255
8.112896291271687	5.813886	2.4112
8.130467151366968	5.8059254	2.4095488
8.148038202945436	5.8818054	2.4252434
8.165609446426497	5.9358344	2.4363568
8.183180882229594	5.979443	2.44529
8.200752510774217	5.926507	2.4344418
8.218324332479893	5.920427	2.4331927
8.235896347766193	5.8284693	2.4142222
8.253468557052724	5.8309355	2.414733
8.27104096075914	5.800934	2.4085128
8.288613559305137	5.8996315	2.4289157
8.306186353110448	6.0222745	2.4540322
8.32375934259485	6.1387925	2.4776587
8.341332528178162	6.200477	2.4900758
8.358905910280246	6.251168	2.5002337
8.376479489321003	6.210866	2.4921608
8.394053265720377	6.215145	2.4930193
8.411627239898356	6.140187	2.47794
8.42920141227497	6.158541	2.4816408
8.44677578327029	6.1816115	2.4862847
8.464350353304427	6.209183	2.4918232
8.48192512279754	6.1751785	2.4849906
8.499500092169827	6.100765	2.4699726
8.51707526184153	6.061459	2.462003
8.534650632232934	6.1230054	2.4744706
8.552226203764365	6.136493	2.4771945
8.569801976856192	6.08934	2.4676588
8.587377951928834	6.0626426	2.4622433
8.60495412940274	6.0911865	2.4680328
8.622530509698416	6.1921577	2.4884048
8.6401070932364	6.2782507	2.5056438
8.657683880437283	6.432629	2.5362628
8.675260871721695	6.643199	2.5774405
8.692838067510303	6.797167	2.6071377
8.710415468223834	6.9068766	2.6280937
8.727993074283043	7.009165	2.6474826
8.745570886108737	7.0728555	2.6594841
8.763148904121765	7.123449	2.668979
8.78072712874302	7.1943846	2.682235
8.798305560393441	7.4546366	2.730318
8.815884199494006	7.554798	2.7485993
8.833463046465745	7.7141833	2.777442
8.851042101729728	7.846118	2.8010924
8.86862136570707	8.157091	2.8560622
8.886200838818924	8.23755	2.8701131
8.903780521486505	8.255318	2.8732069
8.921360414131055	8.361454	2.8916178
8.938940517173874	8.425585	2.9026859
8.956520831036297	8.647996	2.9407475
8.97410135613971	8.845439	2.9741282
8.99168209290554	9.084252	3.0140092
9.009263041755265	9.270202	3.0447006
9.026844203110405	9.524996	3.0862591
9.044425577392525	9.777485	3.126897
9.062007165023239	9.953789	3.1549625
9.079588966424197	10.313655	3.211488
9.097170982017108	10.381903	3.222096
9.11475321222372	11.344468	3.368155
9.132335657465825	12.323736	3.5105178
9.149918318165264	12.430551	3.5256987
9.167501194743924	12.968998	3.6012495
9.18508428762374	12.557414	3.5436442
9.202667597226693	12.636581	3.554797
9.220251123974803	12.443079	3.5274749
9.237834868290143	12.132772	3.483213
9.255418830594836	11.8622	3.4441545
9.273003011311046	11.240146	3.3526328
9.290587410860985	10.972889	3.312535
9.308172029666911	10.391825	3.2236354
9.32575686815113	10.08141	3.1751237
9.343341926735997	8.729065	2.954499
9.360927205843916	8.419158	2.9015784
9.378512705897327	8.2045965	2.8643668
9.396098427318728	8.01399	2.8308992
9.413684370530664	7.909508	2.8123848
9.431270535955722	7.7720447	2.7878387
9.448856924016539	7.6769834	2.770737
9.466443535135806	7.6049247	2.7577028
9.484030369736251	7.6102347	2.7586653
9.501617428240658	7.638317	2.7637506
9.519204711071852	7.702631	2.7753613
9.536792218652714	7.751144	2.7840877
9.55437995140617	7.6981487	2.7745538
9.571967909755191	7.740675	2.7822068
9.589556094122802	7.7859797	2.7903368
9.60714450493207	7.888342	2.8086193
9.624733142606116	7.9415245	2.8180711
9.642322007568108	7.9928584	2.8271644
9.659911100241267	8.040306	2.8355434
9.677500421048851	8.022632	2.832425
9.695089970414175	8.051649	2.8375428
9.712679748760609	8.029868	2.833702
9.730269756511557	8.060313	2.8390691
9.747859994090492	8.048987	2.8370738
9.765450461920915	8.091586	2.8445714
9.78304116042639	8.103327	2.8466344
9.800632090030527	8.146764	2.8542535
9.81822325115699	8.1347065	2.8521407
9.835814644229481	8.113667	2.84845
9.853406269671762	8.080214	2.8425717
9.870998127907646	8.095847	2.8453202
9.888590219360985	8.132311	2.8517206
9.906182544455698	8.210914	2.8654692
9.923775103615734	8.269579	2.8756876
9.941367897265108	8.318166	2.884123
9.958960925827878	8.354866	2.8904786
9.97655418972816	8.292833	2.879728
9.994147689390106	8.279238	2.8773665
10.011741425237934	8.188021	2.861472
10.029335397695904	8.234686	2.8696141
10.04692960718833	8.190539	2.8619118
10.06452405413958	8.2828245	2.8779898
10.082118738974064	8.270939	2.875924
10.099713662116246	8.219122	2.8669012
10.117308823990651	8.147016	2.8542976
10.134904225021844	8.099365	2.8459384
10.152499865634445	8.0487585	2.8370335
10.170095746253125	8.00806	2.8298516
10.18769186730261	7.977579	2.8244607
10.205288229207675	8.085988	2.8435872
10.222884832393145	8.086233	2.8436303
10.2404816772839	8.13546	2.8522727
10.258078764304868	8.176039	2.8593774
10.275676093881035	8.161029	2.8567514
10.293273666437438	8.185693	2.861065
10.310871482399158	8.09515	2.8451977
10.32846954219134	8.074767	2.8416135
10.346067846239173	8.061167	2.8392193
10.363666394967908	8.11451	2.8485978
10.38126518880283	8.1079645	2.8474488
10.398864228169298	8.116931	2.8490229
10.416463513492713	8.050538	2.837347
10.434063045198531	8.009817	2.830162
10.451662823712262	8.014665	2.8310182
10.469262849459467	8.065053	2.8399036
10.486863122865758	8.018041	2.8316145
10.504463644356806	7.965412	2.8223062
10.522064414358338	7.8547983	2.8026414
10.539665433296118	7.7813277	2.789503
10.557266701595987	7.761329	2.7859163
10.574868219683818	7.763537	2.7863123
10.592469987985552	7.7197366	2.7784414
10.610072006927185	7.628438	2.7619627
10.627674276934751	7.4987006	2.7383754
10.64527679843435	7.323794	2.706251
10.662879571852143	7.2083797	2.6848426
10.680482597614331	7.1039457	2.6653228
10.698085876147173	7.054517	2.656034
10.715689407876988	6.914703	2.6295822
10.733293193230146	6.751094	2.5982866
10.750897232633072	6.6485915	2.5784862
10.76850152651225	6.634997	2.5758488
10.786106075294207	6.6227384	2.5734682
10.803710879405534	6.5422997	2.557792
10.821315939272877	6.4362855	2.5369835
10.83892125532294	6.3705807	2.524001
10.856526827982472	6.2436237	2.4987245
10.874132657678285	6.2393255	2.4978642
10.891738744837243	6.2366767	2.497334
10.909345089886271	6.223022	2.4945986
10.926951693252343	6.17177	2.4843047
10.944558555362494	6.0715027	2.464042
10.96216567664381	5.947144	2.4386766
10.979773057523436	5.866118	2.422007
10.997380698428573	5.8509436	2.4188724
11.014988599786477	5.808987	2.4101841
11.032596762024461	5.760881	2.4001834
11.050205185569892	5.6447616	2.3758707
11.067813870850198	5.5363507	2.352945
11.085422818292859	5.4442773	2.3332975
11.10303202832541	5.3546233	2.3140059
11.120641501375454	5.3373547	2.3102715
11.138251237870636	5.3160496	2.305656
11.155861238238671	5.283434	2.298572
11.173471502907317	5.204184	2.2812681
11.191082032304402	5.082321	2.2544005
11.208692826857805	5.008817	2.2380388
11.226303886995465	4.958595	2.2267902
11.243915213145371	4.9953895	2.2350368
11.261526805735578	4.879297	2.208913
11.279138665194196	4.798364	2.190517
11.296750791949393	4.749077	2.1792376
11.314363186429393	4.7535253	2.180258
11.331975849062479	4.7167325	2.171804
11.34958878027699	4.663647	2.1595478
11.36720198050133	4.633116	2.1524673
11.384815450163948	4.608563	2.1467564
11.402429189693366	4.50734	2.1230497
11.420043199518153	4.4253817	2.1036592
11.437657480066942	63.373398	7.960741
11.455272031768422	85.09014	9.224432
11.472886855051353	107.51147	10.368773
11.490501950344528	99.11943	9.955874
11.508117318076819	84.446754	9.189491
11.52573295867715	45.80348	6.7678266
11.543348872574514	4.1327076	2.0329063
11.560965060197946	4.136898	2.0339365
11.57858152197655	4.0956454	2.02377
11.59619825833949	4.071507	2.0177975
11.613815269715985	4.0385246	2.009608
11.631432556535323	38.557262	6.2094493
11.649050119226837	83.09309	9.1155405
11.666667958219929	93.48739	9.668888
11.68428607394406	107.68996	10.3773775
11.701904466828756	82.49286	9.082558
11.719523137303586	65.31876	8.082003
11.737142085798196	4.561399	2.1357431
11.754761312742286	3.7149065	1.9274093
11.772380818565619	3.6630116	1.9138995
11.790000603698015	3.6394064	1.9077228
11.80762066856935	3.6179388	1.902088
11.825241013609572	3.584103	1.8931727
11.842861639248683	3.5267901	1.877975
11.860482545916748	3.5013535	1.8711904
11.878103734043883	3.454995	1.8587617
11.895725204060282	3.4258602	1.8509079
11.91334695639619	3.3875022	1.8405168
11.930968991481919	3.366802	1.8348848
11.948591309747824	3.3312154	1.8251617
11.966213911624347	3.2938142	1.8148868
11.98383679754198	3.261268	1.8058981
12.001459967931268	3.2307088	1.7974173
12.019083423222835	3.1916785	1.7865269
12.036707163847352	3.129406	1.7690127
12.05433119023556	3.09723	1.7598948
12.071955502818259	3.101723	1.7611709
12.089580102026313	3.1066482	1.7625686
12.107204988290643	3.136298	1.7709596
12.12483016204224	3.1010003	1.7609657
12.142455623712152	3.095899	1.7595167
12.16008137373149	3.0698788	1.752107
12.177707412531431	3.0704598	1.7522727
12.19533374054321	3.0392356	1.7433404
12.212960358198126	3.0279994	1.7401148
12.230587265927545	3.0313752	1.7410845
12.248214464162889	3.0335362	1.741705
12.265841953335649	2.9982398	1.7315426
12.283469733877375	2.9716012	1.7238333
12.301097806219685	2.9415958	1.7151082
12.31872617079425	2.937414	1.7138885
12.336354828032825	2.8995545	1.7028078
12.353983778367205	2.87934	1.6968617
12.371613022229262	2.8689837	1.6938075
12.389242560050928	2.8847573	1.6984574
12.406872392264201	2.925567	1.7104288
12.424502519301143	2.9374008	1.7138847
12.442132941593874	2.932557	1.712471
12.459763659574586	2.8912559	1.7003694
12.477394673675532	2.8323617	1.6829622
12.49502598432903	2.7869568	1.6694181
12.51265759196746	2.771567	1.6648024
12.530289497023267	2.7782695	1.6668142
12.547921699928967	2.7883952	1.6698488
12.565554201117134	2.7779622	1.6667219
12.583187001020404	2.7571297	1.6604607
12.600820100071486	2.749512	1.6581652
12.618453498703152	2.7453535	1.6569108
12.636087197348235	2.7906687	1.6705295
12.65372119643964	2.8095348	1.6761667
12.671355496410326	2.7929332	1.6712071
12.68899009769333	2.7811437	1.6676761
12.706625000721749	2.8092046	1.6760682
12.724260205928752	2.8890889	1.699732
12.741895713747551	2.9089155	1.7055544
12.759531524611454	2.9501705	1.7176061
12.777167638953818	2.8942466	1.7012485
12.794804057208072	2.9225483	1.7095462
12.812440779807702	2.992256	1.7298138
12.830077807186271	3.186787	1.7851574
12.847715139777405	3.2470958	1.80197
12.865352778014795	3.4740942	1.8638922
12.882990722332197	3.6045585	1.8985674
12.90062897316344	3.6966388	1.9226645
12.918267530942412	3.73897	1.9336417
12.935906396103071	3.6100857	1.9000225
12.953545569079449	3.7815547	1.944622
12.971185050305628	3.5924177	1.8953674
12.988824840215775	3.5837548	1.8930807
13.006464939244115	3.6077032	1.8993955
13.024105347824943	3.4280968	1.8515121
13.041746066392617	3.4804175	1.8655877
13.05938709538157	3.2744875	1.8095545
13.077028435226296	3.3349006	1.826171
13.094670086361363	3.272835	1.8090979
13.112312049221401	3.1812685	1.783611
13.129954324241112	3.0826945	1.7557604
13.147596911855258	2.8847394	1.6984521
13.165239812498685	2.8585086	1.6907125
13.182883026606293	2.7886858	1.6699358
13.200526554613058	2.7424364	1.6560303
13.218170396954017	2.717207	1.6483953
13.235814554064284	2.726734	1.6512825
13.253459026379034	2.7299063	1.6522428
13.271103814333523	2.6935692	1.6412097
13.288748918363058	2.6714013	1.6344422
13.306394338903031	2.644019	1.6260439
13.32404007638889	2.640899	1.6250843
13.341686131256164	2.656594	1.6299062
13.359332503940449	2.6205213	1.6188024
13.376979194877402	2.604133	1.6137326
13.394626204502751	2.6184423	1.6181601
13.412273533252307	2.675211	1.6356072
13.429921181561937	2.6938124	1.6412838
13.447569149867581	2.6965144	1.6421067
13.465217438605247	2.6855693	1.6387707
13.482866048211022	2.7097344	1.6461271
13.500514979121052	2.6893234	1.6399157
13.518164231771568	2.6821144	1.6377162
13.535813806598844	2.6935077	1.6411909
13.553463704039254	2.6958768	1.6419126
13.571113924529229	2.7102757	1.6462915
13.588764468505275	2.6908722	1.6403878
13.606415336403956	2.7296853	1.6521759
13.624066528661917	2.7676141	1.6636147
13.641718045715882	2.8197887	1.6792227
13.659369888002635	2.8717043	1.6946104
13.67702205595903	2.9291677	1.7114812
13.694674550021993	3.0048525	1.733451
13.712327370628532	3.0839562	1.7561196
13.729980518215713	3.1355705	1.7707542
13.747633993220681	3.1593142	1.7774459
13.765287796080647	3.1250317	1.7677759
13.7829419272329	3.1589332	1.7773387
13.800596387114801	3.195667	1.7876428
13.818251176163775	3.2763567	1.8100709
13.835906294817324	3.3359401	1.8264556
13.853561743513023	3.3941164	1.8423128
13.871217522688525	3.4349263	1.8533554
13.888873632781538	3.4769826	1.8646669
13.906530074229858	3.5469775	1.8833421
13.92418684747135	3.5803413	1.892179
13.941843952943948	3.5749576	1.8907558
13.959501391085665	3.4543765	1.8585953
13.977159162334578	3.384794	1.8397809
13.994817267128846	3.3419142	1.8280903
14.012475705906693	3.3164666	1.8211168
14.030134479106424	3.2313523	1.7975962
14.047793587166414	3.1404827	1.7721407
14.065453030525108	3.0847266	1.756339
14.083112809621026	3.0301888	1.7407438
14.100772924892766	2.992601	1.7299136
14.118433376778997	2.9673872	1.7226106
14.136094165718458	2.865322	1.6927263
14.153755292149969	2.7945786	1.6716993
14.171416756512416	2.7011235	1.6435095
14.189078559244768	2.6913555	1.6405351
14.20674070078606	2.6245317	1.6200407
14.224403181575408	2.5720408	1.6037583
14.242066002051999	2.4899948	1.5779717
14.259729162655093	2.447606	1.5644827
14.277392663824022	2.3864496	1.5448138
14.295056505998208	2.3683062	1.5389302
14.312720689617128	2.3436072	1.5308845
14.330385215120348	2.3776565	1.5419651
14.348050082947497	2.4104857	1.5525739
14.3657152935383	2.4332948	1.5599022
14.383380847332528	2.4084754	1.5519264
14.401046744770051	2.3664937	1.5383412
14.418712986290798	2.3522613	1.5337083
14.436379572334793	2.355411	1.5347348
14.454046503342123	2.4106405	1.5526237
14.471713779752946	2.3897862	1.5458933
14.489381402007504	2.3549569	1.5345869
14.507049370546113	2.3352704	1.5281591
14.524717685809168	2.3680332	1.5388415
14.542386348237134	2.371956	1.5401156
14.560055358270553	2.37804	1.5420895
14.577724716350051	2.3912148	1.5463554
14.595394422916325	2.3861089	1.5447035
14.61306447841015	2.418223	1.5550636
14.63073488327237	2.4415202	1.5625365
14.648405637943917	2.48859	1.5775266
14.6660767428658	2.4684415	1.5711274
14.683748198479094	2.4564536	1.5673077
14.701420005224954	2.4775414	1.5740207
14.719092163544628	2.5520036	1.5974991
14.73676467387942	2.6142182	1.6168544
14.754437536670727	2.6630282	1.6318787
14.772110752360014	2.654522	1.6292703
14.78978432138882	2.6693773	1.6338229
14.807458244198777	2.655366	1.6295294
14.82513252123159	2.6563458	1.62983
14.842807152929028	2.6733124	1.6350267
14.860482139732962	2.6632104	1.6319345
14.87815748208531	2.6782947	1.6365496
14.8958331804281	2.6900554	1.6401389
14.91350923520342	2.678497	1.6366115
14.931185646853438	2.6632314	1.631941
14.948862415820408	2.668193	1.6334605
14.966539542546656	2.7334938	1.6533281
14.98421702747459	2.701902	1.6437463
15.001894871046696	2.714795	1.6476635
15.019573073705542	2.7036457	1.6442766
15.037251635893766	2.6903255	1.6402211
15.054930558054092	2.6981106	1.6425927
15.072609840629323	2.7004526	1.6433054
15.090289484062351	2.8086107	1.675891
15.107969488796124	3.1054025	1.7622153
15.125649855273691	3.5142825	1.874642
15.14333058393817	4.0042286	2.001057
15.161011675232768	4.900143	2.2136266
15.17869312960076	6.2746468	2.5049245
15.196374947485506	8.114022	2.8485122
15.214057129330447	11.174579	3.34284
15.231739675579114	15.934085	3.9917521
15.249422586675102	21.13307	4.597072
15.267105863062092	24.373487	4.936951
15.284789505183847	24.957314	4.9957294
15.302473513484218	23.050964	4.801142
15.320157888407127	19.457308	4.4110436
15.337842630396578	15.043772	3.8786302
15.355527739896656	11.589616	3.4043524
15.37321321735153	8.987637	2.9979386
15.39089906320545	6.4941025	2.548353
15.408585277902748	4.816359	2.1946204
15.42627186188783	3.6921403	1.9214942
15.443958815605198	3.1447139	1.7733341
15.461646139499424	2.8712275	1.6944697
15.479333834015168	2.7619784	1.6619201
15.497021899597165	2.7090442	1.6459174
15.514710336690234	2.6698492	1.6339673
15.53239914573928	2.631982	1.6223384
15.550088327189297	2.6012714	1.6128458
15.567777881485336	2.5595174	1.5998492
15.58546780907256	2.5010297	1.5814644
15.6031581103962	2.4611316	1.5687994
15.620848785901568	2.4827182	1.5756644
15.638539836034063	2.4767275	1.5737622
15.656231261239173	2.4859674	1.5766951
15.673923061962451	2.4635916	1.5695833
15.691615238649552	2.4500606	1.565267
15.709307791746202	2.3955538	1.5477576
15.727000721698221	2.3855572	1.5445249
15.744694028951498	2.3496249	1.5328486
15.76238771395202	2.3495064	1.53281
15.780081777145844	2.351207	1.5333647
15.797776218979125	2.3804615	1.5428745
15.815471039898094	2.3986719	1.5487646
15.833166240349064	2.3981013	1.5485804
15.850861820778437	2.3882575	1.5453988
15.868557781632699	2.3925688	1.5467931
15.886254123358412	2.426865	1.5578399
15.903950846402232	2.3980007	1.548548
15.921647951210897	2.3724685	1.5402819
15.939345438231225	2.3462873	1.5317595
15.957043307910133	2.3599467	1.5362118
15.974741560694602	2.3673973	1.5386349
15.992440197031714	2.415441	1.5541689
16.01013921736862	2.4372265	1.5611619
16.02783862215259	2.4511664	1.5656202
16.045538411830933	2.420275	1.5557233
16.06323858685107	2.3894684	1.5457906
16.080939147660512	2.3425782	1.5305483
16.09864009470684	2.3337235	1.527653
16.11634142843774	2.333667	1.5276345
16.134043149300954	2.3867488	1.5449106
16.15174525774433	2.3921745	1.5466655
16.169447754215817	2.3864374	1.5448098
16.18715063916342	2.384023	1.5440282
16.204853913035244	2.3937259	1.5471671
16.222557576279478	2.413183	1.5534422
16.240261629344403	22.40859	4.7337713
16.257966072678386	42.95769	6.5542116
16.275670906729868	38.095898	6.1721873
16.293376131947387	2.5167565	1.5864289
16.31108174877957	2.5727994	1.6039948
16.328787757675133	2.6194847	1.6184822
16.34649415908287	2.6435916	1.6259125
16.364200953451657	2.6184187	1.6181529
16.38190814123048	2.635656	1.6234704
16.39961572286839	2.6449058	1.6263167
16.41732369881455	2.701763	1.643704
16.43503206951817	2.7105854	1.6463856
16.45274083542859	2.7209663	1.6495352
16.47044999699522	2.732017	1.6528814
16.488159554667558	2.7448308	1.6567531
16.505869508895184	2.8012073	1.6736808
16.523579860127786	2.854263	1.6894565
16.541290608815117	2.9229007	1.7096493
16.559001755407035	2.9775765	1.7255656
16.57671330035348	3.0306313	1.7408708
16.59442524410448	3.1011794	1.7610166
16.61213758711015	3.1633496	1.7785808
16.629850329820705	3.218932	1.7941382
16.647563472686436	3.3226895	1.8228246
16.665277016157724	3.3947816	1.8424933
16.682990960685053	3.4581153	1.8596009
16.70070530671898	3.434841	1.8533324
16.718420054710155	3.461173	1.8604228
16.736135205109335	3.498621	1.8704602
16.753850758367335	3.5631835	1.8876396
16.771566714935087	3.6011317	1.8976648
16.789283075263597	3.6280732	1.9047502
16.80699983980398	3.6501575	1.9105386
16.82471700900741	3.7053115	1.9249185
16.84243458332518	3.7875037	1.946151
16.860152563208665	3.8696299	1.9671375
16.87787094910932	4.001634	2.0004084
16.89558974147871	4.1134596	2.0281665
16.913308940768466	4.210036	2.0518372
16.931028547430333	4.26567	2.0653498
16.94874856191613	4.319649	2.0783765
16.966468984677785	4.313809	2.076971
16.98418981616729	4.3219705	2.078935
17.00191105683676	4.3266044	2.080049
17.019632707138374	4.3635955	2.088922
17.03735476752442	4.428965	2.1045105
17.05507723844728	4.50704	2.122979
17.072800120359403	4.558679	2.1351063
17.090523413713353	4.5958285	2.1437883
17.108247118961785	4.627447	2.1511502
17.125971236557437	4.676951	2.162626
17.143695766953133	4.6698594	2.1609857
17.161420710601806	4.628868	2.1514804
17.179146067956477	4.608967	2.1468503
17.19687183947025	4.592464	2.1430035
17.21459802559634	4.598704	2.1444588
17.232324626788028	4.644873	2.1551967
17.25005164349871	4.6202016	2.1494653
17.267779076181863	4.6229253	2.1500988
17.285506925291074	4.5735927	2.138596
17.30323519127999	4.5589504	2.13517
17.320963874602384	4.515617	2.124998
17.33869297571211	4.4441543	2.1081164
17.356422495063114	4.433145	2.1055036
17.37415243310944	4.4171534	2.1017025
17.391882790305218	4.410072	2.100017
17.40961356710468	4.4395437	2.1070225
17.42734476396215	4.505409	2.1225948
17.445076381332044	4.5209136	2.126244
17.462808419668868	4.5415277	2.131086
17.48054087942723	4.5888243	2.1421542
17.498273761061835	4.864663	2.205598
17.51600706502747	5.3048573	2.3032277
17.533740791779024	6.024788	2.4545443
17.551474941771485	7.5161786	2.741565
17.56920951545993	8.707681	2.950878
17.586944513299528	11.033812	3.3217182
17.60467993574556	12.811149	3.5792665
17.622415783253373	14.637237	3.825864
17.64015205627843	16.106823	4.0133305
17.657888755276293	17.273096	4.156091
17.675625880702604	17.888914	4.229529
17.69336343301311	17.747822	4.212816
17.71110141266366	16.843199	4.104047
17.728839820110178	15.838406	3.9797494
17.746578655808705	14.703567	3.834523
17.764317920215372	13.036232	3.6105723
17.7820576137864	11.39432	3.3755474
17.79979773697811	9.370097	3.0610614
17.81753829024692	7.4675536	2.7326825
17.835279274049356	5.786979	2.4056141
17.85302068884201	4.768449	2.183678
17.870762535081607	4.1230116	2.03052
17.888504813224934	3.810977	1.9521724
17.90624752372891	3.6501348	1.9105326
17.923990667050536	3.5762286	1.891092
17.941734243646895	3.522228	1.87676
17.959478253975185	3.451751	1.8578888
17.9772226984927	3.4185212	1.8489243
17.994967577656833	3.384238	1.8396299
18.01271289192506	3.410006	1.8466202
18.030458641754965	3.422215	1.849923
18.04820482760425	3.4312057	1.8523514
18.06595144993067	3.4089098	1.8463234
18.083698509192125	3.3614676	1.8334305
18.101446005846576	3.3129308	1.8201458
18.119193940352105	3.2268515	1.7963439
18.136942313166887	3.198407	1.788409
18.1546911247492	3.1829557	1.784084
18.1724403755574	3.1467113	1.7738972
18.19019006604997	3.136005	1.7708769
18.207940196685467	3.12399	1.7674813
18.225690767922575	3.1032593	1.761607
18.243441780220046	3.054862	1.7478163
18.261193234036764	3.0256078	1.7394274
18.278945129831676	3.0125508	1.7356701
18.29669746806386	2.9780874	1.7257136
18.314450249192483	2.9563637	1.7194079
18.3322034736768	2.9704788	1.7235076
18.349957141976184	2.9986591	1.7316637
18.3677112545501	3.033598	1.7417227
18.385465811858108	3.0599272	1.7492647
18.403220814359884	3.065043	1.7507265
18.420976262515172	3.0438855	1.7446735
18.43873215678387	3.0530057	1.7472852
18.456488497625923	3.097062	1.7598472
18.474245285501407	3.2107227	1.7918489
18.492002520870486	3.2750547	1.8097112
18.50976020419343	3.332703	1.8255693
18.527518335930615	3.6551692	1.9118497
18.545276916542516	4.1863227	2.0460505
18.563035946489688	4.3530517	2.0863967
18.580795426232832	4.7613554	2.182053
18.598555356232698	4.7065554	2.1694596
18.616315736950185	4.9941254	2.234754
18.63407656884626	4.631028	2.1519823
18.65183785238201	4.752895	2.1801136
18.669599588018617	4.550123	2.1331017
18.68736177621737	4.5666814	2.1369796
18.705124417439652	4.573291	2.1385255
18.72288751214696	4.4142165	2.1010036
18.740651060800886	4.5514402	2.1334105
18.758415063863115	4.2635093	2.0648267
18.77617952179546	4.3842554	2.0938613
18.793944435059814	4.112745	2.0279903
18.811709804118184	4.135783	2.0336626
18.829475629432675	4.1429205	2.0354166
18.8472419114655	3.9967475	1.9991868
18.86500865067897	4.025523	2.0063705
18.88277584753551	3.6645691	1.9143064
18.90054350249763	3.6556084	1.9119645
18.918311616027957	3.375577	1.8372743
18.936080188589226	3.3028665	1.817379
18.953849220644265	3.0620356	1.7498673
18.971618712656007	2.9229467	1.7096628
18.9893886650875	2.855243	1.6897464
19.007159078401887	7.978905	2.8246956
19.024929953062408	32.85216	5.7316804
19.042701289532435	32.78408	5.7257385
19.060473088275405	25.339108	5.0337963
19.07824534975489	2.6288576	1.6213752
19.096018074434568	2.6226406	1.6194569
19.113791262778197	2.635894	1.6235436
19.13156491524966	2.6270967	1.6208321
19.149339032312945	2.5895214	1.609199
19.167113614432136	2.5454261	1.5954392
19.184888662071433	2.5121918	1.5849895
19.202664175695123	2.5306919	1.5908148
19.220440155767623	2.533295	1.5916327
19.238216602753447	2.511977	1.5849217
19.2559935171172	2.5094619	1.5841281
19.27377089932361	2.4881196	1.5773774
19.291548749837514	2.4910343	1.5783011
19.309327069123835	2.4979627	1.5804944
19.32710585764763	2.53465	1.5920584
19.344885115874032	2.4986777	1.5807207
19.362664844268313	2.493832	1.5791872
19.380445043295822	2.4520817	1.5659124
19.39822571342203	2.418545	1.5551672
19.41600685511252	2.4421675	1.5627435
19.43378846883297	2.4826083	1.5756295
19.451570555049173	2.5219543	1.5880662
19.469353114227037	2.5120986	1.5849601
19.48713614683254	2.5163536	1.5863019
19.50491965333182	2.475949	1.5735148
19.52270363419109	2.471203	1.5720061
19.540488089876686	2.4987164	1.5807328
19.55827302085503	2.5307477	1.5908324
19.576058427592674	2.5199397	1.5874318
19.593844310556282	2.5101638	1.5843496
19.611630670212598	2.507073	1.5833739
19.629417507028506	2.53535	1.5922782
19.64720482147098	2.5128665	1.5852023
19.6649926140071	2.4950483	1.5795722
19.682780885104084	2.4721463	1.572306
19.70056963522921	2.4711006	1.5719734
19.718358864849908	2.4204319	1.5557737
19.7361485744337	2.4240806	1.5569459
19.753938764448215	2.4535103	1.5663685
19.771729435361202	2.4818685	1.5753947
19.789520587640506	2.4682262	1.571059
19.807312221754092	2.4955468	1.57973
19.825104338170043	2.4821496	1.5754839
19.842896937356517	2.4920685	1.5786287
19.860690019781824	2.483989	1.5760676
19.87848358591436	2.5115085	1.5847739
19.896277636222635	2.5171585	1.5865556
19.914072171175278	2.5015368	1.5816247
19.931867191241015	2.4705667	1.5718037
19.94966269688869	2.452399	1.5660137
19.967458688587264	2.4283614	1.55832
19.985255166805807	2.4322689	1.5595733
20.00305213201348	2.4529123	1.5661776
20.020849584679578	2.476514	1.5736945
20.038647525273507	2.433532	1.5599782
20.05644595426477	2.394361	1.5473723
20.07424487212299	2.372168	1.5401844
20.092044279317903	2.3840215	1.5440277
20.109844176319353	2.403741	1.5504003
20.127644563597304	2.4122884	1.5531543
20.145445441621817	2.4075868	1.55164
20.16324681086307	2.4259653	1.557551
20.181048671791373	2.4189816	1.5553075
20.198851024877122	2.3610244	1.5365626
20.216653870590836	2.343795	1.5309458
20.234457209403146	2.3143659	1.521304
20.252261041784802	2.320101	1.5231878
20.270065368206662	2.3163304	1.5219495
20.287870189139685	2.3377078	1.5289564
20.305675505054968	2.3228476	1.5240891
20.323481316423702	2.320257	1.523239
20.341287623717207	2.3328323	1.5273613
20.359094427406884	2.353043	1.5339632
20.376901727964288	2.3661265	1.5382218
20.39470952586107	2.3615134	1.5367216
20.41251782156899	2.3622687	1.5369674
20.430326615559935	2.3426678	1.5305777
20.448135908305886	2.3175333	1.5223447
20.465945700278965	2.2793152	1.5097401
20.483755991951384	2.2925506	1.5141171
20.50156678379548	2.291969	1.5139251
20.519378076283708	2.3160396	1.521854
20.537189869888635	2.3313022	1.5268602
20.55500216508294	2.3306596	1.5266498
20.572814962339415	2.329082	1.5261331
20.59062826213098	2.3132436	1.520935
20.60844206493066	2.2922275	1.5140104
20.626256371211593	2.2766526	1.5088581
20.644071181447032	2.2524068	1.500802
20.66188649611036	2.2814817	1.5104575
20.67970231567506	2.3123443	1.5206394
20.697518640614742	2.3173459	1.5222831
20.715335471403122	2.3211768	1.5235409
20.73315280851404	2.297201	1.515652
20.750970652421447	2.2712674	1.5070724
20.768789003599412	2.3083107	1.5193126
20.786607862522136	2.3179681	1.5224875
20.8044272296639	2.3116364	1.5204067
20.82224710549913	2.2812507	1.510381
20.84006749050237	2.2794676	1.5097905
20.857888385148268	3.8379085	1.959058
20.8757097899116	45.933285	6.77741
20.893531705267254	64.795746	8.049581
20.911354131690224	83.79446	9.153932
20.92917706965566	69.00602	8.306986
20.94700051963877	50.03315	7.0734115
20.96482448211493	29.33059	5.4157724
20.982648957559622	4.095713	2.0237868
21.00047394644843	2.20142	1.4837183
21.01829944925707	2.1970415	1.4822421
21.036125466461375	2.218405	1.4894311
21.053951998537297	2.2168663	1.4889145
21.071779045960906	2.1725338	1.4739517
21.089606609208378	2.1939905	1.4812125
21.10743468875603	2.2258909	1.4919419
21.12526328508028	2.215791	1.4885533
21.143092398657675	2.190504	1.4800352
21.16092202996488	2.1916018	1.4804059
21.17875217947867	2.215641	1.488503
21.19658284767596	2.1980362	1.4825776
21.21441403503377	2.1991	1.4829363
21.232245742029225	2.2389903	1.4963256
21.2500779691396	2.2437522	1.497916
21.26791071684227	2.2121112	1.4873168
21.28574398561475	2.1771312	1.4755105
21.30357777593465	2.1732848	1.4742064
21.321412088279704	2.1281931	1.4588329
21.339246923127792	2.0964499	1.4479122
21.357082280956888	2.087037	1.4446582
21.3749181622451	2.1312582	1.459883
21.392754567470647	2.159918	1.469666
21.41059149711187	2.1457782	1.4648474
21.42842895164726	2.1223733	1.4568367
21.446266931555378	2.122022	1.4567162
21.464105437314945	2.117042	1.4550059
21.481944469404798	2.075283	1.4405843
21.49978402830388	2.0586514	1.4348001
21.51762411449127	2.080382	1.442353
21.53546472844617	2.1010766	1.4495091
21.553305870647876	2.0870054	1.4446472
21.571147541575865	2.0445912	1.4298921
21.58898974170967	2.043763	1.4296024
21.60683247152899	2.0652657	1.4371033
21.62467573151363	2.069562	1.4385972
21.642519522143523	2.070064	1.4387717
21.660363843898722	2.061806	1.435899
21.6782086972594	2.0351999	1.4266043
21.696054082705864	2.0018923	1.4148824
21.713900000718535	1.9949116	1.4124134
21.73174645177795	2.0294921	1.4246025
21.749593436364794	2.0188828	1.4208739
21.767440954959845	2.0103176	1.4178567
21.785289008044032	1.9716882	1.4041681
21.803137596098388	1.9735806	1.4048419
21.820986719604086	2.014273	1.4192508
21.838836379042412	2.0413146	1.4287459
21.85668657489478	2.0605958	1.4354775
21.87453730764273	2.0362153	1.4269601
21.892388577767914	2.0082853	1.4171398
21.91024038575213	2.0401993	1.4283555
21.928092732077285	2.0222123	1.4220451
21.945945617225426	2.0010116	1.4145712
21.963799041678694	1.9735717	1.4048387
21.981653005919398	31.332708	5.597563
21.999507510429943	78.15972	8.840798
22.01736255569286	73.124374	8.551279
22.035218142190818	4.1881876	2.0465062
22.05307427040661	2.0187688	1.4208338
22.07093094082315	2.0005364	1.4144032
22.088788153923474	1.9893249	1.4104342
22.106645910190746	1.9658927	1.402103
22.12450421010827	1.9626871	1.4009594
22.142363054159464	1.9917122	1.4112804
22.16022244282787	2.003729	1.4155314
22.178082376597164	2.0125911	1.4186583
22.195942855951145	2.0133014	1.4189085
22.213803881373742	1.9969903	1.4131491
22.231665453349002	1.9783113	1.4065245
22.24952757236111	1.9374124	1.3919096
22.26739023889438	1.9288939	1.3888463
22.28525345343323	1.9309916	1.3896012
22.30311721646225	1.9741381	1.4050403
22.320981528466113	1.9790285	1.4067794
22.33884638992964	1.9490982	1.3961011
22.356711801337788	1.90461	1.380076
22.37457776317561	1.9176812	1.3848037
22.392444275928337	1.9296606	1.3891222
22.410311340081282	1.9348882	1.3910027
22.428178956119904	1.934285	1.3907858
22.446047124529805	1.9434601	1.3940804
22.46391584579669	1.9717777	1.4042
22.481785120406414	2.023092	1.4223543
22.49965494884496	2.010047	1.4177612
22.51752533159841	1.9971013	1.4131883
22.53539626915302	1.973712	1.4048886
22.553267761995137	1.9571416	1.3989788
22.571139810611264	1.970625	1.4037895
22.589012415488025	1.994931	1.4124203
22.60688557711216	1.9842207	1.4086237
22.624759295970566	1.9188774	1.3852355
22.642633572550263	1.8769507	1.3700185
22.660508407338362	1.8793314	1.370887
22.67838380082217	1.9229319	1.3866982
22.696259753489077	1.9603136	1.400112
22.714136265826614	1.9486505	1.3959407
22.73201333832246	1.9321169	1.3900061
22.74989097146439	1.9198521	1.3855873
22.76776916574035	1.9136466	1.3833462
22.785647921638393	1.923374	1.3868576
22.803527239646712	1.9300315	1.3892558
22.82140712025363	1.9641715	1.401489
22.839287563947593	1.9783071	1.4065231
22.85716857121719	1.9863156	1.4093671
22.875050142551135	1.9274952	1.3883426
22.892932278438277	1.8809081	1.371462
22.910814979367604	1.8702747	1.3675798
22.928698245828222	1.8838404	1.3725307
22.946582078309387	1.8811946	1.3715664
22.96446647730047	1.8938444	1.3761702
22.98235144329098	1.8932731	1.3759626
23.000236976770562	1.8897676	1.3746881
23.018123078229	1.8766296	1.3699013
23.03600974815619	1.876295	1.3697791
23.053896987042194	1.8622525	1.3646437
23.071784795377173	1.8695773	1.3673248
23.08967317365145	1.8741351	1.3689905
23.10756212235546	1.909951	1.3820097
23.125451641979787	1.8885592	1.3742486
23.143341733015134	1.9098406	1.3819698
23.161232395952357	1.8986219	1.3779049
23.179123631282426	1.8957123	1.3768487
23.197015439496468	1.9121132	1.3827918
23.214907821085717	1.941151	1.393252
23.23280077654157	1.9221022	1.386399
23.250694306355538	1.9165697	1.3844023
23.268588411019277	1.9355843	1.3912528
23.28648309102458	1.9471586	1.3954062
23.304378346863356	1.9398481	1.3927842
23.322274179027676	1.9254843	1.3876182
23.340170588009723	1.9207369	1.3859066
23.358067574301852	1.9364583	1.3915669
23.37596513839651	1.9979049	1.4134727
23.39386328078629	2.0172307	1.4202925
23.411762001963947	1.9819326	1.4078113
23.429661302422353	1.9334989	1.390503
23.4475611826545	1.9117255	1.3826516
23.46546164315356	1.8951659	1.3766502
23.48336268441279	1.8858112	1.3732485
23.501264306925638	1.8568572	1.3626654
23.51916651118564	1.9020633	1.3791531
23.537069297686497	1.9326464	1.3901966
23.554972666922037	1.9214989	1.3861814
23.57287661938623	1.8675847	1.366596
23.59078115557318	1.8701421	1.3675314
23.608686275977128	1.8822273	1.3719429
23.62659198109246	1.9165528	1.3843962
23.6444982714137	1.901911	1.3790979
23.66240514743549	1.9095358	1.3818595
23.68031260965263	1.9022174	1.3792089
23.698220658560068	1.9055165	1.3804045
23.716129294652845	1.9031651	1.3795525
23.7340385184262	1.939936	1.3928158
23.75194833037546	1.961812	1.400647
23.769858730996123	1.9327754	1.3902429
23.78776972078382	1.922671	1.3866041
23.80568130023431	1.8920579	1.375521
23.823593469843495	1.8700703	1.3675052
23.841506230107424	1.8666184	1.3662424
23.859419581522275	1.8747787	1.3692256
23.87733352458438	1.8802731	1.3712305
23.89524805979019	1.8886598	1.3742852
23.913163187636318	1.8947779	1.3765093
23.931078908619508	1.9190168	1.3852859
23.948995223236633	1.9494227	1.3962173
23.966912131984735	1.9797778	1.4070457
23.98482963536096	2.042137	1.4290335
24.002747733862616	2.0959435	1.4477373
24.020666427987155	2.0632145	1.4363894
24.038585718232156	2.0067194	1.4165872
24.056505605095353	1.9955189	1.4126284
24.074426089074617	2.0332472	1.4259198
24.092347170667946	2.014083	1.4191839
24.110268850373515	2.0248132	1.4229593
24.128191128689586	2.0293357	1.4245476
24.146114006114626	2.0325854	1.4256877
24.164037483147187	2.0364957	1.4270585
24.181961560286005	2.0389025	1.4279014
24.199886238029926	2.0165353	1.4200476
24.21781151687797	1.9973195	1.4132656
24.235737397329274	1.9821036	1.407872
24.253663879883135	1.9976004	1.4133649
24.271590965038975	2.0257423	1.4232857
24.289518653296376	2.0314739	1.4252979
24.30744694515505	2.0416608	1.428867
24.32537584111486	2.0156794	1.4197463
24.34330534167581	2.0072365	1.4167697
24.361235447338046	2.012747	1.4187132
24.379166158601876	2.0005484	1.4144074
24.39709747596772	1.9996403	1.4140863
24.41502939993615	1.9539617	1.3978418
24.432961931007917	1.960503	1.4001796
24.450895069683856	1.9445835	1.3944832
24.468828816465	1.9249148	1.387413
24.4867631718525	1.9054201	1.3803695
24.504698136347656	1.9616789	1.4005995
24.52263371045192	1.9927474	1.4116471
24.540569894666874	1.9937624	1.4120065
24.558506689494266	1.9523635	1.39727
24.57644409543597	1.9392866	1.3925827
24.594382112994012	1.9158238	1.3841329
24.61232074267057	1.9246225	1.3873076
24.630259984967953	1.9313885	1.389744
24.64819984038863	1.9498501	1.3963703
24.66614030943522	1.9607646	1.4002731
24.684081392610462	1.9826318	1.4080596
24.702023090417274	1.9906242	1.4108949
24.7199654033587	1.9611723	1.4004186
24.737908331937927	1.9549867	1.3982084
24.755851876658305	1.9227536	1.3866339
24.773796038023324	1.9913014	1.4111348
24.79174081653661	2.024735	1.4229318
24.809686212701962	2.0467322	1.4306405
24.827632227023294	2.0419502	1.4289682
24.8455788600047	2.06815	1.4381064
24.8635261121504	2.1581595	1.4690676
24.88147398396475	2.1826766	1.4773884
24.899422475952303	2.171781	1.4736964
24.917371588617698	2.1202176	1.4560966
24.935321322465768	2.180374	1.4766089
24.953271678001478	2.2521873	1.500729
24.97122265572994	2.4182203	1.5550628
24.989174256156414	2.7193027	1.6490308
25.00712647978632	3.2398963	1.7999712
25.02507932712521	3.8081324	1.9514437
25.043032798678798	4.299088	2.0734243
25.060986894952933	4.9700785	2.2293673
25.078941616453637	5.7855115	2.405309
25.096896963687055	6.726747	2.5935974
25.114852937159508	7.8344016	2.799
25.132809537377444	8.335986	2.8872108
25.150766764847468	8.409575	2.899927
25.168724620076347	7.8393493	2.7998838
25.186683103570985	6.801686	2.608004
25.204642215838426	5.6721272	2.3816228
25.222601957385894	4.2614045	2.064317
25.24056232872074	3.1919641	1.7866069
25.25852333035048	2.513796	1.5854956
25.276484962782778	2.164686	1.4712871
25.294447226525435	2.0074687	1.4168516
25.312410122086423	1.942584	1.3937662
25.330373649973843	1.9090916	1.3816988
25.348337810695988	1.8901933	1.374843
25.366302604761245	1.8964299	1.3771093
25.384268032678207	1.940518	1.3930248
25.40223409495558	1.9086318	1.3815324
25.420200792102257	1.8537652	1.3615304
25.438168124627246	1.8200325	1.3490858
25.45613609303974	1.8202447	1.3491645
25.474104697849057	1.8359666	1.3549784
25.492073939564698	1.8739438	1.3689207
25.510043818696285	1.8702893	1.3675852
25.528014335753614	1.8578999	1.3630481
25.54598549124664	1.8632038	1.3649923
25.56395728568544	1.8674059	1.3665307
25.58192971958028	1.830142	1.3528274
25.59990279344156	1.8360087	1.3549939
25.617876507779833	1.8393633	1.3562313
25.635850863105826	1.8530375	1.3612632
25.653825859930386	1.8538408	1.3615582
25.671801498764548	1.8537586	1.361528
25.68977778011949	1.882664	1.372102
25.707754704506524	1.9054893	1.3803946
25.725732272437153	1.891258	1.3752302
25.743710484423012	1.9058633	1.3805301
25.761689340975888	1.8961962	1.3770244
25.77966884260774	1.8558435	1.3622935
25.797648989830662	1.8079278	1.3445921
25.815629783156922	1.7755938	1.332514
25.83361122309895	1.7844763	1.335843
25.85159331016929	1.8443474	1.3580675
25.869576044880695	1.872658	1.368451
25.887559427746034	1.9067698	1.3808583
25.90554345927836	1.8987141	1.3779384
25.92352813999086	1.8791126	1.3708073
25.94151347039689	1.8374404	1.3555222
25.959499451009965	1.8179213	1.3483031
25.97748608234374	1.7978185	1.3408276
25.995473364912062	1.7894578	1.3377062
26.013461299228904	1.8179463	1.3483124
26.03144988580839	1.8209112	1.3494114
26.04943912516483	1.8238305	1.3504927
26.067429017812675	1.7774079	1.3331946
26.085419564266537	1.7681174	1.3297057
26.103410765041186	1.7650392	1.3285478
26.12140262065155	1.8002833	1.3417463
26.139395131612723	1.8086803	1.3448719
26.157388298439948	1.7791797	1.333859
26.17538212164861	1.793042	1.3390452
26.193376601754295	1.8421031	1.357241
26.211371739272714	1.8622845	1.3646555
26.229367534719746	1.852861	1.3611984
26.247363988611433	1.8279393	1.352013
26.26536110146397	1.7878705	1.3371128
26.283358873793727	1.7240181	1.3130187
26.301357306117204	1.7103847	1.3078167
26.319356398951104	1.7568142	1.3254488
26.33735615281224	1.7972116	1.3406012
26.35535656821762	1.8351623	1.3546816
26.373357645684404	1.844852	1.3582532
26.39135938572991	1.84926	1.359875
26.409361788871614	1.8095907	1.3452103
26.427364855627165	1.8120638	1.3461292
26.445368586514352	1.8215958	1.349665
26.46337298205115	1.7991356	1.3413186
26.48137804275568	1.773937	1.3318923
26.499383769146217	1.7819853	1.3349103
26.517390161741215	1.7726954	1.3314261
26.53539722105928	1.8021115	1.3424275
26.553404947619182	1.7990353	1.3412812
26.571413341939856	1.7484236	1.3222797
26.589422404540397	1.7533209	1.3241303
26.60743213594006	1.7848655	1.3359886
26.62544253665827	1.8233181	1.3503029
26.64345360721459	1.844013	1.3579444
26.66146534812879	1.8590734	1.3634784
26.679477759920758	1.860694	1.3640726
26.69749084311057	1.844606	1.3581628
26.71550459821847	1.828448	1.3522012
26.733519025764842	1.8721548	1.368267
26.751534126270258	1.8931824	1.3759296
26.769549900255434	1.8832455	1.3723139
26.787566348241267	1.8335173	1.3540744
26.80558347074881	1.8292018	1.3524799
26.823601268299267	1.8232099	1.3502629
26.841619741414036	1.8028184	1.3426907
26.85963889061465	1.7947053	1.3396661
26.877658716422832	1.8455561	1.3585125
26.89567921936045	1.8090847	1.3450222
26.913700399949544	1.806187	1.3439445
26.93172225871233	1.8182592	1.3484285
26.949744796171174	1.8072037	1.3443228
26.967768012848605	1.8029902	1.3427547
26.98579190926733	1.8454572	1.358476
27.003816485950225	1.8545198	1.3618076
27.021841743420318	1.8500922	1.360181
27.039867682200814	1.8722581	1.3683048
27.057894302815072	1.8850782	1.3729815
27.07592160578664	1.8673917	1.3665254
27.0939495916392	1.8370118	1.3553641
27.111978260896635	1.8096648	1.3452379
27.13000761408296	1.852837	1.3611895
27.148037651722397	1.8405999	1.3566871
27.166068374339304	1.8285941	1.3522552
27.184099782458215	1.8363799	1.3551309
27.20213187660384	1.8279041	1.352
27.22016465730105	1.7953687	1.3399137
27.23819812507487	1.7647822	1.328451
27.256232280450533	1.7681235	1.3297081
27.274267123953383	1.8229314	1.3501598
27.292302656108987	1.8420274	1.3572131
27.31033887744306	1.8089713	1.34498
27.32837578848146	1.7890518	1.3375545
27.34641338975026	1.705183	1.3058265
27.364451681775673	1.7123802	1.3085794
27.382490665084074	1.72955	1.3151236
27.400530340202046	1.7205646	1.311703
27.41857070765629	1.7127335	1.3087144
27.436611767973726	1.7284186	1.3146933
27.454653521681404	1.7732481	1.3316336
27.472695969306564	1.7923146	1.3387736
27.490739111376627	1.8390598	1.3561194
27.508782948419153	1.8448172	1.3582405
27.526827480961902	1.7873507	1.3369184
27.54487270953279	1.7741292	1.3319644
27.562918634659898	1.7732469	1.3316332
27.580965256871508	1.807203	1.3443226
27.599012576696026	1.8327429	1.3537884
27.617060594662068	1.8528848	1.3612071
27.63510931129842	1.8636371	1.3651509
27.65315872713401	1.8980931	1.377713
27.67120884269797	1.876911	1.370004
27.68925965851958	1.8143898	1.3469929
27.707311175128307	1.8246847	1.350809
27.725363393053787	1.8614124	1.3643359
27.74341631282583	1.8557334	1.3622531
27.7614699349744	1.887312	1.3737948
27.77952426002968	2.0686598	1.4382837
27.797579288521973	2.1011434	1.4495322
27.815635020981784	2.4913208	1.5783919
27.83369145793979	2.546238	1.5956936
27.85174859992682	2.3780253	1.5420847
27.869806447473923	2.2268445	1.4922615
27.887865001112267	2.0039377	1.4156051
27.905924261373233	1.9295669	1.3890885
27.92398422878836	1.9371618	1.3918196
27.94204490388936	1.9046601	1.3800943
27.96010628720813	1.9075624	1.3811454
27.978168379276728	1.872408	1.3683596
27.9962311806274	1.8558569	1.3622984
28.014294691792568	1.8136835	1.3467307
28.0323589133048	1.8231548	1.3502425
28.050423845696887	1.8625243	1.3647434
28.068489489501758	1.8625005	1.3647346
28.086555845252523	1.8508408	1.3604561
28.104622913482487	1.8431772	1.3576366
28.122690694725115	1.870328	1.3675994
28.14075918951405	1.8676561	1.3666222
28.15882839838312	1.8517059	1.360774
28.176898321866304	1.8963926	1.3770957
28.1949689604978	1.9168913	1.3845185
28.213040314811945	1.9237417	1.3869902
28.23111238534327	1.9133369	1.3832343
28.249185172626493	1.9516288	1.3970071
28.267258677196473	1.9421872	1.3936237
28.285332899588294	1.9291764	1.388948
28.303407840337172	1.9504625	1.3965896
28.321483499978545	1.9936377	1.4119624
28.33955987904799	1.9958546	1.4127471
28.357636978081285	1.93128	1.3897051
28.37571479761439	1.905193	1.3802873
28.393793338183425	1.9396979	1.3927304
28.41187260032469	1.9376271	1.3919867
28.429952584574686	1.9145947	1.3836888
28.448033291470065	1.8542798	1.3617194
28.46611472154769	1.8489867	1.3597745
28.484196875344566	1.8461412	1.3587278
28.502279753397914	1.8815469	1.3716949
28.52036335624511	1.8984716	1.3778503
28.538447684423716	1.9242808	1.3871845
28.556532738471482	1.954353	1.3979818
28.574618518926325	1.9381527	1.3921756
28.59270502632635	1.9551797	1.3982774
28.61079226120985	1.9529867	1.397493
28.628880224115274	1.9568803	1.3988854
28.646968915581287	2.0054324	1.4161329
28.66505833614671	2.0290794	1.4244576
28.68314848635055	2.0619657	1.4359547
28.701239366732004	2.0466897	1.4306257
28.71933097783044	1.9858062	1.4091864
28.737423320185403	1.9638305	1.4013673
28.75551639433665	2.0555236	1.4337097
28.773610200824074	2.091875	1.4463316
28.791704740187793	2.075653	1.4407127
28.80980001296809	2.135409	1.461304
28.827896019705413	2.1591368	1.4694002
28.845992760940433	2.1277437	1.4586787
28.86409023721397	2.1584277	1.4691589
28.88218844906704	2.2119193	1.4872522
28.900287397040845	2.19954	1.4830846
28.918387081676755	2.1751254	1.4748306
28.936487503516343	2.1852891	1.4782723
28.954588663101365	2.2222505	1.4907215
28.97269056097374	2.277745	1.50922
28.990793197675597	2.2897449	1.5131903
29.00889657374923	2.3052094	1.5182916
29.027000689737125	2.2867696	1.5122069
29.04510554618196	2.2910821	1.513632
29.06321114362659	2.375201	1.5411687
29.08131748261405	2.4740202	1.5729018
29.099424563687567	2.4989517	1.5808073
29.11753238739057	2.5349483	1.5921521
29.13564095426663	2.5131714	1.5852985
29.15375026485954	2.454357	1.5666387
29.171860319713275	2.483843	1.5760213
29.18997111937199	2.6122773	1.6162541
29.20808266438002	2.7002766	1.6432519
29.226194955281898	2.7503066	1.6584048
29.244307992622335	2.840557	1.6853952
29.26242177694624	2.913553	1.7069134
29.2805363087987	2.869412	1.6939338
29.29865158872498	2.8400638	1.6852489
29.316767617270557	2.9169674	1.7079132
29.334884394981064	2.911321	1.7062594
29.353001922402367	2.8908513	1.7002504
29.37112020008047	2.9957845	1.7308335
29.389239228561596	3.1313772	1.7695698
29.407359008392152	3.3385634	1.8271736
29.42547954011872	3.7198703	1.9286965
29.44360082428809	4.328114	2.080412
29.46172286144722	5.36921	2.3171556
29.479845652143283	7.026162	2.6506908
29.497969196923606	9.20347	3.0337222
29.516093496335728	11.749288	3.4277234
29.5342185509274	14.587669	3.8193808
29.55234436124651	17.084028	4.133283
29.570470927841175	18.663328	4.3201075
29.588598251259686	18.52313	4.3038507
29.60672633205055	17.147646	4.1409717
29.624855170762405	14.803477	3.8475287
29.642984767944146	12.101724	3.478753
29.66111512414481	9.287214	3.0474932
29.67924623991366	6.8172274	2.6109822
29.697378115800138	5.1226826	2.2633343
29.71551075235387	4.1063766	2.0264196
29.733644150124675	3.6653717	1.9145161
29.751778309662576	3.4824588	1.8661348
29.769913231517766	3.3573503	1.8323073
29.78804891624066	3.3032148	1.8174748
29.806185364381818	3.2091758	1.7914172
29.82432257649206	3.2141356	1.792801
29.842460553122333	3.2858906	1.8127025
29.86059929482382	3.3358371	1.8264275
29.878738802147872	3.292127	1.8144219
29.896879075646048	3.2768285	1.8102013
29.915020115870114	3.177024	1.7824208
29.933161923371976	3.1000297	1.7606901
29.951304498703777	3.178328	1.7827866
29.969447842417857	3.22922	1.797003
29.987591955066733	3.2455513	1.8015413
30.005736837203123	3.196298	1.7878193
30.023882489379943	3.1961908	1.7877893
30.04202891215028	3.2456052	1.8015563
30.060176106067455	3.210564	1.7918047
30.078324071684946	3.1159234	1.7651979
30.09647280955646	3.1153934	1.7650477
30.114622320235863	3.1060824	1.7624081
30.132772604277257	3.0044568	1.7333369
30.1509236622349	3.03728	1.7427794
30.16907549466328	3.0707126	1.7523448
30.18722810211705	3.023539	1.7388327
30.205381485151097	2.9804802	1.7264067
30.22353564432045	2.9738636	1.7244893
30.241690580180403	3.003493	1.7330589
30.25984629328638	3.0859137	1.7566769
30.278002784194037	3.0642278	1.7504936
30.296160053459246	3.037848	1.7429423
30.314318101638033	3.0003629	1.7321556
30.332476929286646	2.9651513	1.7219615
30.35063653696153	2.9564688	1.7194386
30.368796925219307	2.9569323	1.7195733
30.386958094616844	2.9465983	1.7165658
30.40512004571115	2.972159	1.7239951
30.423282779059463	2.9344392	1.7130204
30.441446295219233	2.9274924	1.7109916
30.459610594748067	2.90318	1.7038721
30.47777567820382	2.910611	1.7060512
30.495941546144504	2.8778481	1.6964222
30.51410819912835	2.8664234	1.6930515
30.532275637713795	2.864975	1.6926237
30.55044386245946	2.8866858	1.6990249
30.56861287392416	2.8682764	1.6935986
30.586782672666956	2.8018165	1.6738627
30.604953259247047	2.7707992	1.6645718
30.623124634223885	2.8054779	1.6749561
30.641296798157075	2.7275429	1.6515274
30.659469751606462	2.6508033	1.6281288
30.677643495132074	2.6820917	1.6377093
30.695818029294152	2.6557918	1.62966
30.713993354653116	2.6384418	1.6243281
30.73216947176962	2.6339953	1.6229588
30.75034638120448	2.654611	1.6292977
30.768524083518756	2.7179527	1.6486214
30.786702579273673	2.8141754	1.6775504
30.80488186903069	2.902772	1.7037523
30.82306195335144	2.997337	1.7312819
30.841242832797782	3.1092205	1.7632982
30.85942450793176	3.3304677	1.8249569
30.877606979315637	3.729721	1.9312485
30.895790247511883	4.1310296	2.0324934
30.913974313083134	4.544528	2.13179
30.932159176592283	4.855639	2.2035515
30.95034483860237	4.8709064	2.207013
30.968531299676698	4.6317806	2.1521573
30.98671856037873	4.3389482	2.0830142
31.00490662127215	3.965125	1.9912622
31.023095482920848	3.5651715	1.8881662
31.04128514588892	3.1708543	1.7806892
31.059475610740662	2.7665815	1.6633044
31.07766687804056	2.4776242	1.5740471
31.09585894835335	2.377739	1.5419918
31.11405182224393	2.3809516	1.5430332
31.132245500277417	2.4302115	1.5589136
31.15043998301914	2.417097	1.5547016
31.168635271034628	2.4283948	1.5583308
31.18683136488964	2.388135	1.5453591
31.20502826515008	2.4127936	1.553317
31.223225972382135	2.4233487	1.5567108
31.241424487152155	2.4345932	1.5603184
31.259623810026692	2.453133	1.566248
31.27782394157253	2.44506	1.5636687
31.296024882356644	2.410284	1.552509
31.314226632946237	2.3284128	1.5259137
31.332429193908684	2.3719409	1.5401107
31.350632565811598	2.4233499	1.5567112
31.368836749222787	2.4534914	1.5663625
31.387041744710295	2.4966295	1.5800726
31.40524755284232	2.533101	1.5915719
31.423454174187317	2.5546546	1.5983287
31.441661609313922	2.6280057	1.6211125
31.459869858791002	2.5140324	1.5855701
31.478078923187628	2.3757675	1.5413525
31.496288803073064	2.3096993	1.5197694
31.514499499016807	2.3133056	1.5209554
31.532711011588546	2.3364465	1.528544
31.550923341358178	2.3229895	1.5241356
31.56913648889584	2.3046966	1.5181227
31.587350454771844	2.3176188	1.5223727
31.605565239556732	2.3114095	1.520332
31.62378084382127	2.319995	1.523153
31.641997268136382	2.2865562	1.5121363
31.660214513073274	2.2828624	1.5109144
31.67843257920331	2.2910192	1.5136113
31.6966514670981	2.3452275	1.5314136
31.71487117732944	2.3678153	1.5387707
31.733091710469346	2.367872	1.5387892
31.751313067090052	2.3626041	1.5370765
31.769535247764008	2.3599763	1.5362214
31.787758253063878	2.3110297	1.5202072
31.805982083562526	2.2772102	1.5090429
31.824206739833024	2.3089364	1.5195185
31.84243222244869	2.353675	1.5341691
31.860658531983013	2.325781	1.5250512
31.878885669009737	2.3272748	1.5255408
31.897113634102784	2.3032832	1.5176572
31.91534242783632	2.2443645	1.4981203
31.933572050784694	2.2234182	1.4911131
31.951802503522508	2.2694788	1.5064789
31.970033786624548	2.2477643	1.4992546
31.988265900665834	2.24102	1.4970037
32.006498846221575	2.2632177	1.5043994
32.02473262386724	2.3006792	1.516799
32.04296723417845	2.310986	1.5201927
32.0612026777311	2.1890292	1.4795368
32.07943895510129	2.0329392	1.4258118
32.097676066865304	2.035378	1.4266667
32.115914013599685	2.107123	1.4515933
32.13415279588115	2.1170905	1.4550225
32.152392414286666	2.1881216	1.47923
32.1706328693934	2.1672564	1.4721605
32.18887416177875	2.1545556	1.4678404
32.20711629202032	2.1228151	1.4569883
32.225359260695924	2.1567285	1.4685805
32.243603068383614	2.12042	1.4561661
32.26184771566166	2.1288562	1.4590601
32.28009320310852	2.1412182	1.4632902
32.2983395313029	2.0751297	1.440531
32.31658670082372	2.019492	1.4210883
32.33483471225012	2.0671203	1.4377483
32.35308356616143	2.26083	1.5036056
32.371333263137245	2.202998	1.48425
32.38958380375734	2.2118702	1.4872358
32.407835188601744	2.143498	1.464069
32.42608741825067	2.1769977	1.4754652
32.444340493284585	2.2032151	1.4843231
32.46259441428416	2.1578422	1.4689596
32.48084918183028	2.0282543	1.4241679
32.49910479650405	2.065719	1.4372609
32.51736125888683	2.0521574	1.4325353
32.53561856956014	2.0455916	1.4302418
32.5538767291058	2.0220008	1.4219707
32.572135738105764	1.9667101	1.4023944
32.59039559714228	1.96042	1.40015
32.608656306797776	1.9854281	1.4090523
32.62691786765491	2.0013566	1.4146931
32.645180280296586	1.978474	1.4065824
32.663443545305896	1.9912163	1.4111047
32.68170766326619	1.9577339	1.3991904
32.69997263476099	2.010025	1.4177535
32.7182384603741	2.0732217	1.4398687
32.7365051406895	2.014646	1.4193823
32.75477267629144	1.9026062	1.37935
32.77304106776434	1.8765467	1.369871
32.79131031569289	2.003633	1.4154974
32.809580420661966	2.0679324	1.4380307
32.827851383256714	1.9716581	1.4041574
32.84612320406245	1.9870788	1.4096378
32.86439588366476	2.0090704	1.4174168
32.88266942264945	2.018071	1.4205883
32.9009438216025	2.057001	1.434225
32.9192190811102	2.0829117	1.4432297
32.937495201758985	2.054257	1.433268
32.95577218413556	2.0312083	1.4252046
32.974050028826866	1.9412326	1.3932812
32.992328736420035	1.9082701	1.3814015
33.010608307502444	1.9789553	1.4067534
33.02888874266169	2.0616212	1.4358346
33.047170042485604	2.0364637	1.4270473
33.06545220756225	1.9324844	1.3901383
33.083735238479896	1.9538245	1.3977927
33.10201913582707	2.0173762	1.4203436
33.12030390019248	2.0219302	1.4219459
33.138589532165135	1.9193394	1.3854022
33.15687603233419	1.906562	1.3807831
33.17516340128909	1.9296389	1.3891144
33.19345163961947	1.859795	1.363743
33.211740747915215	1.7598885	1.326608
33.23003072676643	1.8507499	1.3604227
33.248321576763466	1.9499226	1.3963963
33.266613298496885	1.9643229	1.401543
33.28490589255747	1.9248618	1.3873938
33.30319935953626	1.8935069	1.3760476
33.32149370002451	1.930505	1.3894261
33.339788914613706	1.908617	1.3815271
33.358085003895575	1.8764955	1.3698523
33.376381968462034	1.8976898	1.3775666
33.39467980890529	1.9728678	1.4045881
33.41297852581774	1.9908797	1.4109854
33.43127811979204	1.8494734	1.3599534
33.44957859142105	1.7639593	1.3281413
33.467879941297866	1.7794049	1.3339434
33.486182170015844	1.8335562	1.3540887
33.50448527816853	1.9231917	1.3867918
33.522789266349754	1.9834014	1.4083328
33.541094135153514	2.0048738	1.4159356
33.55939988517411	1.9244493	1.3872452
33.57770651700602	1.9192815	1.3853813
33.59601403124398	1.819888	1.3490323
33.61432242848296	1.8027309	1.3426582
33.632631709318154	1.7898116	1.3378384
33.650941874344994	1.8038433	1.3430723
33.66925292415916	1.8473824	1.3591845
33.68756485935654	1.9687759	1.4031308
33.70587768053328	2.0263896	1.4235132
33.724191388285746	1.9481807	1.3957725
33.74250598321054	1.8637397	1.3651885
33.760821465904506	1.8850663	1.3729771
33.77913783696474	1.9227489	1.3866322
33.79745509698852	2.0153773	1.4196398
33.815773246573414	1.9159063	1.3841627
33.8340922863172	1.8018907	1.3423452
33.852412216817896	1.8265375	1.3514946
33.87073303867377	1.8715711	1.3680538
33.889054752483304	1.858533	1.3632803
33.907377358845245	1.9264275	1.387958
33.92570085835853	2.0211527	1.4216725
33.94402525162239	2.0823882	1.4430482
33.96235053923627	2.0599265	1.4352444
33.980676721799824	2.0106108	1.41796
33.999003799912984	1.9327873	1.3902472
34.01733177417592	1.9802557	1.4072156
34.03566064518901	1.9401724	1.3929007
34.0539904135529	1.8709793	1.3678374
34.07232107986846	1.8904331	1.3749303
34.090652644736785	1.9815017	1.4076582
34.108985108759235	1.8544312	1.361775
34.12731847253742	1.8356558	1.3548638
34.14565273667313	1.8606204	1.3640456
34.16398790176847	1.9977279	1.4134101
34.18232396842574	2.044623	1.4299031
34.20066093724749	1.9896519	1.4105502
34.21899880883651	1.9074534	1.3811059
34.23733758379583	1.8813725	1.3716313
34.25567726272874	1.8426306	1.3574353
34.27401784623872	1.8333839	1.3540251
34.29235933492957	2.0103457	1.4178666
34.31070172940526	2.1062987	1.4513093
34.32904503027003	2.0029042	1.4152399
34.347389238128386	1.9358207	1.3913378
34.36573435358502	1.9121948	1.3828213
34.38408037724492	1.9621166	1.4007558
34.402427309713296	2.0207224	1.4215212
34.42077515159559	2.0959044	1.4477239
34.43912390349752	2.003657	1.415506
34.45747356602499	1.8946807	1.376474
34.47582413978423	1.7219548	1.3122327
34.49417562538163	1.6993142	1.3035774
34.51252802342388	1.8231429	1.3502381
34.53088133451789	1.9847554	1.4088135
34.54923555927084	1.9689301	1.4031857
34.567590698290104	1.9502373	1.3965089
34.58594675218336	1.9715817	1.4041302
34.6043037215585	1.9356285	1.3912687
34.62266160702365	1.9384146	1.3922696
34.641020409187234	1.9826388	1.4080621
34.65938012865785	1.9261359	1.387853
34.677740766044394	1.9090321	1.3816773
34.69610232195598	1.9606587	1.4002352
34.714464797002016	1.9535832	1.3977064
34.73282819179208	2.0678675	1.4380082
34.751192506936064	2.0890148	1.4453424
34.76955774304408	1.9962665	1.4128929
34.7879239007265	2.0007637	1.4144835
34.80629098059391	2.1589224	1.4693272
34.824658983257194	2.1228595	1.4570036
34.843027909327446	2.0266514	1.4236051
34.86139775941603	2.0349061	1.4265014
34.879768534134534	1.8667299	1.3662832
34.89814023409483	1.8361865	1.3550596
34.91651285990901	1.8773475	1.3701633
34.93488641218944	1.8607712	1.3641008
34.95326089154871	1.926696	1.3880547
34.97163629859967	1.8827819	1.3721449
34.99001263395542	1.8172158	1.3480414
35.00838989822934	1.8433467	1.357699
35.02676809203499	1.9343392	1.3908052
35.04514721598624	1.9442495	1.3943635
35.063527270697215	1.9511398	1.3968321
35.081908256782256	2.0478249	1.4310223
35.10029017485597	1.9685749	1.4030591
35.11867302553321	1.9033374	1.379615
35.137056809429104	2.118197	1.4554027
35.155441527159006	2.4934914	1.5790793
35.173827179338524	2.3512037	1.5333635
35.19221376658354	1.9664185	1.4022905
35.21060128951017	1.7898427	1.3378501
35.2289897487348	1.8149581	1.3472039
35.24737914487405	1.9487932	1.3959918
35.26576947854479	2.2402384	1.4967426
35.28416075036418	2.3099613	1.5198557
35.30255296094958	2.1260386	1.4580941
35.32094611091867	2.2458568	1.4986182
35.33934020088932	2.2969544	1.5155706
35.35773523147969	2.1319556	1.4601218
35.3761312033082	2.033609	1.4260466
35.394528116993506	1.9348941	1.3910047
35.41292597315452	2.2516968	1.5005655
35.431324772410434	2.5169497	1.5864897
35.449724515380666	2.2764375	1.5087868
35.46812520268491	2.025841	1.4233204
35.486526834943106	1.7733262	1.3316629
35.504929412775454	1.919016	1.3852855
35.52333293680242	2.2723317	1.5074255
35.54173740764471	2.2127085	1.4875176
35.560142825923286	1.9633217	1.4011859
35.5785491922594	1.3142678	1.1464152
35.59695650727454	0.8993984	0.94836617
35.61536477159042	1.0391313	1.019378
