0.008763373481513119	0.3822274	0.6182454
0.026290120649546365	0.19633481	0.44309685
0.043816868432600686	0.26808032	0.51776475
0.06134361724069026	0.19833852	0.44535214
0.07887036748382949	0.16557987	0.40691507
0.0963971195720331	0.22067726	0.46976298
0.11392387391531617	0.15926184	0.39907622
0.1314506309236943	0.18700221	0.4324375
0.1489773910071836	0.13056725	0.3613409
0.16650415457580078	0.105235755	0.3244006
0.18403092203956356	0.14856237	0.3854379
0.20155769380849	0.17771488	0.42156243
0.2190844702925996	0.23445268	0.48420313
0.2366112519019124	0.22046697	0.4695391
0.2541380390464497	0.19006981	0.43596998
0.27166483213623416	0.10568383	0.3250905
0.28919163158128947	0.08341431	0.28881535
0.3067184377916406	0.122684985	0.35026416
0.324245251177314	0.1627214	0.4033874
0.34177207214833777	0.16663425	0.40820858
0.3592989011147415	0.19037251	0.436317
0.37682573848655654	0.16214709	0.4026749
0.39435258467381573	0.14119005	0.37575266
0.41187944008655414	0.11181137	0.33438206
0.42940630513480854	0.111683376	0.33419064
0.446933180228618	0.16054353	0.40067884
0.4644600657780234	0.19923398	0.44635633
0.48198696219306775	0.22182982	0.47098812
0.49951386988379676	0.18921436	0.43498778
0.5170407892602581	0.16776985	0.4095972
0.5345677207325025	0.14228342	0.37720475
0.5520946647105822	0.11714714	0.34226763
0.5696216216045534	0.097535476	0.3123067
0.5871485918244737	0.106534556	0.32639632
0.6046755757804043	0.10527005	0.32445347
0.6222025738824094	0.13385156	0.3658573
0.6397295865405557	0.15794832	0.3974271
0.6572566141649129	0.15741794	0.3967593
0.6747836571655547	0.16054203	0.40067697
0.6923107159525568	0.1687123	0.41074604
0.7098377909359992	0.18021722	0.42452
0.7273648825259653	0.15416396	0.3926372
0.7448919911325411	0.13852327	0.37218714
0.762419117165817	0.16854435	0.41054153
0.7799462610358868	0.20777921	0.45582804
0.7974734231528482	0.22449914	0.47381338
0.8150006039268024	0.19503352	0.44162598
0.8325278037678551	0.17594795	0.4194615
0.8500550230861152	0.20446657	0.4521798
0.8675822622916969	0.24013913	0.4900399
0.8851095217947171	0.23106568	0.48069292
0.9026368020052984	0.219635	0.4686523
0.9201641033335665	0.19945806	0.4466073
0.9376914261896523	0.19107446	0.43712065
0.9552187709836915	0.2106352	0.4589501
0.9727461381258234	0.21669799	0.4655083
0.990273528026193	0.21782175	0.4667138
1.0078009410949496	0.21398672	0.462587
1.0253283777422473	0.22559814	0.47497174
1.0428558383782454	0.22343414	0.4726882
1.0603833234131086	0.2703384	0.51994073
1.0779108332570058	0.3288054	0.5734155
1.0954383683201119	0.3507986	0.59228253
1.112965929012607	0.35914454	0.5992867
1.1304935157446763	0.43738773	0.66135293
1.1480211289265108	0.48472255	0.6962202
1.1655487689683062	1.2220595	1.105468
1.1830764362802655	1.5084453	1.2281878
1.200604131272596	1.8937474	1.376135
1.2181318543555117	2.3055515	1.5184042
1.235659605939232	2.384936	1.5443238
1.253187386433982	3.9972525	1.999313
1.270715196249994	6.3297033	2.5158901
1.2882430357975057	11.611883	3.4076214
1.3057709054867608	15.9289665	3.991111
1.3232988057280106	21.570772	4.6444345
1.3408267369315112	26.275774	5.12599
1.358354699507526	29.976776	5.4751053
1.3758826938663256	33.901196	5.8224735
1.3934107204181858	35.746178	5.978811
1.410938779573391	35.682022	5.973443
1.4284668717422309	35.95512	5.9962587
1.4459949973350033	35.998623	5.999885
1.4635231567620117	36.58155	6.0482683
1.4810513504335687	36.339928	6.0282607
1.4985795787599925	35.266243	5.938539
1.5161078421516088	34.230427	5.8506775
1.5336361410187505	33.671593	5.802723
1.5511644757717598	34.011753	5.8319597
1.5686928468209842	34.81298	5.900253
1.58622125457678	35.341827	5.944899
1.6037496994495108	36.11404	6.0094957
1.621278181849548	36.104965	6.008741
1.6388067021872719	36.604218	6.050142
1.6563352608730693	36.295494	6.0245743
1.673863858317336	35.468925	5.9555793
1.6913924949304753	34.848984	5.9033027
1.7089211711228998	33.821095	5.815591
1.7264498873050296	33.22093	5.76376
1.7439786438872935	32.299267	5.683244
1.7615074412801288	31.381252	5.6018972
1.779036279893981	30.634203	5.534817
1.796565160139305	29.787731	5.4578137
1.814094082426564	29.367525	5.4191813
1.8316230471662298	28.828424	5.3692107
1.849152054768784	27.71128	5.2641506
1.8666811056447168	27.124664	5.2081347
1.8842102002045273	26.30339	5.128683
1.901739338858724	25.852352	5.084521
1.9192685220178245	25.377243	5.037583
1.9367977500923557	24.504656	4.9502177
1.9543270234928547	23.900269	4.88879
1.971856342629867	23.114538	4.8077583
1.9893857079139496	22.640547	4.7582083
2.006915119755667	22.21848	4.7136483
2.0244445785655945	21.609474	4.648599
2.0419740847543175	21.130959	4.5968423
2.0595036387324317	21.067858	4.5899734
2.0770332409105414	20.92348	4.5742188
2.094562891699263	20.504822	4.528225
2.1120925915092217	19.947754	4.466291
2.129622340751053	19.550266	4.4215684
2.1471521398354043	187.71957	13.701079
2.1646819891729323	444.18158	21.075615
2.182211889174303	440.2679	20.982563
2.1997418402501974	452.51102	21.272306
2.2172718428113023	432.50214	20.796686
2.234801897268317	320.3603	17.898611
2.2523320040319548	16.695095	4.0859632
2.269862163512935	16.219616	4.0273585
2.287392376121992	16.033129	4.004139
2.304922642269869	15.956342	3.994539
2.322452962367322	15.812313	3.97647
2.3399833368251164	15.519785	3.9395158
2.357513766054032	15.247009	3.904742
2.3750442504648586	14.743734	3.839757
2.3925747904683963	14.550319	3.814488
2.410105386475459	14.390267	3.7934506
2.4276360388968707	14.088483	3.7534628
2.445166748143469	14.020466	3.7443912
2.4626975146261025	13.709499	3.702634
2.4802283387556323	13.5479355	3.680752
2.4977592209429305	13.172639	3.6294131
2.5152901615988825	12.7117405	3.5653527
2.5328211611343865	12.489822	3.5340943
2.5503522199603523	12.261805	3.5016859
2.5678833384877024	12.261552	3.5016499
2.5854145171273712	12.017635	3.4666462
2.6029457562903064	11.756928	3.4288378
2.620477056387469	11.669221	3.4160242
2.6380084178298326	11.560657	3.4000967
2.655539841028383	11.437802	3.381982
2.673071326394119	11.22337	3.3501298
2.6906028743380523	11.02011	3.3196552
2.708134485271211	10.833596	3.2914429
2.7256661596046325	10.691093	3.2697237
2.743197897749369	10.315766	3.2118168
2.760729700116486	9.998511	3.1620424
2.778261567117063	9.843818	3.137486
2.795793499162193	9.917895	3.149269
2.8133254966629817	9.9916935	3.160964
2.830857560030551	9.863729	3.1406574
2.8483896896760337	9.567497	3.093137
2.865921886010578	9.322126	3.0532157
2.883454149445347	9.193355	3.0320544
2.9009864803915177	9.244132	3.0404165
2.91851887926028	9.157894	3.0262012
2.9360513464628384	8.972021	2.9953332
2.953583882410413	8.907673	2.9845724
2.9711164875142373	8.751355	2.958269
2.9886491621855606	8.723374	2.9535358
3.0061819068356455	8.46556	2.9095635
3.023714721875769	8.312471	2.8831358
3.041247607717225	8.113109	2.848352
3.0587805647713213	7.9826946	2.8253663
3.0763135934493806	7.942562	2.8182552
3.0938466941627407	7.936269	2.8171384
3.1113798673227544	7.9373946	2.8173382
3.1289131133407904	7.8409963	2.8001778
3.1464464326282315	7.6973863	2.7744164
3.1639798255964786	7.554904	2.7486186
3.1815132926569443	7.366383	2.7141082
3.1990468342210603	7.353771	2.711784
3.216580450700272	7.336756	2.7086446
3.2341141425060416	7.272269	2.6967144
3.251647910049847	7.1960683	2.6825488
3.2691817537431813	7.0339375	2.652157
3.286715673997555	6.958097	2.6378205
3.3042496712244938	6.889911	2.624864
3.32178374583554	6.7890053	2.605572
3.339317898242251	6.646873	2.5781531
3.3568521288562034	6.594389	2.5679543
3.3743864380889876	6.565292	2.5622826
3.3919208263522127	6.430933	2.5359285
3.4094552940575023	6.33979	2.517894
3.4269898416164972	6.289411	2.5078697
3.444524469440858	6.435902	2.536908
3.4620591779422587	6.478665	2.5453222
3.479593967532391	6.4420094	2.5381114
3.4971288386229658	6.216985	2.4933884
3.5146637916257086	6.1590047	2.4817343
3.5321988269523628	6.211814	2.492351
3.5497339450146903	6.244003	2.4988003
3.5672691462244708	6.3627996	2.522459
3.5848044309934988	6.311503	2.5122705
3.60233979973359	6.2455225	2.4991043
3.619875252856575	6.111722	2.4721897
3.6374107907743034	6.058357	2.4613729
3.6549464138986427	6.029675	2.4555397
3.6724821226414788	6.00136	2.4497674
3.690017917414714	6.0587134	2.4614453
3.7075537986302702	6.06093	2.4618955
3.7250897667000857	6.16207	2.4823518
3.7426258220361235	6.225314	2.495058
3.7601619650503553	6.62012	2.5729594
3.777698196154779	7.264553	2.6952834
3.7952345157614067	8.423445	2.902317
3.8127709242822716	9.294752	3.0487297
3.830307422129425	11.566787	3.4009979
3.847844009714936	30.359756	5.5099688
3.8653806874508954	97.86764	9.892807
3.882917455749409	96.95887	9.846769
3.900454315022606	96.70317	9.833777
3.917991265682631	41.174347	6.416724
3.9355283081416506	10.811876	3.2881417
3.9530654428118495	8.664223	2.9435053
3.970602670105433	7.384353	2.7174165
3.9881399904346244	6.457687	2.541198
4.005677404211669	6.322957	2.514549
4.023214911848827	6.2831063	2.5066125
4.0407525137583855	6.228959	2.4957883
4.058290210352644	6.212028	2.492394
4.075828002043927	6.0749207	2.4647355
4.0933658892445814	6.030098	2.4556258
4.110903872366966	5.9720144	2.4437706
4.128441951823468	5.8731394	2.4234562
4.145980128026488	5.873827	2.423598
4.163518401388452	5.8891	2.4267468
4.181056772321807	5.9449887	2.4382348
4.1985952412390155	6.001141	2.4497228
4.216133808552567	6.0254793	2.4546852
4.233672474674966	6.158232	2.4815786
4.251211240018741	6.4229827	2.5343604
4.268750104996445	6.5957212	2.5682137
4.286289070020643	7.4422536	2.7280495
4.303828135503928	8.979471	2.9965765
4.3213673018589125	29.33886	5.416536
4.3389065694982305	90.55103	9.515831
4.356445938834537	165.72908	12.873581
4.3739854102805085	170.61922	13.062129
4.391524984248844	171.43988	13.093505
4.409064661152262	135.52223	11.641401
4.426604441403504	95.85582	9.790599
4.444144325415337	75.110466	8.66663
4.461684313600543	21.254112	4.610218
4.47922440637193	21.898369	4.6795692
4.496764604142329	20.342623	4.5102797
4.5143049073245916	18.307936	4.2787776
4.531845316331589	16.125237	4.015624
4.5493858315762195	13.028014	3.6094341
4.566926453471405	10.853715	3.2944977
4.584467182430081	8.751375	2.9582722
4.602008018865218	7.754139	2.7846255
4.619548963189798	7.176285	2.6788588
4.637090015816834	6.708978	2.5901694
4.654631177159353	6.442838	2.5382748
4.672172447630417	6.1296544	2.4758139
4.689713827643102	5.956116	2.4405155
4.7072553176105085	5.7176304	2.3911567
4.724796917945764	5.585841	2.3634384
4.742338629062015	5.575428	2.3612344
4.759880451372434	5.598937	2.3662074
4.777422385290215	5.5773864	2.361649
4.794964431228581	5.571444	2.3603907
4.812506589600768	5.5216727	2.349824
4.830048860820047	5.424809	2.3291218
4.847591245299709	5.4007263	2.3239462
4.8651337434530655	5.371916	2.3177395
4.882676355693457	5.3929906	2.3222814
4.900219082434242	5.428526	2.3299198
4.917761924088813	5.425136	2.3291922
4.935304881070575	5.3079333	2.3038952
4.952847953792969	5.2617574	2.293852
4.970391142669449	5.221598	2.2850816
4.9879344481135055	5.3049755	2.3032532
5.005477870538642	5.368647	2.317034
5.023021410358394	5.3530087	2.313657
5.040565067986324	5.2537584	2.2921078
5.05810884383601	5.227701	2.2864168
5.075652738321066	5.2305527	2.2870402
5.09319675185512	5.268807	2.2953882
5.110740884851836	5.3065963	2.303605
5.128285137724894	5.3832116	2.320175
5.145829510888007	5.4175825	2.3275702
5.163374004754908	5.368359	2.316972
5.1809186197393595	5.304068	2.3030562
5.198463356255145	5.3091636	2.3041623
5.216008214716077	5.3051157	2.3032837
5.233553195535998	5.252486	2.2918303
5.251098299128764	5.214283	2.2834804
5.268643525908272	5.24414	2.2900088
5.286188876288432	5.2112865	2.2828243
5.3037343506831895	5.220942	2.284938
5.32127994950651	5.1808734	2.276153
5.3388256731723915	5.1504416	2.2694585
5.356371522094851	5.1209383	2.262949
5.373917496687938	5.1028237	2.258943
5.391463597365729	5.162399	2.2720914
5.40900982454232	5.202278	2.2808504
5.426556178631843	5.208653	2.2822473
5.444102660048449	5.157447	2.2710013
5.4616492692063225	5.093858	2.2569575
5.479196006519669	5.1345468	2.2659538
5.496742872402727	5.1415234	2.2674928
5.514289867269756	5.1455874	2.2683887
5.531836991535049	5.1148653	2.2616067
5.549384245612924	5.029672	2.242693
5.566931629917724	4.939028	2.2223923
5.584479144863822	4.960587	2.2272375
5.6020267908656205	5.0079217	2.2378385
5.619574568337545	5.0539427	2.2480977
5.637122477694054	5.0578227	2.2489603
5.654670519349629	5.0032225	2.2367885
5.672218693718784	5.0674963	2.25111
5.689767001216059	5.1188655	2.262491
5.707315442256021	5.1231713	2.2634423
5.724864017253266	5.00417	2.2370002
5.7424127266224225	4.938864	2.2223556
5.75996157077814	4.958275	2.2267184
5.777510550135105	5.0193024	2.24038
5.795059665108022	5.1152644	2.2616951
5.812608916111639	5.0487103	2.2469335
5.830158303560715	5.11056	2.2606547
5.847707827870055	5.1034474	2.2590811
5.86525748945448	5.2433066	2.2898269
5.8828072887288485	5.372428	2.3178499
5.900357226108044	5.492546	2.3436182
5.917907302006979	5.525066	2.350546
5.9354575168406	6.280926	2.5061777
5.9530078710238765	6.9911795	2.644084
5.970558364971812	7.506686	2.7398334
5.988108999099438	7.8135233	2.795268
6.005659773821818	8.407852	2.8996296
6.023210689554039	8.2092495	2.8651788
6.040761746711227	8.710933	2.951429
6.058312945708531	7.8667245	2.804768
6.075864286961132	7.261118	2.6946461
6.093415770884244	6.5293865	2.5552664
6.1109673978931065	5.990663	2.4475832
6.128519168402993	5.4089184	2.3257082
6.146071082829204	5.2400293	2.2891111
6.163623141587075	5.062913	2.2500918
6.181175345091969	5.038065	2.2445633
6.198727693759281	5.085185	2.2550354
6.216280188004435	5.1503873	2.2694464
6.233832828242885	5.1606135	2.2716985
6.251385614890126	5.13529	2.2661178
6.268938548361669	5.076864	2.2531898
6.286491629073067	5.037751	2.2444935
6.304044857439898	5.0336666	2.2435834
6.321598233877777	5.0104127	2.2383952
6.339151758802344	4.967479	2.2287843
6.356705432629277	4.9292755	2.2201972
6.37425925577428	4.8638473	2.205413
6.391813228653095	4.8119235	2.1936097
6.409367351681486	4.8174105	2.19486
6.426921625275259	4.874712	2.207875
6.44447604985025	4.9189763	2.2178764
6.46203062582232	4.841908	2.2004335
6.47958535360737	4.8478136	2.201775
6.497140233621328	4.8207903	2.1956298
6.514695266280161	4.840789	2.2001793
6.532250451999859	4.8479233	2.2018
6.549805791196454	4.887087	2.2106757
6.567361284286002	4.932932	2.2210205
6.584916931684597	5.007324	2.2377052
6.602472733808367	4.938351	2.2222402
6.6200286910734665	4.8976307	2.2130592
6.637584803896092	4.8550234	2.2034118
6.655141072692462	4.799524	2.1907816
6.672697497878842	4.826951	2.1970322
6.690254079871514	4.779675	2.1862469
6.707810819086808	4.872126	2.2072892
6.725367715941078	4.868636	2.2064986
6.742924770850719	4.913735	2.2166946
6.760481984232151	4.8467517	2.201534
6.778039356501836	4.9030824	2.2142904
6.795596888076266	4.931722	2.2207482
6.813154579371963	4.9109907	2.2160754
6.830712430805492	4.8696513	2.2067287
6.84827044279344	4.852604	2.2028627
6.865828615752445	4.882959	2.2097418
6.883386950099159	4.873514	2.2076037
6.900945446250287	4.8169537	2.194756
6.918504104622553	4.8699856	2.2068043
6.936062925632727	4.930919	2.2205672
6.953621909697607	4.951814	2.2252672
6.971181057234028	4.9447308	2.223675
6.988740368658859	4.9346786	2.2214136
7.006299844389007	5.019766	2.2404833
7.023859484841407	5.144148	2.2680714
7.041419290433036	5.2705245	2.2957623
7.058979261580902	5.3530097	2.3136573
7.0765393987020495	5.505168	2.3463094
7.094099702213559	5.8592024	2.420579
7.111660172532549	6.1910915	2.4881904
7.129220810076164	6.577411	2.5646465
7.146781615261595	7.015769	2.6487298
7.16434258850606	7.241235	2.6909542
7.181903730226821	7.573984	2.752087
7.1994650408411704	7.744335	2.7828646
7.217026520766437	7.9465494	2.8189626
7.234588170419983	8.211408	2.8655553
7.252149990219215	8.335333	2.8870976
7.269711980581568	8.248708	2.8720565
7.2872741419245175	8.124383	2.8503304
7.304836474665574	7.7600145	2.7856803
7.322398979222286	7.426721	2.7252011
7.339961656012233	7.0935125	2.663365
7.357524505453039	6.6563864	2.5799973
7.375087527962357	6.332287	2.5164034
7.392650723957886	6.0438485	2.458424
7.410214093857353	5.7580447	2.3995926
7.427777638078528	5.580526	2.3623137
7.445341357039213	5.480083	2.3409576
7.4629052511572525	5.321679	2.3068764
7.480469320850524	5.245922	2.290398
7.498033566536948	5.1935377	2.2789335
7.5155979886344735	5.100671	2.2584665
7.5331625875610975	5.0781965	2.2534854
7.550727363734844	5.044663	2.2460327
7.568292317573788	5.0398617	2.2449636
7.585857449496025	5.0438433	2.2458503
7.603422759919705	5.031886	2.2431867
7.620988249263007	5.1255045	2.2639577
7.638553917944147	5.117068	2.2620938
7.656119766381391	5.1096873	2.2604618
7.673685794993023	5.074216	2.252602
7.691252004197388	5.039094	2.2447927
7.70881839441285	5.0789976	2.253663
7.726384966057826	5.111788	2.2609262
7.743951719550762	5.1767898	2.275256
7.761518655310149	5.16435	2.2725205
7.779085773754511	5.136591	2.2664049
7.796653075302419	5.1644864	2.2725506
7.814220560372475	5.1503654	2.2694416
7.831788229383323	5.112154	2.2610073
7.8493560827536495	5.054517	2.2482252
7.866924120902174	5.001285	2.2363553
7.884492344247663	5.0984282	2.2579699
7.9020607532089135	5.1855197	2.2771735
7.919629348204771	5.2399845	2.2891014
7.937198129654115	5.333017	2.3093326
7.954767097975865	5.3663654	2.3165417
7.972336253588986	5.3557577	2.314251
7.989905596912472	5.29055	2.3001196
8.007475128365371	5.248092	2.2908714
8.025044848366756	5.209269	2.2823822
8.042614757335754	5.284052	2.2987065
8.060184855691523	5.3508577	2.3131921
8.07775514385327	5.51839	2.3491254
8.095325622240228	5.580219	2.3622487
8.112896291271687	5.658747	2.378812
8.130467151366968	5.6926904	2.385936
8.148038202945436	5.7268114	2.3930757
8.165609446426497	5.7270894	2.3931339
8.183180882229594	5.677767	2.3828065
8.200752510774217	5.662092	2.3795152
8.218324332479893	5.6706266	2.3813078
8.235896347766193	5.697157	2.3868718
8.253468557052724	5.7743545	2.4029887
8.27104096075914	5.839925	2.4165936
8.288613559305137	5.909374	2.4309204
8.306186353110448	5.9866986	2.446773
8.32375934259485	6.0830207	2.466378
8.341332528178162	6.1769676	2.4853506
8.358905910280246	6.2064734	2.4912794
8.376479489321003	6.1676435	2.483474
8.394053265720377	6.178875	2.4857342
8.411627239898356	6.130469	2.4759784
8.42920141227497	6.23676	2.4973507
8.44677578327029	6.2600336	2.5020058
8.464350353304427	6.2113094	2.49225
8.48192512279754	6.103085	2.4704423
8.499500092169827	6.00408	2.4503224
8.51707526184153	6.016325	2.4528198
8.534650632232934	6.0256553	2.454721
8.552226203764365	6.0251913	2.4546266
8.569801976856192	6.0327263	2.4561608
8.587377951928834	6.070802	2.4638999
8.60495412940274	6.1425123	2.4784093
8.622530509698416	6.238753	2.4977496
8.6401070932364	6.3224697	2.5144522
8.657683880437283	6.4123387	2.5322597
8.675260871721695	6.524036	2.5542192
8.692838067510303	6.694971	2.5874643
8.710415468223834	6.791074	2.605969
8.727993074283043	6.868813	2.620842
8.745570886108737	6.92258	2.6310797
8.763148904121765	6.952344	2.6367297
8.78072712874302	6.9340444	2.6332574
8.798305560393441	7.141048	2.6722739
8.815884199494006	7.3294177	2.7072897
8.833463046465745	7.543816	2.7466009
8.851042101729728	7.663673	2.768334
8.86862136570707	7.9710364	2.8233025
8.886200838818924	8.105459	2.8470087
8.903780521486505	8.227265	2.868321
8.921360414131055	8.260805	2.8741617
8.938940517173874	8.351909	2.889967
8.956520831036297	8.475469	2.9112659
8.97410135613971	8.6736965	2.945114
8.99168209290554	8.867724	2.9778724
9.009263041755265	9.179155	3.0297122
9.026844203110405	9.482214	3.0793204
9.044425577392525	9.788639	3.12868
9.062007165023239	9.931579	3.1514406
9.079588966424197	10.115018	3.1804116
9.097170982017108	10.135581	3.1836426
9.11475321222372	11.145578	3.3384993
9.132335657465825	12.174089	3.4891388
9.149918318165264	12.449878	3.5284383
9.167501194743924	13.115384	3.6215167
9.18508428762374	12.634305	3.5544767
9.202667597226693	12.556181	3.5434701
9.220251123974803	12.243589	3.499084
9.237834868290143	11.936407	3.4549105
9.255418830594836	11.765977	3.430157
9.273003011311046	11.149088	3.339025
9.290587410860985	10.964471	3.3112643
9.308172029666911	10.267712	3.204327
9.32575686815113	9.983914	3.1597333
9.343341926735997	8.534925	2.9214594
9.360927205843916	8.291368	2.8794734
9.378512705897327	8.11486	2.8486593
9.396098427318728	7.9388685	2.8175998
9.413684370530664	7.87861	2.8068862
9.431270535955722	7.7751966	2.788404
9.448856924016539	7.651304	2.766099
9.466443535135806	7.520144	2.742288
9.484030369736251	7.5034313	2.7392392
9.501617428240658	7.499207	2.738468
9.519204711071852	7.5326014	2.7445586
9.536792218652714	7.544726	2.7467663
9.55437995140617	7.677174	2.7707715
9.571967909755191	7.711475	2.7769542
9.589556094122802	7.746378	2.7832315
9.60714450493207	7.6702	2.7695127
9.624733142606116	7.669473	2.7693813
9.642322007568108	7.650597	2.7659712
9.659911100241267	7.7610106	2.785859
9.677500421048851	7.835366	2.7991724
9.695089970414175	7.8609915	2.803746
9.712679748760609	7.852469	2.8022258
9.730269756511557	7.885089	2.8080401
9.747859994090492	7.98806	2.8263156
9.765450461920915	8.0246935	2.832789
9.78304116042639	7.99163	2.8269472
9.800632090030527	7.943911	2.8184946
9.81822325115699	8.0195465	2.8318803
9.835814644229481	8.102092	2.8464174
9.853406269671762	8.10113	2.8462484
9.870998127907646	8.039201	2.8353484
9.888590219360985	7.9556084	2.8205688
9.906182544455698	8.0442095	2.8362315
9.923775103615734	8.166165	2.8576503
9.941367897265108	8.173061	2.8588567
9.958960925827878	8.158553	2.856318
9.97655418972816	8.152138	2.8551948
9.994147689390106	8.124299	2.8503156
10.011741425237934	8.086423	2.8436637
10.029335397695904	8.008827	2.829987
10.04692960718833	7.941928	2.8181427
10.06452405413958	7.9574676	2.8208983
10.082118738974064	7.9637685	2.822015
10.099713662116246	8.009327	2.8300755
10.117308823990651	8.088318	2.8439968
10.134904225021844	8.146307	2.8541737
10.152499865634445	8.143481	2.8536785
10.170095746253125	8.125219	2.850477
10.18769186730261	8.083749	2.8431935
10.205288229207675	8.126425	2.8506885
10.222884832393145	8.107968	2.8474495
10.2404816772839	8.067558	2.8403447
10.258078764304868	7.9873066	2.8261824
10.275676093881035	7.9436893	2.8184552
10.293273666437438	8.006571	2.8295884
10.310871482399158	8.098306	2.8457522
10.32846954219134	8.0537815	2.8379185
10.346067846239173	8.021401	2.832208
10.363666394967908	7.88281	2.8076344
10.38126518880283	7.86169	2.8038704
10.398864228169298	7.894522	2.8097193
10.416463513492713	7.952772	2.820066
10.434063045198531	7.913251	2.81305
10.451662823712262	7.8201194	2.7964478
10.469262849459467	7.7862024	2.7903767
10.486863122865758	7.7810717	2.7894573
10.504463644356806	7.875125	2.8062654
10.522064414358338	7.8564	2.802927
10.539665433296118	7.7836337	2.7899165
10.557266701595987	7.726772	2.7797072
10.574868219683818	7.6828365	2.7717931
10.592469987985552	7.5857005	2.754215
10.610072006927185	7.4173837	2.7234874
10.627674276934751	7.289961	2.6999927
10.64527679843435	7.187437	2.6809397
10.662879571852143	7.1541405	2.6747224
10.680482597614331	7.0743237	2.65976
10.698085876147173	6.958735	2.6379414
10.715689407876988	6.7455754	2.5972245
10.733293193230146	6.626308	2.5741615
10.750897232633072	6.5237637	2.5541658
10.76850152651225	6.4762754	2.5448527
10.786106075294207	6.3882422	2.5274973
10.803710879405534	6.305412	2.5110579
10.821315939272877	6.225212	2.4950376
10.83892125532294	6.1906166	2.488095
10.856526827982472	6.115532	2.4729602
10.874132657678285	6.0818787	2.4661465
10.891738744837243	6.050733	2.4598238
10.909345089886271	6.0409102	2.4578264
10.926951693252343	6.025717	2.4547336
10.944558555362494	5.966067	2.4425533
10.96216567664381	5.8757496	2.4239945
10.979773057523436	5.817776	2.4120066
10.997380698428573	5.733409	2.3944538
11.014988599786477	5.6776023	2.382772
11.032596762024461	5.659129	2.3788924
11.050205185569892	5.634036	2.3736124
11.067813870850198	5.567169	2.359485
11.085422818292859	5.4795847	2.3408513
11.10303202832541	5.424173	2.3289855
11.120641501375454	5.3363843	2.3100615
11.138251237870636	5.309353	2.3042033
11.155861238238671	5.229386	2.2867851
11.173471502907317	5.127491	2.2643964
11.191082032304402	5.0532684	2.2479477
11.208692826857805	5.005395	2.237274
11.226303886995465	4.971391	2.2296617
11.243915213145371	4.9401317	2.2226408
11.261526805735578	4.8692327	2.2066338
11.279138665194196	4.827805	2.1972268
11.296750791949393	4.803489	2.1916864
11.314363186429393	4.7570934	2.1810763
11.331975849062479	4.705812	2.1692884
11.34958878027699	4.6006727	2.144918
11.36720198050133	4.515659	2.1250079
11.384815450163948	4.4460545	2.108567
11.402429189693366	4.378126	2.0923972
11.420043199518153	4.3049936	2.074848
11.437657480066942	63.255516	7.953334
11.455272031768422	84.9686	9.217841
11.472886855051353	107.38907	10.362869
11.490501950344528	99.05583	9.95268
11.508117318076819	84.41737	9.187893
11.52573295867715	45.744904	6.763498
11.543348872574514	4.0088973	2.002223
11.560965060197946	3.9485655	1.9870998
11.57858152197655	4.0061193	2.0015292
11.59619825833949	3.9648046	1.9911817
11.613815269715985	3.9114413	1.9777365
11.631432556535323	38.389942	6.195962
11.649050119226837	82.94554	9.107444
11.666667958219929	93.38724	9.663707
11.68428607394406	107.65384	10.375637
11.701904466828756	82.46929	9.081261
11.719523137303586	65.336685	8.083111
11.737142085798196	4.555955	2.1344683
11.754761312742286	3.6325016	1.9059123
11.772380818565619	3.5562806	1.8858104
11.790000603698015	3.536494	1.8805568
11.80762066856935	3.528057	1.8783123
11.825241013609572	3.4819834	1.8660073
11.842861639248683	3.4232893	1.8502133
11.860482545916748	3.4037209	1.8449175
11.878103734043883	3.3953648	1.8426516
11.895725204060282	3.358568	1.8326396
11.91334695639619	3.2971203	1.8157974
11.930968991481919	3.269405	1.8081496
11.948591309747824	3.2642434	1.8067217
11.966213911624347	3.2634428	1.8065002
11.98383679754198	3.247027	1.8019508
12.001459967931268	3.264057	1.8066701
12.019083423222835	3.2265127	1.7962496
12.036707163847352	3.1187322	1.7659932
12.05433119023556	3.0347128	1.7420427
12.071955502818259	3.0153103	1.7364649
12.089580102026313	3.0453842	1.7451029
12.107204988290643	3.1004612	1.7608126
12.12483016204224	3.1164641	1.7653509
12.142455623712152	3.1207318	1.7665594
12.16008137373149	3.0780168	1.7544278
12.177707412531431	3.0313175	1.7410679
12.19533374054321	2.9975314	1.731338
12.212960358198126	2.9832137	1.7271982
12.230587265927545	2.9679852	1.7227842
12.248214464162889	2.947026	1.7166904
12.265841953335649	2.961968	1.7210369
12.283469733877375	2.9419827	1.7152209
12.301097806219685	2.8947246	1.7013891
12.31872617079425	2.8381531	1.6846819
12.336354828032825	2.7891388	1.6700715
12.353983778367205	2.8083105	1.6758014
12.371613022229262	2.8494687	1.6880369
12.389242560050928	2.8562582	1.6900468
12.406872392264201	2.8862557	1.6988984
12.424502519301143	2.8468583	1.6872635
12.442132941593874	2.8117032	1.6768134
12.459763659574586	2.7568066	1.6603634
12.477394673675532	2.7193003	1.6490301
12.49502598432903	2.737123	1.6544253
12.51265759196746	2.7496111	1.6581951
12.530289497023267	2.7661536	1.6631757
12.547921699928967	2.7524524	1.6590517
12.565554201117134	2.762657	1.6621243
12.583187001020404	2.7753854	1.6659487
12.600820100071486	2.7908208	1.670575
12.618453498703152	2.7975824	1.6725975
12.636087197348235	2.7679958	1.6637295
12.65372119643964	2.7415645	1.6557671
12.671355496410326	2.7179713	1.6486272
12.68899009769333	2.703801	1.6443238
12.706625000721749	2.7241783	1.6505085
12.724260205928752	2.8072922	1.6754977
12.741895713747551	2.885489	1.6986728
12.759531524611454	2.9594662	1.72031
12.777167638953818	2.9945698	1.7304826
12.794804057208072	2.986651	1.7281929
12.812440779807702	3.0080192	1.7343642
12.830077807186271	3.1376479	1.7713407
12.847715139777405	3.1701648	1.7804956
12.865352778014795	3.4398887	1.8546937
12.882990722332197	3.5753648	1.8908635
12.90062897316344	3.6654077	1.9145254
12.918267530942412	3.740231	1.9339677
12.935906396103071	3.598283	1.8969141
12.953545569079449	3.7777767	1.9436504
12.971185050305628	3.5716453	1.8898797
12.988824840215775	3.5465055	1.8832167
13.006464939244115	3.5499752	1.8841377
13.024105347824943	3.4124615	1.8472849
13.041746066392617	3.5425186	1.8821579
13.05938709538157	3.3167865	1.8212047
13.077028435226296	3.347406	1.8295918
13.094670086361363	3.236684	1.7990787
13.112312049221401	3.160208	1.7776973
13.129954324241112	3.0254755	1.7393894
13.147596911855258	2.802915	1.6741909
13.165239812498685	2.8062468	1.6751856
13.182883026606293	2.725415	1.6508831
13.200526554613058	2.6921985	1.640792
13.218170396954017	2.6624243	1.6316937
13.235814554064284	2.6582322	1.6304086
13.253459026379034	2.6020467	1.6130861
13.271103814333523	2.572838	1.6040069
13.288748918363058	2.5915298	1.6098229
13.306394338903031	2.6027193	1.6132946
13.32404007638889	2.602189	1.6131302
13.341686131256164	2.6133049	1.6165719
13.359332503940449	2.6010842	1.6127877
13.376979194877402	2.5895915	1.6092207
13.394626204502751	2.622688	1.6194715
13.412273533252307	2.6733637	1.6350424
13.429921181561937	2.6626906	1.6317753
13.447569149867581	2.6283007	1.6212034
13.465217438605247	2.6288369	1.6213689
13.482866048211022	2.6639802	1.6321704
13.500514979121052	2.6743295	1.6353377
13.518164231771568	2.6269777	1.6207954
13.535813806598844	2.5960557	1.611228
13.553463704039254	2.601832	1.6130195
13.571113924529229	2.6191018	1.6183639
13.588764468505275	2.602667	1.6132784
13.606415336403956	2.6055539	1.6141728
13.624066528661917	2.6279562	1.6210972
13.641718045715882	2.7169201	1.6483083
13.659369888002635	2.7818606	1.667891
13.67702205595903	2.826371	1.6811814
13.694674550021993	2.88066	1.6972507
13.712327370628532	2.8920362	1.7005988
13.729980518215713	2.9808774	1.7265217
13.747633993220681	3.0553617	1.7479593
13.765287796080647	3.1360776	1.7708974
13.7829419272329	3.2006795	1.7890443
13.800596387114801	3.2459838	1.8016614
13.818251176163775	3.2805197	1.8112205
13.835906294817324	3.3021135	1.8171718
13.853561743513023	3.356472	1.8320677
13.871217522688525	3.3863297	1.8401983
13.888873632781538	3.367074	1.8349589
13.906530074229858	3.343327	1.8284767
13.92418684747135	3.339124	1.827327
13.941843952943948	3.3753784	1.8372203
13.959501391085665	3.3843067	1.8396485
13.977159162334578	3.3616014	1.833467
13.994817267128846	3.3041112	1.8177215
14.012475705906693	3.1993506	1.7886728
14.030134479106424	3.0788975	1.7546787
14.047793587166414	3.044867	1.7449547
14.065453030525108	3.0073774	1.7341791
14.083112809621026	2.9362175	1.7135395
14.100772924892766	2.8515651	1.6886578
14.118433376778997	2.8054445	1.6749461
14.136094165718458	2.7387884	1.6549286
14.153755292149969	2.709651	1.6461017
14.171416756512416	2.664831	1.632431
14.189078559244768	2.5833416	1.6072778
14.20674070078606	2.5163088	1.5862877
14.224403181575408	2.4240832	1.5569468
14.242066002051999	2.3638563	1.5374838
14.259729162655093	2.3622746	1.5369693
14.277392663824022	2.3533823	1.5340738
14.295056505998208	2.3500402	1.5329841
14.312720689617128	2.3552654	1.5346874
14.330385215120348	2.3898733	1.5459214
14.348050082947497	2.3941102	1.5472913
14.3657152935383	2.3415637	1.5302169
14.383380847332528	2.291277	1.5136964
14.401046744770051	2.301936	1.5172132
14.418712986290798	2.3154407	1.5216572
14.436379572334793	2.3408005	1.5299675
14.454046503342123	2.325723	1.5250322
14.471713779752946	2.3412986	1.5301303
14.489381402007504	2.3381486	1.5291005
14.507049370546113	2.3569286	1.5352292
14.524717685809168	2.3365252	1.5285697
14.542386348237134	2.340321	1.5298108
14.560055358270553	2.3172374	1.5222474
14.577724716350051	2.3725462	1.5403072
14.595394422916325	2.4232063	1.5566652
14.61306447841015	2.4681616	1.5710384
14.63073488327237	2.4210842	1.5559833
14.648405637943917	2.4249556	1.5572269
14.6660767428658	2.4099972	1.5524166
14.683748198479094	2.456557	1.5673407
14.701420005224954	2.4991279	1.580863
14.719092163544628	2.5708523	1.6033877
14.73676467387942	2.6208723	1.6189108
14.754437536670727	2.6446815	1.6262476
14.772110752360014	2.6421373	1.6254653
14.78978432138882	2.6342466	1.6230363
14.807458244198777	2.6551147	1.6294522
14.82513252123159	2.6281362	1.6211528
14.842807152929028	2.6495886	1.6277556
14.860482139732962	2.6179001	1.6179926
14.87815748208531	2.6015298	1.6129259
14.8958331804281	2.6154385	1.6172317
14.91350923520342	2.5928514	1.6102333
14.931185646853438	2.6415133	1.6252733
14.948862415820408	2.5740988	1.6043998
14.966539542546656	2.6189678	1.6183225
14.98421702747459	2.6078415	1.6148813
15.001894871046696	2.6710775	1.6343431
15.019573073705542	2.6677983	1.6333396
15.037251635893766	2.622007	1.6192613
15.054930558054092	2.6182144	1.6180897
15.072609840629323	2.6039095	1.6136634
15.090289484062351	2.6986566	1.6427588
15.107969488796124	2.95174	1.7180629
15.125649855273691	3.3918996	1.841711
15.14333058393817	3.8870609	1.9715631
15.161011675232768	4.82988	2.1976988
15.17869312960076	6.1098175	2.4718046
15.196374947485506	7.9425874	2.8182597
15.214057129330447	11.062655	3.326057
15.231739675579114	15.971578	3.9964457
15.249422586675102	21.476233	4.6342454
15.267105863062092	24.818785	4.9818454
15.284789505183847	25.380354	5.037892
15.302473513484218	23.427776	4.8402247
15.320157888407127	19.884829	4.459241
15.337842630396578	15.456921	3.931529
15.355527739896656	11.967231	3.4593685
15.37321321735153	9.228422	3.0378318
15.39089906320545	6.6217833	2.5732825
15.408585277902748	4.8491297	2.202074
15.42627186188783	3.6331766	1.9060893
15.443958815605198	3.0946777	1.7591696
15.461646139499424	2.8008277	1.6735674
15.479333834015168	2.646847	1.6269133
15.497021899597165	2.596306	1.6113057
15.514710336690234	2.5354345	1.5923048
15.53239914573928	2.489592	1.5778441
15.550088327189297	2.4587288	1.5680335
15.567777881485336	2.438993	1.5617275
15.58546780907256	2.4457035	1.5638745
15.6031581103962	2.4346054	1.5603222
15.620848785901568	2.3942142	1.5473249
15.638539836034063	2.3531244	1.5339897
15.656231261239173	2.3471463	1.5320399
15.673923061962451	2.3432064	1.5307535
15.691615238649552	2.3414805	1.5301896
15.709307791746202	2.334846	1.5280203
15.727000721698221	2.3203683	1.5232755
15.744694028951498	2.3541954	1.5343387
15.76238771395202	2.3389692	1.5293689
15.780081777145844	2.3724663	1.5402813
15.797776218979125	2.3517613	1.5335454
15.815471039898094	2.3292184	1.5261778
15.833166240349064	2.3174417	1.5223145
15.850861820778437	2.3333075	1.5275167
15.868557781632699	2.3328984	1.5273829
15.886254123358412	2.3403683	1.5298262
15.903950846402232	2.3384016	1.5291833
15.921647951210897	2.369181	1.5392144
15.939345438231225	2.3775208	1.5419211
15.957043307910133	2.3165243	1.5220132
15.974741560694602	2.2976124	1.5157877
15.992440197031714	2.278397	1.509436
16.01013921736862	2.3101606	1.5199213
16.02783862215259	2.3427045	1.5305896
16.045538411830933	2.3518589	1.5335771
16.06323858685107	2.3656523	1.5380677
16.080939147660512	2.3453648	1.5314584
16.09864009470684	2.3510506	1.5333136
16.11634142843774	2.3819072	1.5433428
16.134043149300954	2.383239	1.5437742
16.15174525774433	2.3453648	1.5314584
16.169447754215817	2.305761	1.5184733
16.18715063916342	2.3132672	1.5209429
16.204853913035244	2.379349	1.5425138
16.222557576279478	2.390575	1.5461484
16.240261629344403	22.377705	4.730508
16.257966072678386	42.919083	6.5512657
16.275670906729868	38.045815	6.168129
16.293376131947387	2.480567	1.5749816
16.31108174877957	2.5075002	1.5835088
16.328787757675133	2.5280843	1.589995
16.34649415908287	2.5334105	1.5916691
16.364200953451657	2.5208457	1.5877172
16.38190814123048	2.532662	1.5914339
16.39961572286839	2.5822053	1.6069242
16.41732369881455	2.6224725	1.619405
16.43503206951817	2.6768532	1.6361091
16.45274083542859	2.723576	1.650326
16.47044999699522	2.7579086	1.6606952
16.488159554667558	2.7931767	1.6712799
16.505869508895184	2.8174515	1.6785265
16.523579860127786	2.8443716	1.6865264
16.541290608815117	2.8919988	1.7005877
16.559001755407035	2.922517	1.7095371
16.57671330035348	2.9523997	1.7182548
16.59442524410448	3.0001483	1.7320936
16.61213758711015	3.1101701	1.7635674
16.629850329820705	3.1826513	1.7839987
16.647563472686436	3.2392051	1.7997792
16.665277016157724	3.2646027	1.8068211
16.682990960685053	3.3356726	1.8263824
16.70070530671898	3.3712544	1.8360976
16.718420054710155	3.416921	1.8484915
16.736135205109335	3.4279613	1.8514755
16.753850758367335	3.466164	1.8617637
16.771566714935087	3.536959	1.8806804
16.789283075263597	3.5813923	1.8924567
16.80699983980398	3.5978882	1.89681
16.82471700900741	3.6588376	1.9128088
16.84243458332518	3.7442589	1.9350088
16.860152563208665	3.80745	1.9512688
16.87787094910932	3.9219973	1.9804033
16.89558974147871	4.0129843	2.0032434
16.913308940768466	4.1176767	2.029206
16.931028547430333	4.190161	2.0469882
16.94874856191613	4.2562914	2.0630782
16.966468984677785	4.2930417	2.0719657
16.98418981616729	4.311342	2.0763772
17.00191105683676	4.3756537	2.0918064
17.019632707138374	4.404541	2.0986998
17.03735476752442	4.4584823	2.111512
17.05507723844728	4.4796224	2.1165118
17.072800120359403	4.532217	2.1289005
17.090523413713353	4.573756	2.1386342
17.108247118961785	4.6129723	2.147783
17.125971236557437	4.612363	2.1476412
17.143695766953133	4.5891223	2.1422236
17.161420710601806	4.564971	2.1365793
17.179146067956477	4.555666	2.1344006
17.19687183947025	4.609494	2.1469734
17.21459802559634	4.6364584	2.1532438
17.232324626788028	4.637194	2.1534145
17.25005164349871	4.5740232	2.1386967
17.267779076181863	4.529679	2.1283042
17.285506925291074	4.509616	2.1235857
17.30323519127999	4.45203	2.1099834
17.320963874602384	4.448756	2.1092074
17.33869297571211	4.4274445	2.1041493
17.356422495063114	4.4324083	2.1053286
17.37415243310944	4.416462	2.101538
17.391882790305218	4.4077983	2.0994756
17.40961356710468	4.400222	2.0976706
17.42734476396215	4.3998194	2.0975747
17.445076381332044	4.3806896	2.0930097
17.462808419668868	4.483401	2.1174042
17.48054087942723	4.633006	2.152442
17.498273761061835	4.9054418	2.2148232
17.51600706502747	5.305316	2.303327
17.533740791779024	5.9564614	2.4405863
17.551474941771485	7.3278456	2.7069993
17.56920951545993	8.517469	2.9184704
17.586944513299528	10.840698	3.2925215
17.60467993574556	12.698638	3.563515
17.622415783253373	14.593012	3.82008
17.64015205627843	16.29344	4.0365133
17.657888755276293	17.688509	4.205771
17.675625880702604	18.343369	4.282916
17.69336343301311	18.173162	4.262999
17.71110141266366	17.124678	4.1381974
17.728839820110178	15.95231	3.9940343
17.746578655808705	14.732997	3.8383586
17.764317920215372	13.037758	3.6107836
17.7820576137864	11.342637	3.3678832
17.79979773697811	9.194605	3.0322607
17.81753829024692	7.250153	2.6926107
17.835279274049356	5.58908	2.3641236
17.85302068884201	4.6384516	2.1537066
17.870762535081607	4.0368075	2.0091808
17.888504813224934	3.7521634	1.9370502
17.90624752372891	3.606721	1.8991369
17.923990667050536	3.5224512	1.8768194
17.941734243646895	3.4670875	1.8620117
17.959478253975185	3.4202852	1.8494014
17.9772226984927	3.3711598	1.8360718
17.994967577656833	3.335823	1.8264235
18.01271289192506	3.3072236	1.8185773
18.030458641754965	3.2823024	1.8117125
18.04820482760425	3.2541041	1.8039136
18.06595144993067	3.22428	1.7956281
18.083698509192125	3.1986802	1.7884854
18.101446005846576	3.2111864	1.7919784
18.119193940352105	3.1877644	1.7854311
18.136942313166887	3.1636376	1.7786617
18.1546911247492	3.160964	1.77791
18.1724403755574	3.1425612	1.772727
18.19019006604997	3.09519	1.7593153
18.207940196685467	3.0431972	1.7444762
18.225690767922575	3.0148747	1.7363394
18.243441780220046	3.007074	1.7340918
18.261193234036764	3.014949	1.7363609
18.278945129831676	2.960021	1.7204711
18.29669746806386	2.9375546	1.7139295
18.314450249192483	2.9194958	1.7086532
18.3322034736768	2.941884	1.7151921
18.349957141976184	2.9858308	1.7279557
18.3677112545501	2.998888	1.7317297
18.385465811858108	2.9822042	1.726906
18.403220814359884	2.9608896	1.7207235
18.420976262515172	3.0178308	1.7371905
18.43873215678387	3.0326753	1.7414578
18.456488497625923	3.0687132	1.7517743
18.474245285501407	3.1247983	1.7677099
18.492002520870486	3.2133822	1.792591
18.50976020419343	3.294633	1.8151124
18.527518335930615	3.548811	1.8838288
18.545276916542516	4.1074758	2.0266907
18.563035946489688	4.2570515	2.0632622
18.580795426232832	4.7619	2.1821778
18.598555356232698	4.6531644	2.1571195
18.616315736950185	4.897275	2.2129788
18.63407656884626	4.4910693	2.1192143
18.65183785238201	4.6123734	2.1476436
18.669599588018617	4.4010916	2.097878
18.68736177621737	4.3827677	2.093506
18.705124417439652	4.3766136	2.0920358
18.72288751214696	4.249034	2.0613184
18.740651060800886	4.396992	2.0969007
18.758415063863115	4.1445055	2.035806
18.77617952179546	4.2648525	2.065152
18.793944435059814	4.0130134	2.0032506
18.811709804118184	4.0599527	2.0149324
18.829475629432675	4.0644913	2.0160584
18.8472419114655	3.8816545	1.9701915
18.86500865067897	3.9469788	1.9867005
18.88277584753551	3.6246784	1.9038588
18.90054350249763	3.6204112	1.9027379
18.918311616027957	3.3349147	1.8261749
18.936080188589226	3.2228904	1.795241
18.953849220644265	2.9706466	1.7235564
18.971618712656007	2.824825	1.6807216
18.9893886650875	2.75585	1.6600753
19.007159078401887	7.935807	2.8170564
19.024929953062408	32.82448	5.729265
19.042701289532435	32.795074	5.7266984
19.060473088275405	25.335773	5.0334654
19.07824534975489	2.6216729	1.619158
19.096018074434568	2.6248229	1.6201305
19.113791262778197	2.6054115	1.6141287
19.13156491524966	2.569734	1.603039
19.149339032312945	2.520074	1.5874741
19.167113614432136	2.4984214	1.5806396
19.184888662071433	2.461388	1.5688812
19.202664175695123	2.461535	1.568928
19.220440155767623	2.467719	1.5708976
19.238216602753447	2.474791	1.5731468
19.2559935171172	2.459621	1.5683179
19.27377089932361	2.4495842	1.5651147
19.291548749837514	2.4479232	1.564584
19.309327069123835	2.465822	1.5702935
19.32710585764763	2.478352	1.5742782
19.344885115874032	2.4924064	1.5787357
19.362664844268313	2.4535508	1.5663815
19.380445043295822	2.4339635	1.5601165
19.39822571342203	2.457228	1.5675547
19.41600685511252	2.4867172	1.5769329
19.43378846883297	2.49079	1.5782237
19.451570555049173	2.4770038	1.57385
19.469353114227037	2.4706964	1.5718449
19.48713614683254	2.4636092	1.5695889
19.50491965333182	2.4417937	1.562624
19.52270363419109	2.4119492	1.5530452
19.540488089876686	2.385719	1.5445774
19.55827302085503	2.3766391	1.5416352
19.576058427592674	2.370751	1.5397243
19.593844310556282	2.4164543	1.5544949
19.611630670212598	2.4560673	1.5671846
19.629417507028506	2.493533	1.5790924
19.64720482147098	2.4611554	1.568807
19.6649926140071	2.4235108	1.5567629
19.682780885104084	2.4148912	1.553992
19.70056963522921	2.4362228	1.5608404
19.718358864849908	2.4381428	1.5614554
19.7361485744337	2.432475	1.5596395
19.753938764448215	2.4089298	1.5520728
19.771729435361202	2.4152455	1.554106
19.789520587640506	2.426753	1.5578039
19.807312221754092	2.4683444	1.5710965
19.825104338170043	2.4680598	1.571006
19.842896937356517	2.476593	1.5737195
19.860690019781824	2.448985	1.5649234
19.87848358591436	2.4603012	1.5685347
19.896277636222635	2.455538	1.5670156
19.914072171175278	2.4717908	1.572193
19.931867191241015	2.479092	1.5745132
19.94966269688869	2.483458	1.5758991
19.967458688587264	2.4725542	1.5724357
19.985255166805807	2.4734268	1.5727133
20.00305213201348	2.4610255	1.5687656
20.020849584679578	2.4587514	1.5680406
20.038647525273507	2.422371	1.5563967
20.05644595426477	2.3913407	1.546396
20.07424487212299	2.3471506	1.5320413
20.092044279317903	2.3524363	1.5337654
20.109844176319353	2.359816	1.5361693
20.127644563597304	2.3802235	1.5427973
20.145445441621817	2.395102	1.5476117
20.16324681086307	2.3773744	1.5418737
20.181048671791373	2.3428144	1.5306255
20.198851024877122	2.326709	1.5253553
20.216653870590836	2.3630443	1.5372196
20.234457209403146	2.38959	1.5458299
20.252261041784802	2.397089	1.5482535
20.270065368206662	2.3764307	1.5415677
20.287870189139685	2.35998	1.5362227
20.305675505054968	2.3469875	1.531988
20.323481316423702	2.3226871	1.5240364
20.341287623717207	2.311577	1.5203872
20.359094427406884	2.2978203	1.5158563
20.376901727964288	2.3241446	1.5245146
20.39470952586107	2.3108447	1.5201463
20.41251782156899	2.3009262	1.5168804
20.430326615559935	2.2992766	1.5163366
20.448135908305886	2.295077	1.5149512
20.465945700278965	2.2913024	1.5137049
20.483755991951384	2.280448	1.5101153
20.50156678379548	2.2779548	1.5092895
20.519378076283708	2.2922578	1.5140204
20.537189869888635	2.3128967	1.5208211
20.55500216508294	2.2927396	1.5141795
20.572814962339415	2.2857099	1.5118564
20.59062826213098	2.256398	1.5021311
20.60844206493066	2.2221699	1.4906944
20.626256371211593	2.2618508	1.5039451
20.644071181447032	2.301342	1.5170175
20.66188649611036	2.271496	1.5071483
20.67970231567506	2.2665386	1.5055028
20.697518640614742	2.265122	1.5050322
20.715335471403122	2.2616794	1.5038881
20.73315280851404	2.240274	1.4967545
20.750970652421447	2.2461019	1.4987
20.768789003599412	2.253497	1.5011652
20.786607862522136	2.2681646	1.5060427
20.8044272296639	2.261604	1.5038631
20.82224710549913	2.2317731	1.493912
20.84006749050237	2.239869	1.4966192
20.857888385148268	3.8304377	1.9571503
20.8757097899116	45.957863	6.779223
20.893531705267254	64.79572	8.049579
20.911354131690224	83.78403	9.153361
20.92917706965566	69.03012	8.308436
20.94700051963877	50.052624	7.074788
20.96482448211493	29.343866	5.416998
20.982648957559622	4.0962944	2.0239305
21.00047394644843	2.2129107	1.4875855
21.01829944925707	2.2144363	1.4880983
21.036125466461375	2.230443	1.4934667
21.053951998537297	2.2527475	1.5009155
21.071779045960906	2.2637856	1.5045881
21.089606609208378	2.243631	1.4978755
21.10743468875603	2.1900003	1.479865
21.12526328508028	2.178454	1.4759586
21.143092398657675	2.1800609	1.4765029
21.16092202996488	2.159683	1.469586
21.17875217947867	2.1251857	1.4578017
21.19658284767596	2.1469064	1.4652325
21.21441403503377	2.169903	1.473059
21.232245742029225	2.186363	1.4786355
21.2500779691396	2.1623883	1.4705062
21.26791071684227	2.153302	1.4674133
21.28574398561475	2.141519	1.463393
21.30357777593465	2.1319458	1.4601184
21.321412088279704	2.1078796	1.4518539
21.339246923127792	2.0875106	1.444822
21.357082280956888	2.1116595	1.453155
21.3749181622451	2.1158645	1.4546012
21.392754567470647	2.1083367	1.4520112
21.41059149711187	2.0731065	1.4398286
21.42842895164726	2.086635	1.444519
21.446266931555378	2.1186726	1.455566
21.464105437314945	2.1073925	1.4516861
21.481944469404798	2.0941856	1.4471301
21.49978402830388	2.0757737	1.4407545
21.51762411449127	2.0435026	1.4295113
21.53546472844617	2.0226758	1.4222081
21.553305870647876	2.0212815	1.4217178
21.571147541575865	2.061892	1.435929
21.58898974170967	2.053091	1.4328611
21.60683247152899	2.0409863	1.428631
21.62467573151363	2.0102704	1.41784
21.642519522143523	2.0082126	1.4171141
21.660363843898722	1.9987245	1.4137626
21.6782086972594	1.9993696	1.4139906
21.696054082705864	2.0085008	1.4172158
21.713900000718535	1.9840796	1.4085736
21.73174645177795	1.9803125	1.4072357
21.749593436364794	1.951495	1.3969592
21.767440954959845	1.9531686	1.3975581
21.785289008044032	1.9763943	1.4058429
21.803137596098388	1.9839212	1.4085174
21.820986719604086	1.998943	1.4138398
21.838836379042412	1.9743129	1.4051025
21.85668657489478	2.004528	1.4158136
21.87453730764273	2.0227828	1.4222457
21.892388577767914	2.0280094	1.4240819
21.91024038575213	2.0032759	1.4153713
21.928092732077285	1.9589145	1.3996123
21.945945617225426	1.9546158	1.3980758
21.963799041678694	1.9521466	1.3971924
21.981653005919398	31.285923	5.593382
21.999507510429943	78.095665	8.837175
22.01736255569286	73.04536	8.546658
22.035218142190818	4.143564	2.0355747
22.05307427040661	1.9641232	1.4014719
22.07093094082315	1.9541541	1.3979106
22.088788153923474	1.9689027	1.403176
22.106645910190746	1.9576737	1.399169
22.12450421010827	1.9729145	1.4046048
22.142363054159464	1.9662008	1.4022129
22.16022244282787	1.9736263	1.4048581
22.178082376597164	1.9533892	1.397637
22.195942855951145	1.940423	1.3929907
22.213803881373742	1.9139469	1.3834547
22.231665453349002	1.9354991	1.3912221
22.24952757236111	1.9577214	1.399186
22.26739023889438	1.9331079	1.3903625
22.28525345343323	1.8897866	1.3746951
22.30311721646225	1.8946041	1.3764461
22.320981528466113	1.931801	1.3898925
22.33884638992964	1.963717	1.4013269
22.356711801337788	1.9601729	1.4000617
22.37457776317561	1.9295803	1.3890934
22.392444275928337	1.9168928	1.384519
22.410311340081282	1.9185885	1.3851312
22.428178956119904	1.970241	1.4036527
22.446047124529805	1.9718429	1.4042232
22.46391584579669	1.9415947	1.3934112
22.481785120406414	1.8991375	1.3780919
22.49965494884496	1.8756524	1.3695446
22.51752533159841	1.8925353	1.3756945
22.53539626915302	1.9143082	1.3835852
22.553267761995137	1.9462	1.3950627
22.571139810611264	1.9447159	1.3945307
22.589012415488025	1.9339561	1.3906676
22.60688557711216	1.9401785	1.3929029
22.624759295970566	1.8983172	1.3777944
22.642633572550263	1.904731	1.3801199
22.660508407338362	1.9050318	1.3802289
22.67838380082217	1.9222373	1.3864477
22.696259753489077	1.8935431	1.3760607
22.714136265826614	1.8950961	1.3766248
22.73201333832246	1.9143986	1.3836179
22.74989097146439	1.894431	1.3763833
22.76776916574035	1.8542325	1.3617021
22.785647921638393	1.8457857	1.3585969
22.803527239646712	1.8929981	1.3758627
22.82140712025363	1.9313856	1.389743
22.839287563947593	1.9206461	1.3858738
22.85716857121719	1.91527	1.3839328
22.875050142551135	1.9449674	1.3946209
22.892932278438277	1.9606619	1.4002364
22.910814979367604	1.9312279	1.3896862
22.928698245828222	1.9174932	1.3847358
22.946582078309387	1.8717114	1.368105
22.96446647730047	1.8620479	1.3645687
22.98235144329098	1.8723117	1.3683244
23.000236976770562	1.9116449	1.3826225
23.018123078229	1.8965226	1.3771429
23.03600974815619	1.8916266	1.3753642
23.053896987042194	1.9023316	1.3792504
23.071784795377173	1.9308447	1.3895484
23.08967317365145	1.9221983	1.3864336
23.10756212235546	1.916488	1.3843728
23.125451641979787	1.9247707	1.387361
23.143341733015134	1.917313	1.3846707
23.161232395952357	1.9425251	1.3937451
23.179123631282426	1.9362147	1.3914794
23.197015439496468	1.9441712	1.3943354
23.214907821085717	1.9268453	1.3881085
23.23280077654157	1.9275163	1.3883502
23.250694306355538	1.908831	1.3816046
23.268588411019277	1.864652	1.3655226
23.28648309102458	1.8672132	1.3664601
23.304378346863356	1.8923715	1.3756349
23.322274179027676	1.9377414	1.3920279
23.340170588009723	1.9602451	1.4000876
23.358067574301852	1.9191555	1.3853359
23.37596513839651	1.8721623	1.3682698
23.39386328078629	1.8350862	1.3546536
23.411762001963947	1.8617524	1.3644605
23.429661302422353	1.8900621	1.3747953
23.4475611826545	1.8651547	1.3657067
23.46546164315356	1.844527	1.3581337
23.48336268441279	1.8365281	1.3551856
23.501264306925638	1.8471842	1.3591115
23.51916651118564	1.8471861	1.3591123
23.537069297686497	1.8712889	1.3679507
23.554972666922037	1.9064329	1.3807364
23.57287661938623	1.9053414	1.380341
23.59078115557318	1.8996586	1.378281
23.608686275977128	1.8777428	1.3703076
23.62659198109246	1.8705654	1.3676862
23.6444982714137	1.8631954	1.3649892
23.66240514743549	1.86888	1.3670698
23.68031260965263	1.8514606	1.3606839
23.698220658560068	1.8696218	1.3673412
23.716129294652845	1.8674846	1.3665594
23.7340385184262	1.8791754	1.3708302
23.75194833037546	1.9095533	1.3818659
23.769858730996123	1.8898808	1.3747294
23.78776972078382	1.8890723	1.3744353
23.80568130023431	1.8420706	1.357229
23.823593469843495	1.8263067	1.3514092
23.841506230107424	1.8542182	1.3616968
23.859419581522275	1.8428302	1.3575088
23.87733352458438	1.8093051	1.3451041
23.89524805979019	1.8208299	1.3493813
23.913163187636318	1.8649473	1.3656307
23.931078908619508	1.9032352	1.3795779
23.948995223236633	1.9282936	1.3886302
23.966912131984735	1.9610996	1.4003927
23.98482963536096	2.0167773	1.4201329
24.002747733862616	2.0282876	1.4241797
24.020666427987155	1.9844526	1.408706
24.038585718232156	1.9613249	1.4004731
24.056505605095353	1.978713	1.4066674
24.074426089074617	2.0256093	1.423239
24.092347170667946	2.0049987	1.4159797
24.110268850373515	1.9931073	1.4117745
24.128191128689586	2.016304	1.4199662
24.146114006114626	2.0392005	1.4280058
24.164037483147187	2.0567815	1.4341483
24.181961560286005	2.0104265	1.4178951
24.199886238029926	1.9738778	1.4049476
24.21781151687797	1.9996305	1.4140829
24.235737397329274	1.9946489	1.4123204
24.253663879883135	1.9855434	1.4090931
24.271590965038975	2.004487	1.415799
24.289518653296376	1.999026	1.4138691
24.30744694515505	2.0089345	1.4173689
24.32537584111486	1.9811462	1.407532
24.34330534167581	2.0487905	1.4313596
24.361235447338046	2.0280375	1.4240918
24.379166158601876	1.9871753	1.409672
24.39709747596772	1.9525421	1.3973339
24.41502939993615	1.9393026	1.3925885
24.432961931007917	1.9607916	1.4002827
24.450895069683856	1.9653277	1.4019015
24.468828816465	1.9306386	1.3894742
24.4867631718525	1.9284163	1.3886743
24.504698136347656	1.9426461	1.3937885
24.52263371045192	1.9477965	1.3956348
24.540569894666874	1.8981819	1.3777453
24.558506689494266	1.8204716	1.3492485
24.57644409543597	1.8173529	1.3480923
24.594382112994012	1.8679225	1.3667196
24.61232074267057	1.9302448	1.3893325
24.630259984967953	1.970266	1.4036616
24.64819984038863	1.9263642	1.3879353
24.66614030943522	1.9331493	1.3903774
24.684081392610462	1.9425553	1.3937558
24.702023090417274	1.9925803	1.4115878
24.7199654033587	1.9714333	1.4040774
24.737908331937927	1.9385256	1.3923094
24.755851876658305	1.927851	1.3884708
24.773796038023324	2.0081177	1.4170806
24.79174081653661	2.089785	1.4456089
24.809686212701962	2.1226358	1.4569268
24.827632227023294	2.0684972	1.438227
24.8455788600047	2.0439787	1.4296778
24.8635261121504	2.0627549	1.4362293
24.88147398396475	2.0305264	1.4249654
24.899422475952303	1.9873703	1.4097412
24.917371588617698	1.9726661	1.4045163
24.935321322465768	2.1031775	1.4502336
24.953271678001478	2.2698958	1.5066173
24.97122265572994	2.5209696	1.5877562
24.989174256156414	2.8374577	1.6844755
25.00712647978632	3.2570844	1.8047395
25.02507932712521	3.8133845	1.952789
25.043032798678798	4.3907156	2.0954034
25.060986894952933	5.084606	2.2549071
25.078941616453637	5.884004	2.4256966
25.096896963687055	6.971791	2.640415
25.114852937159508	8.282649	2.8779593
25.132809537377444	8.844806	2.974022
25.150766764847468	8.831876	2.9718473
25.168724620076347	8.053236	2.8378224
25.186683103570985	6.8543816	2.6180873
25.204642215838426	5.563456	2.358698
25.222601957385894	4.2158704	2.0532584
25.24056232872074	3.2102478	1.7917165
25.25852333035048	2.6374872	1.6240343
25.276484962782778	2.2816875	1.5105256
25.294447226525435	2.1015184	1.4496615
25.312410122086423	1.9810523	1.4074986
25.330373649973843	1.9207753	1.3859204
25.348337810695988	1.9048352	1.3801577
25.366302604761245	1.9229054	1.3866887
25.384268032678207	1.944926	1.394606
25.40223409495558	1.9327515	1.3902344
25.420200792102257	1.8856554	1.3731917
25.438168124627246	1.8689281	1.3670875
25.45613609303974	1.889233	1.3744937
25.474104697849057	1.8573292	1.3628386
25.492073939564698	1.841089	1.3568673
25.510043818696285	1.8593633	1.3635848
25.528014335753614	1.8982971	1.377787
25.54598549124664	1.9169434	1.3845372
25.56395728568544	1.9011737	1.3788306
25.58192971958028	1.8769985	1.370036
25.59990279344156	1.8516103	1.3607389
25.617876507779833	1.8396094	1.356322
25.635850863105826	1.870917	1.3678147
25.653825859930386	1.8718344	1.36815
25.671801498764548	1.8021889	1.3424563
25.68977778011949	1.7400736	1.3191185
25.707754704506524	1.8056475	1.3437438
25.725732272437153	1.8286705	1.3522835
25.743710484423012	1.8352631	1.3547188
25.761689340975888	1.8106	1.3455853
25.77966884260774	1.8699502	1.3674612
25.797648989830662	1.8683629	1.3668808
25.815629783156922	1.8343387	1.3543776
25.83361122309895	1.8004547	1.3418102
25.85159331016929	1.7847959	1.3359625
25.869576044880695	1.7836657	1.3355395
25.887559427746034	1.8252634	1.3510231
25.90554345927836	1.848207	1.3594878
25.92352813999086	1.8459643	1.3586627
25.94151347039689	1.8177961	1.3482567
25.959499451009965	1.8657258	1.3659158
25.97748608234374	1.8392793	1.3562003
25.995473364912062	1.7850108	1.336043
26.013461299228904	1.7760392	1.3326812
26.03144988580839	1.8184576	1.348502
26.04943912516483	1.8186109	1.3485588
26.067429017812675	1.805739	1.3437779
26.085419564266537	1.7630944	1.3278157
26.103410765041186	1.7581762	1.3259624
26.12140262065155	1.7537378	1.3242877
26.139395131612723	1.7699844	1.3304076
26.157388298439948	1.7687799	1.3299549
26.17538212164861	1.778709	1.3336825
26.193376601754295	1.7786326	1.3336539
26.211371739272714	1.8331429	1.3539361
26.229367534719746	1.8226775	1.3500657
26.247363988611433	1.8042953	1.3432406
26.26536110146397	1.7688093	1.329966
26.283358873793727	1.7730925	1.3315752
26.301357306117204	1.7973943	1.3406694
26.319356398951104	1.8262553	1.3513901
26.33735615281224	1.81347	1.3466514
26.35535656821762	1.8023512	1.3425168
26.373357645684404	1.775679	1.3325461
26.39135938572991	1.7804207	1.334324
26.409361788871614	1.8032286	1.3428435
26.427364855627165	1.7827984	1.3352147
26.445368586514352	1.7372458	1.3180462
26.46337298205115	1.708715	1.3071783
26.48137804275568	1.7450556	1.3210055
26.499383769146217	1.7435429	1.3204329
26.517390161741215	1.7701232	1.3304598
26.53539722105928	1.8110367	1.3457476
26.553404947619182	1.8678645	1.3666984
26.571413341939856	1.799155	1.3413259
26.589422404540397	1.7897825	1.3378276
26.60743213594006	1.7861313	1.3364623
26.62544253665827	1.8070682	1.3442724
26.64345360721459	1.7848314	1.3359758
26.66146534812879	1.7712408	1.3308797
26.679477759920758	1.7776884	1.3332998
26.69749084311057	1.7890296	1.3375461
26.71550459821847	1.8051537	1.3435601
26.733519025764842	1.778487	1.3335992
26.751534126270258	1.7752293	1.3323773
26.769549900255434	1.8309641	1.3531312
26.787566348241267	1.8353081	1.3547354
26.80558347074881	1.8438176	1.3578725
26.823601268299267	1.8063164	1.3439927
26.841619741414036	1.7822858	1.3350228
26.85963889061465	1.794596	1.3396254
26.877658716422832	1.8096678	1.3452389
26.89567921936045	1.7755442	1.3324955
26.913700399949544	1.7313426	1.315805
26.93172225871233	1.697572	1.302909
26.949744796171174	1.7306014	1.3155233
26.967768012848605	1.7899643	1.3378955
26.98579190926733	1.7822038	1.334992
27.003816485950225	1.7441356	1.3206573
27.021841743420318	1.7685274	1.32986
27.039867682200814	1.8286234	1.3522661
27.057894302815072	1.8494116	1.3599308
27.07592160578664	1.7999617	1.3416265
27.0939495916392	1.8074737	1.3444232
27.111978260896635	1.8184621	1.3485037
27.13000761408296	1.8397034	1.3563566
27.148037651722397	1.8287783	1.3523233
27.166068374339304	1.7825245	1.3351122
27.184099782458215	1.7530997	1.3240467
27.20213187660384	1.7611659	1.3270892
27.22016465730105	1.7875226	1.3369826
27.23819812507487	1.7513639	1.3233911
27.256232280450533	1.8027729	1.3426738
27.274267123953383	1.8292959	1.3525146
27.292302656108987	1.813593	1.3466971
27.31033887744306	1.784406	1.3358166
27.32837578848146	1.810999	1.3457336
27.34641338975026	1.8099718	1.3453519
27.364451681775673	1.7778077	1.3333446
27.382490665084074	1.7629164	1.3277487
27.400530340202046	1.7899413	1.3378869
27.41857070765629	1.7673016	1.329399
27.436611767973726	1.7868123	1.336717
27.454653521681404	1.7598935	1.3266098
27.472695969306564	1.761918	1.3273726
27.490739111376627	1.762978	1.3277718
27.508782948419153	1.7755738	1.3325067
27.526827480961902	1.7728814	1.3314959
27.54487270953279	1.7973274	1.3406444
27.562918634659898	1.8137488	1.3467549
27.580965256871508	1.7876472	1.3370292
27.599012576696026	1.7630957	1.3278161
27.617060594662068	1.7380291	1.3183433
27.63510931129842	1.7264684	1.3139515
27.65315872713401	1.7462196	1.3214461
27.67120884269797	1.7758908	1.3326255
27.68925965851958	1.7698022	1.3303392
27.707311175128307	1.7478217	1.3220521
27.725363393053787	1.7613933	1.3271749
27.74341631282583	1.8058648	1.3438247
27.7614699349744	1.8187246	1.348601
27.77952426002968	1.9405476	1.3930354
27.797579288521973	1.9613942	1.4004978
27.815635020981784	2.2926123	1.5141375
27.83369145793979	2.4356627	1.560661
27.85174859992682	2.290497	1.5134388
27.869806447473923	2.1615798	1.4702312
27.887865001112267	1.9408525	1.3931448
27.905924261373233	1.9063829	1.3807182
27.92398422878836	1.8874978	1.3738624
27.94204490388936	1.8712208	1.3679258
27.96010628720813	1.8450979	1.3583438
27.978168379276728	1.8517355	1.3607849
27.9962311806274	1.8918967	1.3754624
28.014294691792568	1.9107594	1.3823023
28.0323589133048	1.8462433	1.3587654
28.050423845696887	1.8092792	1.3450944
28.068489489501758	1.8178978	1.3482944
28.086555845252523	1.8430375	1.3575852
28.104622913482487	1.8498169	1.3600798
28.122690694725115	1.8323907	1.3536582
28.14075918951405	1.8058565	1.3438216
28.15882839838312	1.8334407	1.354046
28.176898321866304	1.9145653	1.3836782
28.1949689604978	1.9052998	1.3803259
28.213040314811945	1.9096085	1.3818859
28.23111238534327	1.9471852	1.3954158
28.249185172626493	1.9222915	1.3864673
28.267258677196473	1.8454444	1.3584714
28.285332899588294	1.8188719	1.3486556
28.303407840337172	1.8636843	1.3651682
28.321483499978545	1.917231	1.384641
28.33955987904799	1.9228731	1.386677
28.357636978081285	1.945343	1.3947555
28.37571479761439	1.9059073	1.380546
28.393793338183425	1.9006771	1.3786504
28.41187260032469	1.8920212	1.3755076
28.429952584574686	1.8901561	1.3748295
28.448033291470065	1.8988587	1.3779908
28.46611472154769	1.9020722	1.3791564
28.484196875344566	1.9257147	1.3877013
28.502279753397914	1.9743409	1.4051124
28.52036335624511	1.9991615	1.4139171
28.538447684423716	1.9840612	1.4085671
28.556532738471482	1.9488688	1.3960189
28.574618518926325	1.9330436	1.3903394
28.59270502632635	1.929208	1.3889593
28.61079226120985	1.935544	1.3912383
28.628880224115274	1.9800533	1.4071437
28.646968915581287	2.0009964	1.4145658
28.66505833614671	1.9845376	1.4087362
28.68314848635055	1.9393845	1.3926178
28.701239366732004	1.9392697	1.3925766
28.71933097783044	2.0214856	1.4217895
28.737423320185403	2.0518608	1.4324318
28.75551639433665	2.0396264	1.4281548
28.773610200824074	2.0769997	1.44118
28.791704740187793	2.1845849	1.4780341
28.80980001296809	2.2065334	1.4854405
28.827896019705413	2.1623526	1.470494
28.845992760940433	2.1594296	1.4694997
28.86409023721397	2.1636536	1.4709363
28.88218844906704	2.2444315	1.4981427
28.900287397040845	2.2996347	1.5164547
28.918387081676755	2.252807	1.5009353
28.936487503516343	2.2245216	1.4914831
28.954588663101365	2.2055643	1.4851142
28.97269056097374	2.2396624	1.4965502
28.990793197675597	2.2542617	1.5014199
29.00889657374923	2.3061612	1.518605
29.027000689737125	2.3277986	1.5257125
29.04510554618196	2.3227634	1.5240614
29.06321114362659	2.3496325	1.5328511
29.08131748261405	2.492283	1.5786966
29.099424563687567	2.4623523	1.5691884
29.11753238739057	2.4306026	1.559039
29.13564095426663	2.441586	1.5625576
29.15375026485954	2.5238223	1.5886543
29.171860319713275	2.5810955	1.6065788
29.18997111937199	2.6350398	1.6232805
29.20808266438002	2.6722012	1.6346868
29.226194955281898	2.7298048	1.652212
29.244307992622335	2.7548375	1.6597704
29.26242177694624	2.7566917	1.6603287
29.2805363087987	2.828547	1.6818285
29.29865158872498	2.8927343	1.700804
29.316767617270557	2.8779461	1.6964511
29.334884394981064	2.8372662	1.6844187
29.353001922402367	2.872613	1.6948785
29.37112020008047	2.969247	1.7231504
29.389239228561596	3.11089	1.7637715
29.407359008392152	3.3343089	1.826009
29.42547954011872	3.667669	1.915116
29.44360082428809	4.254355	2.0626087
29.46172286144722	5.2570066	2.2928164
29.479845652143283	6.923544	2.6312628
29.497969196923606	9.329371	3.0544019
29.516093496335728	12.278061	3.5040064
29.5342185509274	15.50583	3.9377441
29.55234436124651	18.25569	4.272668
29.570470927841175	19.82362	4.4523726
29.588598251259686	19.53703	4.420071
29.60672633205055	18.16074	4.261542
29.624855170762405	15.65124	3.9561648
29.642984767944146	12.401891	3.5216317
29.66111512414481	9.370418	3.0611138
29.67924623991366	6.80366	2.6083827
29.697378115800138	5.115396	2.2617242
29.71551075235387	4.1809034	2.0447257
29.733644150124675	3.8046248	1.9505447
29.751778309662576	3.6079075	1.8994492
29.769913231517766	3.481553	1.865892
29.78804891624066	3.3961768	1.8428719
29.806185364381818	3.3482988	1.8298358
29.82432257649206	3.3500817	1.8303229
29.842460553122333	3.2448893	1.8013576
29.86059929482382	3.1501818	1.7748752
29.878738802147872	3.1833675	1.7841994
29.896879075646048	3.2847474	1.8123872
29.915020115870114	3.2578356	1.8049475
29.933161923371976	3.2786634	1.8107079
29.951304498703777	3.308515	1.8189324
29.969447842417857	3.3379002	1.8269922
29.987591955066733	3.272225	1.8089292
30.005736837203123	3.2438822	1.8010781
30.023882489379943	3.1504662	1.7749553
30.04202891215028	3.1157172	1.7651395
30.060176106067455	3.1471546	1.7740221
30.078324071684946	3.1190462	1.7660822
30.09647280955646	3.0599916	1.7492832
30.114622320235863	3.0694828	1.7519939
30.132772604277257	3.11047	1.7636524
30.1509236622349	3.073999	1.7532823
30.16907549466328	3.0128758	1.7357638
30.18722810211705	3.0297508	1.740618
30.205381485151097	3.043577	1.744585
30.22353564432045	3.0078223	1.7343074
30.241690580180403	2.9669402	1.7224808
30.25984629328638	2.9619834	1.7210414
30.278002784194037	2.9629276	1.7213156
30.296160053459246	2.9123354	1.7065566
30.314318101638033	2.9361935	1.7135324
30.332476929286646	2.9619906	1.7210435
30.35063653696153	2.9803617	1.7263724
30.368796925219307	2.9594598	1.7203081
30.386958094616844	2.9792724	1.7260569
30.40512004571115	2.923413	1.7097992
30.423282779059463	2.9168015	1.7078646
30.441446295219233	2.8903425	1.7001008
30.459610594748067	2.8242347	1.6805459
30.47777567820382	2.8556511	1.6898671
30.495941546144504	2.8310733	1.6825794
30.51410819912835	2.805578	1.674986
30.532275637713795	2.8208392	1.6795354
30.55044386245946	2.7513597	1.6587223
30.56861287392416	2.7193778	1.6490536
30.586782672666956	2.714868	1.6476856
30.604953259247047	2.73887	1.6549531
30.623124634223885	2.6955583	1.6418155
30.641296798157075	2.6633022	1.6319627
30.659469751606462	2.6960819	1.641975
30.677643495132074	2.7282119	1.65173
30.695818029294152	2.6930058	1.6410381
30.713993354653116	2.7088528	1.6458592
30.73216947176962	2.6563165	1.6298211
30.75034638120448	2.6509883	1.6281856
30.768524083518756	2.6642847	1.6322637
30.786702579273673	2.6359127	1.6235493
30.80488186903069	2.6698384	1.6339641
30.82306195335144	2.8706532	1.6943002
30.841242832797782	3.1496081	1.7747135
30.85942450793176	3.4316072	1.8524598
30.877606979315637	3.7846403	1.9454153
30.895790247511883	4.1889505	2.0466926
30.913974313083134	4.6882915	2.1652462
30.932159176592283	5.0958066	2.2573893
30.95034483860237	5.130173	2.2649887
30.968531299676698	4.8640227	2.205453
30.98671856037873	4.4588885	2.111608
31.00490662127215	3.9841318	1.996029
31.023095482920848	3.531928	1.8793424
31.04128514588892	3.1569319	1.7767757
31.059475610740662	2.7462833	1.6571914
31.07766687804056	2.5606983	1.6002182
31.09585894835335	2.5063033	1.5831308
31.11405182224393	2.4831688	1.5758073
31.132245500277417	2.4706788	1.5718393
31.15043998301914	2.4363108	1.5608686
31.168635271034628	2.3720093	1.5401329
31.18683136488964	2.3388417	1.5293272
31.20502826515008	2.3493078	1.5327451
31.223225972382135	2.351341	1.5334083
31.241424487152155	2.3998945	1.5491593
31.259623810026692	2.4235208	1.5567662
31.27782394157253	2.3766797	1.5416484
31.296024882356644	2.3711584	1.5398566
31.314226632946237	2.3791869	1.5424613
31.332429193908684	2.3792214	1.5424725
31.350632565811598	2.3985014	1.5487096
31.368836749222787	2.4091957	1.5521584
31.387041744710295	2.4311097	1.5592016
31.40524755284232	2.4606285	1.568639
31.423454174187317	2.5222154	1.5881484
31.441661609313922	2.634357	1.6230702
31.459869858791002	2.5144632	1.5857059
31.478078923187628	2.4011235	1.5495559
31.496288803073064	2.3373425	1.528837
31.514499499016807	2.26215	1.5040445
31.532711011588546	2.2416947	1.497229
31.550923341358178	2.3122969	1.5206238
31.56913648889584	2.3028555	1.5175163
31.587350454771844	2.287763	1.5125353
31.605565239556732	2.3256743	1.5250162
31.62378084382127	2.3699236	1.5394557
31.641997268136382	2.2890582	1.5129634
31.660214513073274	2.1995313	1.4830817
31.67843257920331	2.204116	1.4846265
31.6966514670981	2.2700684	1.5066746
31.71487117732944	2.3702855	1.5395732
31.733091710469346	2.3465343	1.5318402
31.751313067090052	2.2995374	1.5164226
31.769535247764008	2.2216172	1.490509
31.787758253063878	2.2436984	1.497898
31.805982083562526	2.2734916	1.5078102
31.824206739833024	2.238186	1.4960568
31.84243222244869	2.1687317	1.4726614
31.860658531983013	2.1875844	1.4790485
31.878885669009737	2.2687085	1.5062232
31.897113634102784	2.2607358	1.5035744
31.91534242783632	2.2551956	1.5017309
31.933572050784694	2.2565804	1.5021919
31.951802503522508	2.0730019	1.4397923
31.970033786624548	2.0357869	1.42681
31.988265900665834	2.1765435	1.4753113
32.006498846221575	2.2849183	1.5115947
32.02473262386724	2.2564967	1.502164
32.04296723417845	2.1715713	1.4736252
32.0612026777311	2.086773	1.4445667
32.07943895510129	2.0987635	1.4487109
32.097676066865304	2.1538618	1.467604
32.115914013599685	2.2508962	1.5002987
32.13415279588115	2.224293	1.4914063
32.152392414286666	2.223195	1.4910382
32.1706328693934	2.182641	1.4773763
32.18887416177875	2.0513268	1.4322454
32.20711629202032	1.9042903	1.3799603
32.225359260695924	1.9259746	1.3877949
32.243603068383614	2.0447574	1.4299501
32.26184771566166	2.1153607	1.454428
32.28009320310852	2.1069095	1.4515197
32.2983395313029	2.1076117	1.4517616
32.31658670082372	2.133337	1.4605948
32.33483471225012	2.1512418	1.4667112
32.35308356616143	2.0851202	1.4439945
32.371333263137245	2.0528622	1.4327812
32.38958380375734	1.988091	1.4099967
32.407835188601744	2.0542326	1.4332595
32.42608741825067	2.1458328	1.4648662
32.444340493284585	2.1381056	1.4622263
32.46259441428416	2.1326904	1.4603734
32.48084918183028	2.1210842	1.4563942
32.49910479650405	2.073605	1.4400017
32.51736125888683	2.0399678	1.4282744
32.53561856956014	2.0728066	1.4397244
32.5538767291058	1.988591	1.4101741
32.572135738105764	1.9799333	1.407101
32.59039559714228	1.9902514	1.4107627
32.608656306797776	2.0462968	1.4304883
32.62691786765491	2.0748382	1.4404298
32.645180280296586	1.9914331	1.4111814
32.663443545305896	1.9502529	1.3965145
32.68170766326619	1.9468614	1.3952998
32.69997263476099	2.0035944	1.4154838
32.7182384603741	2.0897403	1.4455934
32.7365051406895	2.067786	1.4379798
32.75477267629144	1.9361445	1.3914541
32.77304106776434	1.8829664	1.3722122
32.79131031569289	1.9395345	1.3926717
32.809580420661966	1.9560392	1.3985847
32.827851383256714	1.9050901	1.38025
32.84612320406245	1.9711474	1.4039756
32.86439588366476	2.0706217	1.4389656
32.88266942264945	2.0338411	1.426128
32.9009438216025	1.9527246	1.3973992
32.9192190811102	1.8988897	1.378002
32.937495201758985	1.8814521	1.3716604
32.95577218413556	1.8869424	1.3736602
32.974050028826866	1.9035783	1.3797022
32.992328736420035	1.9112997	1.3824977
33.010608307502444	1.86105	1.3642031
33.02888874266169	1.9031469	1.3795459
33.047170042485604	2.0458677	1.4303383
33.06545220756225	2.0818052	1.4428462
33.083735238479896	2.0580583	1.4345934
33.10201913582707	1.9586501	1.3995178
33.12030390019248	1.9571122	1.3989682
33.138589532165135	2.0111566	1.4181526
33.15687603233419	1.9491843	1.3961319
33.17516340128909	1.9071546	1.3809977
33.19345163961947	1.9062282	1.3806622
33.211740747915215	1.892626	1.3757274
33.23003072676643	1.9578133	1.3992188
33.248321576763466	2.0001352	1.4142613
33.266613298496885	1.9506539	1.3966581
33.28490589255747	1.9128674	1.3830645
33.30319935953626	1.9107282	1.382291
33.32149370002451	1.8816057	1.3717164
33.339788914613706	1.8408045	1.3567625
33.358085003895575	1.83961	1.3563222
33.376381968462034	1.9147227	1.3837351
33.39467980890529	1.9973004	1.4132588
33.41297852581774	1.9952258	1.4125246
33.43127811979204	1.8595983	1.3636708
33.44957859142105	1.7671832	1.3293544
33.467879941297866	1.795991	1.3401458
33.486182170015844	1.9136944	1.3833635
33.50448527816853	1.9540231	1.3978637
33.522789266349754	1.9632051	1.4011443
33.541094135153514	1.9979384	1.4134845
33.55939988517411	1.990967	1.4110163
33.57770651700602	1.8990259	1.3780515
33.59601403124398	1.7843211	1.3357848
33.61432242848296	1.8493919	1.3599235
33.632631709318154	1.8527151	1.3611448
33.650941874344994	1.7916229	1.3385152
33.66925292415916	1.9405044	1.3930199
33.68756485935654	1.9646862	1.4016726
33.70587768053328	1.9689412	1.4031897
33.724191388285746	1.9407852	1.3931206
33.74250598321054	1.7749422	1.3322695
33.760821465904506	1.7640035	1.3281579
33.77913783696474	1.9188038	1.385209
33.79745509698852	2.0165439	1.4200506
33.815773246573414	2.0465293	1.4305695
33.8340922863172	2.0754914	1.4406565
33.852412216817896	2.1023378	1.4499441
33.87073303867377	2.0632365	1.4363971
33.889054752483304	2.0186098	1.4207779
33.907377358845245	2.039136	1.4279832
33.92570085835853	1.9607779	1.4002777
33.94402525162239	1.890482	1.374948
33.96235053923627	1.936129	1.3914485
33.980676721799824	1.8307378	1.3530476
33.999003799912984	1.825256	1.3510203
34.01733177417592	1.9553363	1.3983334
34.03566064518901	2.056657	1.4341049
34.0539904135529	2.0777638	1.441445
34.07232107986846	2.0613441	1.4357382
34.090652644736785	1.9847324	1.4088053
34.108985108759235	1.9119164	1.3827206
34.12731847253742	1.9384756	1.3922915
34.14565273667313	1.9173096	1.3846695
34.16398790176847	1.8200711	1.3491001
34.18232396842574	1.7886096	1.3373891
34.20066093724749	1.8180783	1.3483614
34.21899880883651	1.8512473	1.3606055
34.23733758379583	1.8419592	1.357188
34.25567726272874	1.8752645	1.369403
34.27401784623872	2.1001527	1.4491904
34.29235933492957	2.0321524	1.4255358
34.31070172940526	1.9067006	1.3808333
34.32904503027003	1.8964154	1.3771039
34.347389238128386	1.8467324	1.3589454
34.36573435358502	1.884097	1.3726242
34.38408037724492	1.9283483	1.3886498
34.402427309713296	1.8892837	1.3745122
34.42077515159559	1.9949036	1.4124105
34.43912390349752	2.0569105	1.4341934
34.45747356602499	2.001301	1.4146734
34.47582413978423	1.9562958	1.3986765
34.49417562538163	1.9226348	1.3865911
34.51252802342388	1.8346118	1.3544784
34.53088133451789	1.8344023	1.3544011
34.54923555927084	1.9644716	1.4015961
34.567590698290104	1.9579396	1.399264
34.58594675218336	1.8842529	1.3726809
34.6043037215585	1.9249418	1.3874227
34.62266160702365	1.9233652	1.3868544
34.641020409187234	2.0017965	1.4148486
34.65938012865785	1.9634527	1.4012326
34.677740766044394	1.8621094	1.3645914
34.69610232195598	1.8643516	1.3654126
34.714464797002016	1.8605522	1.3640206
34.73282819179208	1.8343583	1.3543849
34.751192506936064	1.8593396	1.363576
34.76955774304408	1.7999566	1.3416246
34.7879239007265	1.7916929	1.3385413
34.80629098059391	1.8940219	1.3762347
34.824658983257194	1.8664805	1.366192
34.843027909327446	1.8686515	1.3669863
34.86139775941603	1.8355814	1.3548363
34.879768534134534	1.8971174	1.3773588
34.89814023409483	2.0405505	1.4284784
34.91651285990901	2.2216089	1.4905063
34.93488641218944	2.0940077	1.4470687
34.95326089154871	1.9617765	1.4006343
34.97163629859967	2.0789764	1.4418656
34.99001263395542	1.9854695	1.4090669
35.00838989822934	1.8429888	1.3575673
35.02676809203499	1.713107	1.3088571
35.04514721598624	1.8007835	1.3419328
35.063527270697215	1.867657	1.3666224
35.081908256782256	1.8535131	1.3614379
35.10029017485597	1.895554	1.3767911
35.11867302553321	1.9234269	1.3868767
35.137056809429104	1.993745	1.4120003
35.155441527159006	2.0859685	1.4442883
35.173827179338524	2.1447306	1.4644898
35.19221376658354	2.1025295	1.4500102
35.21060128951017	1.9923558	1.4115083
35.2289897487348	1.9810119	1.4074843
35.24737914487405	2.0232904	1.4224241
35.26576947854479	2.1354837	1.4613295
35.28416075036418	2.2128549	1.4875667
35.30255296094958	2.341577	1.5302212
35.32094611091867	2.2108047	1.4868774
35.33934020088932	2.1671631	1.4721287
35.35773523147969	2.2875037	1.5124496
35.3761312033082	2.1291368	1.4591562
35.394528116993506	2.0882192	1.4450672
35.41292597315452	2.172754	1.4740264
35.431324772410434	2.0773625	1.4413059
35.449724515380666	1.9715692	1.4041258
35.46812520268491	2.076328	1.4409469
35.486526834943106	2.053957	1.4331633
35.504929412775454	2.158416	1.4691548
35.52333293680242	2.1336312	1.4606955
35.54173740764471	1.9465129	1.3951749
35.560142825923286	1.8898536	1.3747195
35.5785491922594	1.815518	1.3474116
35.59695650727454	1.2918996	1.1366175
35.61536477159042	0.7646945	0.87446815
