0.008763373481513119	0.56609195	0.7523908
0.026290120649546365	0.18888974	0.43461448
0.043816868432600686	0.0908709	0.30144802
0.06134361724069026	0.01719954	0.13114701
0.07887036748382949	0.07350938	0.27112612
0.0963971195720331	0.06077644	0.24652877
0.11392387391531617	0.047370777	0.21764828
0.1314506309236943	0.026983535	0.16426666
0.1489773910071836	0.048796643	0.22089963
0.16650415457580078	0.095640466	0.30925792
0.18403092203956356	0.10146976	0.3185432
0.20155769380849	0.10617661	0.32584754
0.2190844702925996	0.068310775	0.2613633
0.2366112519019124	0.03525983	0.18777601
0.2541380390464497	0.022151163	0.14883266
0.27166483213623416	0.1222181	0.34959707
0.28919163158128947	0.1662801	0.40777457
0.3067184377916406	0.19433439	0.44083375
0.324245251177314	0.15248744	0.3904964
0.34177207214833777	0.07573912	0.27520743
0.3592989011147415	0.0675259	0.25985748
0.37682573848655654	0.09055125	0.30091736
0.39435258467381573	0.10272831	0.32051256
0.41187944008655414	0.08834457	0.29722813
0.42940630513480854	0.089489065	0.29914722
0.446933180228618	0.08965596	0.29942605
0.4644600657780234	0.13047057	0.3612071
0.48198696219306775	0.10517246	0.32430303
0.49951386988379676	0.089743674	0.2995725
0.5170407892602581	0.06687628	0.25860447
0.5345677207325025	0.083115846	0.2882982
0.5520946647105822	0.10140709	0.3184448
0.5696216216045534	0.12533672	0.35402927
0.5871485918244737	0.13790797	0.37135962
0.6046755757804043	0.17173862	0.4144136
0.6222025738824094	0.1875892	0.4331157
0.6397295865405557	0.19063021	0.4366122
0.6572566141649129	0.23365672	0.48338053
0.6747836571655547	0.26406994	0.5138774
0.6923107159525568	0.2632605	0.5130892
0.7098377909359992	0.23917188	0.48905203
0.7273648825259653	0.21743196	0.46629602
0.7448919911325411	0.19859944	0.44564497
0.762419117165817	0.16548684	0.40680075
0.7799462610358868	0.13398674	0.366042
0.7974734231528482	0.1145538	0.33845797
0.8150006039268024	0.12037326	0.3469485
0.8325278037678551	0.15566623	0.3945456
0.8500550230861152	0.19161306	0.4377363
0.8675822622916969	0.20088537	0.44820237
0.8851095217947171	0.2257651	0.47514746
0.9026368020052984	0.22280876	0.47202623
0.9201641033335665	0.26601997	0.5157712
0.9376914261896523	0.30700362	0.55407906
0.9552187709836915	0.3328089	0.57689595
0.9727461381258234	0.30009243	0.5478069
0.990273528026193	0.29041556	0.53890216
1.0078009410949496	0.26373625	0.51355255
1.0253283777422473	0.2725569	0.5220698
1.0428558383782454	0.2860458	0.5348325
1.0603833234131086	0.27678004	0.5260989
1.0779108332570058	0.26760405	0.5173046
1.0954383683201119	0.2461435	0.49612853
1.112965929012607	0.31960595	0.565337
1.1304935157446763	0.45489392	0.67445827
1.1480211289265108	0.5315609	0.7290822
1.1655487689683062	1.4503671	1.2043118
1.1830764362802655	1.7655706	1.3287477
1.200604131272596	2.100308	1.4492439
1.2181318543555117	2.3672583	1.5385897
1.235659605939232	2.36599	1.5381775
1.253187386433982	4.0220566	2.0055065
1.270715196249994	6.3879013	2.5274298
1.2882430357975057	11.686499	3.4185522
1.3057709054867608	16.450586	4.055932
1.3232988057280106	22.261475	4.718207
1.3408267369315112	27.640495	5.257423
1.358354699507526	31.31214	5.595725
1.3758826938663256	35.519875	5.959855
1.3934107204181858	37.40987	6.1163607
1.410938779573391	37.665512	6.1372237
1.4284668717422309	38.252197	6.184836
1.4459949973350033	37.920723	6.1579804
1.4635231567620117	38.598595	6.2127767
1.4810513504335687	38.18055	6.1790414
1.4985795787599925	37.54495	6.1273932
1.5161078421516088	36.33267	6.0276585
1.5336361410187505	35.48983	5.957334
1.5511644757717598	35.34826	5.9454403
1.5686928468209842	36.363075	6.0301805
1.58622125457678	36.910473	6.075399
1.6037496994495108	37.93889	6.1594553
1.621278181849548	37.65821	6.1366286
1.6388067021872719	38.36401	6.1938686
1.6563352608730693	37.79592	6.1478386
1.673863858317336	37.09201	6.090321
1.6913924949304753	36.505314	6.0419626
1.7089211711228998	35.45224	5.9541783
1.7264498873050296	34.81085	5.900072
1.7439786438872935	33.897785	5.8221803
1.7615074412801288	32.78902	5.7261696
1.779036279893981	32.015095	5.6581883
1.796565160139305	31.244675	5.5896935
1.814094082426564	30.378786	5.5116954
1.8316230471662298	29.41034	5.42313
1.849152054768784	28.275023	5.317426
1.8666811056447168	27.650282	5.2583537
1.8842102002045273	26.916967	5.1881566
1.901739338858724	26.404345	5.138516
1.9192685220178245	25.82326	5.0816593
1.9367977500923557	25.33557	5.033445
1.9543270234928547	24.966995	4.9966984
1.971856342629867	24.292446	4.9287367
1.9893857079139496	23.858301	4.884496
2.006915119755667	23.170742	4.8135996
2.0244445785655945	22.731512	4.7677574
2.0419740847543175	22.070156	4.6978884
2.0595036387324317	21.404898	4.6265426
2.0770332409105414	20.796358	4.5603023
2.094562891699263	20.56432	4.53479
2.1120925915092217	20.200632	4.494511
2.129622340751053	20.063505	4.4792304
2.1471521398354043	188.21527	13.719157
2.1646819891729323	444.51596	21.083548
2.182211889174303	440.72345	20.993414
2.1997418402501974	453.18448	21.28813
2.2172718428113023	433.1245	20.811644
2.234801897268317	321.06866	17.918388
2.2523320040319548	17.390387	4.1701784
2.269862163512935	16.834534	4.1029906
2.287392376121992	16.39581	4.049174
2.304922642269869	16.231684	4.0288563
2.322452962367322	16.000664	4.000083
2.3399833368251164	15.797193	3.9745681
2.357513766054032	15.352673	3.9182487
2.3750442504648586	15.125027	3.8890908
2.3925747904683963	14.745284	3.839959
2.410105386475459	14.700236	3.8340888
2.4276360388968707	14.565503	3.8164778
2.445166748143469	14.4684515	3.8037417
2.4626975146261025	14.154111	3.7621949
2.4802283387556323	13.72837	3.7051814
2.4977592209429305	13.383332	3.6583238
2.5152901615988825	13.123438	3.6226287
2.5328211611343865	12.919234	3.5943336
2.5503522199603523	12.680127	3.5609167
2.5678833384877024	12.5471735	3.542199
2.5854145171273712	12.403949	3.521924
2.6029457562903064	12.159389	3.4870315
2.620477056387469	12.025163	3.4677317
2.6380084178298326	11.766497	3.4302328
2.655539841028383	11.548457	3.398302
2.673071326394119	11.457086	3.3848317
2.6906028743380523	11.292108	3.360373
2.708134485271211	11.319607	3.3644624
2.7256661596046325	11.077651	3.3283105
2.743197897749369	10.932952	3.3065014
2.760729700116486	10.631761	3.260638
2.778261567117063	10.401188	3.2250872
2.795793499162193	10.241426	3.200223
2.8133254966629817	10.294162	3.2084515
2.830857560030551	10.146264	3.1853201
2.8483896896760337	9.907273	3.147582
2.865921886010578	9.619356	3.1015086
2.883454149445347	9.435633	3.0717475
2.9009864803915177	9.394395	3.0650277
2.91851887926028	9.2465105	3.0408075
2.9360513464628384	9.136401	3.022648
2.953583882410413	9.026769	3.0044582
2.9711164875142373	8.903439	2.983863
2.9886491621855606	8.849679	2.974841
3.0061819068356455	8.684826	2.947003
3.023714721875769	8.674547	2.9452584
3.041247607717225	8.524914	2.9197454
3.0587805647713213	8.373364	2.8936765
3.0763135934493806	8.27273	2.8762352
3.0938466941627407	8.134639	2.8521287
3.1113798673227544	8.025774	2.8329797
3.1289131133407904	7.90052	2.8107862
3.1464464326282315	7.8044457	2.7936437
3.1639798255964786	7.701806	2.7752128
3.1815132926569443	7.6350446	2.7631586
3.1990468342210603	7.6071754	2.7581108
3.216580450700272	7.529706	2.744031
3.2341141425060416	7.5005407	2.7387116
3.251647910049847	7.4003716	2.7203624
3.2691817537431813	7.348962	2.710897
3.286715673997555	7.286145	2.699286
3.3042496712244938	7.237642	2.6902866
3.32178374583554	7.125734	2.6694071
3.339317898242251	7.049663	2.6551201
3.3568521288562034	6.9343863	2.6333222
3.3743864380889876	6.873955	2.6218228
3.3919208263522127	6.970755	2.6402187
3.4094552940575023	6.8777833	2.6225529
3.4269898416164972	6.7720633	2.6023188
3.444524469440858	6.6499753	2.5787547
3.4620591779422587	6.615167	2.5719967
3.479593967532391	6.6247406	2.573857
3.4971288386229658	6.5331063	2.5559943
3.5146637916257086	6.3821974	2.5263011
3.5321988269523628	6.323547	2.5146663
3.5497339450146903	6.281414	2.506275
3.5672691462244708	6.3848395	2.526824
3.5848044309934988	6.4578843	2.5412369
3.60233979973359	6.349178	2.5197575
3.619875252856575	6.2679205	2.5035815
3.6374107907743034	6.217512	2.493494
3.6549464138986427	6.2913547	2.5082574
3.6724821226414788	6.3166943	2.5133035
3.690017917414714	6.276326	2.5052598
3.7075537986302702	6.3463516	2.5191965
3.7250897667000857	6.4308624	2.5359144
3.7426258220361235	6.667052	2.5820634
3.7601619650503553	7.1081433	2.66611
3.777698196154779	7.643708	2.7647257
3.7952345157614067	8.599894	2.9325576
3.8127709242822716	9.309019	3.0510685
3.830307422129425	11.528674	3.39539
3.847844009714936	30.442368	5.5174603
3.8653806874508954	97.88451	9.89366
3.882917455749409	97.126	9.855252
3.900454315022606	96.85396	9.841441
3.917991265682631	41.46508	6.4393387
3.9355283081416506	11.169132	3.3420253
3.9530654428118495	8.954479	2.9924035
3.970602670105433	7.584541	2.7540045
3.9881399904346244	6.650524	2.578861
4.005677404211669	6.503027	2.5501034
4.023214911848827	6.4846554	2.5464985
4.0407525137583855	6.4377656	2.5372753
4.058290210352644	6.439933	2.5377023
4.075828002043927	6.431134	2.535968
4.0933658892445814	6.4355435	2.5368373
4.110903872366966	6.356255	2.5211616
4.128441951823468	6.2790637	2.505806
4.145980128026488	6.2973056	2.5094433
4.163518401388452	6.2548294	2.5009656
4.181056772321807	6.2159433	2.4931793
4.1985952412390155	6.151904	2.4803033
4.216133808552567	6.137859	2.4774702
4.233672474674966	6.31998	2.513957
4.251211240018741	6.549698	2.5592377
4.268750104996445	6.7345214	2.5950956
4.286289070020643	7.580447	2.753261
4.303828135503928	9.201971	3.0334752
4.3213673018589125	29.556503	5.4365892
4.3389065694982305	90.79079	9.5284195
4.356445938834537	166.10654	12.888232
4.3739854102805085	171.71605	13.104047
4.391524984248844	172.74089	13.143093
4.409064661152262	136.89134	11.700057
4.426604441403504	97.11101	9.854492
4.444144325415337	75.921745	8.713308
4.461684313600543	21.850586	4.674461
4.47922440637193	22.176298	4.709172
4.496764604142329	20.585835	4.5371614
4.5143049073245916	18.79139	4.3349037
4.531845316331589	16.650011	4.0804424
4.5493858315762195	13.874158	3.724803
4.566926453471405	11.519389	3.3940225
4.584467182430081	9.531609	3.0873303
4.602008018865218	8.35323	2.8901956
4.619548963189798	7.603346	2.7574165
4.637090015816834	7.1113534	2.666712
4.654631177159353	6.924739	2.6314898
4.672172447630417	6.6603866	2.5807724
4.689713827643102	6.4615264	2.5419533
4.7072553176105085	6.1853046	2.4870272
4.724796917945764	5.979102	2.4452202
4.742338629062015	5.8733974	2.4235094
4.759880451372434	5.8035607	2.409058
4.777422385290215	5.7016296	2.3878086
4.794964431228581	5.6590776	2.3788817
4.812506589600768	5.566755	2.3593972
4.830048860820047	5.570537	2.3601985
4.847591245299709	5.596341	2.3656588
4.8651337434530655	5.5860534	2.3634834
4.882676355693457	5.597118	2.3658228
4.900219082434242	5.6004233	2.3665214
4.917761924088813	5.652197	2.377435
4.935304881070575	5.6862087	2.3845773
4.952847953792969	5.704283	2.388364
4.970391142669449	5.7550836	2.3989756
4.9879344481135055	5.733266	2.394424
5.005477870538642	5.6315618	2.3730912
5.023021410358394	5.556209	2.3571613
5.040565067986324	5.4920893	2.3435206
5.05810884383601	5.4636445	2.337444
5.075652738321066	5.4120436	2.32638
5.09319675185512	5.3424616	2.3113766
5.110740884851836	5.388369	2.3212862
5.128285137724894	5.4810085	2.3411553
5.145829510888007	5.582239	2.3626764
5.163374004754908	5.5974574	2.3658946
5.1809186197393595	5.4866595	2.342362
5.198463356255145	5.41399	2.3267982
5.216008214716077	5.3978915	2.3233364
5.233553195535998	5.420425	2.3281806
5.251098299128764	5.349388	2.3128743
5.268643525908272	5.3294992	2.3085709
5.286188876288432	5.343026	2.3114986
5.3037343506831895	5.3736334	2.31811
5.32127994950651	5.4164586	2.3273287
5.3388256731723915	5.3356915	2.3099115
5.356371522094851	5.3106904	2.3044934
5.373917496687938	5.2801194	2.297851
5.391463597365729	5.311132	2.3045893
5.40900982454232	5.3143377	2.3052847
5.426556178631843	5.293386	2.300736
5.444102660048449	5.2352524	2.2880673
5.4616492692063225	5.179018	2.2757456
5.479196006519669	5.185105	2.2770824
5.496742872402727	5.213251	2.2832544
5.514289867269756	5.309794	2.304299
5.531836991535049	5.3118973	2.3047554
5.549384245612924	5.224256	2.2856631
5.566931629917724	5.1271634	2.264324
5.584479144863822	5.0854707	2.2550988
5.6020267908656205	5.141861	2.2675672
5.619574568337545	5.1661253	2.2729113
5.637122477694054	5.2133574	2.2832778
5.654670519349629	5.214918	2.2836196
5.672218693718784	5.135086	2.2660728
5.689767001216059	5.1048884	2.2594001
5.707315442256021	5.0977674	2.2578237
5.724864017253266	5.1153917	2.2617233
5.7424127266224225	5.1322227	2.265441
5.75996157077814	5.2349725	2.2880063
5.777510550135105	5.2702923	2.2957118
5.795059665108022	5.2805753	2.2979503
5.812608916111639	5.325122	2.3076227
5.830158303560715	5.4185457	2.327777
5.847707827870055	5.397719	2.3232992
5.86525748945448	5.432243	2.3307173
5.8828072887288485	5.5088177	2.3470871
5.900357226108044	5.5754175	2.3612323
5.917907302006979	5.681891	2.3836718
5.9354575168406	6.30308	2.5105937
5.9530078710238765	6.9779024	2.641572
5.970558364971812	7.50254	2.7390766
5.988108999099438	7.819639	2.7963617
6.005659773821818	8.253442	2.8728805
6.023210689554039	7.919137	2.8140962
6.040761746711227	8.272877	2.876261
6.058312945708531	7.765918	2.7867396
6.075864286961132	7.3880696	2.7181003
6.093415770884244	6.75734	2.5994885
6.1109673978931065	6.1548576	2.4808986
6.128519168402993	5.5484967	2.3555248
6.146071082829204	5.4332695	2.3309374
6.163623141587075	5.3187413	2.3062396
6.181175345091969	5.271245	2.2959192
6.198727693759281	5.2410226	2.2893279
6.216280188004435	5.177707	2.2754576
6.233832828242885	5.109142	2.2603412
6.251385614890126	5.1344533	2.2659333
6.268938548361669	5.1035833	2.2591112
6.286491629073067	5.0933414	2.2568433
6.304044857439898	5.0768185	2.2531796
6.321598233877777	5.0954666	2.257314
6.339151758802344	5.055356	2.248412
6.356705432629277	5.0241113	2.241453
6.37425925577428	4.9379206	2.2221432
6.391813228653095	4.9363585	2.2217917
6.409367351681486	4.939755	2.2225559
6.426921625275259	5.014337	2.2392716
6.44447604985025	5.0663037	2.2508452
6.46203062582232	5.116253	2.2619135
6.47958535360737	5.0977163	2.2578123
6.497140233621328	5.122275	2.2632444
6.514695266280161	5.1173625	2.2621589
6.532250451999859	5.0955553	2.2573338
6.549805791196454	5.063445	2.25021
6.567361284286002	5.021351	2.240837
6.584916931684597	5.030661	2.2429135
6.602472733808367	5.0052414	2.2372396
6.6200286910734665	5.043119	2.245689
6.637584803896092	5.0247774	2.2416015
6.655141072692462	5.0491114	2.2470229
6.672697497878842	5.0755935	2.2529078
6.690254079871514	5.083727	2.254712
6.707810819086808	5.0945525	2.2571115
6.725367715941078	5.083953	2.2547622
6.742924770850719	5.0895014	2.2559924
6.760481984232151	5.0907483	2.2562687
6.778039356501836	5.1025124	2.2588742
6.795596888076266	5.0253806	2.2417362
6.813154579371963	5.0329022	2.243413
6.830712430805492	5.0595756	2.24935
6.84827044279344	5.070132	2.2516954
6.865828615752445	5.0913396	2.2563996
6.883386950099159	5.0304976	2.242877
6.900945446250287	5.024894	2.2416277
6.918504104622553	5.0239644	2.2414203
6.936062925632727	5.0341835	2.2436986
6.953621909697607	5.000249	2.2361236
6.971181057234028	5.0130486	2.2389839
6.988740368658859	5.0479517	2.2467647
7.006299844389007	5.1481733	2.2689586
7.023859484841407	5.2378073	2.2886257
7.041419290433036	5.369573	2.317234
7.058979261580902	5.4600096	2.3366663
7.0765393987020495	5.6591663	2.3789003
7.094099702213559	6.025391	2.454667
7.111660172532549	6.3805313	2.5259714
7.129220810076164	6.7145677	2.5912483
7.146781615261595	7.3372955	2.7087443
7.16434258850606	7.7156677	2.777709
7.181903730226821	8.20353	2.8641806
7.1994650408411704	8.341397	2.8881478
7.217026520766437	8.465896	2.9096212
7.234588170419983	8.673455	2.9450731
7.252149990219215	8.61159	2.9345512
7.269711980581568	8.468494	2.9100678
7.2872741419245175	8.246941	2.8717487
7.304836474665574	7.749168	2.7837327
7.322398979222286	7.3984118	2.7200022
7.339961656012233	7.1485686	2.6736808
7.357524505453039	6.8919706	2.6252563
7.375087527962357	6.6653533	2.5817347
7.392650723957886	6.4801307	2.5456102
7.410214093857353	6.08899	2.467588
7.427777638078528	5.8618073	2.421117
7.445341357039213	5.6414795	2.3751798
7.4629052511572525	5.4676046	2.338291
7.480469320850524	5.3430066	2.3114944
7.498033566536948	5.2697067	2.2955842
7.5155979886344735	5.275715	2.2968924
7.5331625875610975	5.2931757	2.3006902
7.550727363734844	5.2462435	2.290468
7.568292317573788	5.198804	2.2800887
7.585857449496025	5.1739683	2.2746358
7.603422759919705	5.178513	2.2756348
7.620988249263007	5.2176166	2.2842102
7.638553917944147	5.232746	2.2875197
7.656119766381391	5.2391396	2.2889166
7.673685794993023	5.2288737	2.286673
7.691252004197388	5.1667852	2.2730563
7.70881839441285	5.198081	2.27993
7.726384966057826	5.2501364	2.2913177
7.743951719550762	5.299541	2.3020732
7.761518655310149	5.3404427	2.3109398
7.779085773754511	5.350011	2.313009
7.796653075302419	5.3197637	2.3064613
7.814220560372475	5.37503	2.318411
7.831788229383323	5.3790126	2.31927
7.8493560827536495	5.4103603	2.326018
7.866924120902174	5.3510923	2.313243
7.884492344247663	5.345043	2.311935
7.9020607532089135	5.377111	2.3188598
7.919629348204771	5.403759	2.3245988
7.937198129654115	5.4806867	2.3410866
7.954767097975865	5.4892316	2.342911
7.972336253588986	5.5104585	2.3474367
7.989905596912472	5.5255947	2.3506584
8.007475128365371	5.524827	2.350495
8.025044848366756	5.522511	2.3500023
8.042614757335754	5.5840054	2.36305
8.060184855691523	5.644234	2.3757596
8.07775514385327	5.785184	2.405241
8.095325622240228	5.8169384	2.411833
8.112896291271687	5.829178	2.414369
8.130467151366968	5.8976827	2.4285145
8.148038202945436	5.949226	2.4391036
8.165609446426497	5.9593897	2.4411862
8.183180882229594	5.966746	2.4426923
8.200752510774217	6.031173	2.4558446
8.218324332479893	6.0519643	2.460074
8.235896347766193	6.025572	2.454704
8.253468557052724	6.0178876	2.4531384
8.27104096075914	5.9961834	2.4487104
8.288613559305137	6.0571675	2.4611313
8.306186353110448	6.169748	2.4838977
8.32375934259485	6.237112	2.497421
8.341332528178162	6.2599697	2.5019932
8.358905910280246	6.2393346	2.497866
8.376479489321003	6.181334	2.486229
8.394053265720377	6.323374	2.514632
8.411627239898356	6.4110336	2.532002
8.42920141227497	6.470066	2.5436325
8.44677578327029	6.501453	2.5497947
8.464350353304427	6.497599	2.549039
8.48192512279754	6.393332	2.528504
8.499500092169827	6.2750363	2.5050023
8.51707526184153	6.1869383	2.4873557
8.534650632232934	6.1673803	2.483421
8.552226203764365	6.188605	2.4876907
8.569801976856192	6.2149324	2.4929767
8.587377951928834	6.2235317	2.4947007
8.60495412940274	6.2989635	2.5097735
8.622530509698416	6.4031224	2.5304391
8.6401070932364	6.53587	2.5565348
8.657683880437283	6.6996837	2.5883746
8.675260871721695	6.8375516	2.6148713
8.692838067510303	7.0144334	2.6484776
8.710415468223834	7.131408	2.6704698
8.727993074283043	7.2196374	2.6869383
8.745570886108737	7.128118	2.6698534
8.763148904121765	7.1966057	2.682649
8.78072712874302	7.240382	2.690796
8.798305560393441	7.506703	2.7398362
8.815884199494006	7.6346374	2.7630847
8.833463046465745	7.7980666	2.792502
8.851042101729728	7.9532843	2.8201568
8.86862136570707	8.205317	2.8644924
8.886200838818924	8.397342	2.8978167
8.903780521486505	8.436936	2.9046404
8.921360414131055	8.550383	2.9241037
8.938940517173874	8.726759	2.9541087
8.956520831036297	8.88481	2.9807398
8.97410135613971	9.217689	3.0360646
8.99168209290554	9.399029	3.0657835
9.009263041755265	9.696487	3.1139183
9.026844203110405	9.891784	3.1451206
9.044425577392525	10.097323	3.1776285
9.062007165023239	10.127035	3.1823003
9.079588966424197	10.381487	3.2220316
9.097170982017108	10.518394	3.2432075
9.11475321222372	11.53509	3.396335
9.132335657465825	12.53728	3.5408022
9.149918318165264	12.655382	3.5574403
9.167501194743924	13.168178	3.6287985
9.18508428762374	12.705615	3.5644937
9.202667597226693	12.601425	3.5498486
9.220251123974803	12.266033	3.5022898
9.237834868290143	11.988652	3.4624634
9.255418830594836	11.810705	3.4366705
9.273003011311046	11.22495	3.3503656
9.290587410860985	11.049976	3.3241506
9.308172029666911	10.513793	3.242498
9.32575686815113	10.287488	3.2074115
9.343341926735997	9.0240345	3.004003
9.360927205843916	8.683599	2.9467947
9.378512705897327	8.422379	2.9021335
9.396098427318728	8.247965	2.871927
9.413684370530664	8.170135	2.8583448
9.431270535955722	8.048474	2.8369832
9.448856924016539	7.875689	2.8063657
9.466443535135806	7.7262874	2.77962
9.484030369736251	7.813318	2.7952313
9.501617428240658	7.864821	2.8044288
9.519204711071852	7.9409246	2.8179646
9.536792218652714	7.9754868	2.8240905
9.55437995140617	7.9720945	2.8234897
9.571967909755191	7.9520845	2.8199441
9.589556094122802	7.907935	2.8121052
9.60714450493207	7.9923196	2.827069
9.624733142606116	7.9996147	2.8283591
9.642322007568108	8.059075	2.838851
9.659911100241267	8.025059	2.8328536
9.677500421048851	8.033883	2.8344104
9.695089970414175	8.132607	2.8517728
9.712679748760609	8.142843	2.8535666
9.730269756511557	8.21517	2.8662117
9.747859994090492	8.208481	2.8650446
9.765450461920915	8.314224	2.8834395
9.78304116042639	8.303491	2.8815777
9.800632090030527	8.370557	2.8931916
9.81822325115699	8.410871	2.90015
9.835814644229481	8.465409	2.9095376
9.853406269671762	8.445158	2.9060555
9.870998127907646	8.480269	2.9120903
9.888590219360985	8.463054	2.9091327
9.906182544455698	8.432096	2.9038072
9.923775103615734	8.374063	2.8937972
9.941367897265108	8.297245	2.8804939
9.958960925827878	8.270874	2.8759127
9.97655418972816	8.292232	2.8796234
9.994147689390106	8.279824	2.8774683
10.011741425237934	8.308994	2.8825326
10.029335397695904	8.371021	2.8932717
10.04692960718833	8.432666	2.9039052
10.06452405413958	8.4675	2.9098969
10.082118738974064	8.435325	2.9043632
10.099713662116246	8.437491	2.904736
10.117308823990651	8.424368	2.902476
10.134904225021844	8.369317	2.8929772
10.152499865634445	8.325396	2.8853762
10.170095746253125	8.309541	2.8826275
10.18769186730261	8.285636	2.878478
10.205288229207675	8.2975855	2.880553
10.222884832393145	8.265717	2.875016
10.2404816772839	8.2372265	2.8700569
10.258078764304868	8.19617	2.8628953
10.275676093881035	8.139264	2.8529396
10.293273666437438	8.142397	2.8534884
10.310871482399158	8.184319	2.8608248
10.32846954219134	8.178485	2.859805
10.346067846239173	8.24999	2.8722796
10.363666394967908	8.210113	2.8653295
10.38126518880283	8.184592	2.8608727
10.398864228169298	8.209553	2.8652318
10.416463513492713	8.271153	2.8759613
10.434063045198531	8.281613	2.8777792
10.451662823712262	8.303633	2.8816025
10.469262849459467	8.330368	2.8862376
10.486863122865758	8.258252	2.8737175
10.504463644356806	8.221622	2.8673372
10.522064414358338	8.181208	2.860281
10.539665433296118	8.010309	2.830249
10.557266701595987	7.9469624	2.8190358
10.574868219683818	7.8109827	2.7948136
10.592469987985552	7.8248663	2.7972963
10.610072006927185	7.7529263	2.7844076
10.627674276934751	7.6756496	2.7704964
10.64527679843435	7.500604	2.738723
10.662879571852143	7.320436	2.7056305
10.680482597614331	7.1654434	2.6768346
10.698085876147173	7.0057034	2.646829
10.715689407876988	6.98551	2.6430116
10.733293193230146	6.970021	2.6400797
10.750897232633072	6.891021	2.6250753
10.76850152651225	6.7762165	2.6031168
10.786106075294207	6.6929336	2.5870705
10.803710879405534	6.5995955	2.5689678
10.821315939272877	6.5331187	2.5559967
10.83892125532294	6.462767	2.5421972
10.856526827982472	6.4218726	2.5341413
10.874132657678285	6.361597	2.5222206
10.891738744837243	6.2946224	2.5089085
10.909345089886271	6.237113	2.4974213
10.926951693252343	6.1780386	2.4855661
10.944558555362494	6.1373806	2.4773738
10.96216567664381	6.0655174	2.4628272
10.979773057523436	6.0112696	2.4517891
10.997380698428573	5.88493	2.4258876
11.014988599786477	5.7982016	2.4079454
11.032596762024461	5.801869	2.408707
11.050205185569892	5.796089	2.407507
11.067813870850198	5.731586	2.394073
11.085422818292859	5.670198	2.3812177
11.10303202832541	5.6076837	2.3680549
11.120641501375454	5.5169697	2.348823
11.138251237870636	5.4554086	2.3356817
11.155861238238671	5.331004	2.3088968
11.173471502907317	5.2782507	2.2974443
11.191082032304402	5.207426	2.2819786
11.208692826857805	5.1517353	2.2697434
11.226303886995465	5.044617	2.2460225
11.243915213145371	4.9510317	2.2250915
11.261526805735578	4.8779497	2.2086082
11.279138665194196	4.8995304	2.2134883
11.296750791949393	4.911497	2.2161899
11.314363186429393	4.8525887	2.2028592
11.331975849062479	4.7911434	2.188868
11.34958878027699	4.7158284	2.1715958
11.36720198050133	4.687815	2.1651363
11.384815450163948	4.612262	2.1476176
11.402429189693366	4.5450015	2.131901
11.420043199518153	4.5436573	2.1315856
11.437657480066942	63.549004	7.9717627
11.455272031768422	85.282936	9.234876
11.472886855051353	107.65116	10.375507
11.490501950344528	99.20151	9.959995
11.508117318076819	84.56655	9.196008
11.52573295867715	45.96179	6.7795124
11.543348872574514	4.2937512	2.0721369
11.560965060197946	4.271369	2.066729
11.57858152197655	4.1784954	2.0441368
11.59619825833949	4.126629	2.0314105
11.613815269715985	4.094338	2.023447
11.631432556535323	38.61286	6.213925
11.649050119226837	83.12908	9.117516
11.666667958219929	93.46499	9.667729
11.68428607394406	107.71128	10.378405
11.701904466828756	82.54427	9.085388
11.719523137303586	65.42893	8.088816
11.737142085798196	4.7117147	2.1706486
11.754761312742286	3.867373	1.9665637
11.772380818565619	3.8146749	1.9531193
11.790000603698015	3.7248933	1.9299983
11.80762066856935	3.6256943	1.9041256
11.825241013609572	3.5807474	1.8922863
11.842861639248683	3.576079	1.8910524
11.860482545916748	3.605775	1.8988879
11.878103734043883	3.6102598	1.9000684
11.895725204060282	3.601848	1.8978535
11.91334695639619	3.5699553	1.8894325
11.930968991481919	3.5564287	1.8858496
11.948591309747824	3.462474	1.8607725
11.966213911624347	3.421908	1.8498399
11.98383679754198	3.3780537	1.8379482
12.001459967931268	3.3511705	1.8306203
12.019083423222835	3.3241646	1.8232292
12.036707163847352	3.2763124	1.8100587
12.05433119023556	3.2557838	1.8043791
12.071955502818259	3.2442079	1.8011684
12.089580102026313	3.209984	1.7916428
12.107204988290643	3.1954954	1.7875949
12.12483016204224	3.1499844	1.7748195
12.142455623712152	3.1502693	1.7748998
12.16008137373149	3.1259556	1.7680372
12.177707412531431	3.1071236	1.7627035
12.19533374054321	3.0908992	1.7580954
12.212960358198126	3.0495846	1.746306
12.230587265927545	3.0507336	1.746635
12.248214464162889	3.0865765	1.7568655
12.265841953335649	3.0820827	1.7555861
12.283469733877375	3.0655646	1.7508754
12.301097806219685	3.006809	1.7340152
12.31872617079425	2.97794	1.7256709
12.336354828032825	2.9697294	1.7232903
12.353983778367205	2.999179	1.7318138
12.371613022229262	3.0188513	1.7374842
12.389242560050928	2.999561	1.731924
12.406872392264201	3.0011623	1.7323864
12.424502519301143	2.962558	1.7212083
12.442132941593874	2.9591155	1.7202079
12.459763659574586	2.9109843	1.7061607
12.477394673675532	2.9054604	1.7045411
12.49502598432903	2.862797	1.6919802
12.51265759196746	2.8203998	1.6794046
12.530289497023267	2.8085454	1.6758715
12.547921699928967	2.8135872	1.6773751
12.565554201117134	2.833082	1.6831762
12.583187001020404	2.839321	1.6850284
12.600820100071486	2.8093796	1.6761204
12.618453498703152	2.7988262	1.6729693
12.636087197348235	2.7793803	1.6671474
12.65372119643964	2.7934802	1.6713707
12.671355496410326	2.8211846	1.6796383
12.68899009769333	2.8309896	1.6825545
12.706625000721749	2.8789299	1.696741
12.724260205928752	2.930351	1.7118268
12.741895713747551	2.9583452	1.719984
12.759531524611454	2.9917068	1.7296551
12.777167638953818	2.9840539	1.7274414
12.794804057208072	2.9740608	1.7245466
12.812440779807702	2.991419	1.7295719
12.830077807186271	3.1513326	1.7751993
12.847715139777405	3.2237082	1.7954688
12.865352778014795	3.4825351	1.8661551
12.882990722332197	3.6131792	1.9008365
12.90062897316344	3.6896207	1.9208386
12.918267530942412	3.7331257	1.9321299
12.935906396103071	3.6066527	1.8991189
12.953545569079449	3.7718396	1.9421225
12.971185050305628	3.596955	1.896564
12.988824840215775	3.6643388	1.9142463
13.006464939244115	3.6843424	1.9194641
13.024105347824943	3.5118365	1.8739895
13.041746066392617	3.5549524	1.8854581
13.05938709538157	3.3466733	1.8293915
13.077028435226296	3.3834007	1.8394023
13.094670086361363	3.2791443	1.8108407
13.112312049221401	3.2073429	1.7909056
13.129954324241112	3.133038	1.770039
13.147596911855258	2.9465811	1.7165608
13.165239812498685	2.9143107	1.7071352
13.182883026606293	2.8365645	1.6842104
13.200526554613058	2.8273966	1.6814865
13.218170396954017	2.78405	1.6685473
13.235814554064284	2.7962945	1.6722125
13.253459026379034	2.8051646	1.6748625
13.271103814333523	2.802547	1.674081
13.288748918363058	2.8066125	1.6752948
13.306394338903031	2.794177	1.6715792
13.32404007638889	2.756678	1.6603247
13.341686131256164	2.7497432	1.658235
13.359332503940449	2.7311008	1.6526042
13.376979194877402	2.7412837	1.6556822
13.394626204502751	2.7869308	1.6694103
13.412273533252307	2.813305	1.6772909
13.429921181561937	2.785726	1.6690495
13.447569149867581	2.7530487	1.6592313
13.465217438605247	2.7484524	1.6578457
13.482866048211022	2.7466147	1.6572914
13.500514979121052	2.7538588	1.6594754
13.518164231771568	2.694795	1.6415831
13.535813806598844	2.676875	1.6361159
13.553463704039254	2.661919	1.6315389
13.571113924529229	2.690553	1.6402905
13.588764468505275	2.7400396	1.6553065
13.606415336403956	2.7864375	1.6692625
13.624066528661917	2.8000233	1.673327
13.641718045715882	2.82117	1.679634
13.659369888002635	2.8261824	1.6811253
13.67702205595903	2.8628948	1.6920091
13.694674550021993	2.911743	1.706383
13.712327370628532	3.0190144	1.7375311
13.729980518215713	3.1814203	1.7836536
13.747633993220681	3.2644496	1.8067788
13.765287796080647	3.30443	1.8178091
13.7829419272329	3.2892025	1.8136158
13.800596387114801	3.314323	1.8205281
13.818251176163775	3.3484862	1.8298869
13.835906294817324	3.4152358	1.8480357
13.853561743513023	3.4320946	1.8525913
13.871217522688525	3.45429	1.858572
13.888873632781538	3.4987178	1.870486
13.906530074229858	3.574403	1.8906091
13.92418684747135	3.6256838	1.9041228
13.941843952943948	3.5620682	1.8873442
13.959501391085665	3.5003946	1.8709341
13.977159162334578	3.4491835	1.8571978
13.994817267128846	3.4091258	1.8463818
14.012475705906693	3.361148	1.8333434
14.030134479106424	3.243048	1.8008465
14.047793587166414	3.1583245	1.7771676
14.065453030525108	3.1069558	1.7626559
14.083112809621026	3.0196388	1.7377108
14.100772924892766	2.9640408	1.7216389
14.118433376778997	2.923267	1.7097564
14.136094165718458	2.8677046	1.6934298
14.153755292149969	2.8068516	1.6753662
14.171416756512416	2.7380183	1.6546959
14.189078559244768	2.6988568	1.6428198
14.20674070078606	2.6324384	1.6224791
14.224403181575408	2.5658734	1.6018344
14.242066002051999	2.5183227	1.5869224
14.259729162655093	2.4867218	1.5769343
14.277392663824022	2.475805	1.5734692
14.295056505998208	2.4748476	1.5731648
14.312720689617128	2.4894514	1.5777996
14.330385215120348	2.477904	1.574136
14.348050082947497	2.4291537	1.5585742
14.3657152935383	2.3791728	1.5424567
14.383380847332528	2.3483572	1.532435
14.401046744770051	2.372101	1.5401627
14.418712986290798	2.3929858	1.5469278
14.436379572334793	2.3946545	1.5474671
14.454046503342123	2.3953168	1.5476811
14.471713779752946	2.386216	1.5447382
14.489381402007504	2.3725357	1.5403038
14.507049370546113	2.3730834	1.5404816
14.524717685809168	2.3746362	1.5409855
14.542386348237134	2.4003785	1.5493155
14.560055358270553	2.4222903	1.5563709
14.577724716350051	2.4490523	1.5649449
14.595394422916325	2.4393277	1.5618347
14.61306447841015	2.445099	1.5636812
14.63073488327237	2.4623477	1.5691869
14.648405637943917	2.5046651	1.5826133
14.6660767428658	2.5008004	1.5813919
14.683748198479094	2.5437257	1.5949062
14.701420005224954	2.6294732	1.6215651
14.719092163544628	2.712708	1.64703
14.73676467387942	2.7147915	1.6476624
14.754437536670727	2.6819293	1.6376597
14.772110752360014	2.6815302	1.6375378
14.78978432138882	2.6858819	1.6388661
14.807458244198777	2.6795585	1.6369357
14.82513252123159	2.6820889	1.6377084
14.842807152929028	2.7258446	1.6510133
14.860482139732962	2.7213154	1.649641
14.87815748208531	2.7087173	1.6458181
14.8958331804281	2.738339	1.6547927
14.91350923520342	2.6961944	1.6420093
14.931185646853438	2.712035	1.6468257
14.948862415820408	2.7065613	1.645163
14.966539542546656	2.7346642	1.653682
14.98421702747459	2.6762192	1.6359154
15.001894871046696	2.6385016	1.6243465
15.019573073705542	2.625729	1.6204102
15.037251635893766	2.6903365	1.6402246
15.054930558054092	2.7668412	1.6633824
15.072609840629323	2.8175972	1.6785699
15.090289484062351	2.9250822	1.7102872
15.107969488796124	3.180919	1.7835131
15.125649855273691	3.5952108	1.8961041
15.14333058393817	4.0891876	2.022174
15.161011675232768	5.051953	2.247655
15.17869312960076	6.335786	2.5170987
15.196374947485506	8.190114	2.8618376
15.214057129330447	11.345134	3.3682537
15.231739675579114	16.261526	4.0325584
15.249422586675102	21.400625	4.626081
15.267105863062092	24.57899	4.9577203
15.284789505183847	24.763472	4.976291
15.302473513484218	22.59722	4.753653
15.320157888407127	18.876976	4.344764
15.337842630396578	14.6802225	3.8314779
15.355527739896656	11.424019	3.3799436
15.37321321735153	8.943622	2.990589
15.39089906320545	6.496623	2.5488474
15.408585277902748	4.873993	2.2077122
15.42627186188783	3.753025	1.9372725
15.443958815605198	3.21442	1.7928804
15.461646139499424	2.9006143	1.703119
15.479333834015168	2.7677069	1.6636426
15.497021899597165	2.7631428	1.6622704
15.514710336690234	2.721377	1.6496596
15.53239914573928	2.679535	1.6369286
15.550088327189297	2.5882995	1.6088192
15.567777881485336	2.5420635	1.594385
15.58546780907256	2.5363948	1.5926063
15.6031581103962	2.513618	1.5854393
15.620848785901568	2.4784913	1.5743225
15.638539836034063	2.4640603	1.5697325
15.656231261239173	2.4599237	1.5684144
15.673923061962451	2.4514434	1.5657086
15.691615238649552	2.4322004	1.5595514
15.709307791746202	2.4264977	1.557722
15.727000721698221	2.4333556	1.5599216
15.744694028951498	2.4536932	1.5664269
15.76238771395202	2.4595535	1.5682963
15.780081777145844	2.4746408	1.5730991
15.797776218979125	2.4567413	1.5673995
15.815471039898094	2.427395	1.55801
15.833166240349064	2.3795848	1.5425903
15.850861820778437	2.376621	1.5416293
15.868557781632699	2.4126506	1.5532709
15.886254123358412	2.452647	1.5660928
15.903950846402232	2.4455807	1.5638353
15.921647951210897	2.4361925	1.5608307
15.939345438231225	2.423704	1.5568249
15.957043307910133	2.419642	1.5555198
15.974741560694602	2.4041698	1.5505385
15.992440197031714	2.40119	1.5495774
16.01013921736862	2.4116182	1.5529386
16.02783862215259	2.4292371	1.558601
16.045538411830933	2.4313672	1.5592842
16.06323858685107	2.4313538	1.5592799
16.080939147660512	2.4268768	1.5578437
16.09864009470684	2.4091065	1.5521296
16.11634142843774	2.3719254	1.5401056
16.134043149300954	2.3782701	1.5421641
16.15174525774433	2.3649614	1.5378431
16.169447754215817	2.3747036	1.5410074
16.18715063916342	2.3920753	1.5466335
16.204853913035244	2.4352005	1.5605129
16.222557576279478	2.483321	1.5758556
16.240261629344403	22.480816	4.741394
16.257966072678386	43.000256	6.557458
16.275670906729868	38.088303	6.171572
16.293376131947387	2.5486329	1.5964438
16.31108174877957	2.5887551	1.6089609
16.328787757675133	2.6204193	1.618771
16.34649415908287	2.6495945	1.6277575
16.364200953451657	2.6695788	1.6338845
16.38190814123048	2.6701734	1.6340666
16.39961572286839	2.6638381	1.6321269
16.41732369881455	2.704121	1.6444212
16.43503206951817	2.6988354	1.6428132
16.45274083542859	2.712271	1.6468974
16.47044999699522	2.7583752	1.6608357
16.488159554667558	2.834073	1.6834705
16.505869508895184	2.8970594	1.702075
16.523579860127786	2.957617	1.7197723
16.541290608815117	2.9655976	1.7220911
16.559001755407035	3.0180569	1.7372556
16.57671330035348	3.0882866	1.7573521
16.59442524410448	3.15658	1.7766767
16.61213758711015	3.1870377	1.7852277
16.629850329820705	3.2063737	1.790635
16.647563472686436	3.2907007	1.8140289
16.665277016157724	3.3366401	1.8266473
16.682990960685053	3.4042313	1.8450559
16.70070530671898	3.434383	1.8532088
16.718420054710155	3.5257335	1.8776937
16.736135205109335	3.5871642	1.893981
16.753850758367335	3.649055	1.91025
16.771566714935087	3.6524358	1.9111347
16.789283075263597	3.7216623	1.9291611
16.80699983980398	3.8004496	1.9494742
16.82471700900741	3.851684	1.9625708
16.84243458332518	3.9052875	1.9761801
16.860152563208665	3.9798906	1.9949663
16.87787094910932	4.0605607	2.0150833
16.89558974147871	4.1213017	2.030099
16.913308940768466	4.1827364	2.045174
16.931028547430333	4.267165	2.0657117
16.94874856191613	4.299729	2.0735788
16.966468984677785	4.3012204	2.0739384
16.98418981616729	4.338567	2.0829227
17.00191105683676	4.4304714	2.1048684
17.019632707138374	4.558227	2.1350005
17.03735476752442	4.6142845	2.1480885
17.05507723844728	4.5802665	2.1401558
17.072800120359403	4.5877204	2.1418965
17.090523413713353	4.671286	2.161316
17.108247118961785	4.7143264	2.1712499
17.125971236557437	4.7184377	2.1721966
17.143695766953133	4.6978507	2.1674526
17.161420710601806	4.696831	2.1672175
17.179146067956477	4.716805	2.1718206
17.19687183947025	4.7786403	2.1860101
17.21459802559634	4.7847095	2.187398
17.232324626788028	4.8238487	2.1963263
17.25005164349871	4.7787895	2.1860442
17.267779076181863	4.7496943	2.1793795
17.285506925291074	4.695479	2.1669054
17.30323519127999	4.663549	2.1595252
17.320963874602384	4.635641	2.153054
17.33869297571211	4.6049294	2.14591
17.356422495063114	4.601424	2.145093
17.37415243310944	4.5897717	2.1423752
17.391882790305218	4.5297804	2.128328
17.40961356710468	4.5152264	2.1249063
17.42734476396215	4.50279	2.1219778
17.445076381332044	4.5362515	2.1298478
17.462808419668868	4.592172	2.1429355
17.48054087942723	4.733081	2.1755645
17.498273761061835	5.026746	2.2420406
17.51600706502747	5.514202	2.348234
17.533740791779024	6.2557774	2.5011551
17.551474941771485	7.629009	2.7620661
17.56920951545993	8.693642	2.9484982
17.586944513299528	10.881066	3.2986462
17.60467993574556	12.700429	3.563766
17.622415783253373	14.427098	3.798302
17.64015205627843	15.895659	3.986936
17.657888755276293	16.91945	4.113326
17.675625880702604	17.506584	4.184087
17.69336343301311	17.307606	4.160241
17.71110141266366	16.519577	4.0644283
17.728839820110178	15.522118	3.939812
17.746578655808705	14.654919	3.8281744
17.764317920215372	13.216125	3.6353989
17.7820576137864	11.651186	3.4133832
17.79979773697811	9.560563	3.092016
17.81753829024692	7.5577106	2.749129
17.835279274049356	5.879749	2.4248192
17.85302068884201	4.849644	2.2021909
17.870762535081607	4.2115235	2.0521996
17.888504813224934	3.9260101	1.9814162
17.90624752372891	3.7642777	1.9401747
17.923990667050536	3.6621494	1.9136744
17.941734243646895	3.582335	1.8927057
17.959478253975185	3.504411	1.8720073
17.9772226984927	3.4564078	1.8591417
17.994967577656833	3.4571571	1.8593432
18.01271289192506	3.4437647	1.8557383
18.030458641754965	3.3954437	1.842673
18.04820482760425	3.3638282	1.8340743
18.06595144993067	3.35708	1.8322335
18.083698509192125	3.3654308	1.834511
18.101446005846576	3.3374374	1.8268654
18.119193940352105	3.3046267	1.8178632
18.136942313166887	3.2465832	1.8018278
18.1546911247492	3.1918197	1.7865665
18.1724403755574	3.1834903	1.7842338
18.19019006604997	3.170505	1.7805912
18.207940196685467	3.1811433	1.783576
18.225690767922575	3.1757898	1.7820746
18.243441780220046	3.1220245	1.7669252
18.261193234036764	3.0951226	1.7592961
18.278945129831676	3.0816917	1.7554748
18.29669746806386	3.095173	1.7593104
18.314450249192483	3.12594	1.7680328
18.3322034736768	3.1075356	1.7628204
18.349957141976184	3.130016	1.7691852
18.3677112545501	3.0955594	1.7594202
18.385465811858108	3.0920436	1.7584208
18.403220814359884	3.0592642	1.7490753
18.420976262515172	3.0882914	1.7573535
18.43873215678387	3.1919162	1.7865934
18.456488497625923	3.2726216	1.8090389
18.474245285501407	3.3558934	1.8319098
18.492002520870486	3.3627088	1.833769
18.50976020419343	3.4487014	1.857068
18.527518335930615	3.718748	1.9284056
18.545276916542516	4.3107104	2.076225
18.563035946489688	4.4756107	2.1155639
18.580795426232832	4.9217925	2.2185113
18.598555356232698	4.7129474	2.1709323
18.616315736950185	4.9401274	2.2226398
18.63407656884626	4.624984	2.1505775
18.65183785238201	4.8293166	2.1975706
18.669599588018617	4.611489	2.1474378
18.68736177621737	4.6179175	2.1489341
18.705124417439652	4.6219935	2.1498823
18.72288751214696	4.442085	2.1076255
18.740651060800886	4.655099	2.1575677
18.758415063863115	4.4298334	2.104717
18.77617952179546	4.6074743	2.1465027
18.793944435059814	4.31149	2.0764127
18.811709804118184	4.28971	2.0711615
18.829475629432675	4.2303076	2.056771
18.8472419114655	4.06114	2.015227
18.86500865067897	4.148279	2.0367324
18.88277584753551	3.81815	1.9540087
18.90054350249763	3.869513	1.9671078
18.918311616027957	3.5831347	1.8929169
18.936080188589226	3.4393888	1.854559
18.953849220644265	3.085809	1.7566471
18.971618712656007	2.9085042	1.7054337
18.9893886650875	2.8636847	1.6922425
19.007159078401887	8.052078	2.8376184
19.024929953062408	32.91468	5.7371316
19.042701289532435	32.833748	5.730074
19.060473088275405	25.42245	5.042068
19.07824534975489	2.6960196	1.6419561
19.096018074434568	2.6573646	1.6301426
19.113791262778197	2.590633	1.6095443
19.13156491524966	2.5994518	1.6122816
19.149339032312945	2.6227016	1.6194757
19.167113614432136	2.6140356	1.6167979
19.184888662071433	2.5678852	1.6024622
19.202664175695123	2.5603433	1.6001073
19.220440155767623	2.5469332	1.5959114
19.238216602753447	2.551923	1.597474
19.2559935171172	2.5570557	1.5990796
19.27377089932361	2.5429788	1.594672
19.291548749837514	2.529557	1.5904582
19.309327069123835	2.5323324	1.5913304
19.32710585764763	2.5222294	1.5881529
19.344885115874032	2.5542815	1.598212
19.362664844268313	2.547686	1.5961473
19.380445043295822	2.537552	1.5929695
19.39822571342203	2.5327249	1.5914537
19.41600685511252	2.5120478	1.5849441
19.43378846883297	2.5005515	1.5813133
19.451570555049173	2.4659503	1.5703344
19.469353114227037	2.4920197	1.5786132
19.48713614683254	2.507136	1.5833938
19.50491965333182	2.5209513	1.5877504
19.52270363419109	2.5337803	1.5917853
19.540488089876686	2.5237684	1.5886372
19.55827302085503	2.5008922	1.5814209
19.576058427592674	2.4901702	1.5780274
19.593844310556282	2.4799771	1.5747943
19.611630670212598	2.5145926	1.5857468
19.629417507028506	2.5109797	1.5846071
19.64720482147098	2.5094802	1.5841339
19.6649926140071	2.4981577	1.5805562
19.682780885104084	2.4968097	1.5801296
19.70056963522921	2.5117369	1.584846
19.718358864849908	2.5393326	1.5935284
19.7361485744337	2.5661798	1.60193
19.753938764448215	2.5960088	1.6112134
19.771729435361202	2.5869982	1.6084148
19.789520587640506	2.5837636	1.607409
19.807312221754092	2.5682006	1.6025606
19.825104338170043	2.5587385	1.5996057
19.842896937356517	2.5483296	1.5963489
19.860690019781824	2.5375535	1.59297
19.87848358591436	2.557714	1.5992855
19.896277636222635	2.5608013	1.6002504
19.914072171175278	2.5816054	1.6067375
19.931867191241015	2.585969	1.6080948
19.94966269688869	2.5913754	1.609775
19.967458688587264	2.5671253	1.6022251
19.985255166805807	2.54983	1.5968187
20.00305213201348	2.5085742	1.5838479
20.020849584679578	2.4895344	1.5778258
20.038647525273507	2.5037594	1.5823272
20.05644595426477	2.5121918	1.5849895
20.07424487212299	2.5036995	1.5823083
20.092044279317903	2.4871001	1.5770543
20.109844176319353	2.5110438	1.5846274
20.127644563597304	2.4912863	1.578381
20.145445441621817	2.4662697	1.5704361
20.16324681086307	2.4294705	1.5586759
20.181048671791373	2.424704	1.5571461
20.198851024877122	2.4182243	1.5550641
20.216653870590836	2.420637	1.5558397
20.234457209403146	2.4147336	1.5539414
20.252261041784802	2.4049392	1.5507866
20.270065368206662	2.3804967	1.5428859
20.287870189139685	2.383183	1.5437561
20.305675505054968	2.3774045	1.5418835
20.323481316423702	2.3581126	1.5356147
20.341287623717207	2.3720446	1.5401443
20.359094427406884	2.3597662	1.5361531
20.376901727964288	2.35673	1.5351645
20.39470952586107	2.3719797	1.5401232
20.41251782156899	2.3919883	1.5466053
20.430326615559935	2.4036126	1.5503589
20.448135908305886	2.332899	1.5273831
20.465945700278965	2.339006	1.5293809
20.483755991951384	2.3659716	1.5381715
20.50156678379548	2.3966167	1.548101
20.519378076283708	2.3876882	1.5452147
20.537189869888635	2.3605945	1.5364226
20.55500216508294	2.3276615	1.5256675
20.572814962339415	2.328391	1.5259067
20.59062826213098	2.3397243	1.5296158
20.60844206493066	2.3634582	1.5373542
20.626256371211593	2.3622792	1.5369707
20.644071181447032	2.3109267	1.5201732
20.66188649611036	2.2942543	1.5146796
20.67970231567506	2.2853777	1.5117466
20.697518640614742	2.2972503	1.5156683
20.715335471403122	2.316675	1.5220628
20.73315280851404	2.3197782	1.5230818
20.750970652421447	2.3233213	1.5242445
20.768789003599412	2.297774	1.515841
20.786607862522136	2.290486	1.5134352
20.8044272296639	2.3160858	1.5218692
20.82224710549913	2.3512332	1.5333731
20.84006749050237	2.3561873	1.5349877
20.857888385148268	3.8606038	1.964842
20.8757097899116	45.925415	6.7768292
20.893531705267254	64.7903	8.049242
20.911354131690224	83.84175	9.156514
20.92917706965566	69.11566	8.313583
20.94700051963877	50.162212	7.0825286
20.96482448211493	29.396425	5.421847
20.982648957559622	4.119112	2.0295596
21.00047394644843	2.2489758	1.4996586
21.01829944925707	2.274682	1.5082049
21.036125466461375	2.2937233	1.5145043
21.053951998537297	2.2991536	1.516296
21.071779045960906	2.298542	1.5160943
21.089606609208378	2.2718613	1.5072695
21.10743468875603	2.241249	1.4970802
21.12526328508028	2.2047145	1.4848281
21.143092398657675	2.1908507	1.4801522
21.16092202996488	2.2086062	1.486138
21.17875217947867	2.2365918	1.4955239
21.19658284767596	2.2550285	1.5016752
21.21441403503377	2.2229164	1.4909447
21.232245742029225	2.199892	1.4832033
21.2500779691396	2.1749988	1.4747877
21.26791071684227	2.1764512	1.47528
21.28574398561475	2.189405	1.4796638
21.30357777593465	2.1815252	1.4769987
21.321412088279704	2.1639245	1.4710283
21.339246923127792	2.1593132	1.4694601
21.357082280956888	2.148673	1.4658353
21.3749181622451	2.1889658	1.4795154
21.392754567470647	2.2004397	1.483388
21.41059149711187	2.2373505	1.4957775
21.42842895164726	2.2046897	1.4848198
21.446266931555378	2.1949291	1.4815294
21.464105437314945	2.1781662	1.4758612
21.481944469404798	2.163682	1.470946
21.49978402830388	2.1310449	1.4598099
21.51762411449127	2.120476	1.4561855
21.53546472844617	2.143755	1.4641567
21.553305870647876	2.15521	1.4680634
21.571147541575865	2.1386452	1.4624107
21.58898974170967	2.1259637	1.4580685
21.60683247152899	2.0851	1.4439875
21.62467573151363	2.0697706	1.4386697
21.642519522143523	2.0660527	1.437377
21.660363843898722	2.090066	1.445706
21.6782086972594	2.112056	1.4532914
21.696054082705864	2.0891755	1.445398
21.713900000718535	2.085165	1.44401
21.73174645177795	2.0983675	1.4485743
21.749593436364794	2.0863907	1.4444344
21.767440954959845	2.060416	1.4354149
21.785289008044032	2.0660253	1.4373674
21.803137596098388	2.0366027	1.4270959
21.820986719604086	2.012139	1.4184989
21.838836379042412	1.9999038	1.4141796
21.85668657489478	2.0300367	1.4247936
21.87453730764273	2.0145476	1.4193476
21.892388577767914	2.0456758	1.4302713
21.91024038575213	2.0165515	1.4200534
21.928092732077285	2.014	1.4191546
21.945945617225426	2.0092723	1.417488
21.963799041678694	2.0162654	1.4199526
21.981653005919398	31.350723	5.5991716
21.999507510429943	78.14451	8.839938
22.01736255569286	73.092606	8.549421
22.035218142190818	4.1633954	2.04044
22.05307427040661	1.9775988	1.4062712
22.07093094082315	2.0153773	1.4196398
22.088788153923474	2.0336332	1.4260551
22.106645910190746	2.0188496	1.4208623
22.12450421010827	2.0132365	1.4188857
22.142363054159464	2.0229304	1.4222976
22.16022244282787	2.0051239	1.416024
22.178082376597164	1.9867806	1.4095321
22.195942855951145	1.9684454	1.403013
22.213803881373742	1.9995767	1.4140639
22.231665453349002	2.0142553	1.4192446
22.24952757236111	2.0007365	1.4144739
22.26739023889438	1.9584558	1.3994484
22.28525345343323	1.9746487	1.4052219
22.30311721646225	1.9861015	1.4092911
22.320981528466113	1.9907551	1.4109412
22.33884638992964	1.9788163	1.4067041
22.356711801337788	2.0121737	1.418511
22.37457776317561	2.0149853	1.4195018
22.392444275928337	1.9785478	1.4066086
22.410311340081282	1.9615544	1.400555
22.428178956119904	1.984779	1.4088218
22.446047124529805	1.9970647	1.4131753
22.46391584579669	1.9977924	1.4134328
22.481785120406414	1.964063	1.4014504
22.49965494884496	1.9748664	1.4052994
22.51752533159841	1.9706717	1.4038061
22.53539626915302	1.9577982	1.3992134
22.553267761995137	1.9217664	1.3862779
22.571139810611264	1.9341906	1.3907518
22.589012415488025	1.9535943	1.3977104
22.60688557711216	1.9786558	1.406647
22.624759295970566	1.9715137	1.404106
22.642633572550263	1.9592288	1.3997245
22.660508407338362	1.957519	1.3991137
22.67838380082217	1.971996	1.4042777
22.696259753489077	1.9642984	1.4015343
22.714136265826614	1.9693096	1.4033209
22.73201333832246	1.9857948	1.4091823
22.74989097146439	1.9887152	1.4102181
22.76776916574035	1.9560597	1.398592
22.785647921638393	1.940623	1.3930625
22.803527239646712	1.9313506	1.3897305
22.82140712025363	1.9211842	1.3860679
22.839287563947593	1.9365828	1.3916116
22.85716857121719	1.9399116	1.3928071
22.875050142551135	1.9323282	1.3900821
22.892932278438277	1.9134433	1.3832726
22.910814979367604	1.9024	1.3792752
22.928698245828222	1.9096417	1.3818979
22.946582078309387	1.9143988	1.383618
22.96446647730047	1.8813074	1.3716075
22.98235144329098	1.8930056	1.3758655
23.000236976770562	1.906877	1.3808972
23.018123078229	1.9406693	1.393079
23.03600974815619	1.9143213	1.38359
23.053896987042194	1.9099199	1.3819985
23.071784795377173	1.9095476	1.3818638
23.08967317365145	1.8852309	1.3730371
23.10756212235546	1.8716311	1.3680757
23.125451641979787	1.848704	1.3596705
23.143341733015134	1.8864863	1.3734941
23.161232395952357	1.9120098	1.3827544
23.179123631282426	1.9515637	1.3969837
23.197015439496468	1.9818759	1.4077911
23.214907821085717	2.003074	1.4152999
23.23280077654157	1.99878	1.4137821
23.250694306355538	2.0191603	1.4209716
23.268588411019277	2.0183756	1.4206954
23.28648309102458	1.9580343	1.3992978
23.304378346863356	1.917435	1.3847148
23.322274179027676	1.9424071	1.3937026
23.340170588009723	1.9555603	1.3984135
23.358067574301852	1.9433792	1.3940513
23.37596513839651	1.8854351	1.3731115
23.39386328078629	1.872263	1.3683066
23.411762001963947	1.8616936	1.3644389
23.429661302422353	1.8996471	1.3782768
23.4475611826545	1.9011544	1.3788235
23.46546164315356	1.9407979	1.3931253
23.48336268441279	1.9360477	1.3914193
23.501264306925638	1.9608889	1.4003174
23.51916651118564	1.9763764	1.4058366
23.537069297686497	1.9561414	1.3986212
23.554972666922037	1.9429735	1.3939059
23.57287661938623	1.9281329	1.3885722
23.59078115557318	1.9265126	1.3879887
23.608686275977128	1.8748225	1.3692416
23.62659198109246	1.883004	1.3722259
23.6444982714137	1.901658	1.3790061
23.66240514743549	1.9327633	1.3902386
23.68031260965263	1.896458	1.3771194
23.698220658560068	1.8981951	1.37775
23.716129294652845	1.9284314	1.3886797
23.7340385184262	1.9375033	1.3919423
23.75194833037546	1.9265301	1.387995
23.769858730996123	1.898154	1.3777351
23.78776972078382	1.8888433	1.374352
23.80568130023431	1.8680003	1.3667481
23.823593469843495	1.9156227	1.3840603
23.841506230107424	1.9396169	1.3927013
23.859419581522275	1.9170965	1.3845925
23.87733352458438	1.901259	1.3788614
23.89524805979019	1.8970205	1.3773236
23.913163187636318	1.9338601	1.390633
23.931078908619508	1.9769921	1.4060556
23.948995223236633	1.9785889	1.4066232
23.966912131984735	1.9549115	1.3981814
23.98482963536096	1.9730886	1.4046668
24.002747733862616	1.976316	1.405815
24.020666427987155	2.024201	1.4227442
24.038585718232156	2.0929656	1.4467086
24.056505605095353	2.1256444	1.457959
24.074426089074617	2.1094303	1.4523878
24.092347170667946	2.0724556	1.4396026
24.110268850373515	2.0509834	1.4321254
24.128191128689586	2.038703	1.4278315
24.146114006114626	2.050047	1.4317985
24.164037483147187	2.0523915	1.4326171
24.181961560286005	2.0893579	1.4454612
24.199886238029926	2.0727065	1.4396898
24.21781151687797	2.0841212	1.4436486
24.235737397329274	2.0333552	1.4259577
24.253663879883135	2.0511444	1.4321817
24.271590965038975	2.0928752	1.4466773
24.289518653296376	2.097388	1.4482362
24.30744694515505	2.0805256	1.4424027
24.32537584111486	2.0244524	1.4228325
24.34330534167581	2.02554	1.4232147
24.361235447338046	2.011568	1.4182976
24.379166158601876	2.0400987	1.4283202
24.39709747596772	2.0306656	1.4250143
24.41502939993615	2.0166938	1.4201034
24.432961931007917	1.9927552	1.4116498
24.450895069683856	2.0019543	1.4149044
24.468828816465	2.0293531	1.4245536
24.4867631718525	1.9991261	1.4139045
24.504698136347656	2.0044901	1.4158002
24.52263371045192	1.9857231	1.4091569
24.540569894666874	1.9903703	1.4108049
24.558506689494266	1.953663	1.397735
24.57644409543597	1.9602902	1.4001037
24.594382112994012	1.9770309	1.4060693
24.61232074267057	1.994538	1.4122812
24.630259984967953	1.9853975	1.4090413
24.64819984038863	1.9684641	1.4030197
24.66614030943522	1.9587487	1.3995531
24.684081392610462	1.9610981	1.400392
24.702023090417274	1.9197844	1.3855629
24.7199654033587	1.9301633	1.3893032
24.737908331937927	1.9618884	1.4006742
24.755851876658305	2.0215886	1.4218258
24.773796038023324	2.0307882	1.4250573
24.79174081653661	2.097565	1.4482973
24.809686212701962	2.161141	1.4700819
24.827632227023294	2.136204	1.4615759
24.8455788600047	2.1388216	1.462471
24.8635261121504	2.1861756	1.4785721
24.88147398396475	2.140977	1.4632077
24.899422475952303	2.1079204	1.4518679
24.917371588617698	2.0834446	1.4434142
24.935321322465768	2.135452	1.4613186
24.953271678001478	2.2449133	1.4983035
24.97122265572994	2.4547367	1.56676
24.989174256156414	2.7650828	1.6628538
25.00712647978632	3.2156808	1.793232
25.02507932712521	3.791832	1.9472626
25.043032798678798	4.37152	2.090818
25.060986894952933	5.0974693	2.2577577
25.078941616453637	5.854141	2.4195333
25.096896963687055	6.756391	2.5993059
25.114852937159508	7.992401	2.8270836
25.132809537377444	8.519511	2.9188201
25.150766764847468	8.511097	2.9173784
25.168724620076347	7.868156	2.8050234
25.186683103570985	6.835344	2.614449
25.204642215838426	5.6438293	2.3756745
25.222601957385894	4.301051	2.0738976
25.24056232872074	3.2258697	1.7960706
25.25852333035048	2.659092	1.6306722
25.276484962782778	2.3175788	1.5223596
25.294447226525435	2.0966275	1.4479736
25.312410122086423	2.0116472	1.4183255
25.330373649973843	1.9582092	1.3993603
25.348337810695988	1.9548893	1.3981736
25.366302604761245	1.9516771	1.3970244
25.384268032678207	1.9237376	1.3869886
25.40223409495558	1.9243987	1.3872269
25.420200792102257	1.8715519	1.3680468
25.438168124627246	1.8964318	1.37711
25.45613609303974	1.9074242	1.3810953
25.474104697849057	1.9426687	1.3937964
25.492073939564698	1.9268031	1.3880934
25.510043818696285	1.8954828	1.3767654
25.528014335753614	1.8945881	1.3764404
25.54598549124664	1.9107907	1.3823135
25.56395728568544	1.8636425	1.365153
25.58192971958028	1.8238388	1.3504958
25.59990279344156	1.8130621	1.3464999
25.617876507779833	1.8236203	1.3504149
25.635850863105826	1.831389	1.3532882
25.653825859930386	1.8168393	1.3479018
25.671801498764548	1.8507609	1.3604268
25.68977778011949	1.8713063	1.367957
25.707754704506524	1.8647994	1.3655766
25.725732272437153	1.8816165	1.3717203
25.743710484423012	1.9238731	1.3870375
25.761689340975888	1.9196823	1.385526
25.77966884260774	1.9338084	1.3906144
25.797648989830662	1.9129173	1.3830825
25.815629783156922	1.9011594	1.3788254
25.83361122309895	1.8632673	1.3650155
25.85159331016929	1.8529502	1.3612311
25.869576044880695	1.8570242	1.3627268
25.887559427746034	1.8871795	1.3737465
25.90554345927836	1.8648188	1.3655837
25.92352813999086	1.8591174	1.3634945
25.94151347039689	1.8369627	1.355346
25.959499451009965	1.8507583	1.3604258
25.97748608234374	1.8349202	1.3545922
25.995473364912062	1.8443459	1.358067
26.013461299228904	1.8820965	1.3718952
26.03144988580839	1.8849627	1.3729395
26.04943912516483	1.9017847	1.379052
26.067429017812675	1.8576959	1.3629732
26.085419564266537	1.8395686	1.356307
26.103410765041186	1.833911	1.3542197
26.12140262065155	1.8493806	1.3599193
26.139395131612723	1.8290402	1.3524201
26.157388298439948	1.8036244	1.3429909
26.17538212164861	1.7521241	1.3236783
26.193376601754295	1.751726	1.3235279
26.211371739272714	1.7488791	1.322452
26.229367534719746	1.7529544	1.3239918
26.247363988611433	1.7201251	1.3115354
26.26536110146397	1.7557576	1.32505
26.283358873793727	1.8197575	1.3489839
26.301357306117204	1.8543495	1.361745
26.319356398951104	1.8257637	1.3512082
26.33735615281224	1.8666842	1.3662665
26.35535656821762	1.8913951	1.37528
26.373357645684404	1.9297544	1.389156
26.39135938572991	1.8821603	1.3719184
26.409361788871614	1.8406036	1.3566885
26.427364855627165	1.7940621	1.339426
26.445368586514352	1.7817315	1.3348151
26.46337298205115	1.7990056	1.3412702
26.48137804275568	1.813447	1.3466429
26.499383769146217	1.8414428	1.3569977
26.517390161741215	1.8689716	1.3671033
26.53539722105928	1.8718746	1.3681647
26.553404947619182	1.8491501	1.3598346
26.571413341939856	1.8566024	1.362572
26.589422404540397	1.8855951	1.3731698
26.60743213594006	1.8848084	1.3728832
26.62544253665827	1.8692291	1.3671975
26.64345360721459	1.8868467	1.3736254
26.66146534812879	1.8611702	1.3642471
26.679477759920758	1.8749317	1.3692814
26.69749084311057	1.8837557	1.3724998
26.71550459821847	1.8765959	1.369889
26.733519025764842	1.8680382	1.3667619
26.751534126270258	1.9044414	1.380015
26.769549900255434	1.9536929	1.3977456
26.787566348241267	1.9094088	1.3818136
26.80558347074881	1.8420213	1.3572109
26.823601268299267	1.8399276	1.3564394
26.841619741414036	1.8301173	1.3528183
26.85963889061465	1.8209946	1.3494424
26.877658716422832	1.8370289	1.3553704
26.89567921936045	1.8445787	1.3581527
26.913700399949544	1.812534	1.3463038
26.93172225871233	1.773756	1.3318243
26.949744796171174	1.7952749	1.3398787
26.967768012848605	1.8513327	1.3606368
26.98579190926733	1.843504	1.357757
27.003816485950225	1.805398	1.3436509
27.021841743420318	1.8310764	1.3531727
27.039867682200814	1.8826666	1.372103
27.057894302815072	1.9125491	1.3829495
27.07592160578664	1.929157	1.3889409
27.0939495916392	1.8544066	1.361766
27.111978260896635	1.8292835	1.3525101
27.13000761408296	1.803022	1.3427665
27.148037651722397	1.8059347	1.3438507
27.166068374339304	1.7707781	1.3307059
27.184099782458215	1.770021	1.3304213
27.20213187660384	1.7893031	1.3376484
27.22016465730105	1.8011167	1.3420569
27.23819812507487	1.7850294	1.3360499
27.256232280450533	1.8117932	1.3460287
27.274267123953383	1.861863	1.364501
27.292302656108987	1.8913138	1.3752505
27.31033887744306	1.8650017	1.3656507
27.32837578848146	1.8460308	1.3586872
27.34641338975026	1.8312941	1.3532531
27.364451681775673	1.7995007	1.3414547
27.382490665084074	1.7547235	1.3246598
27.400530340202046	1.7350186	1.317201
27.41857070765629	1.7365023	1.3177642
27.436611767973726	1.7437831	1.3205239
27.454653521681404	1.7451794	1.3210524
27.472695969306564	1.7518191	1.3235631
27.490739111376627	1.8004317	1.3418016
27.508782948419153	1.8238173	1.3504878
27.526827480961902	1.8079712	1.3446082
27.54487270953279	1.8093693	1.3451279
27.562918634659898	1.8127971	1.3464016
27.580965256871508	1.7954483	1.3399434
27.599012576696026	1.8167876	1.3478826
27.617060594662068	1.8592491	1.3635428
27.63510931129842	1.8688537	1.3670602
27.65315872713401	1.8784391	1.3705616
27.67120884269797	1.8413489	1.3569632
27.68925965851958	1.8284196	1.3521906
27.707311175128307	1.8477833	1.359332
27.725363393053787	1.8956325	1.3768197
27.74341631282583	1.9167361	1.3844624
27.7614699349744	1.9124902	1.3829281
27.77952426002968	2.0565507	1.4340678
27.797579288521973	2.0793328	1.4419892
27.815635020981784	2.5281944	1.5900297
27.83369145793979	2.6071196	1.6146578
27.85174859992682	2.5026922	1.58199
27.869806447473923	2.3641462	1.537578
27.887865001112267	2.0520046	1.432482
27.905924261373233	1.9486933	1.395956
27.92398422878836	1.9455509	1.3948301
27.94204490388936	1.9342163	1.390761
27.96010628720813	1.9327075	1.3902185
27.978168379276728	1.9139673	1.3834621
27.9962311806274	1.9020556	1.3791503
28.014294691792568	1.8583509	1.3632134
28.0323589133048	1.8264012	1.3514441
28.050423845696887	1.8413742	1.3569725
28.068489489501758	1.8532568	1.3613437
28.086555845252523	1.9023148	1.3792443
28.104622913482487	1.8967009	1.3772076
28.122690694725115	1.9209682	1.3859899
28.14075918951405	1.9338319	1.3906229
28.15882839838312	1.8957585	1.3768655
28.176898321866304	1.873965	1.3689284
28.1949689604978	1.8937289	1.3761282
28.213040314811945	1.9671562	1.4025534
28.23111238534327	1.9781325	1.406461
28.249185172626493	1.9226108	1.3865824
28.267258677196473	1.8864151	1.3734683
28.285332899588294	1.9052045	1.3802915
28.303407840337172	1.9021177	1.3791728
28.321483499978545	1.9474105	1.3954965
28.33955987904799	1.979875	1.4070803
28.357636978081285	1.9779978	1.4064131
28.37571479761439	1.9356198	1.3912655
28.393793338183425	1.9239752	1.3870744
28.41187260032469	1.9471685	1.3954098
28.429952584574686	1.963385	1.4012084
28.448033291470065	2.0127916	1.4187288
28.46611472154769	2.020981	1.4216121
28.484196875344566	2.0489023	1.4313987
28.502279753397914	2.0653377	1.4371283
28.52036335624511	2.0313578	1.4252571
28.538447684423716	2.0257246	1.4232795
28.556532738471482	1.9586314	1.3995111
28.574618518926325	1.9057546	1.3804907
28.59270502632635	1.9652522	1.4018745
28.61079226120985	2.0369625	1.427222
28.628880224115274	2.0734987	1.4399649
28.646968915581287	2.0589027	1.4348878
28.66505833614671	2.0469573	1.4307191
28.68314848635055	2.0620708	1.4359913
28.701239366732004	2.0737689	1.4400586
28.71933097783044	2.0956964	1.4476521
28.737423320185403	2.104589	1.4507202
28.75551639433665	2.116774	1.4549137
28.773610200824074	2.1276515	1.4586471
28.791704740187793	2.0829282	1.4432353
28.80980001296809	2.0855305	1.4441366
28.827896019705413	2.1591237	1.4693956
28.845992760940433	2.1691506	1.4728036
28.86409023721397	2.1876347	1.4790655
28.88218844906704	2.2799835	1.5099615
28.900287397040845	2.3185675	1.5226843
28.918387081676755	2.2939525	1.51458
28.936487503516343	2.2641501	1.5047094
28.954588663101365	2.2551866	1.5017278
28.97269056097374	2.2289646	1.4929718
28.990793197675597	2.2147374	1.4881994
29.00889657374923	2.2369454	1.4956422
29.027000689737125	2.3254237	1.524934
29.04510554618196	2.348875	1.532604
29.06321114362659	2.4106994	1.5526427
29.08131748261405	2.5053456	1.5828284
29.099424563687567	2.5356386	1.5923688
29.11753238739057	2.540092	1.5937666
29.13564095426663	2.5464246	1.595752
29.15375026485954	2.5661292	1.6019143
29.171860319713275	2.6071591	1.6146699
29.18997111937199	2.6360826	1.6236018
29.20808266438002	2.7283607	1.651775
29.226194955281898	2.8138828	1.6774632
29.244307992622335	2.9061108	1.7047318
29.26242177694624	2.921979	1.7093797
29.2805363087987	2.870758	1.6943312
29.29865158872498	2.8360083	1.6840452
29.316767617270557	2.8382938	1.6847236
29.334884394981064	2.9410353	1.7149447
29.353001922402367	3.0503793	1.7465335
29.37112020008047	3.1723347	1.7811049
29.389239228561596	3.286502	1.8128712
29.407359008392152	3.4072971	1.8458866
29.42547954011872	3.7133381	1.9270024
29.44360082428809	4.3616896	2.088466
29.46172286144722	5.4467154	2.3338199
29.479845652143283	7.0312824	2.6516566
29.497969196923606	9.139546	3.0231683
29.516093496335728	11.726619	3.424415
29.5342185509274	14.56511	3.8164263
29.55234436124651	16.93384	4.1150746
29.570470927841175	18.164598	4.261995
29.588598251259686	17.76727	4.2151237
29.60672633205055	16.601875	4.0745397
29.624855170762405	14.520028	3.8105154
29.642984767944146	11.673881	3.416706
29.66111512414481	8.933395	2.9888787
29.67924623991366	6.6626163	2.5812044
29.697378115800138	5.0737605	2.252501
29.71551075235387	4.1960087	2.0484161
29.733644150124675	3.8121145	1.9524637
29.751778309662576	3.571464	1.8898318
29.769913231517766	3.4184465	1.8489041
29.78804891624066	3.4214923	1.8497276
29.806185364381818	3.3992186	1.843697
29.82432257649206	3.3500745	1.8303208
29.842460553122333	3.3162906	1.8210685
29.86059929482382	3.381428	1.838866
29.878738802147872	3.469386	1.8626288
29.896879075646048	3.5032847	1.8717064
29.915020115870114	3.447749	1.8568115
29.933161923371976	3.4069073	1.845781
29.951304498703777	3.3095596	1.8192195
29.969447842417857	3.20621	1.7905892
29.987591955066733	3.1884842	1.7856327
30.005736837203123	3.282583	1.81179
30.023882489379943	3.3184974	1.8216743
30.04202891215028	3.322244	1.8227024
30.060176106067455	3.318841	1.8217686
30.078324071684946	3.2888649	1.8135228
30.09647280955646	3.194817	1.7874051
30.114622320235863	3.1213691	1.7667397
30.132772604277257	3.051954	1.7469842
30.1509236622349	3.0672357	1.7513525
30.16907549466328	3.1019459	1.7612342
30.18722810211705	3.0641005	1.7504572
30.205381485151097	3.035856	1.7423708
30.22353564432045	3.0827918	1.7557881
30.241690580180403	3.045685	1.7451891
30.25984629328638	3.0031948	1.7329729
30.278002784194037	2.977497	1.7255425
30.296160053459246	2.9938188	1.7302655
30.314318101638033	3.0058908	1.7337505
30.332476929286646	2.9963644	1.731001
30.35063653696153	2.9544697	1.718857
30.368796925219307	2.9660404	1.7222196
30.386958094616844	2.9566836	1.719501
30.40512004571115	2.8976736	1.7022555
30.423282779059463	2.873625	1.695177
30.441446295219233	2.9097586	1.7058015
30.459610594748067	2.9591074	1.7202057
30.47777567820382	2.9795504	1.7261374
30.495941546144504	2.936853	1.7137249
30.51410819912835	2.9008071	1.7031757
30.532275637713795	2.9191856	1.7085625
30.55044386245946	2.9016073	1.7034105
30.56861287392416	2.8430853	1.6861451
30.586782672666956	2.8640828	1.6923602
30.604953259247047	2.8652377	1.6927013
30.623124634223885	2.8752794	1.6956649
30.641296798157075	2.8183098	1.6787822
30.659469751606462	2.7491503	1.6580561
30.677643495132074	2.6723824	1.6347423
30.695818029294152	2.653098	1.6288334
30.713993354653116	2.6519103	1.6284688
30.73216947176962	2.699748	1.643091
30.75034638120448	2.7612631	1.6617049
30.768524083518756	2.804676	1.6747167
30.786702579273673	2.8203015	1.6793753
30.80488186903069	2.8389003	1.6849036
30.82306195335144	2.9402149	1.7147055
30.841242832797782	3.1771805	1.7824647
30.85942450793176	3.4356015	1.8535376
30.877606979315637	3.7857525	1.945701
30.895790247511883	4.1541367	2.0381699
30.913974313083134	4.574953	2.138914
30.932159176592283	4.8892126	2.2111564
30.95034483860237	4.898393	2.2132313
30.968531299676698	4.6138	2.147976
30.98671856037873	4.28421	2.0698333
31.00490662127215	3.906313	1.9764395
31.023095482920848	3.5013475	1.8711888
31.04128514588892	3.0736096	1.7531713
31.059475610740662	2.7142563	1.6475
31.07766687804056	2.5138252	1.5855047
31.09585894835335	2.459112	1.5681555
31.11405182224393	2.5381088	1.5931443
31.132245500277417	2.567641	1.602386
31.15043998301914	2.5307794	1.5908424
31.168635271034628	2.5126634	1.5851383
31.18683136488964	2.533798	1.5917908
31.20502826515008	2.445061	1.5636691
31.223225972382135	2.4459827	1.5639638
31.241424487152155	2.4894927	1.5778127
31.259623810026692	2.5104313	1.584434
31.27782394157253	2.501954	1.5817566
31.296024882356644	2.4143586	1.5538206
31.314226632946237	2.3714013	1.5399355
31.332429193908684	2.476471	1.5736808
31.350632565811598	2.5199149	1.5874239
31.368836749222787	2.5266	1.5895282
31.387041744710295	2.4646869	1.5699321
31.40524755284232	2.4676392	1.5708721
31.423454174187317	2.5127473	1.5851648
31.441661609313922	2.558393	1.5994977
31.459869858791002	2.542051	1.5943811
31.478078923187628	2.4726772	1.5724748
31.496288803073064	2.3858826	1.5446303
31.514499499016807	2.3464663	1.531818
31.532711011588546	2.291606	1.5138052
31.550923341358178	2.3134801	1.5210129
31.56913648889584	2.3804455	1.5428692
31.587350454771844	2.3676734	1.5387245
31.605565239556732	2.3443289	1.5311202
31.62378084382127	2.3450558	1.5313575
31.641997268136382	2.309045	1.5195543
31.660214513073274	2.2983823	1.5160416
31.67843257920331	2.3071601	1.5189339
31.6966514670981	2.2853074	1.5117233
31.71487117732944	2.256522	1.5021724
31.733091710469346	2.2344878	1.4948204
31.751313067090052	2.2205317	1.4901448
31.769535247764008	2.257301	1.5024318
31.787758253063878	2.3125122	1.5206946
31.805982083562526	2.4185562	1.5551708
31.824206739833024	2.405397	1.5509342
31.84243222244869	2.3180084	1.5225008
31.860658531983013	2.2702308	1.5067285
31.878885669009737	2.3020592	1.5172539
31.897113634102784	2.265518	1.5051638
31.91534242783632	2.3064764	1.5187088
31.933572050784694	2.2409363	1.4969757
31.951802503522508	2.2289882	1.4929796
31.970033786624548	2.211779	1.4872051
31.988265900665834	2.248333	1.4994442
32.006498846221575	2.1963866	1.4820211
32.02473262386724	2.2727835	1.5075754
32.04296723417845	2.262048	1.5040107
32.0612026777311	2.2067986	1.4855298
32.07943895510129	2.1310968	1.4598277
32.097676066865304	2.085218	1.4440284
32.115914013599685	2.1400301	1.4628842
32.13415279588115	2.1742728	1.4745415
32.152392414286666	2.1657052	1.4716336
32.1706328693934	2.189039	1.4795401
32.18887416177875	2.1942618	1.481304
32.20711629202032	2.1865263	1.4786907
32.225359260695924	2.196897	1.4821934
32.243603068383614	2.1818037	1.477093
32.26184771566166	2.1780596	1.4758251
32.28009320310852	2.1131823	1.4536788
32.2983395313029	2.0827584	1.4431765
32.31658670082372	2.04913	1.4314783
32.33483471225012	2.0539467	1.4331597
32.35308356616143	2.120149	1.4560732
32.371333263137245	2.1001008	1.4491725
32.38958380375734	2.0525267	1.4326642
32.407835188601744	2.0590005	1.4349217
32.42608741825067	2.0662885	1.437459
32.444340493284585	2.1044648	1.4506774
32.46259441428416	2.0732594	1.4398817
32.48084918183028	2.1141214	1.4540019
32.49910479650405	2.1614792	1.470197
32.51736125888683	2.1774566	1.4756207
32.53561856956014	2.1576853	1.4689062
32.5538767291058	2.1107495	1.4528419
32.572135738105764	2.10512	1.4509032
32.59039559714228	2.2213497	1.4904193
32.608656306797776	2.1736555	1.4743322
32.62691786765491	1.9639952	1.4014262
32.645180280296586	1.8472475	1.3591348
32.663443545305896	1.8939593	1.3762119
32.68170766326619	1.9984066	1.4136502
32.69997263476099	2.0738149	1.4400746
32.7182384603741	2.0593681	1.4350499
32.7365051406895	2.0000749	1.41424
32.75477267629144	1.9995917	1.4140692
32.77304106776434	2.0284913	1.4242511
32.79131031569289	2.0617108	1.4358659
32.809580420661966	2.0474098	1.4308773
32.827851383256714	2.046496	1.4305578
32.84612320406245	2.0144753	1.4193221
32.86439588366476	1.9748558	1.4052956
32.88266942264945	2.05339	1.4329655
32.9009438216025	2.0522544	1.4325691
32.9192190811102	1.9803934	1.4072645
32.937495201758985	1.9122869	1.3828546
32.95577218413556	1.9360969	1.3914369
32.974050028826866	1.9931325	1.4117835
32.992328736420035	2.0269957	1.423726
33.010608307502444	1.9717782	1.4042002
33.02888874266169	1.9478058	1.3956381
33.047170042485604	1.955314	1.3983254
33.06545220756225	1.9815931	1.4076908
33.083735238479896	1.9953794	1.412579
33.10201913582707	1.9757701	1.4056209
33.12030390019248	2.0129662	1.4187903
33.138589532165135	2.0889919	1.4453346
33.15687603233419	2.066691	1.4375991
33.17516340128909	2.066607	1.4375699
33.19345163961947	2.0584023	1.4347134
33.211740747915215	2.048944	1.4314133
33.23003072676643	2.0663416	1.4374775
33.248321576763466	2.0766087	1.4410443
33.266613298496885	1.9375355	1.3919538
33.28490589255747	1.9131683	1.3831732
33.30319935953626	1.8858263	1.373254
33.32149370002451	1.9606292	1.4002247
33.339788914613706	1.9741539	1.4050459
33.358085003895575	2.0082324	1.4171212
33.376381968462034	2.0709953	1.4390953
33.39467980890529	2.0574827	1.4343928
33.41297852581774	2.0094702	1.4175578
33.43127811979204	1.9845412	1.4087374
33.44957859142105	1.9388169	1.3924141
33.467879941297866	1.8038857	1.3430882
33.486182170015844	1.7472495	1.3218356
33.50448527816853	1.8026016	1.34261
33.522789266349754	1.9632362	1.4011554
33.541094135153514	2.044554	1.4298791
33.55939988517411	1.9881254	1.410009
33.57770651700602	1.9716196	1.4041437
33.59601403124398	1.922862	1.386673
33.61432242848296	1.9084315	1.38146
33.632631709318154	1.9734663	1.4048011
33.650941874344994	2.0331254	1.4258771
33.66925292415916	2.017365	1.4203397
33.68756485935654	1.9810487	1.4074973
33.70587768053328	1.918451	1.3850815
33.724191388285746	1.8200468	1.349091
33.74250598321054	1.7997348	1.341542
33.760821465904506	1.8290352	1.3524183
33.77913783696474	1.9380815	1.3921499
33.79745509698852	1.9869027	1.4095753
33.815773246573414	1.9788828	1.4067277
33.8340922863172	1.9646698	1.4016668
33.852412216817896	1.9566447	1.3988012
33.87073303867377	1.8507099	1.360408
33.889054752483304	1.7812089	1.3346194
33.907377358845245	1.7707747	1.3307046
33.92570085835853	1.8680358	1.3667611
33.94402525162239	2.0424373	1.4291387
33.96235053923627	2.0703583	1.438874
33.980676721799824	2.0844097	1.4437485
33.999003799912984	2.023091	1.4223541
34.01733177417592	1.9545262	1.3980438
34.03566064518901	1.998947	1.4138412
34.0539904135529	2.0097396	1.4176528
34.07232107986846	2.0528476	1.4327762
34.090652644736785	2.0159388	1.4198376
34.108985108759235	2.000723	1.4144691
34.12731847253742	2.0391088	1.4279736
34.14565273667313	2.069283	1.4385003
34.16398790176847	1.999594	1.41407
34.18232396842574	1.9798588	1.4070746
34.20066093724749	1.9471749	1.3954121
34.21899880883651	2.1057367	1.4511157
34.23733758379583	2.1059792	1.4511992
34.25567726272874	1.926107	1.3878425
34.27401784623872	1.760436	1.3268143
34.29235933492957	1.8269948	1.3516637
34.31070172940526	1.8687574	1.367025
34.32904503027003	1.7950999	1.3398134
34.347389238128386	1.8649738	1.3656404
34.36573435358502	2.0044148	1.4157735
34.38408037724492	2.054454	1.4333367
34.402427309713296	1.9739186	1.4049621
34.42077515159559	1.9979357	1.4134835
34.43912390349752	2.0934174	1.4468647
34.45747356602499	2.027707	1.4239758
34.47582413978423	1.9462967	1.3950974
34.49417562538163	1.9919995	1.4113821
34.51252802342388	1.9149742	1.3838259
34.53088133451789	1.797372	1.340661
34.54923555927084	1.8553299	1.3621049
34.567590698290104	2.031337	1.4252498
34.58594675218336	2.1003616	1.4492624
34.6043037215585	2.198264	1.4826543
34.62266160702365	2.1615021	1.4702048
34.641020409187234	2.0075862	1.4168931
34.65938012865785	1.9397657	1.3927547
34.677740766044394	1.9110408	1.382404
34.69610232195598	1.7625401	1.3276069
34.714464797002016	1.8678998	1.3667113
34.73282819179208	2.1068604	1.4515028
34.751192506936064	2.3181405	1.5225441
34.76955774304408	2.1316204	1.460007
34.7879239007265	1.9533359	1.3976179
34.80629098059391	2.0566773	1.4341121
34.824658983257194	2.15933	1.4694659
34.843027909327446	2.1617975	1.4703052
34.86139775941603	2.1809378	1.4767998
34.879768534134534	2.014724	1.4194098
34.89814023409483	1.8698894	1.367439
34.91651285990901	1.9810724	1.4075058
34.93488641218944	1.9362535	1.3914933
34.95326089154871	1.9657696	1.4020591
34.97163629859967	1.9725552	1.4044769
34.99001263395542	1.9371595	1.3918188
35.00838989822934	1.8315977	1.3533653
35.02676809203499	1.8154004	1.3473679
35.04514721598624	1.8536128	1.3614745
35.063527270697215	2.074176	1.4402
35.081908256782256	2.0913167	1.4461385
35.10029017485597	1.9390224	1.3924879
35.11867302553321	1.8798634	1.3710811
35.137056809429104	1.8286995	1.3522942
35.155441527159006	1.9161613	1.3842548
35.173827179338524	2.020378	1.4214001
35.19221376658354	2.1888993	1.4794929
35.21060128951017	2.2338061	1.4945923
35.2289897487348	2.3182745	1.5225881
35.24737914487405	2.2119746	1.4872708
35.26576947854479	2.0078452	1.4169846
35.28416075036418	1.8223647	1.3499498
35.30255296094958	1.6616526	1.289051
35.32094611091867	1.7876551	1.3370322
35.33934020088932	1.9756368	1.4055735
35.35773523147969	2.1644883	1.47122
35.3761312033082	2.1292899	1.4592086
35.394528116993506	1.8966213	1.3771788
35.41292597315452	2.06256	1.4361616
35.431324772410434	2.1161723	1.4547069
35.449724515380666	2.1772072	1.4755362
35.46812520268491	2.589604	1.6092247
35.486526834943106	2.3253107	1.524897
35.504929412775454	2.0800486	1.4422374
35.52333293680242	2.0064979	1.416509
35.54173740764471	1.8938534	1.3761735
35.560142825923286	2.1079404	1.4518749
35.5785491922594	1.5567586	1.2477013
35.59695650727454	0.5093261	0.71367085
35.61536477159042	0.0	0.0
