0.008763373481513119	0.0	0.0
0.026290120649546365	0.14626539	0.3824466
0.043816868432600686	0.1255995	0.3544002
0.06134361724069026	0.1314458	0.36255455
0.07887036748382949	0.111827336	0.33440596
0.0963971195720331	0.057742476	0.24029665
0.11392387391531617	0.05117506	0.22621906
0.1314506309236943	0.06582956	0.25657272
0.1489773910071836	0.111869484	0.33446896
0.16650415457580078	0.1660755	0.4075236
0.18403092203956356	0.16537762	0.40666646
0.20155769380849	0.15794536	0.39742342
0.2190844702925996	0.13010728	0.3607039
0.2366112519019124	0.08394421	0.28973126
0.2541380390464497	0.09382726	0.30631235
0.27166483213623416	0.10002954	0.31627446
0.28919163158128947	0.14654696	0.38281453
0.3067184377916406	0.17370738	0.41678217
0.324245251177314	0.16084501	0.40105486
0.34177207214833777	0.14888377	0.3858546
0.3592989011147415	0.14176463	0.37651643
0.37682573848655654	0.19667555	0.44348118
0.39435258467381573	0.17566624	0.41912556
0.41187944008655414	0.14755607	0.38413027
0.42940630513480854	0.13895246	0.37276328
0.446933180228618	0.13846475	0.37210852
0.4644600657780234	0.12804164	0.35782906
0.48198696219306775	0.13602126	0.3688106
0.49951386988379676	0.15472105	0.39334598
0.5170407892602581	0.1529918	0.39114165
0.5345677207325025	0.16297027	0.40369576
0.5520946647105822	0.15446793	0.3930241
0.5696216216045534	0.19520406	0.44181904
0.5871485918244737	0.1964973	0.44328016
0.6046755757804043	0.23132227	0.48095974
0.6222025738824094	0.23022017	0.47981265
0.6397295865405557	0.26401922	0.513828
0.6572566141649129	0.21245807	0.46093175
0.6747836571655547	0.1754925	0.41891825
0.6923107159525568	0.13398084	0.36603394
0.7098377909359992	0.17129444	0.4138773
0.7273648825259653	0.17758267	0.42140558
0.7448919911325411	0.194342	0.4408424
0.762419117165817	0.23616467	0.4859678
0.7799462610358868	0.2858052	0.5346075
0.7974734231528482	0.28280059	0.53178996
0.8150006039268024	0.23895495	0.48883018
0.8325278037678551	0.2010862	0.44842637
0.8500550230861152	0.18276943	0.42751542
0.8675822622916969	0.18010947	0.42439306
0.8851095217947171	0.18409945	0.42906812
0.9026368020052984	0.19013874	0.436049
0.9201641033335665	0.19991891	0.44712293
0.9376914261896523	0.22209474	0.47126928
0.9552187709836915	0.2437745	0.49373525
0.9727461381258234	0.25533807	0.5053099
0.990273528026193	0.24345276	0.4934093
1.0078009410949496	0.23133907	0.4809772
1.0253283777422473	0.22143586	0.47056973
1.0428558383782454	0.2346293	0.4843855
1.0603833234131086	0.24342896	0.4933852
1.0779108332570058	0.2659398	0.5156935
1.0954383683201119	0.26484162	0.51462764
1.112965929012607	0.29820523	0.5460817
1.1304935157446763	0.4336559	0.6585255
1.1480211289265108	0.49628752	0.7044768
1.1655487689683062	1.3912226	1.1795009
1.1830764362802655	1.7057841	1.3060567
1.200604131272596	2.111639	1.453148
1.2181318543555117	2.3543997	1.5344054
1.235659605939232	2.2915273	1.5137792
1.253187386433982	3.8973598	1.9741732
1.270715196249994	6.2155104	2.4930925
1.2882430357975057	11.700981	3.4206698
1.3057709054867608	16.593992	4.0735726
1.3232988057280106	22.819649	4.7769914
1.3408267369315112	27.938614	5.285699
1.358354699507526	31.585604	5.620107
1.3758826938663256	35.187904	5.931939
1.3934107204181858	36.840885	6.0696692
1.410938779573391	37.522694	6.125577
1.4284668717422309	38.48734	6.2038164
1.4459949973350033	37.845406	6.151862
1.4635231567620117	37.848717	6.152131
1.4810513504335687	37.05513	6.0872927
1.4985795787599925	36.600643	6.0498466
1.5161078421516088	35.967167	5.9972634
1.5336361410187505	35.02084	5.917841
1.5511644757717598	35.03448	5.9189935
1.5686928468209842	35.53922	5.9614778
1.58622125457678	36.174328	6.0145097
1.6037496994495108	37.565407	6.1290627
1.621278181849548	37.80945	6.1489387
1.6388067021872719	38.671383	6.2186317
1.6563352608730693	37.859207	6.1529837
1.673863858317336	36.45652	6.0379233
1.6913924949304753	35.147125	5.928501
1.7089211711228998	34.272346	5.854259
1.7264498873050296	33.55018	5.7922516
1.7439786438872935	32.92027	5.737619
1.7615074412801288	32.042164	5.6605797
1.779036279893981	31.386808	5.602393
1.796565160139305	30.516125	5.5241404
1.814094082426564	29.705574	5.450282
1.8316230471662298	29.16213	5.400197
1.849152054768784	28.259249	5.315943
1.8666811056447168	27.771315	5.26985
1.8842102002045273	26.84388	5.181108
1.901739338858724	26.226831	5.121214
1.9192685220178245	25.474604	5.0472374
1.9367977500923557	24.75033	4.9749703
1.9543270234928547	24.227194	4.922113
1.971856342629867	23.597057	4.8576803
1.9893857079139496	23.038385	4.799832
2.006915119755667	22.649122	4.7591095
2.0244445785655945	22.20406	4.712118
2.0419740847543175	21.955872	4.6857095
2.0595036387324317	21.578405	4.645256
2.0770332409105414	20.980644	4.5804634
2.094562891699263	20.621208	4.541058
2.1120925915092217	20.012808	4.4735675
2.129622340751053	19.691277	4.437485
2.1471521398354043	187.66281	13.699008
2.1646819891729323	444.01077	21.071564
2.182211889174303	440.11685	20.978962
2.1997418402501974	452.88345	21.28106
2.2172718428113023	433.01694	20.80906
2.234801897268317	321.28445	17.92441
2.2523320040319548	17.743313	4.212281
2.269862163512935	17.157885	4.1422076
2.287392376121992	16.871044	4.1074376
2.304922642269869	16.432257	4.053672
2.322452962367322	16.239016	4.029766
2.3399833368251164	15.983164	3.997895
2.357513766054032	15.598958	3.9495516
2.3750442504648586	15.142869	3.891384
2.3925747904683963	14.807915	3.8481054
2.410105386475459	14.712065	3.835631
2.4276360388968707	14.590808	3.8197916
2.445166748143469	14.314886	3.7835019
2.4626975146261025	13.842479	3.7205482
2.4802283387556323	13.472133	3.6704404
2.4977592209429305	13.35168	3.653995
2.5152901615988825	13.248946	3.6399102
2.5328211611343865	12.968885	3.601234
2.5503522199603523	12.625669	3.5532618
2.5678833384877024	12.331953	3.511688
2.5854145171273712	12.278984	3.5041382
2.6029457562903064	12.031802	3.4686887
2.620477056387469	11.863473	3.4443393
2.6380084178298326	11.677044	3.417169
2.655539841028383	11.440204	3.382337
2.673071326394119	11.155996	3.3400593
2.6906028743380523	10.909561	3.3029625
2.708134485271211	10.679694	3.26798
2.7256661596046325	10.695258	3.2703605
2.743197897749369	10.524441	3.2441394
2.760729700116486	10.494642	3.2395434
2.778261567117063	10.434355	3.230225
2.795793499162193	10.485649	3.2381551
2.8133254966629817	10.422031	3.228317
2.830857560030551	10.190284	3.1922224
2.8483896896760337	9.894856	3.1456091
2.865921886010578	9.630687	3.1033347
2.883454149445347	9.513169	3.0843427
2.9009864803915177	9.379473	3.0625925
2.91851887926028	9.233722	3.038704
2.9360513464628384	9.19751	3.0327396
2.953583882410413	9.043711	3.0072763
2.9711164875142373	9.008716	3.0014522
2.9886491621855606	8.905592	2.9842238
3.0061819068356455	8.803638	2.9670925
3.023714721875769	8.578652	2.9289336
3.041247607717225	8.41995	2.901715
3.0587805647713213	8.366873	2.8925548
3.0763135934493806	8.414008	2.900691
3.0938466941627407	8.389222	2.8964155
3.1113798673227544	8.202829	2.8640583
3.1289131133407904	8.111733	2.8481104
3.1464464326282315	7.9102206	2.8125114
3.1639798255964786	7.760734	2.7858095
3.1815132926569443	7.460287	2.7313526
3.1990468342210603	7.331393	2.7076545
3.216580450700272	7.288447	2.6997123
3.2341141425060416	7.352164	2.7114873
3.251647910049847	7.392758	2.7189627
3.2691817537431813	7.2699013	2.6962755
3.286715673997555	7.196782	2.6826818
3.3042496712244938	7.1492286	2.673804
3.32178374583554	6.9910636	2.644062
3.339317898242251	6.8901153	2.624903
3.3568521288562034	6.8338614	2.6141655
3.3743864380889876	6.8932137	2.625493
3.3919208263522127	6.830448	2.6135125
3.4094552940575023	6.660442	2.5807831
3.4269898416164972	6.5606656	2.5613797
3.444524469440858	6.4363017	2.5369868
3.4620591779422587	6.4065976	2.5311258
3.479593967532391	6.3545165	2.5208166
3.4971288386229658	6.4094076	2.5316808
3.5146637916257086	6.3849225	2.5268404
3.5321988269523628	6.3409834	2.518131
3.5497339450146903	6.183322	2.4866285
3.5672691462244708	6.1501102	2.4799416
3.5848044309934988	6.0979486	2.4694026
3.60233979973359	6.0671563	2.4631598
3.619875252856575	6.0947247	2.4687495
3.6374107907743034	6.2107186	2.4921312
3.6549464138986427	6.226647	2.495325
3.6724821226414788	6.329974	2.515944
3.690017917414714	6.332433	2.5164325
3.7075537986302702	6.3249216	2.5149398
3.7250897667000857	6.403578	2.5305293
3.7426258220361235	6.45606	2.5408778
3.7601619650503553	6.7282333	2.5938838
3.777698196154779	7.1959424	2.6825254
3.7952345157614067	8.316016	2.8837504
3.8127709242822716	9.284956	3.0471225
3.830307422129425	11.61208	3.4076502
3.847844009714936	30.406004	5.514164
3.8653806874508954	97.87386	9.893122
3.882917455749409	97.08593	9.853219
3.900454315022606	96.832886	9.84037
3.917991265682631	41.32518	6.4284663
3.9355283081416506	11.003392	3.317136
3.9530654428118495	8.731891	2.9549773
3.970602670105433	7.4513497	2.729716
3.9881399904346244	6.4918714	2.547915
4.005677404211669	6.4485826	2.539406
4.023214911848827	6.4686685	2.5433576
4.0407525137583855	6.4614077	2.54193
4.058290210352644	6.436279	2.5369823
4.075828002043927	6.3433614	2.518603
4.0933658892445814	6.3031893	2.5106153
4.110903872366966	6.2381315	2.497625
4.128441951823468	6.204925	2.4909687
4.145980128026488	6.191154	2.488203
4.163518401388452	6.093855	2.4685736
4.181056772321807	6.0582304	2.4613473
4.1985952412390155	6.0432243	2.458297
4.216133808552567	6.1219363	2.4742546
4.233672474674966	6.207973	2.4915805
4.251211240018741	6.4093604	2.5316715
4.268750104996445	6.6368194	2.5762024
4.286289070020643	7.575481	2.7523592
4.303828135503928	9.231802	3.038388
4.3213673018589125	29.606073	5.4411464
4.3389065694982305	90.798904	9.528846
4.356445938834537	166.01799	12.884797
4.3739854102805085	171.4023	13.09207
4.391524984248844	172.29778	13.1262245
4.409064661152262	136.31784	11.675523
4.426604441403504	96.54233	9.825596
4.444144325415337	75.66328	8.698464
4.461684313600543	21.749487	4.6636343
4.47922440637193	22.227255	4.714579
4.496764604142329	20.333496	4.509268
4.5143049073245916	18.522383	4.303764
4.531845316331589	16.552116	4.068429
4.5493858315762195	13.787035	3.7130897
4.566926453471405	11.491121	3.3898556
4.584467182430081	9.253381	3.041937
4.602008018865218	8.148438	2.854547
4.619548963189798	7.4389863	2.7274506
4.637090015816834	6.956469	2.637512
4.654631177159353	6.7856255	2.6049232
4.672172447630417	6.580424	2.5652337
4.689713827643102	6.3998966	2.5298016
4.7072553176105085	6.151097	2.4801404
4.724796917945764	5.963833	2.442096
4.742338629062015	5.8600082	2.4207454
4.759880451372434	5.7354536	2.3948808
4.777422385290215	5.654292	2.3778756
4.794964431228581	5.6377	2.3743842
4.812506589600768	5.6638684	2.3798883
4.830048860820047	5.5795817	2.3621137
4.847591245299709	5.5406966	2.3538685
4.8651337434530655	5.4198074	2.328048
4.882676355693457	5.4198513	2.3280575
4.900219082434242	5.4019046	2.3241997
4.917761924088813	5.5547905	2.3568604
4.935304881070575	5.5967655	2.3657484
4.952847953792969	5.6311226	2.3729987
4.970391142669449	5.589602	2.364234
4.9879344481135055	5.5805464	2.362318
5.005477870538642	5.5999737	2.3664265
5.023021410358394	5.673811	2.3819764
5.040565067986324	5.5497427	2.3557892
5.05810884383601	5.4035707	2.3245583
5.075652738321066	5.308538	2.3040264
5.09319675185512	5.3824525	2.3200114
5.110740884851836	5.4016104	2.3241365
5.128285137724894	5.4332876	2.3309414
5.145829510888007	5.4186726	2.3278043
5.163374004754908	5.3761473	2.3186522
5.1809186197393595	5.2797294	2.2977662
5.198463356255145	5.2498875	2.2912633
5.216008214716077	5.2207875	2.2849042
5.233553195535998	5.2928677	2.3006234
5.251098299128764	5.3180604	2.306092
5.268643525908272	5.3138704	2.3051834
5.286188876288432	5.266309	2.294844
5.3037343506831895	5.265302	2.2946246
5.32127994950651	5.2832966	2.2985423
5.3388256731723915	5.2572594	2.2928715
5.356371522094851	5.260338	2.2935426
5.373917496687938	5.275595	2.2968664
5.391463597365729	5.2948055	2.3010445
5.40900982454232	5.220334	2.284805
5.426556178631843	5.1833696	2.2767015
5.444102660048449	5.1896	2.2780693
5.4616492692063225	5.2071667	2.2819216
5.479196006519669	5.203975	2.2812223
5.496742872402727	5.1786776	2.2756708
5.514289867269756	5.1453366	2.2683334
5.531836991535049	5.0976167	2.2577903
5.549384245612924	5.1448255	2.2682207
5.566931629917724	5.1500072	2.2693627
5.584479144863822	5.130867	2.2651417
5.6020267908656205	5.1314864	2.2652783
5.619574568337545	5.171787	2.2741563
5.637122477694054	5.141874	2.26757
5.654670519349629	5.1405315	2.2672741
5.672218693718784	5.1431675	2.2678552
5.689767001216059	5.1325603	2.2655156
5.707315442256021	5.142484	2.2677047
5.724864017253266	5.192094	2.2786167
5.7424127266224225	5.2654276	2.294652
5.75996157077814	5.259963	2.2934608
5.777510550135105	5.2334895	2.287682
5.795059665108022	5.1668973	2.273081
5.812608916111639	5.216555	2.283978
5.830158303560715	5.3427787	2.3114452
5.847707827870055	5.384003	2.3203454
5.86525748945448	5.513466	2.348077
5.8828072887288485	5.570013	2.3600874
5.900357226108044	5.646558	2.3762486
5.917907302006979	5.701499	2.3877811
5.9354575168406	6.3738136	2.5246413
5.9530078710238765	7.0176044	2.6490762
5.970558364971812	7.5501256	2.747749
5.988108999099438	7.8550386	2.802684
6.005659773821818	8.379286	2.8946996
6.023210689554039	8.0132265	2.8307643
6.040761746711227	8.431744	2.9037464
6.058312945708531	7.771569	2.7877533
6.075864286961132	7.276168	2.6974373
6.093415770884244	6.621844	2.5732944
6.1109673978931065	6.0716457	2.464071
6.128519168402993	5.4420185	2.3328135
6.146071082829204	5.3775067	2.3189452
6.163623141587075	5.318087	2.3060977
6.181175345091969	5.3158555	2.305614
6.198727693759281	5.2685924	2.2953415
6.216280188004435	5.2275085	2.2863746
6.233832828242885	5.167436	2.2731996
6.251385614890126	5.1362267	2.2663245
6.268938548361669	5.114648	2.2615588
6.286491629073067	5.1099877	2.260528
6.304044857439898	5.11559	2.261767
6.321598233877777	5.1280446	2.2645187
6.339151758802344	5.070837	2.2518518
6.356705432629277	4.9837294	2.232427
6.37425925577428	4.9696374	2.2292683
6.391813228653095	4.9739466	2.2302346
6.409367351681486	5.022919	2.241187
6.426921625275259	5.0204306	2.2406318
6.44447604985025	4.984959	2.2327023
6.46203062582232	4.9809327	2.2318003
6.47958535360737	4.946185	2.2240021
6.497140233621328	4.9945126	2.2348406
6.514695266280161	5.05783	2.248962
6.532250451999859	5.1177354	2.2622411
6.549805791196454	5.1281734	2.264547
6.567361284286002	5.0952516	2.2572663
6.584916931684597	5.042993	2.245661
6.602472733808367	5.02679	2.2420504
6.6200286910734665	5.021174	2.2407975
6.637584803896092	5.0587964	2.2491767
6.655141072692462	4.9922247	2.2343287
6.672697497878842	4.9623365	2.2276301
6.690254079871514	4.922126	2.2185864
6.707810819086808	4.949364	2.2247167
6.725367715941078	5.016662	2.2397907
6.742924770850719	5.0632205	2.2501602
6.760481984232151	5.035064	2.2438948
6.778039356501836	4.9712124	2.2296216
6.795596888076266	4.919253	2.217939
6.813154579371963	4.9230886	2.2188034
6.830712430805492	4.941523	2.2229538
6.84827044279344	4.9803367	2.2316668
6.865828615752445	4.9885345	2.2335026
6.883386950099159	5.043088	2.245682
6.900945446250287	5.052036	2.2476735
6.918504104622553	5.0923367	2.2566206
6.936062925632727	5.0781684	2.2534792
6.953621909697607	5.061942	2.249876
6.971181057234028	5.118592	2.2624304
6.988740368658859	5.1785035	2.2756326
7.006299844389007	5.2319956	2.2873557
7.023859484841407	5.2628813	2.294097
7.041419290433036	5.3125644	2.3049002
7.058979261580902	5.473242	2.3394961
7.0765393987020495	5.6809096	2.383466
7.094099702213559	5.995206	2.448511
7.111660172532549	6.2734246	2.5046806
7.129220810076164	6.6487827	2.5785234
7.146781615261595	7.2928524	2.7005281
7.16434258850606	7.5638037	2.750237
7.181903730226821	7.954885	2.8204405
7.1994650408411704	8.062759	2.8395
7.217026520766437	8.251011	2.8724573
7.234588170419983	8.532339	2.9210167
7.252149990219215	8.477189	2.9115613
7.269711980581568	8.290666	2.8793516
7.2872741419245175	8.105974	2.8470993
7.304836474665574	7.7368903	2.7815266
7.322398979222286	7.4722414	2.73354
7.339961656012233	7.198799	2.6830578
7.357524505453039	6.878723	2.622732
7.375087527962357	6.6571584	2.580147
7.392650723957886	6.3986454	2.5295544
7.410214093857353	6.077915	2.4653428
7.427777638078528	5.855384	2.41979
7.445341357039213	5.6531334	2.377632
7.4629052511572525	5.4430866	2.3330424
7.480469320850524	5.3380284	2.3104174
7.498033566536948	5.280961	2.2980342
7.5155979886344735	5.255441	2.292475
7.5331625875610975	5.180341	2.2760363
7.550727363734844	5.142452	2.2676976
7.568292317573788	5.140252	2.2672124
7.585857449496025	5.1361413	2.2663057
7.603422759919705	5.147528	2.2688165
7.620988249263007	5.1783943	2.2756085
7.638553917944147	5.2230554	2.2854004
7.656119766381391	5.2637734	2.2942915
7.673685794993023	5.2853	2.298978
7.691252004197388	5.310188	2.3043845
7.70881839441285	5.297524	2.301635
7.726384966057826	5.247469	2.2907355
7.743951719550762	5.1995807	2.280259
7.761518655310149	5.2321734	2.2873945
7.779085773754511	5.227588	2.286392
7.796653075302419	5.2094674	2.2824259
7.814220560372475	5.2341185	2.2878196
7.831788229383323	5.2558084	2.292555
7.8493560827536495	5.3354907	2.309868
7.866924120902174	5.278235	2.297441
7.884492344247663	5.2712574	2.2959218
7.9020607532089135	5.2507377	2.2914488
7.919629348204771	5.3188043	2.3062532
7.937198129654115	5.347793	2.3125296
7.954767097975865	5.337915	2.3103929
7.972336253588986	5.3229113	2.3071434
7.989905596912472	5.3392596	2.3106837
8.007475128365371	5.3439503	2.3116987
8.025044848366756	5.373931	2.3181741
8.042614757335754	5.471291	2.3390791
8.060184855691523	5.586233	2.3635213
8.07775514385327	5.7059774	2.3887188
8.095325622240228	5.770203	2.4021246
8.112896291271687	5.826299	2.4137728
8.130467151366968	5.883424	2.425577
8.148038202945436	5.8733606	2.4235017
8.165609446426497	5.8207717	2.4126275
8.183180882229594	5.814512	2.41133
8.200752510774217	5.8700867	2.4228263
8.218324332479893	5.9194913	2.4330006
8.235896347766193	5.9081945	2.430678
8.253468557052724	5.838803	2.4163616
8.27104096075914	5.7955227	2.4073892
8.288613559305137	5.8566422	2.4200501
8.306186353110448	5.9625535	2.441834
8.32375934259485	6.1266947	2.4752162
8.341332528178162	6.180317	2.4860244
8.358905910280246	6.3059473	2.5111644
8.376479489321003	6.345999	2.5191267
8.394053265720377	6.399875	2.5297976
8.411627239898356	6.4045167	2.5307148
8.42920141227497	6.3271184	2.5153763
8.44677578327029	6.2984595	2.509673
8.464350353304427	6.153039	2.480532
8.48192512279754	6.1014147	2.4701042
8.499500092169827	6.08263	2.4662988
8.51707526184153	6.0511494	2.4599085
8.534650632232934	6.0663795	2.4630022
8.552226203764365	6.0836844	2.4665127
8.569801976856192	6.0878444	2.4673557
8.587377951928834	6.165821	2.483107
8.60495412940274	6.2405005	2.4980993
8.622530509698416	6.301956	2.5103698
8.6401070932364	6.4490557	2.539499
8.657683880437283	6.6400933	2.5768378
8.675260871721695	6.7765126	2.6031735
8.692838067510303	6.865228	2.620158
8.710415468223834	6.9741077	2.6408536
8.727993074283043	7.1089754	2.6662662
8.745570886108737	7.075323	2.6599479
8.763148904121765	7.0785847	2.660561
8.78072712874302	7.117508	2.6678658
8.798305560393441	7.3927846	2.7189677
8.815884199494006	7.609757	2.7585788
8.833463046465745	7.791335	2.7912962
8.851042101729728	7.940762	2.8179357
8.86862136570707	8.259758	2.8739796
8.886200838818924	8.390098	2.8965666
8.903780521486505	8.423008	2.902242
8.921360414131055	8.470172	2.910356
8.938940517173874	8.584691	2.9299643
8.956520831036297	8.7428255	2.956827
8.97410135613971	9.037134	3.0061827
8.99168209290554	9.204745	3.0339322
9.009263041755265	9.48626	3.0799773
9.026844203110405	9.661476	3.1082916
9.044425577392525	9.853751	3.1390686
9.062007165023239	10.001122	3.162455
9.079588966424197	10.3027525	3.20979
9.097170982017108	10.419518	3.227928
9.11475321222372	11.39577	3.3757622
9.132335657465825	12.34215	3.5131395
9.149918318165264	12.463944	3.5304313
9.167501194743924	13.252169	3.6403527
9.18508428762374	12.929412	3.5957491
9.202667597226693	12.846039	3.5841372
9.220251123974803	12.351816	3.5145152
9.237834868290143	12.01075	3.465653
9.255418830594836	11.822562	3.4383953
9.273003011311046	11.273052	3.3575366
9.290587410860985	11.008732	3.317941
9.308172029666911	10.376175	3.2212071
9.32575686815113	10.196	3.1931176
9.343341926735997	8.927439	2.987882
9.360927205843916	8.735118	2.9555233
9.378512705897327	8.471708	2.91062
9.396098427318728	8.186841	2.8612657
9.413684370530664	8.035384	2.8346753
9.431270535955722	7.9060807	2.8117754
9.448856924016539	7.845357	2.8009565
9.466443535135806	7.7560415	2.784967
9.484030369736251	7.775764	2.7885058
9.501617428240658	7.788072	2.7907116
9.519204711071852	7.869668	2.8052928
9.536792218652714	7.940535	2.8178954
9.55437995140617	7.9322543	2.8164258
9.571967909755191	7.927542	2.8155892
9.589556094122802	7.9452634	2.8187344
9.60714450493207	7.9916005	2.826942
9.624733142606116	8.060379	2.8390806
9.642322007568108	8.117759	2.849168
9.659911100241267	8.169806	2.858287
9.677500421048851	8.141093	2.85326
9.695089970414175	8.086978	2.8437612
9.712679748760609	8.076599	2.8419359
9.730269756511557	8.075293	2.841706
9.747859994090492	8.05269	2.837726
9.765450461920915	7.9953103	2.8275979
9.78304116042639	8.07173	2.841079
9.800632090030527	8.174071	2.8590333
9.81822325115699	8.247016	2.8717618
9.835814644229481	8.296875	2.8804297
9.853406269671762	8.303183	2.8815243
9.870998127907646	8.312946	2.883218
9.888590219360985	8.303342	2.881552
9.906182544455698	8.253458	2.8728833
9.923775103615734	8.222736	2.8675313
9.941367897265108	8.287617	2.878822
9.958960925827878	8.3411255	2.8881006
9.97655418972816	8.351434	2.8898847
9.994147689390106	8.304563	2.8817637
10.011741425237934	8.250306	2.8723347
10.029335397695904	8.312801	2.883193
10.04692960718833	8.310344	2.8827667
10.06452405413958	8.288751	2.879019
10.082118738974064	8.317316	2.8839757
10.099713662116246	8.287185	2.878747
10.117308823990651	8.2172985	2.866583
10.134904225021844	8.207141	2.8648107
10.152499865634445	8.25349	2.8728888
10.170095746253125	8.324205	2.88517
10.18769186730261	8.283161	2.8780482
10.205288229207675	8.191535	2.8620858
10.222884832393145	8.155886	2.8558512
10.2404816772839	8.120053	2.8495708
10.258078764304868	8.07806	2.842193
10.275676093881035	8.0613165	2.8392458
10.293273666437438	8.007316	2.82972
10.310871482399158	8.066571	2.840171
10.32846954219134	8.05035	2.837314
10.346067846239173	8.179213	2.8599322
10.363666394967908	8.177092	2.8595614
10.38126518880283	8.1742525	2.859065
10.398864228169298	8.198	2.863215
10.416463513492713	8.249255	2.8721516
10.434063045198531	8.281413	2.8777444
10.451662823712262	8.259373	2.8739123
10.469262849459467	8.210859	2.8654597
10.486863122865758	8.092874	2.8447976
10.504463644356806	8.115037	2.8486905
10.522064414358338	8.054374	2.838023
10.539665433296118	8.020298	2.8320131
10.557266701595987	7.907408	2.8120115
10.574868219683818	7.8226852	2.7969065
10.592469987985552	7.751386	2.784131
10.610072006927185	7.715166	2.777619
10.627674276934751	7.634396	2.763041
10.64527679843435	7.4588847	2.7310958
10.662879571852143	7.2855606	2.6991777
10.680482597614331	7.1593018	2.675687
10.698085876147173	7.1051755	2.6655536
10.715689407876988	7.051607	2.6554863
10.733293193230146	6.9722047	2.6404932
10.750897232633072	6.8509803	2.6174378
10.76850152651225	6.768933	2.6017172
10.786106075294207	6.6989493	2.5882328
10.803710879405534	6.6065106	2.5703135
10.821315939272877	6.567003	2.5626163
10.83892125532294	6.4389734	2.5375133
10.856526827982472	6.3066645	2.5113072
10.874132657678285	6.232147	2.4964268
10.891738744837243	6.242339	2.4984674
10.909345089886271	6.2205906	2.4941113
10.926951693252343	6.2099566	2.4919784
10.944558555362494	6.1230993	2.4744897
10.96216567664381	6.0217543	2.4539263
10.979773057523436	5.91774	2.4326406
10.997380698428573	5.867251	2.422241
11.014988599786477	5.823417	2.4131758
11.032596762024461	5.7596807	2.3999336
11.050205185569892	5.7219024	2.3920498
11.067813870850198	5.6242123	2.3715422
11.085422818292859	5.565909	2.359218
11.10303202832541	5.4992557	2.3450491
11.120641501375454	5.4340205	2.3310986
11.138251237870636	5.3505974	2.3131359
11.155861238238671	5.221874	2.285142
11.173471502907317	5.1733785	2.274506
11.191082032304402	5.1294055	2.2648191
11.208692826857805	5.0550904	2.2483528
11.226303886995465	5.032504	2.2433243
11.243915213145371	4.9845195	2.2326038
11.261526805735578	4.962894	2.2277553
11.279138665194196	4.885598	2.2103388
11.296750791949393	4.8863907	2.2105181
11.314363186429393	4.8367367	2.1992583
11.331975849062479	4.768428	2.183673
11.34958878027699	4.6878076	2.1651344
11.36720198050133	4.6311746	2.1520164
11.384815450163948	4.5742583	2.1387515
11.402429189693366	4.5058374	2.1226957
11.420043199518153	4.50357	2.1221616
11.437657480066942	63.412075	7.96317
11.455272031768422	85.13639	9.226938
11.472886855051353	107.51334	10.368864
11.490501950344528	99.1831	9.959071
11.508117318076819	84.505135	9.192667
11.52573295867715	45.884354	6.773799
11.543348872574514	4.1390185	2.0344577
11.560965060197946	4.105329	2.0261612
11.57858152197655	4.057412	2.014302
11.59619825833949	4.0210824	2.0052636
11.613815269715985	3.9869351	1.9967312
11.631432556535323	38.49192	6.2041855
11.649050119226837	83.02687	9.111908
11.666667958219929	93.436134	9.666237
11.68428607394406	107.711075	10.378395
11.701904466828756	82.5009	9.083
11.719523137303586	65.33015	8.082706
11.737142085798196	4.5826883	2.1407216
11.754761312742286	3.7399323	1.9338905
11.772380818565619	3.676198	1.9173414
11.790000603698015	3.6434677	1.908787
11.80762066856935	3.592766	1.8954593
11.825241013609572	3.5848176	1.8933614
11.842861639248683	3.5630667	1.8876088
11.860482545916748	3.5215483	1.8765789
11.878103734043883	3.4789503	1.8651944
11.895725204060282	3.4488468	1.8571072
11.91334695639619	3.4310157	1.8523002
11.930968991481919	3.407288	1.8458841
11.948591309747824	3.3903701	1.8412957
11.966213911624347	3.3862572	1.8401786
11.98383679754198	3.359852	1.8329899
12.001459967931268	3.3365347	1.8266184
12.019083423222835	3.3052757	1.8180417
12.036707163847352	3.2853732	1.8125598
12.05433119023556	3.2731519	1.8091854
12.071955502818259	3.2854183	1.8125722
12.089580102026313	3.2705982	1.8084795
12.107204988290643	3.2245247	1.7956961
12.12483016204224	3.188522	1.7856433
12.142455623712152	3.1706111	1.780621
12.16008137373149	3.174054	1.7815875
12.177707412531431	3.1549714	1.7762239
12.19533374054321	3.106243	1.7624537
12.212960358198126	3.0424497	1.744262
12.230587265927545	3.0132546	1.7358729
12.248214464162889	3.0568345	1.7483805
12.265841953335649	3.0703993	1.7522554
12.283469733877375	3.0793676	1.7548127
12.301097806219685	3.0469697	1.7455571
12.31872617079425	2.9982655	1.73155
12.336354828032825	2.928919	1.7114085
12.353983778367205	2.9171429	1.7079645
12.371613022229262	2.8944044	1.7012949
12.389242560050928	2.9058652	1.7046598
12.406872392264201	2.8527792	1.6890172
12.424502519301143	2.8285558	1.6818311
12.442132941593874	2.8200614	1.6793039
12.459763659574586	2.847733	1.6875228
12.477394673675532	2.85	1.6881943
12.49502598432903	2.877506	1.6963214
12.51265759196746	2.850706	1.6884034
12.530289497023267	2.8550572	1.6896914
12.547921699928967	2.823878	1.6804398
12.565554201117134	2.8155148	1.6779495
12.583187001020404	2.799643	1.6732134
12.600820100071486	2.8253996	1.6808925
12.618453498703152	2.816239	1.6781654
12.636087197348235	2.7754657	1.665973
12.65372119643964	2.7604353	1.6614558
12.671355496410326	2.7587082	1.660936
12.68899009769333	2.8223965	1.679999
12.706625000721749	2.8659854	1.6929221
12.724260205928752	2.9228704	1.7096404
12.741895713747551	2.9078956	1.7052553
12.759531524611454	2.956923	1.7195706
12.777167638953818	2.9852185	1.7277784
12.794804057208072	3.018214	1.7373008
12.812440779807702	3.0429273	1.7443988
12.830077807186271	3.1932976	1.78698
12.847715139777405	3.2168603	1.7935607
12.865352778014795	3.4509563	1.857675
12.882990722332197	3.564948	1.8881071
12.90062897316344	3.6562963	1.9121444
12.918267530942412	3.6994033	1.9233832
12.935906396103071	3.6019015	1.8978677
12.953545569079449	3.7674742	1.9409982
12.971185050305628	3.5895083	1.8945998
12.988824840215775	3.5968058	1.8965247
13.006464939244115	3.6331224	1.9060751
13.024105347824943	3.4932306	1.8690187
13.041746066392617	3.5774462	1.8914138
13.05938709538157	3.3518136	1.8307959
13.077028435226296	3.3888369	1.8408793
13.094670086361363	3.3441398	1.828699
13.112312049221401	3.2878897	1.8132539
13.129954324241112	3.1940403	1.7871878
13.147596911855258	2.9556625	1.7192041
13.165239812498685	2.9014096	1.7033525
13.182883026606293	2.8154747	1.6779376
13.200526554613058	2.7550795	1.6598432
13.218170396954017	2.6971524	1.642301
13.235814554064284	2.6966493	1.6421478
13.253459026379034	2.7247243	1.6506739
13.271103814333523	2.7379017	1.6546606
13.288748918363058	2.7414901	1.6557446
13.306394338903031	2.7351635	1.6538329
13.32404007638889	2.7146122	1.647608
13.341686131256164	2.7198672	1.649202
13.359332503940449	2.6632328	1.6319414
13.376979194877402	2.656121	1.629761
13.394626204502751	2.6901762	1.6401757
13.412273533252307	2.770333	1.6644317
13.429921181561937	2.7728765	1.6651956
13.447569149867581	2.7749937	1.6658312
13.465217438605247	2.7513874	1.6587306
13.482866048211022	2.7152696	1.6478075
13.500514979121052	2.7064497	1.6451291
13.518164231771568	2.6672053	1.6331581
13.535813806598844	2.682653	1.6378807
13.553463704039254	2.706454	1.6451304
13.571113924529229	2.6931405	1.6410791
13.588764468505275	2.700989	1.6434686
13.606415336403956	2.7174006	1.648454
13.624066528661917	2.7609649	1.6616151
13.641718045715882	2.818731	1.6789078
13.659369888002635	2.8721309	1.6947362
13.67702205595903	2.9043736	1.7042223
13.694674550021993	2.9614015	1.7208723
13.712327370628532	3.035089	1.7421507
13.729980518215713	3.1513288	1.7751982
13.747633993220681	3.2006414	1.7890337
13.765287796080647	3.1979384	1.7882781
13.7829419272329	3.2371852	1.7992179
13.800596387114801	3.32791	1.824256
13.818251176163775	3.3881838	1.8407019
13.835906294817324	3.4610543	1.8603909
13.853561743513023	3.4800308	1.8654841
13.871217522688525	3.4952407	1.8695563
13.888873632781538	3.4890928	1.8679113
13.906530074229858	3.4713862	1.8631656
13.92418684747135	3.4861953	1.8671356
13.941843952943948	3.5008686	1.8710608
13.959501391085665	3.5170996	1.8753932
13.977159162334578	3.4379606	1.8541738
13.994817267128846	3.3962102	1.842881
14.012475705906693	3.3051128	1.817997
14.030134479106424	3.245049	1.801402
14.047793587166414	3.1743016	1.781657
14.065453030525108	3.1157784	1.7651567
14.083112809621026	3.0602174	1.7493477
14.100772924892766	2.9907415	1.7293761
14.118433376778997	2.935127	1.7132212
14.136094165718458	2.877568	1.6963396
14.153755292149969	2.8101366	1.6763462
14.171416756512416	2.7417655	1.6558278
14.189078559244768	2.6580994	1.6303679
14.20674070078606	2.5801907	1.6062971
14.224403181575408	2.5311706	1.5909653
14.242066002051999	2.4934108	1.5790538
14.259729162655093	2.4895165	1.5778202
14.277392663824022	2.468892	1.5712708
14.295056505998208	2.4325974	1.5596787
14.312720689617128	2.424688	1.557141
14.330385215120348	2.4181929	1.555054
14.348050082947497	2.4089406	1.5520762
14.3657152935383	2.4189706	1.555304
14.383380847332528	2.4559448	1.5671455
14.401046744770051	2.4625463	1.5692502
14.418712986290798	2.4647963	1.569967
14.436379572334793	2.4375393	1.5612621
14.454046503342123	2.4041743	1.55054
14.471713779752946	2.378332	1.5421841
14.489381402007504	2.3527634	1.533872
14.507049370546113	2.345692	1.5315652
14.524717685809168	2.3515587	1.5334793
14.542386348237134	2.395754	1.5478224
14.560055358270553	2.4697397	1.5715406
14.577724716350051	2.5064564	1.5831792
14.595394422916325	2.4679022	1.5709559
14.61306447841015	2.4638634	1.5696698
14.63073488327237	2.4749217	1.5731884
14.648405637943917	2.5042424	1.5824798
14.6660767428658	2.5082984	1.5837609
14.683748198479094	2.5099785	1.5842912
14.701420005224954	2.5384886	1.5932635
14.719092163544628	2.6033149	1.6134791
14.73676467387942	2.6532726	1.6288869
14.754437536670727	2.6999552	1.643154
14.772110752360014	2.6888154	1.6397607
14.78978432138882	2.7098687	1.6461679
14.807458244198777	2.7201555	1.6492894
14.82513252123159	2.6855452	1.6387633
14.842807152929028	2.6981077	1.6425917
14.860482139732962	2.6582828	1.6304241
14.87815748208531	2.639473	1.6246455
14.8958331804281	2.6292684	1.6215019
14.91350923520342	2.663964	1.6321654
14.931185646853438	2.7119043	1.6467861
14.948862415820408	2.687653	1.6394063
14.966539542546656	2.690245	1.6401966
14.98421702747459	2.6370368	1.6238955
15.001894871046696	2.6284132	1.6212381
15.019573073705542	2.6426492	1.6256227
15.037251635893766	2.6563554	1.629833
15.054930558054092	2.7003548	1.6432756
15.072609840629323	2.7127917	1.6470555
15.090289484062351	2.8357913	1.6839808
15.107969488796124	3.1398354	1.7719581
15.125649855273691	3.582434	1.8927319
15.14333058393817	4.048467	2.0120802
15.161011675232768	4.9474525	2.224287
15.17869312960076	6.3076124	2.511496
15.196374947485506	8.215998	2.8663561
15.214057129330447	11.336979	3.367043
15.231739675579114	16.057394	4.007168
15.249422586675102	21.349197	4.620519
15.267105863062092	24.66195	4.9660797
15.284789505183847	25.02192	5.0021915
15.302473513484218	22.967218	4.7924128
15.320157888407127	19.373352	4.401517
15.337842630396578	15.139634	3.8909683
15.355527739896656	11.665464	3.4154742
15.37321321735153	8.953958	2.9923165
15.39089906320545	6.469099	2.5434422
15.408585277902748	4.795671	2.189902
15.42627186188783	3.6827087	1.9190385
15.443958815605198	3.1373436	1.7712548
15.461646139499424	2.848925	1.6878759
15.479333834015168	2.6893861	1.6399348
15.497021899597165	2.6846557	1.6384919
15.514710336690234	2.642618	1.6256131
15.53239914573928	2.606844	1.6145724
15.550088327189297	2.5874207	1.6085461
15.567777881485336	2.5878363	1.6086754
15.58546780907256	2.549567	1.5967363
15.6031581103962	2.5133026	1.5853399
15.620848785901568	2.4830773	1.5757784
15.638539836034063	2.472405	1.5723883
15.656231261239173	2.4653783	1.5701523
15.673923061962451	2.4545147	1.5666891
15.691615238649552	2.413506	1.5535463
15.709307791746202	2.3824391	1.5435152
15.727000721698221	2.3786297	1.5422807
15.744694028951498	2.3568964	1.5352187
15.76238771395202	2.3466835	1.5318888
15.780081777145844	2.3608558	1.5365077
15.797776218979125	2.3850913	1.5443741
15.815471039898094	2.391424	1.546423
15.833166240349064	2.3849156	1.5443172
15.850861820778437	2.4017277	1.5497508
15.868557781632699	2.4178357	1.5549392
15.886254123358412	2.4065235	1.5512973
15.903950846402232	2.4213314	1.5560628
15.921647951210897	2.4219592	1.5562645
15.939345438231225	2.4077685	1.5516986
15.957043307910133	2.392041	1.5466224
15.974741560694602	2.4116833	1.5529596
15.992440197031714	2.4085417	1.5519477
16.01013921736862	2.395898	1.5478688
16.02783862215259	2.3793397	1.5425109
16.045538411830933	2.358276	1.5356679
16.06323858685107	2.3612816	1.5366462
16.080939147660512	2.3529913	1.5339463
16.09864009470684	2.3723614	1.5402472
16.11634142843774	2.369428	1.5392946
16.134043149300954	2.3845983	1.5442145
16.15174525774433	2.3852954	1.5444402
16.169447754215817	2.3765917	1.5416198
16.18715063916342	2.3619096	1.5368506
16.204853913035244	2.3877923	1.5452483
16.222557576279478	2.4402223	1.562121
16.240261629344403	22.468512	4.740096
16.257966072678386	43.01071	6.558255
16.275670906729868	38.10718	6.1731014
16.293376131947387	2.5431626	1.5947297
16.31108174877957	2.5672433	1.6022619
16.328787757675133	2.5855625	1.6079684
16.34649415908287	2.5964792	1.6113595
16.364200953451657	2.6066241	1.6145043
16.38190814123048	2.622588	1.6194407
16.39961572286839	2.6161547	1.6174531
16.41732369881455	2.6525047	1.6286511
16.43503206951817	2.6812246	1.6374445
16.45274083542859	2.7160096	1.6480321
16.47044999699522	2.7524798	1.6590599
16.488159554667558	2.8026342	1.674107
16.505869508895184	2.8704443	1.6942385
16.523579860127786	2.891808	1.7005317
16.541290608815117	2.9886084	1.7287592
16.559001755407035	2.9994977	1.7319058
16.57671330035348	3.052324	1.7470902
16.59442524410448	3.0936315	1.7588723
16.61213758711015	3.1575897	1.7769608
16.629850329820705	3.2315042	1.7976385
16.647563472686436	3.325112	1.823489
16.665277016157724	3.428096	1.8515118
16.682990960685053	3.462705	1.8608345
16.70070530671898	3.4846087	1.8667107
16.718420054710155	3.514541	1.8747109
16.736135205109335	3.516243	1.8751647
16.753850758367335	3.5999196	1.8973454
16.771566714935087	3.6932826	1.9217916
16.789283075263597	3.7789247	1.9439456
16.80699983980398	3.7757235	1.9431221
16.82471700900741	3.8124402	1.9525471
16.84243458332518	3.8269086	1.9562486
16.860152563208665	3.879046	1.9695294
16.87787094910932	3.9569092	1.9891981
16.89558974147871	4.0499277	2.0124433
16.913308940768466	4.0940123	2.0233665
16.931028547430333	4.196103	2.0484393
16.94874856191613	4.3257084	2.0798337
16.966468984677785	4.4340796	2.1057255
16.98418981616729	4.45023	2.109557
17.00191105683676	4.4972954	2.1206827
17.019632707138374	4.519067	2.1258097
17.03735476752442	4.5621142	2.1359107
17.05507723844728	4.5760455	2.1391695
17.072800120359403	4.5735154	2.138578
17.090523413713353	4.601683	2.1451535
17.108247118961785	4.611847	2.147521
17.125971236557437	4.6286077	2.1514199
17.143695766953133	4.659963	2.1586947
17.161420710601806	4.680898	2.1635385
17.179146067956477	4.6656804	2.1600187
17.19687183947025	4.6644745	2.1597395
17.21459802559634	4.619441	2.1492884
17.232324626788028	4.6367016	2.1533
17.25005164349871	4.572806	2.138412
17.267779076181863	4.5455728	2.1320348
17.285506925291074	4.5243173	2.1270442
17.30323519127999	4.6019554	2.145217
17.320963874602384	4.6212	2.1496978
17.33869297571211	4.6030617	2.1454747
17.356422495063114	4.5264726	2.1275508
17.37415243310944	4.521874	2.1264699
17.391882790305218	4.526375	2.127528
17.40961356710468	4.50321	2.1220767
17.42734476396215	4.5483856	2.1326945
17.445076381332044	4.580893	2.1403022
17.462808419668868	4.6277237	2.1512144
17.48054087942723	4.680033	2.1633384
17.498273761061835	4.931615	2.2207239
17.51600706502747	5.3992367	2.3236258
17.533740791779024	6.1490536	2.4797285
17.551474941771485	7.544495	2.7467244
17.56920951545993	8.711366	2.9515023
17.586944513299528	10.987328	3.3147137
17.60467993574556	12.635339	3.5546222
17.622415783253373	14.42594	3.7981496
17.64015205627843	15.994774	3.9993467
17.657888755276293	17.269907	4.155708
17.675625880702604	17.805407	4.2196455
17.69336343301311	17.631296	4.1989636
17.71110141266366	16.782654	4.096664
17.728839820110178	15.673884	3.9590256
17.746578655808705	14.617874	3.8233328
17.764317920215372	12.998175	3.605298
17.7820576137864	11.349396	3.3688865
17.79979773697811	9.277784	3.0459456
17.81753829024692	7.4162927	2.723287
17.835279274049356	5.7964125	2.407574
17.85302068884201	4.7875957	2.1880574
17.870762535081607	4.1524763	2.0377626
17.888504813224934	3.8515759	1.9625432
17.90624752372891	3.6787286	1.9180012
17.923990667050536	3.5638797	1.887824
17.941734243646895	3.487818	1.86757
17.959478253975185	3.4570985	1.8593274
17.9772226984927	3.401398	1.8442879
17.994967577656833	3.4271827	1.8512652
18.01271289192506	3.4215171	1.8497343
18.030458641754965	3.4076717	1.845988
18.04820482760425	3.371099	1.8360553
18.06595144993067	3.3561065	1.831968
18.083698509192125	3.3425763	1.8282714
18.101446005846576	3.3400183	1.8275716
18.119193940352105	3.281823	1.8115802
18.136942313166887	3.2425766	1.8007156
18.1546911247492	3.1876705	1.7854048
18.1724403755574	3.1895635	1.7859349
18.19019006604997	3.127976	1.7686085
18.207940196685467	3.1133363	1.7644649
18.225690767922575	3.1021369	1.7612884
18.243441780220046	3.1236043	1.7673721
18.261193234036764	3.0995204	1.7605455
18.278945129831676	3.0579574	1.7487017
18.29669746806386	3.0615237	1.749721
18.314450249192483	3.0585423	1.7488688
18.3322034736768	3.0715306	1.7525783
18.349957141976184	3.0219455	1.7383744
18.3677112545501	3.0236099	1.738853
18.385465811858108	3.054851	1.7478132
18.403220814359884	3.0979424	1.7600973
18.420976262515172	3.111361	1.763905
18.43873215678387	3.114278	1.7647318
18.456488497625923	3.1075232	1.7628168
18.474245285501407	3.1879768	1.7854906
18.492002520870486	3.250338	1.8028694
18.50976020419343	3.3294785	1.8246858
18.527518335930615	3.5995874	1.8972579
18.545276916542516	4.1996565	2.0493064
18.563035946489688	4.376864	2.0920956
18.580795426232832	4.8263006	2.1968844
18.598555356232698	4.726756	2.1741104
18.616315736950185	5.076665	2.2531455
18.63407656884626	4.778033	2.1858711
18.65183785238201	4.962926	2.2277625
18.669599588018617	4.7050166	2.169105
18.68736177621737	4.6470146	2.1556935
18.705124417439652	4.536693	2.1299515
18.72288751214696	4.3547554	2.086805
18.740651060800886	4.517886	2.125532
18.758415063863115	4.3236876	2.0793478
18.77617952179546	4.475715	2.1155887
18.793944435059814	4.191164	2.0472333
18.811709804118184	4.157412	2.0389733
18.829475629432675	4.1162305	2.0288496
18.8472419114655	3.9155705	1.97878
18.86500865067897	3.9799712	1.9949865
18.88277584753551	3.7147043	1.9273568
18.90054350249763	3.7850044	1.9455087
18.918311616027957	3.471883	1.863299
18.936080188589226	3.3344262	1.8260411
18.953849220644265	3.0251987	1.7393098
18.971618712656007	2.8671315	1.6932606
18.9893886650875	2.8040266	1.6745228
19.007159078401887	7.960364	2.8214116
19.024929953062408	32.850437	5.73153
19.042701289532435	32.874615	5.733639
19.060473088275405	25.441576	5.0439644
19.07824534975489	2.7307668	1.6525031
19.096018074434568	2.6930928	1.6410645
19.113791262778197	2.646112	1.6266874
19.13156491524966	2.593569	1.6104561
19.149339032312945	2.5390186	1.5934298
19.167113614432136	2.5350053	1.59217
19.184888662071433	2.560496	1.600155
19.202664175695123	2.5764637	1.6051366
19.220440155767623	2.5720513	1.6037616
19.238216602753447	2.561133	1.600354
19.2559935171172	2.5315726	1.5910916
19.27377089932361	2.517867	1.5867789
19.291548749837514	2.4942682	1.5793252
19.309327069123835	2.5110924	1.5846426
19.32710585764763	2.5472395	1.5960073
19.344885115874032	2.5592222	1.599757
19.362664844268313	2.5499303	1.5968502
19.380445043295822	2.5270047	1.5896555
19.39822571342203	2.4783032	1.5742627
19.41600685511252	2.4711084	1.571976
19.43378846883297	2.523167	1.5884479
19.451570555049173	2.5861752	1.608159
19.469353114227037	2.5617921	1.60056
19.48713614683254	2.50589	1.5830003
19.50491965333182	2.4733922	1.5727022
19.52270363419109	2.4822884	1.5755279
19.540488089876686	2.5041096	1.5824379
19.55827302085503	2.4774332	1.5739864
19.576058427592674	2.4483411	1.5647175
19.593844310556282	2.4555852	1.5670307
19.611630670212598	2.4798462	1.5747528
19.629417507028506	2.4846356	1.5762727
19.64720482147098	2.4776583	1.5740579
19.6649926140071	2.442041	1.5627031
19.682780885104084	2.4638827	1.5696759
19.70056963522921	2.4831898	1.575814
19.718358864849908	2.4759715	1.573522
19.7361485744337	2.4468038	1.5642263
19.753938764448215	2.4691696	1.5713592
19.771729435361202	2.5026588	1.5819794
19.789520587640506	2.542199	1.5944275
19.807312221754092	2.5006282	1.5813375
19.825104338170043	2.496108	1.5799077
19.842896937356517	2.4827738	1.575682
19.860690019781824	2.5104942	1.5844539
19.87848358591436	2.5321903	1.5912857
19.896277636222635	2.5538018	1.5980619
19.914072171175278	2.522541	1.588251
19.931867191241015	2.4659655	1.5703393
19.94966269688869	2.468509	1.5711489
19.967458688587264	2.4921012	1.578639
19.985255166805807	2.5112884	1.5847045
20.00305213201348	2.4884298	1.5774758
20.020849584679578	2.5297985	1.5905341
20.038647525273507	2.5289598	1.5902703
20.05644595426477	2.4881277	1.5773801
20.07424487212299	2.4325771	1.5596721
20.092044279317903	2.4416783	1.562587
20.109844176319353	2.4686408	1.5711908
20.127644563597304	2.4693553	1.5714183
20.145445441621817	2.4737253	1.5728081
20.16324681086307	2.4693508	1.5714169
20.181048671791373	2.454613	1.5667205
20.198851024877122	2.4316297	1.5593684
20.216653870590836	2.4384344	1.5615487
20.234457209403146	2.4462473	1.5640484
20.252261041784802	2.42377	1.5568461
20.270065368206662	2.4066741	1.551346
20.287870189139685	2.3780038	1.5420778
20.305675505054968	2.3831387	1.5437418
20.323481316423702	2.3786623	1.5422913
20.341287623717207	2.3753755	1.5412253
20.359094427406884	2.336627	1.528603
20.376901727964288	2.3322754	1.5271789
20.39470952586107	2.334002	1.527744
20.41251782156899	2.3424373	1.5305023
20.430326615559935	2.3379784	1.5290449
20.448135908305886	2.3452048	1.5314062
20.465945700278965	2.3304825	1.5265918
20.483755991951384	2.3308554	1.526714
20.50156678379548	2.3719332	1.5401082
20.519378076283708	2.365748	1.5380988
20.537189869888635	2.3297396	1.5263485
20.55500216508294	2.3006282	1.5167822
20.572814962339415	2.290306	1.5133758
20.59062826213098	2.2903814	1.5134007
20.60844206493066	2.2935038	1.5144318
20.626256371211593	2.3183765	1.5226216
20.644071181447032	2.3156521	1.5217267
20.66188649611036	2.2961247	1.5152969
20.67970231567506	2.2899327	1.5132524
20.697518640614742	2.286994	1.5122811
20.715335471403122	2.2641385	1.5047054
20.73315280851404	2.2390487	1.4963452
20.750970652421447	2.2514925	1.5004975
20.768789003599412	2.255243	1.5017467
20.786607862522136	2.2927153	1.5141715
20.8044272296639	2.276246	1.5087234
20.82224710549913	2.275556	1.5084946
20.84006749050237	2.2718546	1.5072672
20.857888385148268	3.8517559	1.962589
20.8757097899116	45.96881	6.7800303
20.893531705267254	64.80378	8.050079
20.911354131690224	83.803894	9.154447
20.92917706965566	69.067	8.310656
20.94700051963877	50.156284	7.08211
20.96482448211493	29.436886	5.425577
20.982648957559622	4.177664	2.0439334
21.00047394644843	2.2765937	1.5088385
21.01829944925707	2.2628355	1.5042725
21.036125466461375	2.2279205	1.492622
21.053951998537297	2.2091823	1.4863318
21.071779045960906	2.1878712	1.4791454
21.089606609208378	2.1716352	1.4736469
21.10743468875603	2.1822948	1.4772593
21.12526328508028	2.2516444	1.500548
21.143092398657675	2.2682462	1.5060698
21.16092202996488	2.246999	1.4989994
21.17875217947867	2.1807337	1.4767307
21.19658284767596	2.163555	1.4709028
21.21441403503377	2.1943874	1.4813465
21.232245742029225	2.225975	1.4919702
21.2500779691396	2.2224069	1.4907739
21.26791071684227	2.2464423	1.4988136
21.28574398561475	2.2221892	1.490701
21.30357777593465	2.2103462	1.4867233
21.321412088279704	2.2042317	1.4846655
21.339246923127792	2.192318	1.4806478
21.357082280956888	2.1189687	1.4556677
21.3749181622451	2.0740747	1.4401648
21.392754567470647	2.1143506	1.4540807
21.41059149711187	2.15012	1.4663287
21.42842895164726	2.136427	1.4616522
21.446266931555378	2.1222234	1.4567853
21.464105437314945	2.088996	1.4453359
21.481944469404798	2.1098115	1.452519
21.49978402830388	2.1078308	1.4518371
21.51762411449127	2.1095545	1.4524306
21.53546472844617	2.1020992	1.4498618
21.553305870647876	2.0955346	1.4475961
21.571147541575865	2.0744026	1.4402786
21.58898974170967	2.0816169	1.442781
21.60683247152899	2.1009674	1.4494715
21.62467573151363	2.1079855	1.4518903
21.642519522143523	2.098884	1.4487526
21.660363843898722	2.0821671	1.4429716
21.6782086972594	2.0477917	1.4310107
21.696054082705864	2.0364006	1.4270251
21.713900000718535	2.029437	1.4245831
21.73174645177795	2.0251799	1.4230882
21.749593436364794	2.0132935	1.4189057
21.767440954959845	2.053583	1.4330328
21.785289008044032	2.0582016	1.4346434
21.803137596098388	2.071191	1.4391633
21.820986719604086	2.0447571	1.42995
21.838836379042412	2.0251925	1.4230926
21.85668657489478	2.026446	1.423533
21.87453730764273	2.016849	1.4201581
21.892388577767914	2.0220127	1.4219749
21.91024038575213	2.0204718	1.421433
21.928092732077285	2.003836	1.4155691
21.945945617225426	2.0017533	1.4148333
21.963799041678694	2.0196676	1.4211501
21.981653005919398	31.36165	5.6001472
21.999507510429943	78.16798	8.841266
22.01736255569286	73.13354	8.551815
22.035218142190818	4.199515	2.0492718
22.05307427040661	2.0026515	1.4151506
22.07093094082315	1.9794254	1.4069206
22.088788153923474	1.9783396	1.4065346
22.106645910190746	1.9886379	1.4101907
22.12450421010827	2.005112	1.4160198
22.142363054159464	2.0194402	1.4210701
22.16022244282787	2.0161886	1.4199256
22.178082376597164	1.9724331	1.4044334
22.195942855951145	1.9396803	1.392724
22.213803881373742	1.951707	1.3970351
22.231665453349002	1.9875637	1.4098098
22.24952757236111	1.9889318	1.4102949
22.26739023889438	1.9818772	1.4077916
22.28525345343323	1.9744904	1.4051657
22.30311721646225	1.9630636	1.4010937
22.320981528466113	1.9648536	1.4017323
22.33884638992964	2.0035956	1.4154842
22.356711801337788	1.9998554	1.4141624
22.37457776317561	1.9374106	1.391909
22.392444275928337	1.9221334	1.3864102
22.410311340081282	1.9352791	1.3911431
22.428178956119904	1.9456421	1.3948628
22.446047124529805	1.9286627	1.388763
22.46391584579669	1.9576622	1.3991648
22.481785120406414	1.9803205	1.4072386
22.49965494884496	1.9569825	1.3989218
22.51752533159841	1.9473354	1.3954695
22.53539626915302	1.9441826	1.3943394
22.553267761995137	1.9607373	1.4002633
22.571139810611264	1.9124992	1.3829314
22.589012415488025	1.908371	1.381438
22.60688557711216	1.9366751	1.3916447
22.624759295970566	1.9561312	1.3986176
22.642633572550263	1.9363973	1.3915449
22.660508407338362	1.9322566	1.3900564
22.67838380082217	1.9375006	1.3919413
22.696259753489077	1.9570278	1.3989381
22.714136265826614	1.9476929	1.3955977
22.73201333832246	1.9413872	1.3933367
22.74989097146439	1.9018527	1.3790767
22.76776916574035	1.8623356	1.3646742
22.785647921638393	1.8506992	1.360404
22.803527239646712	1.8898281	1.3747102
22.82140712025363	1.8967314	1.3772187
22.839287563947593	1.9092183	1.3817446
22.85716857121719	1.9061859	1.380647
22.875050142551135	1.944098	1.3943092
22.892932278438277	1.9630483	1.4010882
22.910814979367604	1.9507992	1.3967102
22.928698245828222	1.9438218	1.3942101
22.946582078309387	1.9221888	1.3864303
22.96446647730047	1.9353632	1.3911734
22.98235144329098	1.9103637	1.3821591
23.000236976770562	1.8824186	1.3720126
23.018123078229	1.8609008	1.3641484
23.03600974815619	1.8960183	1.3769598
23.053896987042194	1.8796718	1.3710113
23.071784795377173	1.8564396	1.3625122
23.08967317365145	1.8559356	1.3623272
23.10756212235546	1.8979467	1.3776599
23.125451641979787	1.9210685	1.3860261
23.143341733015134	1.912035	1.3827635
23.161232395952357	1.9021906	1.3791993
23.179123631282426	1.921603	1.3862189
23.197015439496468	1.9273987	1.3883078
23.214907821085717	1.9121295	1.3827977
23.23280077654157	1.901308	1.3788792
23.250694306355538	1.8955276	1.3767816
23.268588411019277	1.9239314	1.3870585
23.28648309102458	1.9531932	1.3975669
23.304378346863356	2.0177224	1.4204656
23.322274179027676	2.0166335	1.4200822
23.340170588009723	1.9715527	1.40412
23.358067574301852	1.9226459	1.3865951
23.37596513839651	1.8744142	1.3690925
23.39386328078629	1.879773	1.3710481
23.411762001963947	1.877638	1.3702693
23.429661302422353	1.8691336	1.3671626
23.4475611826545	1.8981134	1.3777204
23.46546164315356	1.959659	1.3998781
23.48336268441279	1.9748076	1.4052784
23.501264306925638	1.9742895	1.4050941
23.51916651118564	1.9420977	1.3935916
23.537069297686497	1.9284216	1.3886762
23.554972666922037	1.9145453	1.3836709
23.57287661938623	1.9197576	1.3855531
23.59078115557318	1.9006963	1.3786575
23.608686275977128	1.9203622	1.3857714
23.62659198109246	1.9123685	1.3828841
23.6444982714137	1.9263285	1.3879224
23.66240514743549	1.9328367	1.390265
23.68031260965263	1.927782	1.388446
23.698220658560068	1.922732	1.3866261
23.716129294652845	1.9151657	1.3838952
23.7340385184262	1.8880584	1.3740664
23.75194833037546	1.8963745	1.3770891
23.769858730996123	1.9706393	1.4037946
23.78776972078382	1.9643357	1.4015476
23.80568130023431	1.9124941	1.3829296
23.823593469843495	1.8786143	1.3706255
23.841506230107424	1.9073493	1.3810682
23.859419581522275	1.8704367	1.3676391
23.87733352458438	1.90525	1.3803079
23.89524805979019	1.9167998	1.3844854
23.913163187636318	1.9071898	1.3810104
23.931078908619508	1.9446789	1.3945174
23.948995223236633	1.982991	1.4081872
23.966912131984735	2.011928	1.4184245
23.98482963536096	2.0570443	1.43424
24.002747733862616	2.0757325	1.4407402
24.020666427987155	2.058781	1.4348452
24.038585718232156	2.0278893	1.4240397
24.056505605095353	2.017223	1.4202898
24.074426089074617	2.039141	1.427985
24.092347170667946	2.0477846	1.4310082
24.110268850373515	2.0215907	1.4218265
24.128191128689586	2.0171	1.4202465
24.146114006114626	2.023274	1.4224184
24.164037483147187	2.0476265	1.430953
24.181961560286005	2.0419538	1.4289695
24.199886238029926	2.0178823	1.4205219
24.21781151687797	1.9930261	1.4117458
24.235737397329274	1.9873275	1.409726
24.253663879883135	2.0051956	1.4160492
24.271590965038975	1.984457	1.4087076
24.289518653296376	1.9847717	1.4088193
24.30744694515505	1.9945492	1.4122851
24.32537584111486	2.0096047	1.4176053
24.34330534167581	1.9640194	1.4014348
24.361235447338046	1.9599404	1.3999788
24.379166158601876	1.9783918	1.4065531
24.39709747596772	2.0244708	1.422839
24.41502939993615	2.0008442	1.414512
24.432961931007917	1.9816756	1.40772
24.450895069683856	2.0164335	1.4200118
24.468828816465	2.0447333	1.4299417
24.4867631718525	1.9905887	1.4108822
24.504698136347656	1.9650248	1.4017935
24.52263371045192	1.9416858	1.3934438
24.540569894666874	1.9488409	1.3960088
24.558506689494266	1.923777	1.3870028
24.57644409543597	1.89328	1.3759651
24.594382112994012	1.8954829	1.3767654
24.61232074267057	1.8870965	1.3737164
24.630259984967953	1.8687781	1.3670326
24.64819984038863	1.8357017	1.3548807
24.66614030943522	1.8935212	1.3760527
24.684081392610462	1.9944702	1.4122572
24.702023090417274	2.051707	1.432378
24.7199654033587	2.0461776	1.4304466
24.737908331937927	2.019047	1.4209317
24.755851876658305	2.029171	1.4244897
24.773796038023324	2.053548	1.4330206
24.79174081653661	2.114101	1.4539949
24.809686212701962	2.178664	1.4760298
24.827632227023294	2.130391	1.4595859
24.8455788600047	2.0871563	1.4446994
24.8635261121504	2.081541	1.4427546
24.88147398396475	2.16034	1.4698095
24.899422475952303	2.1637905	1.4709828
24.917371588617698	2.1809974	1.47682
24.935321322465768	2.2254176	1.4917834
24.953271678001478	2.3692133	1.5392249
24.97122265572994	2.564317	1.6013485
24.989174256156414	2.851226	1.6885574
25.00712647978632	3.233274	1.7981308
25.02507932712521	3.8588624	1.9643987
25.043032798678798	4.493981	2.1199012
25.060986894952933	5.105638	2.2595658
25.078941616453637	5.7409744	2.396033
25.096896963687055	6.763582	2.6006887
25.114852937159508	8.023873	2.8326442
25.132809537377444	8.552314	2.924434
25.150766764847468	8.522322	2.9193015
25.168724620076347	7.964997	2.8222325
25.186683103570985	6.953064	2.6368663
25.204642215838426	5.762423	2.4005048
25.222601957385894	4.3087893	2.0757623
25.24056232872074	3.1973276	1.7881073
25.25852333035048	2.619013	1.6183366
25.276484962782778	2.270477	1.5068102
25.294447226525435	2.108499	1.4520671
25.312410122086423	2.0055678	1.4161807
25.330373649973843	2.026732	1.4236333
25.348337810695988	2.0149503	1.4194894
25.366302604761245	1.9785384	1.4066052
25.384268032678207	1.9132782	1.383213
25.40223409495558	1.9257728	1.3877221
25.420200792102257	1.9430393	1.3939295
25.438168124627246	1.923313	1.3868356
25.45613609303974	1.8979163	1.3776488
25.474104697849057	1.9059064	1.3805457
25.492073939564698	1.898799	1.3779691
25.510043818696285	1.8752786	1.3694081
25.528014335753614	1.9006832	1.3786527
25.54598549124664	1.8893906	1.374551
25.56395728568544	1.9131148	1.3831539
25.58192971958028	1.9001303	1.3784522
25.59990279344156	1.895391	1.376732
25.617876507779833	1.8631338	1.3649666
25.635850863105826	1.8734546	1.368742
25.653825859930386	1.8357402	1.3548949
25.671801498764548	1.8160346	1.3476033
25.68977778011949	1.8282088	1.3521128
25.707754704506524	1.8564765	1.3625258
25.725732272437153	1.9331903	1.3903922
25.743710484423012	1.9109739	1.3823798
25.761689340975888	1.8728911	1.3685361
25.77966884260774	1.8281238	1.3520813
25.797648989830662	1.8527209	1.3611469
25.815629783156922	1.8792211	1.3708469
25.83361122309895	1.8910758	1.3751639
25.85159331016929	1.8861161	1.3733594
25.869576044880695	1.8770521	1.3700556
25.887559427746034	1.8535976	1.3614689
25.90554345927836	1.8495222	1.3599714
25.92352813999086	1.8549389	1.3619614
25.94151347039689	1.8425932	1.3574215
25.959499451009965	1.8240104	1.3505592
25.97748608234374	1.8425934	1.3574216
25.995473364912062	1.8360728	1.3550177
26.013461299228904	1.831541	1.3533443
26.03144988580839	1.8542818	1.3617202
26.04943912516483	1.8546047	1.3618387
26.067429017812675	1.8738033	1.3688693
26.085419564266537	1.8625448	1.3647509
26.103410765041186	1.8449454	1.3582877
26.12140262065155	1.8268477	1.3516093
26.139395131612723	1.8494781	1.3599552
26.157388298439948	1.8283294	1.3521574
26.17538212164861	1.8011066	1.3420532
26.193376601754295	1.7819011	1.3348787
26.211371739272714	1.7690428	1.3300537
26.229367534719746	1.7591707	1.3263373
26.247363988611433	1.7458515	1.3213067
26.26536110146397	1.7901415	1.3379617
26.283358873793727	1.8788271	1.3707031
26.301357306117204	1.9270141	1.3881693
26.319356398951104	1.8770179	1.370043
26.33735615281224	1.8053735	1.3436419
26.35535656821762	1.7942843	1.339509
26.373357645684404	1.8527097	1.3611428
26.39135938572991	1.8551325	1.3620325
26.409361788871614	1.8851552	1.3730096
26.427364855627165	1.8552868	1.3620892
26.445368586514352	1.8606284	1.3640485
26.46337298205115	1.845777	1.3585938
26.48137804275568	1.8207034	1.3493345
26.499383769146217	1.8125231	1.3462998
26.517390161741215	1.8446281	1.3581709
26.53539722105928	1.797472	1.3406984
26.553404947619182	1.7743881	1.3320615
26.571413341939856	1.8010437	1.3420297
26.589422404540397	1.8139964	1.3468468
26.60743213594006	1.7867424	1.3366909
26.62544253665827	1.7941477	1.339458
26.64345360721459	1.8116494	1.3459753
26.66146534812879	1.7917715	1.3385707
26.679477759920758	1.7728207	1.3314731
26.69749084311057	1.8392168	1.3561773
26.71550459821847	1.8780894	1.370434
26.733519025764842	1.8487704	1.359695
26.751534126270258	1.8086544	1.3448622
26.769549900255434	1.8119842	1.3460996
26.787566348241267	1.7919562	1.3386397
26.80558347074881	1.7901796	1.337976
26.823601268299267	1.7878345	1.3370993
26.841619741414036	1.7648145	1.3284632
26.85963889061465	1.7789787	1.3337836
26.877658716422832	1.8499777	1.3601389
26.89567921936045	1.8803883	1.3712724
26.913700399949544	1.8624591	1.3647194
26.93172225871233	1.8458261	1.3586118
26.949744796171174	1.8349866	1.3546168
26.967768012848605	1.8683819	1.3668877
26.98579190926733	1.8519179	1.3608519
27.003816485950225	1.8375846	1.3555753
27.021841743420318	1.812751	1.3463844
27.039867682200814	1.8153261	1.3473403
27.057894302815072	1.8181775	1.3483981
27.07592160578664	1.855673	1.3622309
27.0939495916392	1.8498845	1.3601046
27.111978260896635	1.7726071	1.3313929
27.13000761408296	1.7458515	1.3213067
27.148037651722397	1.7683465	1.3297919
27.166068374339304	1.7778895	1.3333752
27.184099782458215	1.7740347	1.331929
27.20213187660384	1.8258941	1.3512565
27.22016465730105	1.8294969	1.3525889
27.23819812507487	1.7958581	1.3400964
27.256232280450533	1.7606206	1.3268838
27.274267123953383	1.7740831	1.3319471
27.292302656108987	1.766239	1.3289993
27.31033887744306	1.8316299	1.3533772
27.32837578848146	1.8323176	1.3536313
27.34641338975026	1.8219917	1.3498117
27.364451681775673	1.8130068	1.3464794
27.382490665084074	1.8349684	1.3546101
27.400530340202046	1.8101231	1.3454082
27.41857070765629	1.8203083	1.349188
27.436611767973726	1.7825817	1.3351336
27.454653521681404	1.785419	1.3361957
27.472695969306564	1.83045	1.3529413
27.490739111376627	1.8224626	1.3499861
27.508782948419153	1.8297379	1.3526781
27.526827480961902	1.7836537	1.335535
27.54487270953279	1.7783473	1.3335469
27.562918634659898	1.7860448	1.3364298
27.580965256871508	1.809323	1.3451108
27.599012576696026	1.7668194	1.3292176
27.617060594662068	1.7935185	1.3392231
27.63510931129842	1.8330238	1.3538921
27.65315872713401	1.8759614	1.3696574
27.67120884269797	1.8617114	1.3644454
27.68925965851958	1.8357621	1.354903
27.707311175128307	1.8426497	1.3574424
27.725363393053787	1.8304288	1.3529334
27.74341631282583	1.8351387	1.3546729
27.7614699349744	1.8606313	1.3640496
27.77952426002968	2.0207317	1.4215244
27.797579288521973	2.042051	1.4290035
27.815635020981784	2.478835	1.5744317
27.83369145793979	2.5754435	1.6048188
27.85174859992682	2.43171	1.5593941
27.869806447473923	2.2414114	1.4971344
27.887865001112267	1.974334	1.40511
27.905924261373233	1.9183693	1.3850521
27.92398422878836	1.9098954	1.3819897
27.94204490388936	1.8586081	1.3633078
27.96010628720813	1.8312525	1.3532377
27.978168379276728	1.8867786	1.3736006
27.9962311806274	1.8785444	1.3706
28.014294691792568	1.8484007	1.359559
28.0323589133048	1.8952465	1.3766795
28.050423845696887	1.884184	1.3726559
28.068489489501758	1.8274002	1.3518137
28.086555845252523	1.7983228	1.3410156
28.104622913482487	1.8096468	1.3452312
28.122690694725115	1.8269196	1.3516359
28.14075918951405	1.854503	1.3618014
28.15882839838312	1.8945006	1.3764086
28.176898321866304	1.8858187	1.3732512
28.1949689604978	1.8678216	1.3666826
28.213040314811945	1.8981336	1.3777277
28.23111238534327	1.90718	1.3810068
28.249185172626493	1.928879	1.3888409
28.267258677196473	1.8972306	1.3773999
28.285332899588294	1.9082247	1.3813851
28.303407840337172	1.9108689	1.3823419
28.321483499978545	1.9005725	1.3786125
28.33955987904799	1.8864385	1.3734767
28.357636978081285	1.9416012	1.3934135
28.37571479761439	1.951754	1.3970519
28.393793338183425	1.9753791	1.4054818
28.41187260032469	2.0053377	1.4160994
28.429952584574686	1.9714999	1.4041011
28.448033291470065	1.9306154	1.3894659
28.46611472154769	1.9736223	1.4048567
28.484196875344566	2.0226674	1.4222051
28.502279753397914	2.0080001	1.4170392
28.52036335624511	1.9780327	1.4064255
28.538447684423716	1.9471319	1.3953967
28.556532738471482	1.948969	1.3960547
28.574618518926325	1.9927498	1.4116479
28.59270502632635	2.0257607	1.4232922
28.61079226120985	2.020615	1.4214834
28.628880224115274	2.0037763	1.4155481
28.646968915581287	2.001564	1.4147664
28.66505833614671	2.0125556	1.4186457
28.68314848635055	2.0789561	1.4418585
28.701239366732004	2.074193	1.4402059
28.71933097783044	2.0596066	1.435133
28.737423320185403	1.9656986	1.4020337
28.75551639433665	1.9864032	1.4093982
28.773610200824074	2.06186	1.4359179
28.791704740187793	2.064232	1.4367436
28.80980001296809	2.0866883	1.4445374
28.827896019705413	2.1563804	1.4684619
28.845992760940433	2.1517832	1.4668958
28.86409023721397	2.0989702	1.4487823
28.88218844906704	2.1139126	1.45393
28.900287397040845	2.1777704	1.4757271
28.918387081676755	2.2385154	1.496167
28.936487503516343	2.2866821	1.512178
28.954588663101365	2.3300047	1.5264353
28.97269056097374	2.334082	1.5277703
28.990793197675597	2.312999	1.5208547
29.00889657374923	2.3584657	1.5357296
29.027000689737125	2.4660459	1.5703648
29.04510554618196	2.4991262	1.5808625
29.06321114362659	2.508774	1.583911
29.08131748261405	2.5373464	1.592905
29.099424563687567	2.5616624	1.6005194
29.11753238739057	2.5604675	1.600146
29.13564095426663	2.5775497	1.605475
29.15375026485954	2.5819345	1.6068399
29.171860319713275	2.6120436	1.6161819
29.18997111937199	2.6664944	1.6329404
29.20808266438002	2.738429	1.65482
29.226194955281898	2.7825673	1.6681029
29.244307992622335	2.806649	1.6753056
29.26242177694624	2.7769682	1.6664238
29.2805363087987	2.7604537	1.6614614
29.29865158872498	2.8316865	1.6827615
29.316767617270557	2.9468894	1.7166506
29.334884394981064	3.0126948	1.7357116
29.353001922402367	3.027528	1.7399793
29.37112020008047	3.0628338	1.7500954
29.389239228561596	3.2011657	1.7891802
29.407359008392152	3.3887284	1.8408499
29.42547954011872	3.7428102	1.9346344
29.44360082428809	4.3850956	2.094062
29.46172286144722	5.4858384	2.3421867
29.479845652143283	7.0545564	2.6560414
29.497969196923606	9.11474	3.0190628
29.516093496335728	11.692018	3.4193592
29.5342185509274	14.636927	3.8258235
29.55234436124651	17.221317	4.1498575
29.570470927841175	18.780952	4.3336997
29.588598251259686	18.45558	4.2959957
29.60672633205055	17.02831	4.1265373
29.624855170762405	14.658926	3.8286977
29.642984767944146	11.851379	3.4425833
29.66111512414481	9.040078	3.0066724
29.67924623991366	6.695221	2.5875125
29.697378115800138	5.067293	2.2510648
29.71551075235387	4.1305013	2.0323634
29.733644150124675	3.6551182	1.9118364
29.751778309662576	3.4364047	1.8537542
29.769913231517766	3.3592575	1.8328277
29.78804891624066	3.3567567	1.8321453
29.806185364381818	3.3039434	1.8176752
29.82432257649206	3.287045	1.813021
29.842460553122333	3.2689965	1.8080367
29.86059929482382	3.306457	1.8183665
29.878738802147872	3.2984927	1.8161753
29.896879075646048	3.2111628	1.7919718
29.915020115870114	3.1606438	1.77782
29.933161923371976	3.1683471	1.7799852
29.951304498703777	3.2025242	1.7895597
29.969447842417857	3.226171	1.7961545
29.987591955066733	3.2024343	1.7895347
30.005736837203123	3.203714	1.7898922
30.023882489379943	3.152227	1.7754512
30.04202891215028	3.187191	1.7852706
30.060176106067455	3.2152414	1.7931094
30.078324071684946	3.1910539	1.7863522
30.09647280955646	3.1435661	1.7730105
30.114622320235863	3.159153	1.7774006
30.132772604277257	3.191245	1.7864057
30.1509236622349	3.1441453	1.7731738
30.16907549466328	3.0818095	1.7555083
30.18722810211705	3.0629854	1.7501386
30.205381485151097	3.0788739	1.754672
30.22353564432045	3.079691	1.7549049
30.241690580180403	3.0767355	1.7540625
30.25984629328638	3.0470078	1.745568
30.278002784194037	3.0563564	1.7482438
30.296160053459246	3.0362184	1.7424748
30.314318101638033	3.0124896	1.7356524
30.332476929286646	2.999799	1.7319928
30.35063653696153	2.9929225	1.7300065
30.368796925219307	2.9766378	1.7252935
30.386958094616844	2.9671972	1.7225554
30.40512004571115	2.947263	1.7167594
30.423282779059463	2.9188316	1.7084588
30.441446295219233	2.869418	1.6939356
30.459610594748067	2.8003004	1.6734098
30.47777567820382	2.8050165	1.6748184
30.495941546144504	2.827906	1.6816379
30.51410819912835	2.8337266	1.6833676
30.532275637713795	2.792716	1.6711421
30.55044386245946	2.7498734	1.6582742
30.56861287392416	2.7872827	1.6695157
30.586782672666956	2.8516576	1.6886852
30.604953259247047	2.860764	1.6913793
30.623124634223885	2.8384352	1.6847656
30.641296798157075	2.8097856	1.6762415
30.659469751606462	2.8605268	1.6913092
30.677643495132074	2.8328404	1.6831044
30.695818029294152	2.7029438	1.6440632
30.713993354653116	2.6881907	1.6395702
30.73216947176962	2.7364311	1.6542162
30.75034638120448	2.7838652	1.6684918
30.768524083518756	2.81949	1.6791337
30.786702579273673	2.7994142	1.6731449
30.80488186903069	2.7572038	1.660483
30.82306195335144	2.9175613	1.7080871
30.841242832797782	3.1361094	1.7709063
30.85942450793176	3.4728186	1.86355
30.877606979315637	3.8100622	1.951938
30.895790247511883	4.1423793	2.0352836
30.913974313083134	4.5533886	2.133867
30.932159176592283	4.81319	2.1938984
30.95034483860237	4.8804293	2.2091694
30.968531299676698	4.7428384	2.177806
30.98671856037873	4.4063263	2.0991251
31.00490662127215	4.0397043	2.0099015
31.023095482920848	3.5623913	1.8874298
31.04128514588892	3.1151085	1.764967
31.059475610740662	2.7558916	1.6600878
31.07766687804056	2.5948973	1.6108685
31.09585894835335	2.5100012	1.5842984
31.11405182224393	2.5064442	1.5831753
31.132245500277417	2.507812	1.5836073
31.15043998301914	2.4478536	1.5645617
31.168635271034628	2.4578438	1.5677512
31.18683136488964	2.4484918	1.5647657
31.20502826515008	2.3714082	1.5399377
31.223225972382135	2.372892	1.5404193
31.241424487152155	2.4812508	1.5751987
31.259623810026692	2.5124352	1.5850663
31.27782394157253	2.5269496	1.5896382
31.296024882356644	2.48607	1.5767276
31.314226632946237	2.4279194	1.5581782
31.332429193908684	2.418062	1.5550119
31.350632565811598	2.4344022	1.5602571
31.368836749222787	2.4165356	1.5545211
31.387041744710295	2.4260893	1.5575908
31.40524755284232	2.4877708	1.5772669
31.423454174187317	2.5403452	1.5938461
31.441661609313922	2.5198221	1.5873947
31.459869858791002	2.5359926	1.5924801
31.478078923187628	2.519887	1.5874152
31.496288803073064	2.4692569	1.5713869
31.514499499016807	2.437255	1.561171
31.532711011588546	2.429664	1.5587379
31.550923341358178	2.3470776	1.5320175
31.56913648889584	2.3003144	1.5166787
31.587350454771844	2.288896	1.5129098
31.605565239556732	2.3442397	1.531091
31.62378084382127	2.3754413	1.5412467
31.641997268136382	2.3074002	1.5190129
31.660214513073274	2.2344685	1.4948138
31.67843257920331	2.239307	1.4964314
31.6966514670981	2.284748	1.5115383
31.71487117732944	2.3255389	1.5249717
31.733091710469346	2.3387856	1.5293089
31.751313067090052	2.3199255	1.5231302
31.769535247764008	2.341395	1.5301617
31.787758253063878	2.2616477	1.5038775
31.805982083562526	2.2349727	1.4949825
31.824206739833024	2.17748	1.4756286
31.84243222244869	2.2415679	1.4971867
31.860658531983013	2.264921	1.5049654
31.878885669009737	2.2867963	1.5122157
31.897113634102784	2.2319107	1.4939581
31.91534242783632	2.2293997	1.4931175
31.933572050784694	2.2316966	1.4938864
31.951802503522508	2.2234476	1.491123
31.970033786624548	2.232867	1.4942781
31.988265900665834	2.1924725	1.4807
32.006498846221575	2.1144483	1.4541143
32.02473262386724	2.128428	1.4589133
32.04296723417845	2.083453	1.4434171
32.0612026777311	2.0564916	1.4340473
32.07943895510129	2.1176383	1.4552108
32.097676066865304	2.1784153	1.4759456
32.115914013599685	2.2558496	1.5019486
32.13415279588115	2.2663116	1.5054274
32.152392414286666	2.263803	1.504594
32.1706328693934	2.2483647	1.4994549
32.18887416177875	2.2099295	1.4865831
32.20711629202032	2.217097	1.488992
32.225359260695924	2.179507	1.4763154
32.243603068383614	2.118002	1.4553357
32.26184771566166	2.044004	1.4296867
32.28009320310852	2.0759554	1.4408176
32.2983395313029	2.1727974	1.4740412
32.31658670082372	2.1478825	1.4655656
32.33483471225012	2.1189787	1.4556712
32.35308356616143	2.1216097	1.4565747
32.371333263137245	2.1397963	1.4628042
32.38958380375734	2.120441	1.4561734
32.407835188601744	2.0635126	1.4364932
32.42608741825067	2.041645	1.4288615
32.444340493284585	2.0581105	1.4346116
32.46259441428416	2.0785756	1.4417266
32.48084918183028	2.0687284	1.4383075
32.49910479650405	2.040523	1.4284688
32.51736125888683	2.0477023	1.4309795
32.53561856956014	2.096386	1.4478902
32.5538767291058	2.0965455	1.4479452
32.572135738105764	2.061664	1.4358497
32.59039559714228	2.0154462	1.4196641
32.608656306797776	1.9974469	1.4133106
32.62691786765491	2.0212064	1.4216914
32.645180280296586	2.0210419	1.4216335
32.663443545305896	2.0614643	1.43578
32.68170766326619	2.0556312	1.4337473
32.69997263476099	2.0750353	1.4404984
32.7182384603741	1.9968125	1.4130862
32.7365051406895	1.9911225	1.4110714
32.75477267629144	1.9503917	1.3965642
32.77304106776434	1.9586058	1.3995019
32.79131031569289	1.9864608	1.4094186
32.809580420661966	1.9560075	1.3985734
32.827851383256714	2.008348	1.417162
32.84612320406245	2.0127132	1.4187013
32.86439588366476	1.9398597	1.3927885
32.88266942264945	1.963031	1.4010822
32.9009438216025	1.9639051	1.401394
32.9192190811102	1.9554614	1.3983781
32.937495201758985	2.019871	1.4212216
32.95577218413556	1.9936064	1.4119513
32.974050028826866	1.9428335	1.3938557
32.992328736420035	1.9546528	1.3980889
33.010608307502444	1.9812557	1.4075708
33.02888874266169	2.0169	1.420176
33.047170042485604	1.9312241	1.3896849
33.06545220756225	1.8564497	1.3625159
33.083735238479896	1.895032	1.3766016
33.10201913582707	2.0003412	1.4143342
33.12030390019248	2.0209086	1.4215866
33.138589532165135	1.9780526	1.4064326
33.15687603233419	1.9509945	1.39678
33.17516340128909	1.9949833	1.4124388
33.19345163961947	1.9814348	1.4076345
33.211740747915215	1.9470198	1.3953565
33.23003072676643	1.9531771	1.3975611
33.248321576763466	2.014732	1.4194125
33.266613298496885	2.0337644	1.4261011
33.28490589255747	1.9078418	1.3812464
33.30319935953626	1.8326759	1.3537636
33.32149370002451	1.8246881	1.3508102
33.339788914613706	1.917728	1.3848206
33.358085003895575	1.9879128	1.4099336
33.376381968462034	1.9688164	1.4031452
33.39467980890529	1.8296276	1.3526373
33.41297852581774	1.8332336	1.3539696
33.43127811979204	1.9733207	1.4047494
33.44957859142105	2.0249398	1.4230038
33.467879941297866	1.9636892	1.401317
33.486182170015844	1.9355692	1.3912474
33.50448527816853	1.9862553	1.4093457
33.522789266349754	1.992393	1.4115216
33.541094135153514	1.9804622	1.4072889
33.55939988517411	2.0755072	1.440662
33.57770651700602	2.0308788	1.425089
33.59601403124398	1.9344864	1.3908582
33.61432242848296	1.9525745	1.3973455
33.632631709318154	2.0118315	1.4183905
33.650941874344994	1.9764758	1.4058719
33.66925292415916	1.9409187	1.3931686
33.68756485935654	1.9156998	1.384088
33.70587768053328	1.9109137	1.3823581
33.724191388285746	1.8110576	1.3457553
33.74250598321054	1.8059646	1.3438618
33.760821465904506	1.8501277	1.360194
33.77913783696474	1.9089874	1.381661
33.79745509698852	1.9045308	1.3800473
33.815773246573414	1.9697797	1.4034884
33.8340922863172	1.988568	1.4101659
33.852412216817896	1.9276694	1.3884053
33.87073303867377	1.848863	1.359729
33.889054752483304	1.855469	1.362156
33.907377358845245	1.9390576	1.3925005
33.92570085835853	1.9437664	1.3941902
33.94402525162239	1.9122971	1.3828583
33.96235053923627	1.9875574	1.4098076
33.980676721799824	2.0303469	1.4249024
33.999003799912984	2.099066	1.4488153
34.01733177417592	2.0431707	1.4293952
34.03566064518901	1.9466298	1.3952167
34.0539904135529	1.8933246	1.3759813
34.07232107986846	1.8827572	1.372136
34.090652644736785	1.9297049	1.3891382
34.108985108759235	1.8757501	1.3695803
34.12731847253742	1.8055202	1.3436965
34.14565273667313	1.8647858	1.3655716
34.16398790176847	2.0439734	1.4296759
34.18232396842574	2.0236328	1.4225445
34.20066093724749	1.8538359	1.3615564
34.21899880883651	1.8880961	1.3740801
34.23733758379583	1.9957144	1.4126976
34.25567726272874	2.0355613	1.426731
34.27401784623872	1.923221	1.3868024
34.29235933492957	1.8904659	1.3749422
34.31070172940526	1.8480833	1.3594422
34.32904503027003	1.8387566	1.3560076
34.347389238128386	1.8924189	1.3756522
34.36573435358502	1.987528	1.4097972
34.38408037724492	2.0670538	1.4377252
34.402427309713296	2.0601177	1.435311
34.42077515159559	1.9725981	1.4044921
34.43912390349752	2.0275743	1.4239292
34.45747356602499	2.0302973	1.424885
34.47582413978423	1.9464444	1.3951503
34.49417562538163	1.9377797	1.3920416
34.51252802342388	2.1477668	1.4655261
34.53088133451789	2.0479925	1.4310808
34.54923555927084	1.8430585	1.3575929
34.567590698290104	1.862676	1.3647989
34.58594675218336	1.8418461	1.3571463
34.6043037215585	1.8012682	1.3421134
34.62266160702365	1.8994223	1.3781953
34.641020409187234	1.9752915	1.4054506
34.65938012865785	1.9386296	1.3923469
34.677740766044394	1.9242771	1.3871832
34.69610232195598	1.972045	1.4042952
34.714464797002016	1.8920088	1.3755031
34.73282819179208	1.735309	1.3173113
34.751192506936064	1.8849964	1.3729517
34.76955774304408	1.956731	1.398832
34.7879239007265	1.9141612	1.3835322
34.80629098059391	1.9282823	1.388626
34.824658983257194	1.8580587	1.3631063
34.843027909327446	1.8174536	1.3481296
34.86139775941603	1.9191674	1.3853402
34.879768534134534	2.0276086	1.4239413
34.89814023409483	2.0053582	1.4161067
34.91651285990901	1.7966256	1.3403827
34.93488641218944	1.7766821	1.3329225
34.95326089154871	2.0970569	1.4481218
34.97163629859967	2.2406096	1.4968666
34.99001263395542	2.0124903	1.4186226
35.00838989822934	1.8438078	1.3578689
35.02676809203499	1.8612822	1.3642882
35.04514721598624	1.9100302	1.3820385
35.063527270697215	1.9221419	1.3864133
35.081908256782256	1.8642548	1.3653772
35.10029017485597	1.8508264	1.3604507
35.11867302553321	1.9047803	1.3801378
35.137056809429104	1.6668916	1.2910815
35.155441527159006	1.6053878	1.267039
35.173827179338524	1.7857966	1.336337
35.19221376658354	1.9474986	1.3955281
35.21060128951017	2.030214	1.4248558
35.2289897487348	2.1116235	1.4531426
35.24737914487405	2.0974278	1.4482499
35.26576947854479	1.8518755	1.3608364
35.28416075036418	1.7976648	1.3407702
35.30255296094958	1.9466038	1.3952074
35.32094611091867	2.0370483	1.427252
35.33934020088932	2.078263	1.4416182
35.35773523147969	2.0709913	1.439094
35.3761312033082	2.0094101	1.4175366
35.394528116993506	2.1964602	1.482046
35.41292597315452	1.9366769	1.3916454
35.431324772410434	1.7882847	1.3372676
35.449724515380666	1.9139917	1.3834709
35.46812520268491	1.7872369	1.3368758
35.486526834943106	1.6843016	1.2978065
35.504929412775454	1.9760948	1.4057364
35.52333293680242	2.2360353	1.4953378
35.54173740764471	2.2182844	1.4893906
35.560142825923286	2.2529862	1.500995
35.5785491922594	1.8128544	1.3464228
35.59695650727454	2.0544488	1.4333348
35.61536477159042	2.1225152	1.4568855
