0.008763373481513119	0.0	0.0
0.026290120649546365	0.0	0.0
0.043816868432600686	0.0	0.0
0.06134361724069026	0.052548494	0.22923458
0.07887036748382949	0.10579355	0.3252592
0.0963971195720331	0.16692498	0.40856454
0.11392387391531617	0.14786185	0.3845281
0.1314506309236943	0.14800182	0.38471004
0.1489773910071836	0.10033432	0.31675592
0.16650415457580078	0.04755921	0.21808074
0.18403092203956356	0.03989495	0.1997372
0.20155769380849	0.07001133	0.26459655
0.2190844702925996	0.1220923	0.3494171
0.2366112519019124	0.13786238	0.37129825
0.2541380390464497	0.12305619	0.35079366
0.27166483213623416	0.09184012	0.30305135
0.28919163158128947	0.09909894	0.31479985
0.3067184377916406	0.12208252	0.34940308
0.324245251177314	0.15709423	0.39635113
0.34177207214833777	0.22765045	0.47712728
0.3592989011147415	0.19813287	0.4451212
0.37682573848655654	0.22513416	0.47448304
0.39435258467381573	0.20319207	0.45076832
0.41187944008655414	0.15759705	0.39698493
0.42940630513480854	0.1660191	0.4074544
0.446933180228618	0.15971641	0.39964536
0.4644600657780234	0.11854712	0.34430674
0.48198696219306775	0.14718798	0.38365087
0.49951386988379676	0.15774375	0.39716968
0.5170407892602581	0.18990318	0.43577883
0.5345677207325025	0.19710818	0.44396868
0.5520946647105822	0.18982577	0.43569
0.5696216216045534	0.15134574	0.3890318
0.5871485918244737	0.16554882	0.4068769
0.6046755757804043	0.16336387	0.40418297
0.6222025738824094	0.1928777	0.43917844
0.6397295865405557	0.20234871	0.44983187
0.6572566141649129	0.22113115	0.47024584
0.6747836571655547	0.23700024	0.48682672
0.6923107159525568	0.23260248	0.48228878
0.7098377909359992	0.19124196	0.43731222
0.7273648825259653	0.20173518	0.4491494
0.7448919911325411	0.17568396	0.41914672
0.762419117165817	0.165967	0.40739048
0.7799462610358868	0.16217937	0.402715
0.7974734231528482	0.16456437	0.40566534
0.8150006039268024	0.16760276	0.40939316
0.8325278037678551	0.19049603	0.4364585
0.8500550230861152	0.20280394	0.4503376
0.8675822622916969	0.19036223	0.4363052
0.8851095217947171	0.22951713	0.47907946
0.9026368020052984	0.21486348	0.4635337
0.9201641033335665	0.26652694	0.5162625
0.9376914261896523	0.27355462	0.5230245
0.9552187709836915	0.25097173	0.5009708
0.9727461381258234	0.22730231	0.47676232
0.990273528026193	0.20259435	0.45010483
1.0078009410949496	0.21264051	0.4611296
1.0253283777422473	0.22600152	0.47539616
1.0428558383782454	0.20573778	0.45358327
1.0603833234131086	0.2454388	0.4954178
1.0779108332570058	0.2965678	0.5445804
1.0954383683201119	0.34108812	0.58402747
1.112965929012607	0.39308256	0.62696296
1.1304935157446763	0.522159	0.7226057
1.1480211289265108	0.5639974	0.7509976
1.1655487689683062	1.4520134	1.2049952
1.1830764362802655	1.7520365	1.3236451
1.200604131272596	2.1531835	1.467373
1.2181318543555117	2.4545846	1.5667114
1.235659605939232	2.478202	1.5742307
1.253187386433982	4.1097007	2.0272396
1.270715196249994	6.3830957	2.526479
1.2882430357975057	11.714404	3.4226313
1.3057709054867608	16.35254	4.043827
1.3232988057280106	21.981834	4.688479
1.3408267369315112	27.218853	5.2171693
1.358354699507526	31.136597	5.5800176
1.3758826938663256	35.110462	5.9254084
1.3934107204181858	36.949665	6.078624
1.410938779573391	37.265713	6.104565
1.4284668717422309	38.073933	6.170408
1.4459949973350033	37.710823	6.140914
1.4635231567620117	37.442383	6.119018
1.4810513504335687	36.667263	6.05535
1.4985795787599925	35.947212	5.9955993
1.5161078421516088	35.824516	5.9853587
1.5336361410187505	35.081333	5.92295
1.5511644757717598	35.198853	5.9328623
1.5686928468209842	35.6076	5.9672103
1.58622125457678	36.136528	6.0113664
1.6037496994495108	37.334644	6.110208
1.621278181849548	37.0872	6.0899262
1.6388067021872719	37.899387	6.1562476
1.6563352608730693	37.241173	6.102555
1.673863858317336	36.53307	6.044259
1.6913924949304753	35.399998	5.9497895
1.7089211711228998	34.20393	5.8484125
1.7264498873050296	33.55142	5.7923584
1.7439786438872935	33.166664	5.759051
1.7615074412801288	32.45757	5.6971545
1.779036279893981	31.91108	5.648989
1.796565160139305	30.795797	5.549396
1.814094082426564	30.306108	5.5050983
1.8316230471662298	29.568352	5.437679
1.849152054768784	28.812553	5.3677325
1.8666811056447168	28.607533	5.348601
1.8842102002045273	27.817621	5.2742414
1.901739338858724	27.047764	5.2007465
1.9192685220178245	26.065083	5.105397
1.9367977500923557	25.252865	5.025223
1.9543270234928547	24.95529	4.995527
1.971856342629867	24.623314	4.9621882
1.9893857079139496	24.063662	4.9054728
2.006915119755667	23.40559	4.8379326
2.0244445785655945	22.49647	4.7430444
2.0419740847543175	21.967873	4.68699
2.0595036387324317	21.501738	4.6369967
2.0770332409105414	21.192162	4.6034946
2.094562891699263	20.951279	4.5772567
2.1120925915092217	20.43436	4.520438
2.129622340751053	20.198614	4.494287
2.1471521398354043	188.39735	13.725792
2.1646819891729323	444.69177	21.087717
2.182211889174303	440.84088	20.996212
2.1997418402501974	452.9248	21.28203
2.2172718428113023	432.93835	20.80717
2.234801897268317	320.89032	17.913412
2.2523320040319548	17.36641	4.1673026
2.269862163512935	17.016348	4.1250877
2.287392376121992	16.740644	4.091533
2.304922642269869	16.500454	4.062075
2.322452962367322	16.161238	4.0201044
2.3399833368251164	15.81613	3.9769497
2.357513766054032	15.530085	3.9408228
2.3750442504648586	15.16888	3.8947246
2.3925747904683963	15.000896	3.873099
2.410105386475459	14.735551	3.8386912
2.4276360388968707	14.379021	3.7919679
2.445166748143469	14.036693	3.7465575
2.4626975146261025	13.792051	3.7137651
2.4802283387556323	13.722355	3.7043698
2.4977592209429305	13.529329	3.6782236
2.5152901615988825	13.321965	3.6499267
2.5328211611343865	12.940892	3.597345
2.5503522199603523	12.685164	3.5616238
2.5678833384877024	12.519533	3.5382953
2.5854145171273712	12.385939	3.5193663
2.6029457562903064	12.236814	3.4981158
2.620477056387469	12.004547	3.464758
2.6380084178298326	11.955571	3.4576828
2.655539841028383	11.583129	3.4033997
2.673071326394119	11.267196	3.3566644
2.6906028743380523	10.993061	3.3155785
2.708134485271211	10.791163	3.2849905
2.7256661596046325	10.784855	3.2840302
2.743197897749369	10.514171	3.242556
2.760729700116486	10.489115	3.2386904
2.778261567117063	10.29713	3.208914
2.795793499162193	10.227645	3.1980689
2.8133254966629817	10.096292	3.1774662
2.830857560030551	10.017044	3.1649714
2.8483896896760337	9.87208	3.1419866
2.865921886010578	9.744654	3.1216428
2.883454149445347	9.541931	3.0890017
2.9009864803915177	9.316837	3.0523496
2.91851887926028	9.189878	3.0314813
2.9360513464628384	9.030557	3.0050886
2.953583882410413	8.974023	2.9956675
2.9711164875142373	8.934783	2.9891107
2.9886491621855606	8.782919	2.963599
3.0061819068356455	8.7588625	2.9595375
3.023714721875769	8.618547	2.9357362
3.041247607717225	8.641454	2.939635
3.0587805647713213	8.494235	2.9144871
3.0763135934493806	8.279419	2.877398
3.0938466941627407	8.025487	2.8329291
3.1113798673227544	7.926384	2.8153834
3.1289131133407904	7.8186398	2.796183
3.1464464326282315	7.7785273	2.7890012
3.1639798255964786	7.6097293	2.7585738
3.1815132926569443	7.583095	2.753742
3.1990468342210603	7.5141087	2.7411876
3.216580450700272	7.4658213	2.7323656
3.2341141425060416	7.359482	2.7128365
3.251647910049847	7.3675227	2.714318
3.2691817537431813	7.3372717	2.7087398
3.286715673997555	7.2741957	2.6970718
3.3042496712244938	7.183915	2.6802826
3.32178374583554	7.1028986	2.6651263
3.339317898242251	6.9544907	2.637137
3.3568521288562034	6.925789	2.6316893
3.3743864380889876	6.857834	2.6187465
3.3919208263522127	6.760293	2.6000564
3.4094552940575023	6.6318126	2.5752306
3.4269898416164972	6.5639715	2.5620248
3.444524469440858	6.470813	2.5437791
3.4620591779422587	6.6178727	2.5725226
3.479593967532391	6.6714354	2.5829122
3.4971288386229658	6.6344438	2.5757413
3.5146637916257086	6.4342504	2.5365825
3.5321988269523628	6.230631	2.496123
3.5497339450146903	6.1383085	2.477561
3.5672691462244708	6.1065526	2.471144
3.5848044309934988	6.1546483	2.4808564
3.60233979973359	6.199205	2.4898202
3.619875252856575	6.2444773	2.4988952
3.6374107907743034	6.274273	2.50485
3.6549464138986427	6.388684	2.5275846
3.6724821226414788	6.4091167	2.5316234
3.690017917414714	6.363581	2.522614
3.7075537986302702	6.3252172	2.5149984
3.7250897667000857	6.379463	2.52576
3.7426258220361235	6.692835	2.5870514
3.7601619650503553	6.9912744	2.6441019
3.777698196154779	7.4737577	2.7338173
3.7952345157614067	8.366543	2.8924978
3.8127709242822716	9.089913	3.0149484
3.830307422129425	11.371036	3.3720965
3.847844009714936	30.345354	5.5086617
3.8653806874508954	97.864525	9.89265
3.882917455749409	97.08583	9.853214
3.900454315022606	96.68905	9.833059
3.917991265682631	41.2492	6.422554
3.9355283081416506	10.9861965	3.3145432
3.9530654428118495	8.799724	2.9664328
3.970602670105433	7.6315966	2.7625344
3.9881399904346244	6.683185	2.5851858
4.005677404211669	6.5173783	2.5529156
4.023214911848827	6.456366	2.5409381
4.0407525137583855	6.447957	2.5392828
4.058290210352644	6.429529	2.5356517
4.075828002043927	6.2743764	2.5048707
4.0933658892445814	6.1394925	2.4778
4.110903872366966	6.06753	2.4632356
4.128441951823468	6.1281447	2.475509
4.145980128026488	6.1402454	2.4779518
4.163518401388452	6.1042743	2.4706829
4.181056772321807	6.121665	2.4741998
4.1985952412390155	6.1070824	2.4712512
4.216133808552567	6.2031207	2.4906065
4.233672474674966	6.2632475	2.502648
4.251211240018741	6.4359903	2.5369253
4.268750104996445	6.6201496	2.5729651
4.286289070020643	7.4729977	2.7336783
4.303828135503928	9.088563	3.0147243
4.3213673018589125	29.486668	5.430163
4.3389065694982305	90.71186	9.524278
4.356445938834537	165.92201	12.881072
4.3739854102805085	171.50673	13.096058
4.391524984248844	172.51343	13.134437
4.409064661152262	136.77586	11.695122
4.426604441403504	97.037315	9.850752
4.444144325415337	75.931694	8.71388
4.461684313600543	21.736265	4.6622167
4.47922440637193	22.183756	4.7099633
4.496764604142329	20.601843	4.538925
4.5143049073245916	18.850807	4.3417516
4.531845316331589	16.790125	4.0975757
4.5493858315762195	13.800381	3.7148864
4.566926453471405	11.504367	3.3918087
4.584467182430081	9.379381	3.0625775
4.602008018865218	8.314477	2.8834834
4.619548963189798	7.630977	2.7624223
4.637090015816834	7.123574	2.6690023
4.654631177159353	6.9291773	2.632333
4.672172447630417	6.660176	2.5807316
4.689713827643102	6.4844446	2.5464573
4.7072553176105085	6.207822	2.4915502
4.724796917945764	5.9605737	2.4414287
4.742338629062015	5.781206	2.404414
4.759880451372434	5.6755	2.3823307
4.777422385290215	5.6593137	2.3789313
4.794964431228581	5.717055	2.3910363
4.812506589600768	5.712824	2.3901515
4.830048860820047	5.6691284	2.3809931
4.847591245299709	5.6023235	2.3669229
4.8651337434530655	5.6552987	2.3780873
4.882676355693457	5.6974206	2.3869271
4.900219082434242	5.6946073	2.3863375
4.917761924088813	5.64914	2.376792
4.935304881070575	5.6119933	2.3689647
4.952847953792969	5.534937	2.3526447
4.970391142669449	5.5593815	2.357834
4.9879344481135055	5.538937	2.3534946
5.005477870538642	5.5779138	2.3617606
5.023021410358394	5.5646396	2.358949
5.040565067986324	5.541137	2.353962
5.05810884383601	5.524585	2.3504436
5.075652738321066	5.483028	2.3415866
5.09319675185512	5.424085	2.3289666
5.110740884851836	5.409406	2.325813
5.128285137724894	5.3966355	2.323066
5.145829510888007	5.4036856	2.3245828
5.163374004754908	5.4374757	2.3318396
5.1809186197393595	5.4542766	2.3354392
5.198463356255145	5.406587	2.325207
5.216008214716077	5.3468275	2.3123207
5.233553195535998	5.333737	2.3094885
5.251098299128764	5.2814903	2.2981493
5.268643525908272	5.242558	2.2896633
5.286188876288432	5.2223244	2.2852407
5.3037343506831895	5.1919813	2.2785919
5.32127994950651	5.2271123	2.2862878
5.3388256731723915	5.2191057	2.2845361
5.356371522094851	5.2400637	2.2891185
5.373917496687938	5.24316	2.2897947
5.391463597365729	5.227672	2.2864103
5.40900982454232	5.2176538	2.2842183
5.426556178631843	5.205049	2.2814577
5.444102660048449	5.168567	2.2734482
5.4616492692063225	5.112269	2.2610328
5.479196006519669	5.109048	2.2603204
5.496742872402727	5.0409565	2.2452075
5.514289867269756	5.079991	2.2538836
5.531836991535049	5.1282616	2.2645664
5.549384245612924	5.196363	2.2795532
5.566931629917724	5.226997	2.2862628
5.584479144863822	5.18274	2.2765632
5.6020267908656205	5.157726	2.2710626
5.619574568337545	5.1209316	2.2629476
5.637122477694054	5.0784698	2.253546
5.654670519349629	5.0647683	2.250504
5.672218693718784	5.0798845	2.25386
5.689767001216059	5.115964	2.2618496
5.707315442256021	5.159897	2.2715406
5.724864017253266	5.1477613	2.268868
5.7424127266224225	5.192363	2.2786756
5.75996157077814	5.162939	2.2722101
5.777510550135105	5.153048	2.2700326
5.795059665108022	5.1396403	2.2670774
5.812608916111639	5.212441	2.283077
5.830158303560715	5.3498187	2.3129675
5.847707827870055	5.3516736	2.3133686
5.86525748945448	5.301398	2.3024764
5.8828072887288485	5.382382	2.319996
5.900357226108044	5.4398785	2.3323548
5.917907302006979	5.5965056	2.3656936
5.9354575168406	6.2475	2.4995
5.9530078710238765	6.8518286	2.6175997
5.970558364971812	7.4275255	2.7253487
5.988108999099438	7.7975006	2.7924006
6.005659773821818	8.319044	2.8842754
6.023210689554039	8.091103	2.8444862
6.040761746711227	8.418107	2.9013975
6.058312945708531	7.795918	2.792117
6.075864286961132	7.257813	2.694033
6.093415770884244	6.596932	2.5684493
6.1109673978931065	6.074249	2.4645991
6.128519168402993	5.5489826	2.3556278
6.146071082829204	5.4374204	2.3318276
6.163623141587075	5.2977467	2.3016834
6.181175345091969	5.2150416	2.2836466
6.198727693759281	5.1769485	2.275291
6.216280188004435	5.250141	2.2913187
6.233832828242885	5.2253876	2.2859106
6.251385614890126	5.2405415	2.289223
6.268938548361669	5.154801	2.2704186
6.286491629073067	5.0629582	2.2501018
6.304044857439898	5.025868	2.2418447
6.321598233877777	5.006104	2.2374325
6.339151758802344	5.011571	2.238654
6.356705432629277	4.9938364	2.2346892
6.37425925577428	4.943534	2.2234058
6.391813228653095	4.925798	2.2194138
6.409367351681486	4.979409	2.231459
6.426921625275259	5.033768	2.243606
6.44447604985025	5.1068563	2.2598355
6.46203062582232	5.1375947	2.2666264
6.47958535360737	5.156439	2.2707794
6.497140233621328	5.103192	2.2590246
6.514695266280161	5.0477037	2.2467096
6.532250451999859	5.050537	2.24734
6.549805791196454	5.082599	2.254462
6.567361284286002	5.060959	2.2496574
6.584916931684597	5.0466866	2.246483
6.602472733808367	5.0866	2.2553492
6.6200286910734665	5.172365	2.2742834
6.637584803896092	5.161866	2.271974
6.655141072692462	5.106204	2.2596912
6.672697497878842	5.038596	2.2446818
6.690254079871514	4.969937	2.2293355
6.707810819086808	5.0359654	2.2440958
6.725367715941078	5.0622926	2.249954
6.742924770850719	5.108861	2.260279
6.760481984232151	5.1040235	2.2592087
6.778039356501836	5.048665	2.2469234
6.795596888076266	5.0057697	2.2373579
6.813154579371963	5.024898	2.2416284
6.830712430805492	5.050643	2.2473636
6.84827044279344	5.0644455	2.2504323
6.865828615752445	5.0694475	2.2515433
6.883386950099159	5.0614142	2.2497587
6.900945446250287	5.052194	2.2477086
6.918504104622553	5.015676	2.2395706
6.936062925632727	4.942599	2.2231956
6.953621909697607	4.9685235	2.2290184
6.971181057234028	5.0763416	2.253074
6.988740368658859	5.173074	2.2744393
7.006299844389007	5.298565	2.3018613
7.023859484841407	5.3200464	2.3065226
7.041419290433036	5.335497	2.3098695
7.058979261580902	5.3957014	2.322865
7.0765393987020495	5.653297	2.3776662
7.094099702213559	6.0641103	2.4625413
7.111660172532549	6.460475	2.5417464
7.129220810076164	6.8144403	2.6104484
7.146781615261595	7.398003	2.719927
7.16434258850606	7.6223435	2.7608593
7.181903730226821	8.027127	2.8332186
7.1994650408411704	8.03739	2.8350291
7.217026520766437	8.103422	2.846651
7.234588170419983	8.407857	2.8996305
7.252149990219215	8.468733	2.9101088
7.269711980581568	8.402636	2.89873
7.2872741419245175	8.177287	2.8595955
7.304836474665574	7.728196	2.7799633
7.322398979222286	7.4540896	2.730218
7.339961656012233	7.208398	2.684846
7.357524505453039	6.819589	2.6114342
7.375087527962357	6.4693217	2.543486
7.392650723957886	6.192123	2.4883976
7.410214093857353	5.874747	2.4237876
7.427777638078528	5.677795	2.3828125
7.445341357039213	5.57759	2.3616922
7.4629052511572525	5.489602	2.34299
7.480469320850524	5.4104023	2.3260272
7.498033566536948	5.303037	2.3028324
7.5155979886344735	5.222835	2.2853522
7.5331625875610975	5.2070365	2.2818933
7.550727363734844	5.179005	2.2757428
7.568292317573788	5.172757	2.2743697
7.585857449496025	5.192571	2.2787213
7.603422759919705	5.2352886	2.2880752
7.620988249263007	5.285418	2.2990036
7.638553917944147	5.2634606	2.2942233
7.656119766381391	5.238032	2.2886746
7.673685794993023	5.2406664	2.2892501
7.691252004197388	5.206985	2.2818818
7.70881839441285	5.189063	2.2779515
7.726384966057826	5.187945	2.2777061
7.743951719550762	5.168492	2.2734318
7.761518655310149	5.2175016	2.2841852
7.779085773754511	5.2226396	2.2853096
7.796653075302419	5.304247	2.303095
7.814220560372475	5.3929424	2.3222709
7.831788229383323	5.415757	2.327178
7.8493560827536495	5.466991	2.3381598
7.866924120902174	5.4322886	2.330727
7.884492344247663	5.3985333	2.3234744
7.9020607532089135	5.4008365	2.32397
7.919629348204771	5.3606815	2.3153145
7.937198129654115	5.348923	2.312774
7.954767097975865	5.36389	2.3160074
7.972336253588986	5.3908744	2.3218257
7.989905596912472	5.4676795	2.338307
8.007475128365371	5.518631	2.3491766
8.025044848366756	5.528829	2.3513463
8.042614757335754	5.5988307	2.366185
8.060184855691523	5.608297	2.3681843
8.07775514385327	5.7609	2.4001875
8.095325622240228	5.846463	2.417946
8.112896291271687	5.904745	2.429968
8.130467151366968	5.9441476	2.4380622
8.148038202945436	5.98509	2.4464443
8.165609446426497	6.0135226	2.4522486
8.183180882229594	6.0149975	2.4525492
8.200752510774217	5.9838266	2.446186
8.218324332479893	5.990615	2.4475732
8.235896347766193	5.923183	2.433759
8.253468557052724	5.928824	2.4349177
8.27104096075914	5.925262	2.4341862
8.288613559305137	5.9674516	2.4428368
8.306186353110448	6.1143456	2.4727204
8.32375934259485	6.224586	2.494912
8.341332528178162	6.249967	2.4999933
8.358905910280246	6.1792154	2.485803
8.376479489321003	6.137043	2.4773057
8.394053265720377	6.193624	2.4886992
8.411627239898356	6.2701426	2.5040252
8.42920141227497	6.258399	2.5016792
8.44677578327029	6.2608776	2.5021746
8.464350353304427	6.2543564	2.5008712
8.48192512279754	6.197226	2.4894228
8.499500092169827	6.1752176	2.4849985
8.51707526184153	6.1921563	2.4884043
8.534650632232934	6.216013	2.4931934
8.552226203764365	6.21785	2.4935617
8.569801976856192	6.1828356	2.4865308
8.587377951928834	6.2087092	2.491728
8.60495412940274	6.317384	2.5134406
8.622530509698416	6.3746796	2.5248127
8.6401070932364	6.5367975	2.5567162
8.657683880437283	6.6236563	2.5736465
8.675260871721695	6.8052826	2.6086936
8.692838067510303	6.921907	2.6309516
8.710415468223834	7.071585	2.6592453
8.727993074283043	7.1427355	2.6725895
8.745570886108737	7.169448	2.6775825
8.763148904121765	7.2892923	2.699869
8.78072712874302	7.291192	2.7002208
8.798305560393441	7.53756	2.7454617
8.815884199494006	7.553054	2.748282
8.833463046465745	7.7735004	2.7880998
8.851042101729728	7.976296	2.8242338
8.86862136570707	8.28326	2.8780653
8.886200838818924	8.380764	2.894955
8.903780521486505	8.327899	2.88581
8.921360414131055	8.380288	2.8948727
8.938940517173874	8.557784	2.925369
8.956520831036297	8.730536	2.9547482
8.97410135613971	9.01075	3.001791
8.99168209290554	9.1740465	3.028869
9.009263041755265	9.468566	3.0771036
9.026844203110405	9.753037	3.1229854
9.044425577392525	9.955295	3.1552012
9.062007165023239	10.0665245	3.1727786
9.079588966424197	10.321065	3.2126415
9.097170982017108	10.384433	3.2224886
9.11475321222372	11.336862	3.3670256
9.132335657465825	12.205054	3.4935732
9.149918318165264	12.273542	3.5033617
9.167501194743924	12.883335	3.5893364
9.18508428762374	12.586764	3.547783
9.202667597226693	12.584776	3.5475028
9.220251123974803	12.208739	3.4941006
9.237834868290143	11.826837	3.4390168
9.255418830594836	11.619957	3.4088058
9.273003011311046	11.055582	3.3249936
9.290587410860985	10.884259	3.29913
9.308172029666911	10.322096	3.212802
9.32575686815113	10.066593	3.1727896
9.343341926735997	8.86645	2.9776585
9.360927205843916	8.616422	2.9353743
9.378512705897327	8.454445	2.9076529
9.396098427318728	8.235333	2.8697271
9.413684370530664	8.092964	2.8448136
9.431270535955722	7.9347897	2.816876
9.448856924016539	7.8022285	2.793247
9.466443535135806	7.7036405	2.7755432
9.484030369736251	7.701088	2.7750833
9.501617428240658	7.754769	2.7847385
9.519204711071852	7.777255	2.788773
9.536792218652714	7.799536	2.792765
9.55437995140617	7.850493	2.8018732
9.571967909755191	7.84357	2.8006375
9.589556094122802	7.8847227	2.8079748
9.60714450493207	7.9728312	2.8236203
9.624733142606116	7.9587646	2.8211281
9.642322007568108	7.9199433	2.8142395
9.659911100241267	7.9698997	2.823101
9.677500421048851	8.069283	2.8406482
9.695089970414175	8.101374	2.8462913
9.712679748760609	8.0626545	2.8394814
9.730269756511557	7.955219	2.8204997
9.747859994090492	7.9304404	2.8161037
9.765450461920915	8.016054	2.8312638
9.78304116042639	8.178666	2.8598368
9.800632090030527	8.256207	2.8733616
9.81822325115699	8.329381	2.8860667
9.835814644229481	8.271861	2.8760843
9.853406269671762	8.2792	2.8773599
9.870998127907646	8.190576	2.8619182
9.888590219360985	8.189032	2.8616483
9.906182544455698	8.175529	2.8592882
9.923775103615734	8.231186	2.8690042
9.941367897265108	8.300699	2.8810935
9.958960925827878	8.365174	2.892261
9.97655418972816	8.32467	2.8852503
9.994147689390106	8.2812395	2.8777144
10.011741425237934	8.225776	2.8680613
10.029335397695904	8.300772	2.881106
10.04692960718833	8.330763	2.886306
10.06452405413958	8.368266	2.8927956
10.082118738974064	8.378407	2.8945477
10.099713662116246	8.375972	2.8941271
10.117308823990651	8.311883	2.8830338
10.134904225021844	8.3125105	2.8831425
10.152499865634445	8.267621	2.8753471
10.170095746253125	8.22472	2.8678772
10.18769186730261	8.137362	2.852606
10.205288229207675	8.075261	2.8417003
10.222884832393145	8.117797	2.8491747
10.2404816772839	8.17485	2.8591695
10.258078764304868	8.204867	2.864414
10.275676093881035	8.166628	2.8577313
10.293273666437438	8.163418	2.8571696
10.310871482399158	8.156552	2.8559678
10.32846954219134	8.177394	2.8596144
10.346067846239173	8.172449	2.8587496
10.363666394967908	8.170252	2.8583653
10.38126518880283	8.150125	2.8548422
10.398864228169298	8.205326	2.864494
10.416463513492713	8.278489	2.8772364
10.434063045198531	8.304265	2.8817122
10.451662823712262	8.309205	2.882569
10.469262849459467	8.27773	2.8771045
10.486863122865758	8.177956	2.8597126
10.504463644356806	8.179048	2.8599033
10.522064414358338	8.186256	2.8611634
10.539665433296118	8.152608	2.8552773
10.557266701595987	8.027248	2.8332398
10.574868219683818	7.9282727	2.815719
10.592469987985552	7.853313	2.8023763
10.610072006927185	7.694952	2.7739778
10.627674276934751	7.5292373	2.7439456
10.64527679843435	7.3285756	2.7071342
10.662879571852143	7.2159233	2.686247
10.680482597614331	7.1532993	2.6745653
10.698085876147173	7.008303	2.64732
10.715689407876988	6.9424253	2.6348484
10.733293193230146	6.8278084	2.6130075
10.750897232633072	6.756836	2.5993915
10.76850152651225	6.720844	2.592459
10.786106075294207	6.648879	2.578542
10.803710879405534	6.588156	2.5667403
10.821315939272877	6.4578424	2.5412285
10.83892125532294	6.3398204	2.5179
10.856526827982472	6.2998934	2.5099587
10.874132657678285	6.243107	2.498621
10.891738744837243	6.223512	2.4946969
10.909345089886271	6.1642623	2.4827933
10.926951693252343	6.1173325	2.473324
10.944558555362494	6.0147443	2.4524975
10.96216567664381	5.937918	2.4367845
10.979773057523436	5.907215	2.4304764
10.997380698428573	5.8801875	2.4249098
11.014988599786477	5.815832	2.4116037
11.032596762024461	5.785191	2.4052424
11.050205185569892	5.769682	2.4020162
11.067813870850198	5.704047	2.3883147
11.085422818292859	5.590573	2.3644392
11.10303202832541	5.4904637	2.3431737
11.120641501375454	5.4135475	2.326703
11.138251237870636	5.3484073	2.3126624
11.155861238238671	5.2904835	2.300105
11.173471502907317	5.209392	2.2824092
11.191082032304402	5.13128	2.2652328
11.208692826857805	5.0402145	2.2450423
11.226303886995465	5.0085416	2.237977
11.243915213145371	5.017287	2.2399302
11.261526805735578	4.966155	2.2284873
11.279138665194196	4.8740215	2.2077186
11.296750791949393	4.809602	2.1930804
11.314363186429393	4.791804	2.189019
11.331975849062479	4.790501	2.1887214
11.34958878027699	4.732243	2.175372
11.36720198050133	4.66887	2.1607568
11.384815450163948	4.5952873	2.1436622
11.402429189693366	4.5348134	2.1295102
11.420043199518153	4.521262	2.126326
11.437657480066942	63.520355	7.969966
11.455272031768422	85.23611	9.23234
11.472886855051353	107.62278	10.37414
11.490501950344528	99.18844	9.959339
11.508117318076819	84.52525	9.193762
11.52573295867715	45.86095	6.7720714
11.543348872574514	4.1592503	2.039424
11.560965060197946	4.1330404	2.032988
11.57858152197655	4.1563683	2.0387173
11.59619825833949	4.159084	2.0393832
11.613815269715985	4.1081233	2.0268507
11.631432556535323	38.58877	6.211986
11.649050119226837	83.07907	9.114772
11.666667958219929	93.50976	9.670044
11.68428607394406	107.78666	10.382035
11.701904466828756	82.63249	9.090241
11.719523137303586	65.44148	8.089591
11.737142085798196	4.672577	2.1616144
11.754761312742286	3.7460692	1.9354764
11.772380818565619	3.6839216	1.9193544
11.790000603698015	3.6399837	1.9078741
11.80762066856935	3.5945349	1.8959259
11.825241013609572	3.5516982	1.8845949
11.842861639248683	3.5475812	1.8835024
11.860482545916748	3.5414462	1.881873
11.878103734043883	3.5547028	1.885392
11.895725204060282	3.5693197	1.8892643
11.91334695639619	3.5412996	1.8818341
11.930968991481919	3.4546213	1.8586612
11.948591309747824	3.3826442	1.8391966
11.966213911624347	3.3640978	1.8341477
11.98383679754198	3.346194	1.8292605
12.001459967931268	3.303649	1.8175943
12.019083423222835	3.2619283	1.8060809
12.036707163847352	3.2642233	1.8067162
12.05433119023556	3.282432	1.8117484
12.071955502818259	3.241231	1.8003418
12.089580102026313	3.176106	1.7821633
12.107204988290643	3.140637	1.7721843
12.12483016204224	3.1541696	1.7759982
12.142455623712152	3.1452708	1.7734911
12.16008137373149	3.1240983	1.7675118
12.177707412531431	3.0991013	1.7604264
12.19533374054321	3.111156	1.7638469
12.212960358198126	3.072832	1.7529496
12.230587265927545	3.0468848	1.7455328
12.248214464162889	3.0131955	1.7358558
12.265841953335649	3.0309224	1.7409544
12.283469733877375	3.0438085	1.7446514
12.301097806219685	3.0220075	1.7383922
12.31872617079425	3.0058086	1.7337267
12.336354828032825	2.980619	1.7264469
12.353983778367205	2.9764097	1.7252275
12.371613022229262	2.9270332	1.7108574
12.389242560050928	2.9121456	1.706501
12.406872392264201	2.8796928	1.6969658
12.424502519301143	2.8517594	1.6887153
12.442132941593874	2.8614872	1.691593
12.459763659574586	2.8554745	1.6898149
12.477394673675532	2.8388262	1.6848817
12.49502598432903	2.7908497	1.6705836
12.51265759196746	2.7886589	1.6699278
12.530289497023267	2.8454525	1.686847
12.547921699928967	2.8520105	1.6887896
12.565554201117134	2.876294	1.695964
12.583187001020404	2.8415122	1.6856786
12.600820100071486	2.8293884	1.6820786
12.618453498703152	2.772345	1.6650361
12.636087197348235	2.7602692	1.6614058
12.65372119643964	2.7297957	1.6522093
12.671355496410326	2.7422202	1.655965
12.68899009769333	2.7733967	1.6653519
12.706625000721749	2.828742	1.6818864
12.724260205928752	2.8961751	1.7018152
12.741895713747551	2.928813	1.7113775
12.759531524611454	3.0125985	1.7356839
12.777167638953818	3.0085688	1.7345226
12.794804057208072	3.0233307	1.7387727
12.812440779807702	3.0600166	1.7492903
12.830077807186271	3.2302272	1.7972833
12.847715139777405	3.2910712	1.814131
12.865352778014795	3.486556	1.8672322
12.882990722332197	3.5917532	1.8951921
12.90062897316344	3.6170402	1.9018518
12.918267530942412	3.6388805	1.907585
12.935906396103071	3.5198717	1.8761321
12.953545569079449	3.7623322	1.9396732
12.971185050305628	3.632084	1.9058027
12.988824840215775	3.6331136	1.9060729
13.006464939244115	3.5821493	1.8926567
13.024105347824943	3.4475873	1.856768
13.041746066392617	3.572229	1.8900341
13.05938709538157	3.405054	1.8452789
13.077028435226296	3.4135303	1.8475742
13.094670086361363	3.301534	1.8170123
13.112312049221401	3.2021668	1.78946
13.129954324241112	3.0598462	1.7492416
13.147596911855258	2.8488414	1.6878511
13.165239812498685	2.8460286	1.6870177
13.182883026606293	2.8098433	1.6762587
13.200526554613058	2.7893503	1.6701348
13.218170396954017	2.717899	1.6486052
13.235814554064284	2.6960895	1.6419773
13.253459026379034	2.6848652	1.6385559
13.271103814333523	2.683866	1.638251
13.288748918363058	2.6895692	1.6399906
13.306394338903031	2.6938171	1.6412852
13.32404007638889	2.666908	1.633067
13.341686131256164	2.6706812	1.6342219
13.359332503940449	2.6642184	1.6322434
13.376979194877402	2.6811774	1.6374301
13.394626204502751	2.707997	1.6455994
13.412273533252307	2.7337558	1.6534073
13.429921181561937	2.7186234	1.6488248
13.447569149867581	2.7183247	1.6487342
13.465217438605247	2.7184818	1.6487819
13.482866048211022	2.7369862	1.6543839
13.500514979121052	2.7539623	1.6595067
13.518164231771568	2.6782117	1.6365243
13.535813806598844	2.674038	1.6352485
13.553463704039254	2.6803129	1.6371661
13.571113924529229	2.7108703	1.6464721
13.588764468505275	2.7403057	1.6553868
13.606415336403956	2.7617545	1.6618527
13.624066528661917	2.792768	1.6711577
13.641718045715882	2.821505	1.6797336
13.659369888002635	2.827087	1.6813943
13.67702205595903	2.832761	1.6830808
13.694674550021993	2.8742275	1.6953547
13.712327370628532	2.941757	1.7151551
13.729980518215713	3.0870633	1.757004
13.747633993220681	3.1803503	1.7833537
13.765287796080647	3.2658153	1.8071567
13.7829419272329	3.291275	1.8141872
13.800596387114801	3.311075	1.819636
13.818251176163775	3.2952635	1.815286
13.835906294817324	3.334615	1.8260928
13.853561743513023	3.3836184	1.8394614
13.871217522688525	3.4371865	1.853965
13.888873632781538	3.4453561	1.8561671
13.906530074229858	3.450866	1.8576506
13.92418684747135	3.4866006	1.8672441
13.941843952943948	3.4741855	1.8639168
13.959501391085665	3.4502218	1.8574773
13.977159162334578	3.392552	1.8418882
13.994817267128846	3.3697486	1.8356875
14.012475705906693	3.3069174	1.8184931
14.030134479106424	3.1809573	1.7835238
14.047793587166414	3.081581	1.7554433
14.065453030525108	3.0193715	1.7376338
14.083112809621026	2.9536426	1.7186165
14.100772924892766	2.9092975	1.7056663
14.118433376778997	2.8602235	1.6912196
14.136094165718458	2.7965147	1.6722783
14.153755292149969	2.7028694	1.6440406
14.171416756512416	2.6890678	1.6398377
14.189078559244768	2.6721613	1.6346747
14.20674070078606	2.6153262	1.617197
14.224403181575408	2.5495412	1.5967283
14.242066002051999	2.5087993	1.5839189
14.259729162655093	2.476652	1.5737382
14.277392663824022	2.4625664	1.5692567
14.295056505998208	2.4361541	1.5608184
14.312720689617128	2.3731346	1.5404981
14.330385215120348	2.3620982	1.536912
14.348050082947497	2.3471081	1.5320275
14.3657152935383	2.3679612	1.5388181
14.383380847332528	2.3568578	1.5352061
14.401046744770051	2.3619087	1.5368502
14.418712986290798	2.3531263	1.5339903
14.436379572334793	2.361496	1.536716
14.454046503342123	2.374861	1.5410584
14.471713779752946	2.3631756	1.5372624
14.489381402007504	2.355627	1.5348052
14.507049370546113	2.3557544	1.5348467
14.524717685809168	2.3838043	1.5439574
14.542386348237134	2.419936	1.5556144
14.560055358270553	2.416635	1.554553
14.577724716350051	2.423062	1.5566188
14.595394422916325	2.4370213	1.5610962
14.61306447841015	2.4607549	1.5686793
14.63073488327237	2.459332	1.5682257
14.648405637943917	2.475681	1.5734297
14.6660767428658	2.4719715	1.5722505
14.683748198479094	2.485526	1.5765551
14.701420005224954	2.5282915	1.5900602
14.719092163544628	2.6411867	1.6251729
14.73676467387942	2.6856923	1.6388083
14.754437536670727	2.731381	1.652689
14.772110752360014	2.7128813	1.6470827
14.78978432138882	2.709735	1.6461272
14.807458244198777	2.727696	1.6515738
14.82513252123159	2.7155855	1.6479033
14.842807152929028	2.7219744	1.6498407
14.860482139732962	2.6743424	1.6353416
14.87815748208531	2.633048	1.622667
14.8958331804281	2.6406379	1.6250039
14.91350923520342	2.6405625	1.6249808
14.931185646853438	2.66791	1.6333739
14.948862415820408	2.6556919	1.6296294
14.966539542546656	2.7059412	1.6449745
14.98421702747459	2.7094467	1.6460397
15.001894871046696	2.7076375	1.64549
15.019573073705542	2.680866	1.6373351
15.037251635893766	2.6661587	1.6328377
15.054930558054092	2.7063744	1.6451062
15.072609840629323	2.7863069	1.6692234
15.090289484062351	2.8943214	1.7012706
15.107969488796124	3.1717825	1.7809498
15.125649855273691	3.5691326	1.8892148
15.14333058393817	4.078389	2.0195022
15.161011675232768	5.0327663	2.2433827
15.17869312960076	6.303767	2.5107305
15.196374947485506	8.131454	2.8515706
15.214057129330447	11.214617	3.3488233
15.231739675579114	16.086428	4.010789
15.249422586675102	21.128807	4.596608
15.267105863062092	24.317137	4.931241
15.284789505183847	24.561478	4.9559536
15.302473513484218	22.444977	4.737613
15.320157888407127	18.886675	4.34588
15.337842630396578	14.655766	3.828285
15.355527739896656	11.4089575	3.3777149
15.37321321735153	8.830618	2.9716356
15.39089906320545	6.447367	2.5391667
15.408585277902748	4.87746	2.2084973
15.42627186188783	3.768061	1.9411494
15.443958815605198	3.2633307	1.8064691
15.461646139499424	2.9696658	1.7232718
15.479333834015168	2.823374	1.6802899
15.497021899597165	2.7453916	1.6569223
15.514710336690234	2.6248214	1.6201301
15.53239914573928	2.5716279	1.6036296
15.550088327189297	2.5319684	1.591216
15.567777881485336	2.492672	1.5788198
15.58546780907256	2.4384744	1.5615616
15.6031581103962	2.4367194	1.5609995
15.620848785901568	2.4438589	1.5632846
15.638539836034063	2.4340823	1.5601546
15.656231261239173	2.4044168	1.5506182
15.673923061962451	2.4078884	1.5517372
15.691615238649552	2.4387124	1.5616378
15.709307791746202	2.4312422	1.5592442
15.727000721698221	2.4466474	1.5641763
15.744694028951498	2.4070892	1.5514797
15.76238771395202	2.41156	1.5529199
15.780081777145844	2.4086869	1.5519944
15.797776218979125	2.4349513	1.560433
15.815471039898094	2.4209116	1.5559279
15.833166240349064	2.3882167	1.5453856
15.850861820778437	2.3238525	1.5244187
15.868557781632699	2.3241925	1.5245303
15.886254123358412	2.3438075	1.5309498
15.903950846402232	2.3914754	1.5464396
15.921647951210897	2.4249089	1.5572119
15.939345438231225	2.4041865	1.5505439
15.957043307910133	2.3956537	1.5477899
15.974741560694602	2.3791802	1.5424591
15.992440197031714	2.3939505	1.5472397
16.01013921736862	2.4001143	1.5492302
16.02783862215259	2.3913682	1.546405
16.045538411830933	2.365184	1.5379155
16.06323858685107	2.3602931	1.5363245
16.080939147660512	2.3354058	1.5282035
16.09864009470684	2.3442645	1.5310991
16.11634142843774	2.3754823	1.54126
16.134043149300954	2.3787658	1.5423248
16.15174525774433	2.362811	1.5371438
16.169447754215817	2.3885245	1.5454853
16.18715063916342	2.4430506	1.5630261
16.204853913035244	2.4723806	1.5723805
16.222557576279478	2.463326	1.5694987
16.240261629344403	22.394304	4.732262
16.257966072678386	42.910343	6.5505986
16.275670906729868	38.00398	6.1647367
16.293376131947387	2.4408884	1.5623343
16.31108174877957	2.4648404	1.569981
16.328787757675133	2.4866717	1.5769184
16.34649415908287	2.539381	1.5935435
16.364200953451657	2.5654795	1.6017114
16.38190814123048	2.6118402	1.6161189
16.39961572286839	2.6203623	1.6187533
16.41732369881455	2.668673	1.6336074
16.43503206951817	2.6857204	1.6388168
16.45274083542859	2.756025	1.660128
16.47044999699522	2.7703538	1.664438
16.488159554667558	2.8241405	1.6805179
16.505869508895184	2.861481	1.6915913
16.523579860127786	2.862224	1.6918108
16.541290608815117	2.8782728	1.6965473
16.559001755407035	2.9691463	1.723121
16.57671330035348	3.0770104	1.754141
16.59442524410448	3.1913483	1.7864345
16.61213758711015	3.24106	1.8002944
16.629850329820705	3.2458131	1.801614
16.647563472686436	3.2687001	1.8079547
16.665277016157724	3.3264642	1.8238597
16.682990960685053	3.4170876	1.8485366
16.70070530671898	3.4862165	1.8671412
16.718420054710155	3.5096025	1.8733933
16.736135205109335	3.5613794	1.8871617
16.753850758367335	3.636297	1.9069077
16.771566714935087	3.696211	1.9225533
16.789283075263597	3.7432368	1.9347446
16.80699983980398	3.8016768	1.9497889
16.82471700900741	3.8625572	1.965339
16.84243458332518	3.9396484	1.9848547
16.860152563208665	3.9699428	1.9924716
16.87787094910932	4.0158114	2.003949
16.89558974147871	4.04947	2.0123296
16.913308940768466	4.1758723	2.0434952
16.931028547430333	4.274862	2.0675738
16.94874856191613	4.3509364	2.0858898
16.966468984677785	4.379218	2.092658
16.98418981616729	4.385353	2.0941234
17.00191105683676	4.402667	2.0982533
17.019632707138374	4.434094	2.1057289
17.03735476752442	4.4755034	2.1155386
17.05507723844728	4.522656	2.1266537
17.072800120359403	4.5639143	2.136332
17.090523413713353	4.5573707	2.1348
17.108247118961785	4.582147	2.140595
17.125971236557437	4.6231046	2.1501405
17.143695766953133	4.697093	2.1672778
17.161420710601806	4.693642	2.1664815
17.179146067956477	4.6388073	2.153789
17.19687183947025	4.6435804	2.1548967
17.21459802559634	4.637555	2.1534984
17.232324626788028	4.6373196	2.1534436
17.25005164349871	4.6170034	2.1487215
17.267779076181863	4.588109	2.141987
17.285506925291074	4.574903	2.1389022
17.30323519127999	4.5504785	2.1331851
17.320963874602384	4.5544233	2.1341095
17.33869297571211	4.522072	2.1265163
17.356422495063114	4.5203776	2.126118
17.37415243310944	4.557834	2.1349084
17.391882790305218	4.554126	2.1340399
17.40961356710468	4.520697	2.126193
17.42734476396215	4.4236045	2.1032367
17.445076381332044	4.4538136	2.110406
17.462808419668868	4.6192374	2.1492412
17.48054087942723	4.7929397	2.1892784
17.498273761061835	5.076674	2.2531476
17.51600706502747	5.5414634	2.3540313
17.533740791779024	6.2572827	2.501456
17.551474941771485	7.6782217	2.7709603
17.56920951545993	8.7653675	2.9606364
17.586944513299528	10.8913765	3.3002086
17.60467993574556	12.539734	3.5411487
17.622415783253373	14.259668	3.7761977
17.64015205627843	15.59194	3.948663
17.657888755276293	16.639431	4.079146
17.675625880702604	17.066843	4.1312037
17.69336343301311	16.902134	4.1112204
17.71110141266366	16.20737	4.025838
17.728839820110178	15.277968	3.9087043
17.746578655808705	14.424829	3.7980032
17.764317920215372	12.983524	3.6032658
17.7820576137864	11.483092	3.3886712
17.79979773697811	9.514051	3.0844855
17.81753829024692	7.603011	2.757356
17.835279274049356	5.9365406	2.4365017
17.85302068884201	4.9069943	2.2151737
17.870762535081607	4.2425547	2.0597463
17.888504813224934	3.9017458	1.9752837
17.90624752372891	3.7377279	1.9333204
17.923990667050536	3.6334965	1.9061732
17.941734243646895	3.5190196	1.875905
17.959478253975185	3.4752872	1.8642123
17.9772226984927	3.4668686	1.8619529
17.994967577656833	3.461028	1.8603839
18.01271289192506	3.3928452	1.8419677
18.030458641754965	3.3658056	1.8346132
18.04820482760425	3.3331995	1.8257052
18.06595144993067	3.302792	1.8173585
18.083698509192125	3.2493827	1.8026044
18.101446005846576	3.204844	1.7902079
18.119193940352105	3.1927843	1.7868364
18.136942313166887	3.1839902	1.7843739
18.1546911247492	3.2026231	1.7895874
18.1724403755574	3.1932316	1.7869616
18.19019006604997	3.1872053	1.7852746
18.207940196685467	3.1992567	1.7886466
18.225690767922575	3.2209644	1.7947046
18.243441780220046	3.1724808	1.7811459
18.261193234036764	3.0809538	1.7552646
18.278945129831676	3.0329463	1.7415357
18.29669746806386	3.0287185	1.7403214
18.314450249192483	3.047504	1.7457101
18.3322034736768	3.069691	1.7520534
18.349957141976184	3.0563767	1.7482497
18.3677112545501	3.0474021	1.745681
18.385465811858108	3.0238588	1.7389246
18.403220814359884	3.0386946	1.7431852
18.420976262515172	3.061503	1.7497151
18.43873215678387	3.1099904	1.7635164
18.456488497625923	3.1401162	1.7720373
18.474245285501407	3.2264109	1.7962213
18.492002520870486	3.2880297	1.8132925
18.50976020419343	3.3750005	1.8371174
18.527518335930615	3.6918304	1.9214137
18.545276916542516	4.316221	2.0775518
18.563035946489688	4.4829597	2.1173
18.580795426232832	4.845852	2.2013295
18.598555356232698	4.684611	2.1643963
18.616315736950185	4.9959064	2.2351525
18.63407656884626	4.68821	2.1652274
18.65183785238201	4.9128933	2.2165048
18.669599588018617	4.700724	2.1681154
18.68736177621737	4.6871743	2.1649883
18.705124417439652	4.59544	2.1436977
18.72288751214696	4.393931	2.0961704
18.740651060800886	4.5533605	2.1338603
18.758415063863115	4.296208	2.0727296
18.77617952179546	4.481806	2.1170275
18.793944435059814	4.2500477	2.0615644
18.811709804118184	4.2929955	2.0719545
18.829475629432675	4.2454867	2.060458
18.8472419114655	3.9923549	1.9980878
18.86500865067897	4.0533395	2.0132906
18.88277584753551	3.7400746	1.9339273
18.90054350249763	3.752361	1.9371012
18.918311616027957	3.5042634	1.8719678
18.936080188589226	3.4065363	1.8456805
18.953849220644265	3.095722	1.7594664
18.971618712656007	2.861168	1.6914988
18.9893886650875	2.739226	1.6550608
19.007159078401887	7.9529696	2.820101
19.024929953062408	32.85373	5.7318172
19.042701289532435	32.809803	5.7279844
19.060473088275405	25.349623	5.034841
19.07824534975489	2.6390016	1.6245004
19.096018074434568	2.649758	1.6278077
19.113791262778197	2.6168365	1.6176639
19.13156491524966	2.5925643	1.6101443
19.149339032312945	2.5779724	1.6056066
19.167113614432136	2.59898	1.6121352
19.184888662071433	2.6063836	1.6144298
19.202664175695123	2.6134129	1.6166054
19.220440155767623	2.5705032	1.6032789
19.238216602753447	2.5697417	1.6030414
19.2559935171172	2.5425997	1.5945531
19.27377089932361	2.5423763	1.594483
19.291548749837514	2.5259871	1.5893354
19.309327069123835	2.5249434	1.589007
19.32710585764763	2.5338633	1.5918113
19.344885115874032	2.5470536	1.5959492
19.362664844268313	2.5521336	1.5975399
19.380445043295822	2.5003345	1.5812446
19.39822571342203	2.445898	1.5639367
19.41600685511252	2.4592426	1.5681973
19.43378846883297	2.4980772	1.5805306
19.451570555049173	2.5340402	1.5918669
19.469353114227037	2.5372415	1.592872
19.48713614683254	2.5526998	1.597717
19.50491965333182	2.502764	1.5820127
19.52270363419109	2.4513412	1.565676
19.540488089876686	2.4304645	1.5589947
19.55827302085503	2.4244773	1.5570734
19.576058427592674	2.4292169	1.5585945
19.593844310556282	2.42121	1.5560238
19.611630670212598	2.4418418	1.5626394
19.629417507028506	2.4617712	1.5690032
19.64720482147098	2.5014548	1.5815989
19.6649926140071	2.4771333	1.5738912
19.682780885104084	2.477939	1.574147
19.70056963522921	2.4859629	1.5766937
19.718358864849908	2.5369525	1.5927814
19.7361485744337	2.5350783	1.5921929
19.753938764448215	2.5229163	1.5883691
19.771729435361202	2.500551	1.581313
19.789520587640506	2.5048463	1.5826707
19.807312221754092	2.5356238	1.5923642
19.825104338170043	2.5556989	1.5986553
19.842896937356517	2.5404017	1.5938637
19.860690019781824	2.5429645	1.5946676
19.87848358591436	2.5474946	1.5960873
19.896277636222635	2.5410001	1.5940515
19.914072171175278	2.5240386	1.5887223
19.931867191241015	2.5101995	1.584361
19.94966269688869	2.4944468	1.5793817
19.967458688587264	2.4556825	1.5670618
19.985255166805807	2.4448411	1.5635988
20.00305213201348	2.4568858	1.5674456
20.020849584679578	2.4797878	1.5747342
20.038647525273507	2.4645402	1.5698854
20.05644595426477	2.427909	1.5581748
20.07424487212299	2.4202363	1.5557109
20.092044279317903	2.3987434	1.5487877
20.109844176319353	2.41923	1.5553874
20.127644563597304	2.4480352	1.5646198
20.145445441621817	2.4843206	1.5761728
20.16324681086307	2.4505076	1.5654098
20.181048671791373	2.4187944	1.5552474
20.198851024877122	2.4046779	1.5507023
20.216653870590836	2.4118094	1.5530001
20.234457209403146	2.4106746	1.5526347
20.252261041784802	2.4541738	1.5665803
20.270065368206662	2.4506826	1.5654657
20.287870189139685	2.3994186	1.5490056
20.305675505054968	2.3461957	1.5317297
20.323481316423702	2.3538115	1.5342137
20.341287623717207	2.3556995	1.5348288
20.359094427406884	2.3530858	1.5339772
20.376901727964288	2.3422887	1.5304538
20.39470952586107	2.3723376	1.5402395
20.41251782156899	2.375452	1.5412501
20.430326615559935	2.3745105	1.5409447
20.448135908305886	2.340576	1.5298941
20.465945700278965	2.3281765	1.5258363
20.483755991951384	2.2993467	1.5163597
20.50156678379548	2.309944	1.51985
20.519378076283708	2.3327131	1.5273222
20.537189869888635	2.3568106	1.5351907
20.55500216508294	2.3246422	1.5246778
20.572814962339415	2.3205929	1.5233493
20.59062826213098	2.3151877	1.5215741
20.60844206493066	2.31905	1.5228428
20.626256371211593	2.2980626	1.5159363
20.644071181447032	2.3069289	1.5188577
20.66188649611036	2.3107123	1.5201027
20.67970231567506	2.3044744	1.5180495
20.697518640614742	2.3088462	1.5194888
20.715335471403122	2.3085887	1.519404
20.73315280851404	2.2677085	1.5058913
20.750970652421447	2.2255774	1.4918369
20.768789003599412	2.229055	1.4930019
20.786607862522136	2.2455525	1.4985168
20.8044272296639	2.2764807	1.5088011
20.82224710549913	2.2616367	1.503874
20.84006749050237	2.2608995	1.5036288
20.857888385148268	3.8206527	1.954649
20.8757097899116	45.936295	6.7776318
20.893531705267254	64.77991	8.048596
20.911354131690224	83.77561	9.152902
20.92917706965566	69.02833	8.308329
20.94700051963877	50.096813	7.0779104
20.96482448211493	29.395554	5.4217668
20.982648957559622	4.1477532	2.0366035
21.00047394644843	2.2500095	1.5000032
21.01829944925707	2.2290902	1.4930139
21.036125466461375	2.2403877	1.4967924
21.053951998537297	2.2455826	1.4985268
21.071779045960906	2.2487297	1.4995764
21.089606609208378	2.2126315	1.4874917
21.10743468875603	2.2081378	1.4859804
21.12526328508028	2.1873784	1.4789789
21.143092398657675	2.1981325	1.48261
21.16092202996488	2.2012467	1.4836599
21.17875217947867	2.1919456	1.480522
21.19658284767596	2.1999462	1.4832215
21.21441403503377	2.211071	1.4869671
21.232245742029225	2.206734	1.485508
21.2500779691396	2.1750326	1.4747992
21.26791071684227	2.1492903	1.4660459
21.28574398561475	2.1643765	1.471182
21.30357777593465	2.1934936	1.4810448
21.321412088279704	2.210735	1.4868541
21.339246923127792	2.1883967	1.479323
21.357082280956888	2.1644077	1.4711926
21.3749181622451	2.1640785	1.4710807
21.392754567470647	2.1756744	1.4750167
21.41059149711187	2.166978	1.4720658
21.42842895164726	2.138452	1.4623448
21.446266931555378	2.109161	1.4522951
21.464105437314945	2.0970385	1.4481155
21.481944469404798	2.0841763	1.4436677
21.49978402830388	2.089025	1.445346
21.51762411449127	2.1283588	1.4588896
21.53546472844617	2.1292305	1.4591883
21.553305870647876	2.1032975	1.450275
21.571147541575865	2.0726764	1.4396793
21.58898974170967	2.0769918	1.4411772
21.60683247152899	2.090586	1.4458859
21.62467573151363	2.1004863	1.4493054
21.642519522143523	2.0809932	1.4425648
21.660363843898722	2.0522115	1.4325542
21.6782086972594	2.0198774	1.4212239
21.696054082705864	2.0061169	1.4163746
21.713900000718535	2.0266466	1.4236034
21.73174645177795	2.042879	1.4292933
21.749593436364794	2.0645134	1.4368415
21.767440954959845	2.0753741	1.4406159
21.785289008044032	2.0631306	1.4363602
21.803137596098388	2.0561056	1.4339126
21.820986719604086	2.034666	1.4264172
21.838836379042412	2.0173993	1.4203519
21.85668657489478	2.0270102	1.4237311
21.87453730764273	2.033989	1.4261799
21.892388577767914	2.0386918	1.4278276
21.91024038575213	2.0006754	1.4144523
21.928092732077285	1.9945415	1.4122823
21.945945617225426	1.9896357	1.4105445
21.963799041678694	1.9837286	1.408449
21.981653005919398	31.31776	5.596227
21.999507510429943	78.14903	8.840194
22.01736255569286	73.08758	8.549128
22.035218142190818	4.144336	2.0357642
22.05307427040661	1.9783117	1.4065247
22.07093094082315	2.0116498	1.4183264
22.088788153923474	2.0517805	1.4324037
22.106645910190746	2.0209007	1.4215839
22.12450421010827	2.0237854	1.4225981
22.142363054159464	1.9976171	1.4133708
22.16022244282787	2.0156486	1.4197354
22.178082376597164	2.0068	1.4166156
22.195942855951145	2.0134242	1.4189517
22.213803881373742	2.0057602	1.4162487
22.231665453349002	1.9701877	1.4036337
22.24952757236111	1.9593252	1.3997589
22.26739023889438	1.9822543	1.4079255
22.28525345343323	2.0107024	1.4179924
22.30311721646225	1.9916029	1.4112417
22.320981528466113	1.9509743	1.3967729
22.33884638992964	1.951866	1.397092
22.356711801337788	1.939504	1.3926607
22.37457776317561	1.9696426	1.4034395
22.392444275928337	1.955342	1.3983355
22.410311340081282	1.9737395	1.4048984
22.428178956119904	1.9350388	1.3910568
22.446047124529805	1.9380332	1.3921326
22.46391584579669	1.946663	1.3952286
22.481785120406414	1.9623302	1.4008319
22.49965494884496	1.968683	1.4030976
22.51752533159841	1.9720141	1.4042842
22.53539626915302	1.967193	1.4025666
22.553267761995137	1.9311711	1.3896658
22.571139810611264	1.909679	1.3819114
22.589012415488025	1.9406523	1.393073
22.60688557711216	1.9480734	1.395734
22.624759295970566	1.9746387	1.4052184
22.642633572550263	1.9579108	1.3992536
22.660508407338362	1.948689	1.3959545
22.67838380082217	1.9618534	1.4006618
22.696259753489077	1.9640797	1.4014562
22.714136265826614	1.9622656	1.4008089
22.73201333832246	1.9299392	1.3892225
22.74989097146439	1.935508	1.3912253
22.76776916574035	1.9485751	1.3959137
22.785647921638393	1.9432906	1.3940196
22.803527239646712	1.8969299	1.3772907
22.82140712025363	1.8982271	1.3777616
22.839287563947593	1.9173056	1.384668
22.85716857121719	1.902893	1.3794539
22.875050142551135	1.89695	1.3772981
22.892932278438277	1.9195268	1.3854699
22.910814979367604	1.950594	1.3966366
22.928698245828222	1.9254465	1.3876046
22.946582078309387	1.9072087	1.3810172
22.96446647730047	1.8824476	1.3720232
22.98235144329098	1.8582754	1.3631858
23.000236976770562	1.8454355	1.358468
23.018123078229	1.8613936	1.364329
23.03600974815619	1.9007381	1.3786726
23.053896987042194	1.8937521	1.3761367
23.071784795377173	1.9053553	1.3803461
23.08967317365145	1.8962977	1.3770612
23.10756212235546	1.8937421	1.376133
23.125451641979787	1.8729684	1.3685644
23.143341733015134	1.8998228	1.3783406
23.161232395952357	1.9217979	1.3862892
23.179123631282426	1.9400874	1.3928702
23.197015439496468	1.954187	1.3979224
23.214907821085717	1.9792964	1.4068747
23.23280077654157	1.9670997	1.4025333
23.250694306355538	1.9513731	1.3969156
23.268588411019277	1.9421785	1.3936206
23.28648309102458	1.8985739	1.3778875
23.304378346863356	1.8921599	1.375558
23.322274179027676	1.8867757	1.3735995
23.340170588009723	1.8918581	1.3754483
23.358067574301852	1.9310366	1.3896174
23.37596513839651	1.9753089	1.4054568
23.39386328078629	1.9883475	1.4100878
23.411762001963947	1.9501249	1.3964688
23.429661302422353	1.9077569	1.3812157
23.4475611826545	1.9331589	1.3903809
23.46546164315356	1.9542681	1.3979514
23.48336268441279	1.9574507	1.3990892
23.501264306925638	1.9235427	1.3869184
23.51916651118564	1.9356697	1.3912835
23.537069297686497	1.9626673	1.4009523
23.554972666922037	1.9201462	1.3856934
23.57287661938623	1.9111452	1.3824418
23.59078115557318	1.9326367	1.3901931
23.608686275977128	1.926258	1.387897
23.62659198109246	1.897005	1.377318
23.6444982714137	1.8869318	1.3736564
23.66240514743549	1.8717247	1.36811
23.68031260965263	1.898132	1.3777272
23.698220658560068	1.9028099	1.3794237
23.716129294652845	1.9264758	1.3879755
23.7340385184262	1.9579393	1.3992639
23.75194833037546	1.9986876	1.4137495
23.769858730996123	1.9639283	1.4014022
23.78776972078382	1.9208907	1.385962
23.80568130023431	1.9113199	1.3825049
23.823593469843495	1.9048601	1.3801666
23.841506230107424	1.8809766	1.371487
23.859419581522275	1.8853011	1.3730627
23.87733352458438	1.8845263	1.3727804
23.89524805979019	1.8671868	1.3664504
23.913163187636318	1.8711859	1.367913
23.931078908619508	1.9003366	1.3785269
23.948995223236633	1.9319881	1.3899598
23.966912131984735	1.949098	1.396101
23.98482963536096	2.0235715	1.4225229
24.002747733862616	2.0493243	1.4315461
24.020666427987155	2.0392356	1.4280181
24.038585718232156	2.0018158	1.4148554
24.056505605095353	1.9818075	1.4077668
24.074426089074617	2.038581	1.4277889
24.092347170667946	2.0884922	1.4451616
24.110268850373515	2.082463	1.4430741
24.128191128689586	2.017464	1.4203745
24.146114006114626	1.9756227	1.4055685
24.164037483147187	1.9796553	1.4070022
24.181961560286005	2.01552	1.4196901
24.199886238029926	2.0278482	1.4240254
24.21781151687797	2.0604942	1.4354422
24.235737397329274	2.0621405	1.4360155
24.253663879883135	2.106174	1.4512663
24.271590965038975	2.1241465	1.4574451
24.289518653296376	2.1037188	1.4504201
24.30744694515505	2.0811267	1.4426111
24.32537584111486	2.007082	1.4167153
24.34330534167581	1.983443	1.4083476
24.361235447338046	2.004338	1.4157465
24.379166158601876	2.0381038	1.4276217
24.39709747596772	2.0402968	1.4283895
24.41502939993615	1.9919556	1.4113666
24.432961931007917	1.9473953	1.3954911
24.450895069683856	1.9283481	1.3886497
24.468828816465	1.9229449	1.3867029
24.4867631718525	1.9579425	1.3992649
24.504698136347656	2.0271697	1.4237871
24.52263371045192	2.036376	1.4270165
24.540569894666874	2.0175664	1.4204106
24.558506689494266	1.9754277	1.4054991
24.57644409543597	1.9457384	1.3948973
24.594382112994012	1.9109367	1.3823663
24.61232074267057	1.9206154	1.3858627
24.630259984967953	1.9419044	1.3935223
24.64819984038863	1.973869	1.4049444
24.66614030943522	1.988774	1.410239
24.684081392610462	1.9926667	1.4116185
24.702023090417274	2.0013773	1.4147004
24.7199654033587	2.0171282	1.4202564
24.737908331937927	2.0122294	1.4185307
24.755851876658305	1.9919194	1.4113537
24.773796038023324	2.0116343	1.418321
24.79174081653661	2.060099	1.4353044
24.809686212701962	2.105493	1.4510317
24.827632227023294	2.100803	1.4494147
24.8455788600047	2.1044757	1.4506811
24.8635261121504	2.1299565	1.459437
24.88147398396475	2.124388	1.457528
24.899422475952303	2.1062691	1.4512991
24.917371588617698	2.127739	1.4586772
24.935321322465768	2.219046	1.4896463
24.953271678001478	2.3248124	1.5247335
24.97122265572994	2.5005767	1.5813212
24.989174256156414	2.801989	1.6739143
25.00712647978632	3.2490523	1.8025128
25.02507932712521	3.7727995	1.9423696
25.043032798678798	4.2819667	2.0692914
25.060986894952933	4.866469	2.2060075
25.078941616453637	5.576755	2.3615155
25.096896963687055	6.5063024	2.5507455
25.114852937159508	7.666522	2.7688484
25.132809537377444	8.161516	2.8568368
25.150766764847468	8.235528	2.869761
25.168724620076347	7.7137895	2.777371
25.186683103570985	6.805468	2.6087291
25.204642215838426	5.662386	2.379577
25.222601957385894	4.273987	2.0673623
25.24056232872074	3.2128572	1.7924445
25.25852333035048	2.6366017	1.6237615
25.276484962782778	2.341588	1.5302248
25.294447226525435	2.1753569	1.4749091
25.312410122086423	2.0678394	1.4379984
25.330373649973843	1.9456633	1.3948704
25.348337810695988	1.8738028	1.3688692
25.366302604761245	1.827769	1.35195
25.384268032678207	1.8260943	1.3513305
25.40223409495558	1.8493557	1.3599101
25.420200792102257	1.888681	1.374293
25.438168124627246	1.9331071	1.3903623
25.45613609303974	1.9497672	1.3963406
25.474104697849057	1.8847224	1.3728518
25.492073939564698	1.8547846	1.3619047
25.510043818696285	1.8482715	1.3595115
25.528014335753614	1.8623594	1.3646829
25.54598549124664	1.901728	1.3790315
25.56395728568544	1.8864841	1.3734934
25.58192971958028	1.8628125	1.3648489
25.59990279344156	1.8248949	1.3508867
25.617876507779833	1.840745	1.3567406
25.635850863105826	1.8643003	1.3653938
25.653825859930386	1.8857259	1.3732173
25.671801498764548	1.8575828	1.3629317
25.68977778011949	1.8551522	1.3620397
25.707754704506524	1.8774872	1.3702143
25.725732272437153	1.9259604	1.3877897
25.743710484423012	1.9323006	1.3900721
25.761689340975888	1.9027332	1.379396
25.77966884260774	1.837543	1.3555601
25.797648989830662	1.7623503	1.3275354
25.815629783156922	1.7649094	1.328499
25.83361122309895	1.7864624	1.3365861
25.85159331016929	1.8303021	1.3528866
25.869576044880695	1.8676122	1.3666061
25.887559427746034	1.8572468	1.3628085
25.90554345927836	1.8342654	1.3543506
25.92352813999086	1.8281069	1.352075
25.94151347039689	1.8566672	1.3625958
25.959499451009965	1.8618197	1.3644851
25.97748608234374	1.8760512	1.3696902
25.995473364912062	1.8777055	1.370294
26.013461299228904	1.8727471	1.3684835
26.03144988580839	1.841568	1.3570439
26.04943912516483	1.8513513	1.3606437
26.067429017812675	1.8301607	1.3528343
26.085419564266537	1.8183666	1.3484683
26.103410765041186	1.8283082	1.3521495
26.12140262065155	1.8883326	1.3741661
26.139395131612723	1.8672684	1.3664804
26.157388298439948	1.8195125	1.348893
26.17538212164861	1.8187355	1.348605
26.193376601754295	1.8487943	1.3597038
26.211371739272714	1.838306	1.3558414
26.229367534719746	1.8065028	1.3440621
26.247363988611433	1.7855114	1.3362303
26.26536110146397	1.8313662	1.3532798
26.283358873793727	1.8640739	1.3653109
26.301357306117204	1.8971086	1.3773557
26.319356398951104	1.864084	1.3653146
26.33735615281224	1.8438046	1.3578677
26.35535656821762	1.793877	1.3393569
26.373357645684404	1.8121916	1.3461766
26.39135938572991	1.8345429	1.354453
26.409361788871614	1.8308803	1.3531003
26.427364855627165	1.8274093	1.351817
26.445368586514352	1.8277278	1.3519348
26.46337298205115	1.8540013	1.3616172
26.48137804275568	1.8379924	1.3557258
26.499383769146217	1.7814971	1.3347274
26.517390161741215	1.7633808	1.3279235
26.53539722105928	1.7633916	1.3279276
26.553404947619182	1.8254644	1.3510975
26.571413341939856	1.8535535	1.3614527
26.589422404540397	1.834546	1.3544542
26.60743213594006	1.8250747	1.3509532
26.62544253665827	1.8350979	1.3546579
26.64345360721459	1.8418934	1.3571638
26.66146534812879	1.8250246	1.3509347
26.679477759920758	1.8211538	1.3495013
26.69749084311057	1.8334343	1.3540437
26.71550459821847	1.8486537	1.359652
26.733519025764842	1.8210983	1.3494807
26.751534126270258	1.8147546	1.3471283
26.769549900255434	1.796145	1.3402033
26.787566348241267	1.8401212	1.3565106
26.80558347074881	1.8197749	1.3489903
26.823601268299267	1.8212173	1.3495249
26.841619741414036	1.8127825	1.3463961
26.85963889061465	1.7877138	1.3370541
26.877658716422832	1.7799206	1.3341366
26.89567921936045	1.8025597	1.3425944
26.913700399949544	1.8454715	1.3584813
26.93172225871233	1.8228474	1.3501287
26.949744796171174	1.7516359	1.3234938
26.967768012848605	1.7298574	1.3152405
26.98579190926733	1.729261	1.3150136
27.003816485950225	1.7464694	1.3215405
27.021841743420318	1.727117	1.3141983
27.039867682200814	1.7641366	1.328208
27.057894302815072	1.7803006	1.3342791
27.07592160578664	1.7507881	1.3231735
27.0939495916392	1.8004442	1.3418063
27.111978260896635	1.8256164	1.3511537
27.13000761408296	1.7682489	1.3297552
27.148037651722397	1.7618186	1.3273351
27.166068374339304	1.7768477	1.3329846
27.184099782458215	1.802454	1.342555
27.20213187660384	1.7992287	1.3413533
27.22016465730105	1.802921	1.342729
27.23819812507487	1.7985216	1.3410897
27.256232280450533	1.7994124	1.3414217
27.274267123953383	1.8019927	1.3423831
27.292302656108987	1.813021	1.3464847
27.31033887744306	1.7631778	1.327847
27.32837578848146	1.717944	1.3107036
27.34641338975026	1.7577902	1.3258168
27.364451681775673	1.7852613	1.3361367
27.382490665084074	1.7963223	1.3402694
27.400530340202046	1.8140996	1.3468851
27.41857070765629	1.855551	1.3621861
27.436611767973726	1.8111815	1.3458015
27.454653521681404	1.8273914	1.3518105
27.472695969306564	1.8604034	1.3639661
27.490739111376627	1.843507	1.357758
27.508782948419153	1.8423313	1.3573251
27.526827480961902	1.8530593	1.3612713
27.54487270953279	1.8512633	1.3606113
27.562918634659898	1.8505908	1.3603642
27.580965256871508	1.8507835	1.360435
27.599012576696026	1.9077214	1.3812029
27.617060594662068	1.88787	1.3739978
27.63510931129842	1.8094302	1.3451506
27.65315872713401	1.8210434	1.3494604
27.67120884269797	1.8779062	1.3703672
27.68925965851958	1.8912263	1.3752186
27.707311175128307	1.9078805	1.3812605
27.725363393053787	1.9105266	1.382218
27.74341631282583	1.9020889	1.3791624
27.7614699349744	1.8576257	1.3629475
27.77952426002968	2.040221	1.4283631
27.797579288521973	2.1303532	1.4595729
27.815635020981784	2.6164162	1.617534
27.83369145793979	2.6830738	1.6380091
27.85174859992682	2.4670508	1.5706848
27.869806447473923	2.2702687	1.506741
27.887865001112267	1.9639754	1.401419
27.905924261373233	1.9171592	1.3846152
27.92398422878836	1.9629624	1.4010576
27.94204490388936	1.9467516	1.3952605
27.96010628720813	1.9063852	1.3807191
27.978168379276728	1.8536718	1.3614962
27.9962311806274	1.8593842	1.3635924
28.014294691792568	1.846606	1.3588989
28.0323589133048	1.8553065	1.3620963
28.050423845696887	1.9268396	1.3881065
28.068489489501758	1.9971	1.4131879
28.086555845252523	1.9661673	1.4022009
28.104622913482487	1.8695222	1.3673047
28.122690694725115	1.8587306	1.3633527
28.14075918951405	1.8986914	1.3779302
28.15882839838312	1.9103917	1.3821692
28.176898321866304	1.9290773	1.3889123
28.1949689604978	1.867925	1.3667206
28.213040314811945	1.8301201	1.3528193
28.23111238534327	1.8358095	1.3549205
28.249185172626493	1.8406261	1.3566967
28.267258677196473	1.8596904	1.3637047
28.285332899588294	1.8905277	1.3749646
28.303407840337172	1.918121	1.3849624
28.321483499978545	1.9194754	1.3854513
28.33955987904799	1.9227469	1.3866315
28.357636978081285	1.9972745	1.4132496
28.37571479761439	1.9661586	1.4021978
28.393793338183425	1.8714678	1.368016
28.41187260032469	1.8615146	1.3643733
28.429952584574686	1.9309595	1.3895897
28.448033291470065	1.965269	1.4018805
28.46611472154769	1.9601315	1.400047
28.484196875344566	1.9422683	1.3936528
28.502279753397914	1.9779693	1.406403
28.52036335624511	1.990116	1.4107147
28.538447684423716	1.9598567	1.3999488
28.556532738471482	1.9131501	1.3831667
28.574618518926325	1.9343417	1.3908061
28.59270502632635	1.955104	1.3982503
28.61079226120985	1.9720374	1.4042925
28.628880224115274	2.0260944	1.4234095
28.646968915581287	2.0768065	1.441113
28.66505833614671	2.088668	1.4452225
28.68314848635055	2.0597305	1.4351761
28.701239366732004	2.0620198	1.4359735
28.71933097783044	2.0679343	1.4380314
28.737423320185403	2.1233168	1.4571605
28.75551639433665	2.0980718	1.4484723
28.773610200824074	2.0521493	1.4325324
28.791704740187793	2.0766587	1.4410616
28.80980001296809	2.069147	1.4384531
28.827896019705413	2.0982215	1.4485239
28.845992760940433	2.1765087	1.4752995
28.86409023721397	2.2370412	1.4956741
28.88218844906704	2.2131572	1.4876684
28.900287397040845	2.1967235	1.4821348
28.918387081676755	2.2538025	1.501267
28.936487503516343	2.268424	1.5061288
28.954588663101365	2.3035963	1.5177603
28.97269056097374	2.291361	1.5137242
28.990793197675597	2.3127975	1.5207884
29.00889657374923	2.3537977	1.5342091
29.027000689737125	2.3775644	1.5419353
29.04510554618196	2.3613582	1.5366712
29.06321114362659	2.4334896	1.5599647
29.08131748261405	2.479673	1.5746977
29.099424563687567	2.564098	1.6012801
29.11753238739057	2.53662	1.592677
29.13564095426663	2.5009255	1.5814315
29.15375026485954	2.46012	1.5684769
29.171860319713275	2.5100913	1.5843267
29.18997111937199	2.5773098	1.6054002
29.20808266438002	2.7258918	1.6510276
29.226194955281898	2.8213437	1.6796856
29.244307992622335	2.8691976	1.6938705
29.26242177694624	2.8443933	1.6865329
29.2805363087987	2.8372102	1.684402
29.29865158872498	2.8630295	1.6920489
29.316767617270557	2.8552575	1.6897507
29.334884394981064	2.8550634	1.6896933
29.353001922402367	2.9688787	1.7230434
29.37112020008047	3.0983067	1.7602007
29.389239228561596	3.1791434	1.7830153
29.407359008392152	3.3278275	1.8242334
29.42547954011872	3.6459029	1.9094248
29.44360082428809	4.2918053	2.0716672
29.46172286144722	5.331915	2.309094
29.479845652143283	6.7757134	2.60302
29.497969196923606	8.795688	2.9657524
29.516093496335728	11.43629	3.3817585
29.5342185509274	14.219276	3.7708457
29.55234436124651	16.582827	4.0722017
29.570470927841175	17.980387	4.240329
29.588598251259686	17.624569	4.1981626
29.60672633205055	16.176489	4.022001
29.624855170762405	14.0807	3.752426
29.642984767944146	11.506436	3.392114
29.66111512414481	8.85002	2.9748983
29.67924623991366	6.6402774	2.5768735
29.697378115800138	5.0671864	2.2510412
29.71551075235387	4.1381226	2.0342376
29.733644150124675	3.6888905	1.9206485
29.751778309662576	3.4181697	1.8488293
29.769913231517766	3.2990105	1.8163178
29.78804891624066	3.2749715	1.8096882
29.806185364381818	3.2206094	1.7946056
29.82432257649206	3.2540977	1.8039118
29.842460553122333	3.3180554	1.821553
29.86059929482382	3.2443337	1.8012034
29.878738802147872	3.2605355	1.8056953
29.896879075646048	3.2840958	1.8122075
29.915020115870114	3.28668	1.8129203
29.933161923371976	3.227529	1.7965325
29.951304498703777	3.1831167	1.7841291
29.969447842417857	3.2278159	1.7966124
29.987591955066733	3.263402	1.8064889
30.005736837203123	3.227237	1.7964512
30.023882489379943	3.1370766	1.7711794
30.04202891215028	3.1091113	1.7632673
30.060176106067455	3.2341142	1.7983643
30.078324071684946	3.2550502	1.8041757
30.09647280955646	3.2119527	1.7921921
30.114622320235863	3.1481245	1.7742954
30.132772604277257	3.119558	1.7662271
30.1509236622349	3.128937	1.7688801
30.16907549466328	3.1306784	1.7693723
30.18722810211705	3.1024964	1.7613904
30.205381485151097	3.1627913	1.7784238
30.22353564432045	3.1333487	1.7701267
30.241690580180403	3.0484924	1.7459933
30.25984629328638	3.0311692	1.7410253
30.278002784194037	2.9997342	1.7319741
30.296160053459246	2.9361925	1.7135322
30.314318101638033	2.8364458	1.6841751
30.332476929286646	2.830083	1.6822851
30.35063653696153	2.7903259	1.6704268
30.368796925219307	2.7839549	1.6685188
30.386958094616844	2.8084197	1.6758341
30.40512004571115	2.8072588	1.6754876
30.423282779059463	2.885602	1.698706
30.441446295219233	2.8012547	1.673695
30.459610594748067	2.708917	1.6458788
30.47777567820382	2.6865118	1.6390582
30.495941546144504	2.6880388	1.639524
30.51410819912835	2.752354	1.659022
30.532275637713795	2.8431082	1.6861519
30.55044386245946	2.8247628	1.680703
30.56861287392416	2.696904	1.6422253
30.586782672666956	2.6857557	1.6388276
30.604953259247047	2.7768629	1.6663922
30.623124634223885	2.784673	1.668734
30.641296798157075	2.7752736	1.6659153
30.659469751606462	2.7892036	1.6700909
30.677643495132074	2.7884185	1.6698558
30.695818029294152	2.7395523	1.6551592
30.713993354653116	2.7183423	1.6487396
30.73216947176962	2.7425632	1.6560686
30.75034638120448	2.6899397	1.6401036
30.768524083518756	2.6774309	1.6362857
30.786702579273673	2.738206	1.6547525
30.80488186903069	2.8103323	1.6764046
30.82306195335144	2.9705312	1.7235229
30.841242832797782	3.1326144	1.7699193
30.85942450793176	3.3765914	1.8375504
30.877606979315637	3.7172549	1.9280183
30.895790247511883	4.1377206	2.0341387
30.913974313083134	4.570892	2.1379645
30.932159176592283	4.7934914	2.1894042
30.95034483860237	4.858432	2.204185
30.968531299676698	4.7295017	2.1747417
30.98671856037873	4.3719482	2.0909204
31.00490662127215	4.0215716	2.0053856
31.023095482920848	3.6070802	1.8992314
31.04128514588892	3.0720005	1.7527124
31.059475610740662	2.6807246	1.6372919
31.07766687804056	2.5703785	1.60324
31.09585894835335	2.5436535	1.5948836
31.11405182224393	2.5196867	1.5873522
31.132245500277417	2.4909248	1.5782664
31.15043998301914	2.4224753	1.5564303
31.168635271034628	2.4101584	1.5524685
31.18683136488964	2.396355	1.5480164
31.20502826515008	2.3918192	1.5465508
31.223225972382135	2.3873534	1.5451063
31.241424487152155	2.382441	1.5435158
31.259623810026692	2.3920484	1.5466248
31.27782394157253	2.4465065	1.5641313
31.296024882356644	2.4173172	1.5547724
31.314226632946237	2.4016654	1.5497308
31.332429193908684	2.393805	1.5471926
31.350632565811598	2.3857234	1.5445787
31.368836749222787	2.3584945	1.5357391
31.387041744710295	2.4800713	1.5748242
31.40524755284232	2.5819464	1.6068436
31.423454174187317	2.581598	1.6067352
31.441661609313922	2.5709193	1.6034087
31.459869858791002	2.4997938	1.5810736
31.478078923187628	2.4677837	1.5709181
31.496288803073064	2.4213545	1.5560702
31.514499499016807	2.406407	1.5512599
31.532711011588546	2.3707123	1.5397117
31.550923341358178	2.3291574	1.5261577
31.56913648889584	2.265382	1.5051186
31.587350454771844	2.2596374	1.503209
31.605565239556732	2.2714472	1.507132
31.62378084382127	2.2070186	1.4856038
31.641997268136382	2.2082047	1.4860029
31.660214513073274	2.249844	1.499948
31.67843257920331	2.2525556	1.5008516
31.6966514670981	2.2140265	1.4879605
31.71487117732944	2.205848	1.4852097
31.733091710469346	2.1953142	1.4816593
31.751313067090052	2.2768261	1.5089155
31.769535247764008	2.349517	1.5328134
31.787758253063878	2.3242233	1.5245403
31.805982083562526	2.2291682	1.49304
31.824206739833024	2.1772056	1.4755356
31.84243222244869	2.2076669	1.485822
31.860658531983013	2.2711272	1.507026
31.878885669009737	2.2230415	1.4909868
31.897113634102784	2.090313	1.4457915
31.91534242783632	2.147636	1.4654815
31.933572050784694	2.2341998	1.4947239
31.951802503522508	2.2318282	1.4939305
31.970033786624548	2.1924307	1.480686
31.988265900665834	2.2486312	1.4995437
32.006498846221575	2.250366	1.500122
32.02473262386724	2.2166781	1.4888513
32.04296723417845	2.1634834	1.4708785
32.0612026777311	2.1363063	1.4616108
32.07943895510129	2.158694	1.4692495
32.097676066865304	2.159711	1.4695954
32.115914013599685	2.0914328	1.4461787
32.13415279588115	2.0921936	1.4464417
32.152392414286666	2.1931007	1.4809121
32.1706328693934	2.2679613	1.5059752
32.18887416177875	2.195678	1.4817821
32.20711629202032	2.1290967	1.4591424
32.225359260695924	2.1640656	1.4710764
32.243603068383614	2.2360787	1.4953524
32.26184771566166	2.2251284	1.4916865
32.28009320310852	2.1736217	1.4743208
32.2983395313029	2.1912944	1.4803021
32.31658670082372	2.231601	1.4938544
32.33483471225012	2.2676847	1.5058833
32.35308356616143	2.237136	1.4957058
32.371333263137245	2.2243156	1.491414
32.38958380375734	2.1721578	1.4738241
32.407835188601744	2.135697	1.4614024
32.42608741825067	2.1506093	1.4664955
32.444340493284585	2.1100628	1.4526055
32.46259441428416	2.0238829	1.4226323
32.48084918183028	2.0979	1.4484129
32.49910479650405	2.1837642	1.4777565
32.51736125888683	2.1662238	1.4718097
32.53561856956014	2.095133	1.4474574
32.5538767291058	2.0402973	1.4283898
32.572135738105764	2.0504267	1.4319311
32.59039559714228	2.1047099	1.4507618
32.608656306797776	2.1748526	1.4747381
32.62691786765491	2.154352	1.467771
32.645180280296586	2.0615194	1.4357992
32.663443545305896	1.9866792	1.4094961
32.68170766326619	1.9915036	1.4112065
32.69997263476099	1.8900249	1.3747817
32.7182384603741	1.8655894	1.3658658
32.7365051406895	1.9280903	1.388557
32.75477267629144	1.9696203	1.4034317
32.77304106776434	1.971301	1.4040302
32.79131031569289	1.9971192	1.4131947
32.809580420661966	2.039872	1.4282409
32.827851383256714	2.0072155	1.4167624
32.84612320406245	1.9386086	1.3923392
32.86439588366476	1.9590157	1.3996484
32.88266942264945	1.9948037	1.4123752
32.9009438216025	1.9192386	1.3853658
32.9192190811102	1.8756981	1.3695613
32.937495201758985	1.9142724	1.3835723
32.95577218413556	1.9826968	1.4080826
32.974050028826866	1.9367304	1.3916646
32.992328736420035	1.8780748	1.3704287
33.010608307502444	1.9590752	1.3996696
33.02888874266169	1.9576827	1.3991722
33.047170042485604	1.8383948	1.3558742
33.06545220756225	1.7678548	1.329607
33.083735238479896	1.815487	1.3474001
33.10201913582707	1.8812046	1.3715701
33.12030390019248	1.957117	1.39897
33.138589532165135	1.9506247	1.3966477
33.15687603233419	1.9508088	1.3967136
33.17516340128909	1.9869938	1.4096076
33.19345163961947	1.9931439	1.4117875
33.211740747915215	1.9642535	1.4015183
33.23003072676643	1.9788241	1.4067068
33.248321576763466	2.097518	1.448281
33.266613298496885	2.1409686	1.4632049
33.28490589255747	2.0462444	1.43047
33.30319935953626	1.9230934	1.3867564
33.32149370002451	1.9668181	1.4024329
33.339788914613706	1.9429734	1.3939058
33.358085003895575	1.8985983	1.3778963
33.376381968462034	1.965285	1.4018862
33.39467980890529	1.9844558	1.4087071
33.41297852581774	1.8824382	1.3720198
33.43127811979204	1.7985543	1.3411019
33.44957859142105	1.8052299	1.3435885
33.467879941297866	1.9072375	1.3810277
33.486182170015844	1.9618068	1.4006451
33.50448527816853	1.8965144	1.3771399
33.522789266349754	1.8613498	1.364313
33.541094135153514	1.8536536	1.3614894
33.55939988517411	1.8323859	1.3536565
33.57770651700602	1.842186	1.3572716
33.59601403124398	1.8977306	1.3775815
33.61432242848296	1.9560918	1.3986036
33.632631709318154	1.9642292	1.4015096
33.650941874344994	1.9505891	1.3966349
33.66925292415916	1.9492353	1.3961502
33.68756485935654	1.8906809	1.3750204
33.70587768053328	1.8717494	1.3681189
33.724191388285746	1.9237608	1.386997
33.74250598321054	1.9239589	1.3870685
33.760821465904506	1.885716	1.3732138
33.77913783696474	1.9140948	1.3835082
33.79745509698852	1.9840617	1.4085673
33.815773246573414	1.9497824	1.3963461
33.8340922863172	1.9576044	1.3991442
33.852412216817896	1.9672593	1.4025902
33.87073303867377	1.9360622	1.3914245
33.889054752483304	1.9029458	1.379473
33.907377358845245	1.9365565	1.3916022
33.92570085835853	1.9566354	1.3987979
33.94402525162239	1.9166043	1.3844148
33.96235053923627	1.9452043	1.3947058
33.980676721799824	1.998493	1.4136807
33.999003799912984	1.9877903	1.4098902
34.01733177417592	1.9563756	1.398705
34.03566064518901	1.8782326	1.3704863
34.0539904135529	1.9238693	1.3870361
34.07232107986846	1.9775732	1.4062622
34.090652644736785	1.941437	1.3933545
34.108985108759235	1.9302018	1.389317
34.12731847253742	1.8539752	1.3616076
34.14565273667313	1.9016569	1.3790058
34.16398790176847	1.8859855	1.3733119
34.18232396842574	1.8177427	1.3482369
34.20066093724749	1.8011379	1.3420649
34.21899880883651	1.7597173	1.3265433
34.23733758379583	1.6933299	1.3012801
34.25567726272874	1.7238864	1.3129685
34.27401784623872	1.8678186	1.3666816
34.29235933492957	1.9178789	1.384875
34.31070172940526	1.953528	1.3976867
34.32904503027003	2.0107992	1.4180264
34.347389238128386	1.9816432	1.4077085
34.36573435358502	1.9380519	1.3921393
34.38408037724492	1.9295888	1.3890964
34.402427309713296	1.977038	1.4060719
34.42077515159559	1.9250959	1.3874782
34.43912390349752	1.9411483	1.393251
34.45747356602499	1.8108559	1.3456805
34.47582413978423	1.6584996	1.2878275
34.49417562538163	1.7683572	1.329796
34.51252802342388	2.040784	1.42856
34.53088133451789	2.1883192	1.4792968
34.54923555927084	2.0671806	1.4377693
34.567590698290104	1.980293	1.4072288
34.58594675218336	2.0354922	1.4267068
34.6043037215585	2.0687716	1.4383225
34.62266160702365	1.8546016	1.3618376
34.641020409187234	1.8275448	1.3518672
34.65938012865785	1.9552755	1.3983116
34.677740766044394	2.224614	1.491514
34.69610232195598	2.19986	1.4831926
34.714464797002016	1.922403	1.3865075
34.73282819179208	1.7348453	1.3171352
34.751192506936064	1.7677401	1.3295639
34.76955774304408	1.8685185	1.3669376
34.7879239007265	1.8194305	1.3488626
34.80629098059391	1.6740321	1.2938439
34.824658983257194	1.8515527	1.3607178
34.843027909327446	2.037826	1.4275244
34.86139775941603	2.0653307	1.4371259
34.879768534134534	1.9881358	1.4100127
34.89814023409483	2.0970962	1.4481354
34.91651285990901	2.0283892	1.4242153
34.93488641218944	2.0852344	1.4440341
34.95326089154871	2.069316	1.4385117
34.97163629859967	1.9305546	1.389444
34.99001263395542	1.9872637	1.4097034
35.00838989822934	2.2192578	1.4897174
35.02676809203499	2.3112772	1.5202885
35.04514721598624	2.148362	1.4657291
35.063527270697215	1.9039339	1.3798311
35.081908256782256	1.8807956	1.371421
35.10029017485597	2.0221145	1.4220108
35.11867302553321	2.0776327	1.4413996
35.137056809429104	2.0337524	1.4260969
35.155441527159006	2.0000346	1.4142258
35.173827179338524	2.0004022	1.4143558
35.19221376658354	2.0536654	1.4330616
35.21060128951017	2.1248221	1.457677
35.2289897487348	2.1575236	1.4688511
35.24737914487405	2.0494437	1.4315878
35.26576947854479	2.2334685	1.4944793
35.28416075036418	2.4977376	1.5804232
35.30255296094958	2.2291262	1.4930259
35.32094611091867	1.7198018	1.3114121
35.33934020088932	1.6509267	1.284884
35.35773523147969	1.9948199	1.4123809
35.3761312033082	2.363096	1.5372365
35.394528116993506	2.1798673	1.4764373
35.41292597315452	1.8068249	1.3441819
35.431324772410434	1.5974938	1.26392
35.449724515380666	1.645871	1.2829151
35.46812520268491	1.7809871	1.3345363
35.486526834943106	1.733084	1.3164665
35.504929412775454	1.7484739	1.3222988
35.52333293680242	1.9621651	1.400773
35.54173740764471	2.3493993	1.532775
35.560142825923286	2.411209	1.5528069
35.5785491922594	1.9654788	1.4019554
35.59695650727454	1.5689769	1.252588
35.61536477159042	1.4327071	1.1969575
