0.008763373481513119	0.56609195	0.7523908
0.026290120649546365	0.18888974	0.43461448
0.043816868432600686	0.0908709	0.30144802
0.06134361724069026	0.01719954	0.13114701
0.07887036748382949	0.09945681	0.31536773
0.0963971195720331	0.114345744	0.33815047
0.11392387391531617	0.11152921	0.33395988
0.1314506309236943	0.08541878	0.2922649
0.1489773910071836	0.12129967	0.34828103
0.16650415457580078	0.18162163	0.4261709
0.18403092203956356	0.16328768	0.4040887
0.20155769380849	0.13861156	0.37230572
0.2190844702925996	0.10595197	0.32550263
0.2366112519019124	0.0898251	0.29970837
0.2541380390464497	0.086095944	0.2934211
0.27166483213623416	0.07035242	0.2652403
0.28919163158128947	0.07597554	0.2756366
0.3067184377916406	0.12964956	0.36006883
0.324245251177314	0.13065025	0.36145574
0.34177207214833777	0.18687336	0.43228853
0.3592989011147415	0.181276	0.4257652
0.37682573848655654	0.1732589	0.4162438
0.39435258467381573	0.15458505	0.39317304
0.41187944008655414	0.13556994	0.36819825
0.42940630513480854	0.18776223	0.4333154
0.446933180228618	0.17632933	0.41991585
0.4644600657780234	0.17839418	0.42236736
0.48198696219306775	0.12144259	0.34848616
0.49951386988379676	0.0972467	0.31184402
0.5170407892602581	0.109230734	0.33050072
0.5345677207325025	0.14147754	0.376135
0.5520946647105822	0.16272789	0.40339544
0.5696216216045534	0.1792645	0.42339638
0.5871485918244737	0.18643214	0.4317779
0.6046755757804043	0.16926827	0.41142225
0.6222025738824094	0.17010705	0.41244036
0.6397295865405557	0.16891846	0.4109969
0.6572566141649129	0.20584726	0.45370394
0.6747836571655547	0.21813114	0.46704513
0.6923107159525568	0.20835282	0.4564568
0.7098377909359992	0.19721043	0.4440838
0.7273648825259653	0.1828743	0.42763805
0.7448919911325411	0.19214983	0.43834898
0.762419117165817	0.19925667	0.44638175
0.7799462610358868	0.20427488	0.45196778
0.7974734231528482	0.20805165	0.45612678
0.8150006039268024	0.23049377	0.48009765
0.8325278037678551	0.22048056	0.4695536
0.8500550230861152	0.20590627	0.45376897
0.8675822622916969	0.21403275	0.46263674
0.8851095217947171	0.21302904	0.46155068
0.9026368020052984	0.19889615	0.44597775
0.9201641033335665	0.16922075	0.4113645
0.9376914261896523	0.18022875	0.42453358
0.9552187709836915	0.18824603	0.4338733
0.9727461381258234	0.25911298	0.5090314
0.990273528026193	0.2816823	0.5307375
1.0078009410949496	0.2874469	0.53614074
1.0253283777422473	0.24900554	0.49900454
1.0428558383782454	0.2281983	0.47770107
1.0603833234131086	0.27158648	0.5211396
1.0779108332570058	0.3529043	0.5940575
1.0954383683201119	0.35078475	0.59227085
1.112965929012607	0.3701666	0.60841316
1.1304935157446763	0.46078387	0.67881066
1.1480211289265108	0.48235208	0.6945157
1.1655487689683062	1.2714309	1.1275774
1.1830764362802655	1.5299882	1.2369269
1.200604131272596	1.9782741	1.4065113
1.2181318543555117	2.3913996	1.5464151
1.235659605939232	2.4045844	1.5506723
1.253187386433982	4.068947	2.017163
1.270715196249994	6.294245	2.5088334
1.2882430357975057	11.704409	3.4211707
1.3057709054867608	16.527782	4.0654373
1.3232988057280106	22.617096	4.7557435
1.3408267369315112	27.709465	5.263978
1.358354699507526	31.711536	5.6312995
1.3758826938663256	35.571705	5.964202
1.3934107204181858	37.43594	6.1184916
1.410938779573391	37.59029	6.131092
1.4284668717422309	38.112774	6.1735544
1.4459949973350033	37.639015	6.1350646
1.4635231567620117	37.75009	6.14411
1.4810513504335687	37.202778	6.099408
1.4985795787599925	36.657837	6.0545716
1.5161078421516088	36.300106	6.0249567
1.5336361410187505	35.778736	5.981533
1.5511644757717598	35.64587	5.970416
1.5686928468209842	36.12671	6.01055
1.58622125457678	36.309116	6.025705
1.6037496994495108	37.239353	6.1024055
1.621278181849548	36.99621	6.082451
1.6388067021872719	37.884228	6.1550164
1.6563352608730693	37.396572	6.1152735
1.673863858317336	36.346104	6.028773
1.6913924949304753	35.60083	5.9666433
1.7089211711228998	34.350918	5.8609657
1.7264498873050296	33.495594	5.787538
1.7439786438872935	32.756775	5.7233534
1.7615074412801288	31.988773	5.655862
1.779036279893981	31.46205	5.609104
1.796565160139305	30.535429	5.525887
1.814094082426564	29.756111	5.454916
1.8316230471662298	29.272224	5.4103813
1.849152054768784	28.376688	5.3269773
1.8666811056447168	27.80222	5.272781
1.8842102002045273	26.911089	5.18759
1.901739338858724	26.453255	5.143273
1.9192685220178245	26.037537	5.102699
1.9367977500923557	25.682323	5.067773
1.9543270234928547	25.2927	5.029185
1.971856342629867	24.634705	4.963336
1.9893857079139496	23.639744	4.862072
2.006915119755667	22.946684	4.79027
2.0244445785655945	22.232857	4.7151732
2.0419740847543175	21.84214	4.6735578
2.0595036387324317	21.24902	4.609666
2.0770332409105414	21.061983	4.5893335
2.094562891699263	21.077436	4.591017
2.1120925915092217	20.639812	4.543106
2.129622340751053	20.01473	4.4737825
2.1471521398354043	187.91531	13.7082205
2.1646819891729323	444.2779	21.0779
2.182211889174303	440.74454	20.993917
2.1997418402501974	453.1644	21.287659
2.2172718428113023	433.00146	20.808687
2.234801897268317	320.97388	17.915745
2.2523320040319548	17.51439	4.18502
2.269862163512935	17.309715	4.160495
2.287392376121992	17.006424	4.1238847
2.304922642269869	16.461084	4.057226
2.322452962367322	16.093777	4.011705
2.3399833368251164	15.488429	3.9355342
2.357513766054032	15.2163	3.9008076
2.3750442504648586	15.031374	3.8770316
2.3925747904683963	15.004491	3.873563
2.410105386475459	14.858077	3.8546176
2.4276360388968707	14.581269	3.8185427
2.445166748143469	14.23533	3.7729735
2.4626975146261025	14.003864	3.7421737
2.4802283387556323	13.724878	3.7047102
2.4977592209429305	13.509536	3.675532
2.5152901615988825	13.278127	3.6439164
2.5328211611343865	12.856362	3.585577
2.5503522199603523	12.653294	3.5571468
2.5678833384877024	12.422405	3.5245433
2.5854145171273712	12.371466	3.5173094
2.6029457562903064	12.217678	3.4953794
2.620477056387469	12.120856	3.481502
2.6380084178298326	11.93404	3.454568
2.655539841028383	11.580647	3.403035
2.673071326394119	11.242809	3.35303
2.6906028743380523	10.951577	3.3093166
2.708134485271211	10.74546	3.2780268
2.7256661596046325	10.717807	3.273806
2.743197897749369	10.600438	3.2558315
2.760729700116486	10.573058	3.2516239
2.778261567117063	10.466301	3.2351663
2.795793499162193	10.288735	3.2076058
2.8133254966629817	10.013562	3.1644213
2.830857560030551	9.791992	3.129216
2.8483896896760337	9.647581	3.1060555
2.865921886010578	9.571216	3.093738
2.883454149445347	9.50306	3.0827034
2.9009864803915177	9.341967	3.056463
2.91851887926028	9.208123	3.034489
2.9360513464628384	9.224989	3.0372667
2.953583882410413	9.151497	3.025144
2.9711164875142373	9.185953	3.0308337
2.9886491621855606	8.955401	2.9925578
3.0061819068356455	8.716075	2.9522998
3.023714721875769	8.490938	2.9139214
3.041247607717225	8.417944	2.9013693
3.0587805647713213	8.460717	2.9087312
3.0763135934493806	8.387821	2.8961735
3.0938466941627407	8.16415	2.8572977
3.1113798673227544	7.9920664	2.8270242
3.1289131133407904	7.99371	2.827315
3.1464464326282315	7.8970094	2.8101618
3.1639798255964786	7.948149	2.8192463
3.1815132926569443	7.816323	2.7957687
3.1990468342210603	7.8527784	2.802281
3.216580450700272	7.6607227	2.767801
3.2341141425060416	7.4632845	2.7319012
3.251647910049847	7.431942	2.7261589
3.2691817537431813	7.296393	2.7011836
3.286715673997555	7.2336226	2.6895394
3.3042496712244938	7.046594	2.6545422
3.32178374583554	6.8977365	2.6263542
3.339317898242251	6.8352704	2.614435
3.3568521288562034	6.8474374	2.616761
3.3743864380889876	6.811873	2.6099565
3.3919208263522127	6.7359614	2.5953732
3.4094552940575023	6.665237	2.581712
3.4269898416164972	6.589339	2.5669708
3.444524469440858	6.4923606	2.548011
3.4620591779422587	6.519938	2.553417
3.479593967532391	6.5326514	2.555905
3.4971288386229658	6.514607	2.5523727
3.5146637916257086	6.3875012	2.5273507
3.5321988269523628	6.309697	2.5119112
3.5497339450146903	6.2616425	2.5023274
3.5672691462244708	6.2147923	2.4929485
3.5848044309934988	6.1840506	2.4867752
3.60233979973359	6.21669	2.493329
3.619875252856575	6.3425245	2.518437
3.6374107907743034	6.4000835	2.5298386
3.6549464138986427	6.3985543	2.5295365
3.6724821226414788	6.4155526	2.5328941
3.690017917414714	6.3563743	2.5211852
3.7075537986302702	6.366285	2.5231497
3.7250897667000857	6.3273697	2.5154264
3.7426258220361235	6.356382	2.5211866
3.7601619650503553	6.713456	2.5910337
3.777698196154779	7.3969364	2.7197309
3.7952345157614067	8.458463	2.9083436
3.8127709242822716	9.273686	3.0452728
3.830307422129425	11.421336	3.3795466
3.847844009714936	30.19813	5.4952826
3.8653806874508954	97.737885	9.886248
3.882917455749409	96.88861	9.843202
3.900454315022606	96.496445	9.82326
3.917991265682631	41.15743	6.4154058
3.9355283081416506	10.897568	3.3011465
3.9530654428118495	8.822174	2.9702144
3.970602670105433	7.6144586	2.759431
3.9881399904346244	6.5733123	2.563847
4.005677404211669	6.4385295	2.5374258
4.023214911848827	6.2886705	2.5077221
4.0407525137583855	6.2880387	2.5075963
4.058290210352644	6.295515	2.5090866
4.075828002043927	6.2383	2.497659
4.0933658892445814	6.320163	2.5139935
4.110903872366966	6.3185844	2.5136795
4.128441951823468	6.3022566	2.5104296
4.145980128026488	6.2413425	2.498268
4.163518401388452	6.122988	2.4744673
4.181056772321807	6.0695047	2.4636364
4.1985952412390155	6.06584	2.4628925
4.216133808552567	6.0596476	2.461635
4.233672474674966	6.136291	2.4771538
4.251211240018741	6.4013014	2.5300794
4.268750104996445	6.7041097	2.5892296
4.286289070020643	7.662049	2.7680407
4.303828135503928	9.340618	3.0562425
4.3213673018589125	29.698627	5.4496446
4.3389065694982305	91.00241	9.539518
4.356445938834537	166.24176	12.893477
4.3739854102805085	171.83505	13.108587
4.391524984248844	172.48502	13.133355
4.409064661152262	136.5033	11.683462
4.426604441403504	96.72203	9.834736
4.444144325415337	75.755585	8.703769
4.461684313600543	21.918242	4.681692
4.47922440637193	22.318481	4.724244
4.496764604142329	20.588696	4.537477
4.5143049073245916	18.676352	4.3216143
4.531845316331589	16.500774	4.0621147
4.5493858315762195	13.692651	3.7003582
4.566926453471405	11.412782	3.3782809
4.584467182430081	9.493114	3.0810897
4.602008018865218	8.341125	2.8881006
4.619548963189798	7.6121807	2.7590182
4.637090015816834	7.1809297	2.6797256
4.654631177159353	6.8792048	2.6228237
4.672172447630417	6.594632	2.5680015
4.689713827643102	6.3881645	2.5274818
4.7072553176105085	6.223483	2.494691
4.724796917945764	6.107579	2.4713516
4.742338629062015	5.981122	2.4456332
4.759880451372434	5.8799996	2.424871
4.777422385290215	5.7594357	2.3998823
4.794964431228581	5.6892343	2.3852115
4.812506589600768	5.6678634	2.3807275
4.830048860820047	5.6285105	2.3724482
4.847591245299709	5.619039	2.3704512
4.8651337434530655	5.6688843	2.3809419
4.882676355693457	5.6791396	2.3830945
4.900219082434242	5.74562	2.3970022
4.917761924088813	5.6746182	2.3821456
4.935304881070575	5.6492586	2.376817
4.952847953792969	5.600725	2.366585
4.970391142669449	5.5807676	2.3623648
4.9879344481135055	5.538488	2.3533993
5.005477870538642	5.413815	2.3267605
5.023021410358394	5.422896	2.3287113
5.040565067986324	5.4181542	2.327693
5.05810884383601	5.4596353	2.3365862
5.075652738321066	5.4513154	2.3348053
5.09319675185512	5.453502	2.3352735
5.110740884851836	5.452487	2.335056
5.128285137724894	5.3941727	2.3225358
5.145829510888007	5.3527927	2.3136103
5.163374004754908	5.283222	2.298526
5.1809186197393595	5.300238	2.3022246
5.198463356255145	5.279831	2.2977884
5.216008214716077	5.3429236	2.3114765
5.233553195535998	5.372207	2.3178022
5.251098299128764	5.3352947	2.3098257
5.268643525908272	5.298941	2.3019428
5.286188876288432	5.3422804	2.3113375
5.3037343506831895	5.3715005	2.3176498
5.32127994950651	5.407553	2.3254147
5.3388256731723915	5.330919	2.3088782
5.356371522094851	5.1985836	2.2800403
5.373917496687938	5.1435285	2.2679348
5.391463597365729	5.1406116	2.2672918
5.40900982454232	5.136196	2.2663178
5.426556178631843	5.1553593	2.2705417
5.444102660048449	5.1786075	2.2756555
5.4616492692063225	5.2353544	2.2880898
5.479196006519669	5.216187	2.2838974
5.496742872402727	5.242953	2.2897496
5.514289867269756	5.2766685	2.2971
5.531836991535049	5.2872415	2.2994003
5.549384245612924	5.2961297	2.3013322
5.566931629917724	5.243733	2.2899199
5.584479144863822	5.2175546	2.2841966
5.6020267908656205	5.2306247	2.287056
5.619574568337545	5.192439	2.2786925
5.637122477694054	5.0948896	2.2571862
5.654670519349629	5.1120324	2.2609804
5.672218693718784	5.228697	2.2866344
5.689767001216059	5.293098	2.3006735
5.707315442256021	5.3214846	2.3068342
5.724864017253266	5.302457	2.3027065
5.7424127266224225	5.2501583	2.2913225
5.75996157077814	5.2141504	2.2834513
5.777510550135105	5.14	2.2671568
5.795059665108022	5.1695757	2.2736702
5.812608916111639	5.1967096	2.2796292
5.830158303560715	5.340844	2.3110266
5.847707827870055	5.314127	2.305239
5.86525748945448	5.4776983	2.3404484
5.8828072887288485	5.5787935	2.361947
5.900357226108044	5.667836	2.3807218
5.917907302006979	5.7725616	2.4026155
5.9354575168406	6.3990912	2.5296426
5.9530078710238765	7.019436	2.6494217
5.970558364971812	7.4975634	2.738168
5.988108999099438	7.6564827	2.767035
6.005659773821818	8.112254	2.848202
6.023210689554039	7.917637	2.8138297
6.040761746711227	8.385606	2.895791
6.058312945708531	7.8320546	2.798581
6.075864286961132	7.328475	2.7071157
6.093415770884244	6.6996512	2.5883684
6.1109673978931065	6.132289	2.4763458
6.128519168402993	5.519792	2.349424
6.146071082829204	5.408756	2.325673
6.163623141587075	5.3443766	2.3117907
6.181175345091969	5.293266	2.30071
6.198727693759281	5.247031	2.2906399
6.216280188004435	5.2263393	2.2861187
6.233832828242885	5.1851964	2.2771027
6.251385614890126	5.214188	2.2834597
6.268938548361669	5.179413	2.2758324
6.286491629073067	5.070504	2.251778
6.304044857439898	5.00889	2.238055
6.321598233877777	4.9458065	2.223917
6.339151758802344	4.9662127	2.2285001
6.356705432629277	4.939077	2.2224033
6.37425925577428	4.938783	2.2223372
6.391813228653095	4.9592986	2.2269483
6.409367351681486	5.0066705	2.237559
6.426921625275259	4.9668913	2.2286522
6.44447604985025	4.9938583	2.2346942
6.46203062582232	4.9973745	2.2354808
6.47958535360737	5.0546227	2.2482488
6.497140233621328	5.0623965	2.249977
6.514695266280161	5.105548	2.259546
6.532250451999859	5.115178	2.2616758
6.549805791196454	5.1371017	2.2665174
6.567361284286002	5.1443725	2.268121
6.584916931684597	5.1456347	2.2683992
6.602472733808367	5.070496	2.2517762
6.6200286910734665	5.059192	2.2492647
6.637584803896092	5.018378	2.2401736
6.655141072692462	4.9635572	2.2279043
6.672697497878842	4.9221253	2.2185864
6.690254079871514	4.933124	2.2210636
6.707810819086808	4.9882855	2.233447
6.725367715941078	4.9548526	2.2259498
6.742924770850719	5.047757	2.2467215
6.760481984232151	5.0782914	2.2535064
6.778039356501836	5.1100936	2.2605517
6.795596888076266	5.035095	2.2439017
6.813154579371963	4.967143	2.2287087
6.830712430805492	4.976567	2.230822
6.84827044279344	4.9986773	2.2357721
6.865828615752445	4.996829	2.2353587
6.883386950099159	4.996772	2.235346
6.900945446250287	5.040415	2.245087
6.918504104622553	5.0474215	2.2466466
6.936062925632727	5.0685043	2.251334
6.953621909697607	5.102937	2.258968
6.971181057234028	5.119018	2.2625246
6.988740368658859	5.108494	2.2601976
7.006299844389007	5.132997	2.265612
7.023859484841407	5.1787925	2.275696
7.041419290433036	5.345561	2.312047
7.058979261580902	5.524969	2.3505254
7.0765393987020495	5.7889786	2.4060297
7.094099702213559	6.1089616	2.4716313
7.111660172532549	6.377848	2.5254402
7.129220810076164	6.661367	2.5809624
7.146781615261595	7.3281965	2.7070642
7.16434258850606	7.550011	2.7477283
7.181903730226821	8.050277	2.837301
7.1994650408411704	8.187795	2.8614323
7.217026520766437	8.347077	2.8891308
7.234588170419983	8.640308	2.9394403
7.252149990219215	8.55048	2.9241204
7.269711980581568	8.408384	2.8997214
7.2872741419245175	8.2007475	2.8636947
7.304836474665574	7.7079134	2.7763128
7.322398979222286	7.398498	2.720018
7.339961656012233	7.1434784	2.6727285
7.357524505453039	6.8459845	2.6164832
7.375087527962357	6.703124	2.5890393
7.392650723957886	6.401589	2.530136
7.410214093857353	6.108629	2.471564
7.427777638078528	5.8185134	2.4121594
7.445341357039213	5.6848187	2.3842857
7.4629052511572525	5.532081	2.3520377
7.480469320850524	5.4277263	2.3297482
7.498033566536948	5.3370967	2.3102157
7.5155979886344735	5.314149	2.3052437
7.5331625875610975	5.3318744	2.3090851
7.550727363734844	5.336501	2.3100867
7.568292317573788	5.2543845	2.2922444
7.585857449496025	5.299544	2.3020737
7.603422759919705	5.329828	2.308642
7.620988249263007	5.325358	2.3076737
7.638553917944147	5.246086	2.2904336
7.656119766381391	5.1572933	2.2709675
7.673685794993023	5.093946	2.256977
7.691252004197388	5.132858	2.2655811
7.70881839441285	5.1202135	2.2627888
7.726384966057826	5.129913	2.2649312
7.743951719550762	5.1609397	2.2717702
7.761518655310149	5.2295437	2.2868195
7.779085773754511	5.290821	2.3001785
7.796653075302419	5.288716	2.2997208
7.814220560372475	5.2794147	2.2976978
7.831788229383323	5.282175	2.2982984
7.8493560827536495	5.3023586	2.302685
7.866924120902174	5.3081183	2.3039353
7.884492344247663	5.2862453	2.2991836
7.9020607532089135	5.292036	2.3004427
7.919629348204771	5.280583	2.297952
7.937198129654115	5.361202	2.3154268
7.954767097975865	5.4267664	2.3295422
7.972336253588986	5.454231	2.3354294
7.989905596912472	5.39962	2.3237083
8.007475128365371	5.370401	2.3174126
8.025044848366756	5.3683653	2.3169732
8.042614757335754	5.5951815	2.3654137
8.060184855691523	5.7308407	2.3939173
8.07775514385327	5.9442935	2.4380922
8.095325622240228	5.9792027	2.4452407
8.112896291271687	6.010237	2.4515786
8.130467151366968	6.015152	2.4525807
8.148038202945436	5.997943	2.4490697
8.165609446426497	5.9721656	2.4438014
8.183180882229594	5.972526	2.4438753
8.200752510774217	5.929868	2.435132
8.218324332479893	5.9719596	2.4437592
8.235896347766193	5.955647	2.4404194
8.253468557052724	5.995039	2.4484768
8.27104096075914	6.0534086	2.4603677
8.288613559305137	6.0814104	2.4660516
8.306186353110448	6.1223745	2.4743433
8.32375934259485	6.1990433	2.4897878
8.341332528178162	6.3464513	2.5192163
8.358905910280246	6.42813	2.5353758
8.376479489321003	6.3846726	2.526791
8.394053265720377	6.4060507	2.5310178
8.411627239898356	6.3495255	2.5198264
8.42920141227497	6.297029	2.5093882
8.44677578327029	6.271862	2.5043685
8.464350353304427	6.2753763	2.5050702
8.48192512279754	6.317449	2.5134537
8.499500092169827	6.281117	2.5062156
8.51707526184153	6.233606	2.4967191
8.534650632232934	6.211835	2.4923553
8.552226203764365	6.260541	2.5021074
8.569801976856192	6.29701	2.5093844
8.587377951928834	6.3173823	2.5134404
8.60495412940274	6.2582827	2.501656
8.622530509698416	6.2737317	2.504742
8.6401070932364	6.4244523	2.5346503
8.657683880437283	6.5847516	2.566077
8.675260871721695	6.7697644	2.6018772
8.692838067510303	6.915415	2.6297176
8.710415468223834	7.0853724	2.6618364
8.727993074283043	7.19758	2.6828306
8.745570886108737	7.167894	2.6772923
8.763148904121765	7.163092	2.6763954
8.78072712874302	7.103775	2.6652908
8.798305560393441	7.3455777	2.7102726
8.815884199494006	7.493993	2.737516
8.833463046465745	7.7155695	2.7776914
8.851042101729728	7.910629	2.812584
8.86862136570707	8.289353	2.8791237
8.886200838818924	8.484344	2.9127896
8.903780521486505	8.490451	2.913838
8.921360414131055	8.549334	2.9239244
8.938940517173874	8.652229	2.9414673
8.956520831036297	8.837423	2.9727805
8.97410135613971	9.094273	3.0156713
8.99168209290554	9.269984	3.0446649
9.009263041755265	9.597978	3.0980604
9.026844203110405	9.776163	3.1266856
9.044425577392525	9.866892	3.141161
9.062007165023239	9.9545355	3.1550808
9.079588966424197	10.316252	3.2118921
9.097170982017108	10.475576	3.2365994
9.11475321222372	11.449051	3.3836446
9.132335657465825	12.33558	3.5122044
9.149918318165264	12.475735	3.5321007
9.167501194743924	12.888795	3.5900967
9.18508428762374	12.510591	3.5370314
9.202667597226693	12.470965	3.5314255
9.220251123974803	12.083701	3.476162
9.237834868290143	11.815019	3.437298
9.255418830594836	11.559901	3.3999856
9.273003011311046	11.11825	3.334404
9.290587410860985	10.922955	3.3049893
9.308172029666911	10.340841	3.2157178
9.32575686815113	10.079413	3.1748092
9.343341926735997	8.80435	2.9672124
9.360927205843916	8.575668	2.9284241
9.378512705897327	8.320192	2.8844743
9.396098427318728	8.2110615	2.865495
9.413684370530664	8.157267	2.856093
9.431270535955722	8.063837	2.8396895
9.448856924016539	8.017134	2.8314543
9.466443535135806	7.850925	2.8019502
9.484030369736251	7.814233	2.795395
9.501617428240658	7.767399	2.7870054
9.519204711071852	7.893098	2.8094656
9.536792218652714	7.9630017	2.8218791
9.55437995140617	7.92764	2.8156066
9.571967909755191	7.87838	2.8068452
9.589556094122802	7.9254565	2.8152187
9.60714450493207	7.985302	2.8258276
9.624733142606116	8.028328	2.8334305
9.642322007568108	8.037598	2.8350658
9.659911100241267	8.023524	2.8325827
9.677500421048851	8.028945	2.8335392
9.695089970414175	8.072076	2.8411398
9.712679748760609	8.152164	2.8551996
9.730269756511557	8.222742	2.8675325
9.747859994090492	8.278212	2.8771882
9.765450461920915	8.308209	2.8823965
9.78304116042639	8.310946	2.8828712
9.800632090030527	8.282289	2.8778965
9.81822325115699	8.239689	2.8704858
9.835814644229481	8.257861	2.8736494
9.853406269671762	8.2593	2.8739
9.870998127907646	8.25495	2.8731427
9.888590219360985	8.282113	2.877866
9.906182544455698	8.293499	2.8798435
9.923775103615734	8.358789	2.8911572
9.941367897265108	8.31787	2.8840718
9.958960925827878	8.303136	2.8815162
9.97655418972816	8.251149	2.8724813
9.994147689390106	8.295558	2.880201
10.011741425237934	8.346035	2.8889506
10.029335397695904	8.375423	2.8940325
10.04692960718833	8.394848	2.8973863
10.06452405413958	8.328447	2.885905
10.082118738974064	8.343248	2.8884683
10.099713662116246	8.298907	2.8807824
10.117308823990651	8.268385	2.87548
10.134904225021844	8.267136	2.8752627
10.152499865634445	8.26493	2.8748791
10.170095746253125	8.2766695	2.8769202
10.18769186730261	8.247367	2.8718228
10.205288229207675	8.13917	2.852923
10.222884832393145	8.157612	2.8561532
10.2404816772839	8.16053	2.8566642
10.258078764304868	8.160899	2.8567288
10.275676093881035	8.107446	2.8473577
10.293273666437438	8.0797615	2.842492
10.310871482399158	8.155671	2.8558135
10.32846954219134	8.151877	2.8551493
10.346067846239173	8.202083	2.8639278
10.363666394967908	8.178391	2.8597887
10.38126518880283	8.1736765	2.8589642
10.398864228169298	8.175043	2.8592033
10.416463513492713	8.186142	2.8611436
10.434063045198531	8.162815	2.857064
10.451662823712262	8.20508	2.8644512
10.469262849459467	8.239206	2.8704019
10.486863122865758	8.146557	2.8542173
10.504463644356806	8.087076	2.8437786
10.522064414358338	7.9744425	2.8239055
10.539665433296118	7.94451	2.8186007
10.557266701595987	7.8598204	2.8035371
10.574868219683818	7.823108	2.796982
10.592469987985552	7.687101	2.7725623
10.610072006927185	7.5896554	2.7549329
10.627674276934751	7.484614	2.7358022
10.64527679843435	7.3318315	2.7077355
10.662879571852143	7.241038	2.6909177
10.680482597614331	7.1119313	2.6668205
10.698085876147173	7.019002	2.64934
10.715689407876988	6.8859453	2.6241086
10.733293193230146	6.8054013	2.6087165
10.750897232633072	6.705429	2.5894842
10.76850152651225	6.7546325	2.5989676
10.786106075294207	6.683931	2.58533
10.803710879405534	6.5637364	2.561979
10.821315939272877	6.3639374	2.5226846
10.83892125532294	6.2506857	2.500137
10.856526827982472	6.262846	2.5025678
10.874132657678285	6.314699	2.5129066
10.891738744837243	6.314551	2.512877
10.909345089886271	6.22666	2.4953275
10.926951693252343	6.150153	2.4799502
10.944558555362494	6.067842	2.463299
10.96216567664381	6.0564294	2.4609814
10.979773057523436	5.9680886	2.4429672
10.997380698428573	5.8761196	2.4240708
11.014988599786477	5.7795296	2.4040651
11.032596762024461	5.716624	2.3909461
11.050205185569892	5.6924605	2.3858879
11.067813870850198	5.6496506	2.3768992
11.085422818292859	5.600592	2.3665571
11.10303202832541	5.471294	2.3390796
11.120641501375454	5.472651	2.3393698
11.138251237870636	5.4123793	2.326452
11.155861238238671	5.395264	2.3227708
11.173471502907317	5.3401756	2.310882
11.191082032304402	5.2261615	2.28608
11.208692826857805	5.1405635	2.267281
11.226303886995465	5.014914	2.2394004
11.243915213145371	4.978605	2.2312787
11.261526805735578	4.915889	2.2171803
11.279138665194196	4.908563	2.2155278
11.296750791949393	4.8711386	2.2070656
11.314363186429393	4.853416	2.203047
11.331975849062479	4.816082	2.1945574
11.34958878027699	4.7457952	2.1784847
11.36720198050133	4.6588798	2.158444
11.384815450163948	4.6136603	2.1479433
11.402429189693366	4.575207	2.1389735
11.420043199518153	4.5161695	2.125128
11.437657480066942	63.430107	7.964302
11.455272031768422	85.126274	9.22639
11.472886855051353	107.559555	10.371092
11.490501950344528	99.17739	9.958785
11.508117318076819	84.54216	9.194681
11.52573295867715	45.92328	6.776672
11.543348872574514	4.2369356	2.0583818
11.560965060197946	4.1907125	2.047123
11.57858152197655	4.171172	2.0423448
11.59619825833949	4.0845838	2.0210354
11.613815269715985	4.039978	2.0099697
11.631432556535323	38.57803	6.2111216
11.649050119226837	83.106964	9.1163025
11.666667958219929	93.4854	9.668785
11.68428607394406	107.72001	10.378825
11.701904466828756	82.54848	9.085619
11.719523137303586	65.410385	8.087668
11.737142085798196	4.6209474	2.149639
11.754761312742286	3.7306392	1.9314862
11.772380818565619	3.668103	1.9152292
11.790000603698015	3.6680734	1.9152215
11.80762066856935	3.6373816	1.9071921
11.825241013609572	3.6507666	1.9106979
11.842861639248683	3.5998998	1.8973402
11.860482545916748	3.5623336	1.8874146
11.878103734043883	3.469687	1.8627095
11.895725204060282	3.4197917	1.8492678
11.91334695639619	3.4028668	1.8446862
11.930968991481919	3.4015198	1.8443209
11.948591309747824	3.369028	1.8354912
11.966213911624347	3.325734	1.8236595
11.98383679754198	3.297205	1.8158207
12.001459967931268	3.2790523	1.8108153
12.019083423222835	3.2718859	1.8088355
12.036707163847352	3.304191	1.8177434
12.05433119023556	3.2795734	1.8109592
12.071955502818259	3.2583234	1.8050827
12.089580102026313	3.1935568	1.7870525
12.107204988290643	3.1872804	1.7852956
12.12483016204224	3.215187	1.7930943
12.142455623712152	3.2025263	1.7895603
12.16008137373149	3.194871	1.7874202
12.177707412531431	3.1547785	1.7761697
12.19533374054321	3.1036954	1.7617308
12.212960358198126	3.0550401	1.7478673
12.230587265927545	3.0477707	1.7457865
12.248214464162889	3.0573816	1.748537
12.265841953335649	3.051345	1.74681
12.283469733877375	3.008843	1.7346016
12.301097806219685	3.0134463	1.735928
12.31872617079425	3.022422	1.7385114
12.336354828032825	2.9911056	1.7294813
12.353983778367205	2.9752932	1.7249038
12.371613022229262	2.9431567	1.715563
12.389242560050928	2.9277213	1.7110585
12.406872392264201	2.910438	1.7060006
12.424502519301143	2.9115994	1.7063409
12.442132941593874	2.8738015	1.695229
12.459763659574586	2.8528872	1.6890492
12.477394673675532	2.8529189	1.6890585
12.49502598432903	2.8683352	1.693616
12.51265759196746	2.8583648	1.6906699
12.530289497023267	2.8492403	1.6879693
12.547921699928967	2.8221297	1.6799196
12.565554201117134	2.852314	1.6888795
12.583187001020404	2.852652	1.6889796
12.600820100071486	2.8248668	1.680734
12.618453498703152	2.7819672	1.667923
12.636087197348235	2.736053	1.6541018
12.65372119643964	2.7554486	1.6599544
12.671355496410326	2.800803	1.6735599
12.68899009769333	2.8396487	1.6851257
12.706625000721749	2.8949833	1.701465
12.724260205928752	2.9554913	1.7191542
12.741895713747551	2.9650357	1.7219279
12.759531524611454	3.0031207	1.7329514
12.777167638953818	2.9875488	1.7284527
12.794804057208072	3.009887	1.7349026
12.812440779807702	3.0429144	1.7443951
12.830077807186271	3.2638834	1.806622
12.847715139777405	3.3634443	1.8339696
12.865352778014795	3.591349	1.8950855
12.882990722332197	3.6674066	1.9150474
12.90062897316344	3.6965344	1.9226373
12.918267530942412	3.7068796	1.9253259
12.935906396103071	3.574315	1.8905859
12.953545569079449	3.7492018	1.9362856
12.971185050305628	3.608515	1.8996092
12.988824840215775	3.6416423	1.9083087
13.006464939244115	3.6660986	1.9147059
13.024105347824943	3.5185962	1.8757921
13.041746066392617	3.6266003	1.9043635
13.05938709538157	3.3917944	1.8416826
13.077028435226296	3.380068	1.8384961
13.094670086361363	3.285867	1.8126961
13.112312049221401	3.1859055	1.7849104
13.129954324241112	3.0636199	1.75032
13.147596911855258	2.832707	1.6830647
13.165239812498685	2.8167377	1.678314
13.182883026606293	2.753133	1.6592568
13.200526554613058	2.7505577	1.6584805
13.218170396954017	2.7352622	1.6538628
13.235814554064284	2.7430837	1.6562258
13.253459026379034	2.7467988	1.6573468
13.271103814333523	2.7366748	1.6542898
13.288748918363058	2.746798	1.6573467
13.306394338903031	2.7302113	1.652335
13.32404007638889	2.7457683	1.657036
13.341686131256164	2.7650054	1.6628305
13.359332503940449	2.733524	1.6533372
13.376979194877402	2.7094898	1.6460528
13.394626204502751	2.7181492	1.648681
13.412273533252307	2.7401369	1.6553359
13.429921181561937	2.7439823	1.656497
13.447569149867581	2.7446642	1.6567028
13.465217438605247	2.7356858	1.6539909
13.482866048211022	2.7280805	1.6516902
13.500514979121052	2.7271845	1.6514189
13.518164231771568	2.7159	1.6479988
13.535813806598844	2.6914763	1.640572
13.553463704039254	2.6959875	1.6419462
13.571113924529229	2.6706312	1.6342065
13.588764468505275	2.7004054	1.643291
13.606415336403956	2.734327	1.6535801
13.624066528661917	2.7873325	1.6695306
13.641718045715882	2.852975	1.6890751
13.659369888002635	2.9353693	1.7132919
13.67702205595903	3.0294092	1.7405198
13.694674550021993	3.0370193	1.7427046
13.712327370628532	3.051659	1.7468998
13.729980518215713	3.1092954	1.7633194
13.747633993220681	3.196581	1.7878984
13.765287796080647	3.248459	1.8023483
13.7829419272329	3.2969182	1.8157418
13.800596387114801	3.3258388	1.8236883
13.818251176163775	3.3752651	1.8371894
13.835906294817324	3.440948	1.8549793
13.853561743513023	3.4629736	1.8609066
13.871217522688525	3.459075	1.8598589
13.888873632781538	3.4792826	1.8652835
13.906530074229858	3.509691	1.8734169
13.92418684747135	3.516078	1.8751208
13.941843952943948	3.4928682	1.8689216
13.959501391085665	3.4966757	1.86994
13.977159162334578	3.4729233	1.8635781
13.994817267128846	3.3984203	1.8434805
14.012475705906693	3.2712407	1.8086572
14.030134479106424	3.1689808	1.7801632
14.047793587166414	3.1147156	1.7648556
14.065453030525108	3.1257427	1.767977
14.083112809621026	3.099279	1.760477
14.100772924892766	3.0503561	1.7465268
14.118433376778997	2.9187932	1.7084476
14.136094165718458	2.8004763	1.6734624
14.153755292149969	2.7421377	1.6559402
14.171416756512416	2.7174456	1.6484677
14.189078559244768	2.6499195	1.6278573
14.20674070078606	2.5977063	1.6117401
14.224403181575408	2.5430954	1.5947086
14.242066002051999	2.5467255	1.5958463
14.259729162655093	2.5234394	1.5885338
14.277392663824022	2.5020602	1.5817902
14.295056505998208	2.4759011	1.5734997
14.312720689617128	2.4624803	1.5692292
14.330385215120348	2.447574	1.5644724
14.348050082947497	2.4559317	1.5671413
14.3657152935383	2.456142	1.5672083
14.383380847332528	2.4525545	1.5660634
14.401046744770051	2.4207566	1.555878
14.418712986290798	2.4001882	1.5492541
14.436379572334793	2.389503	1.5458018
14.454046503342123	2.3926995	1.5468353
14.471713779752946	2.4211402	1.5560013
14.489381402007504	2.42015	1.5556831
14.507049370546113	2.3904507	1.5461082
14.524717685809168	2.3806565	1.5429376
14.542386348237134	2.391549	1.5464634
14.560055358270553	2.4163043	1.5544467
14.577724716350051	2.4474752	1.5644408
14.595394422916325	2.4288235	1.5584683
14.61306447841015	2.4342868	1.5602201
14.63073488327237	2.4374964	1.5612483
14.648405637943917	2.4648807	1.5699939
14.6660767428658	2.461697	1.5689796
14.683748198479094	2.5295782	1.5904648
14.701420005224954	2.6026313	1.6132673
14.719092163544628	2.6458898	1.6266191
14.73676467387942	2.649261	1.627655
14.754437536670727	2.6329699	1.6226429
14.772110752360014	2.6363232	1.6236758
14.78978432138882	2.6458294	1.6266006
14.807458244198777	2.6821084	1.6377144
14.82513252123159	2.6854763	1.6387423
14.842807152929028	2.71043	1.6463383
14.860482139732962	2.722314	1.6499436
14.87815748208531	2.7226996	1.6500605
14.8958331804281	2.702259	1.643855
14.91350923520342	2.6488624	1.6275326
14.931185646853438	2.6399856	1.6248032
14.948862415820408	2.6051497	1.6140476
14.966539542546656	2.6196682	1.618539
14.98421702747459	2.6164663	1.6175494
15.001894871046696	2.6494372	1.6277092
15.019573073705542	2.6742895	1.6353256
15.037251635893766	2.6643012	1.6322687
15.054930558054092	2.686505	1.6390562
15.072609840629323	2.7523484	1.6590203
15.090289484062351	2.9204879	1.7089435
15.107969488796124	3.1954362	1.7875783
15.125649855273691	3.552957	1.884929
15.14333058393817	4.0693336	2.017259
15.161011675232768	5.016559	2.2397676
15.17869312960076	6.3665195	2.5231962
15.196374947485506	8.299903	2.8809552
15.214057129330447	11.494552	3.3903615
15.231739675579114	16.221584	4.0276027
15.249422586675102	21.084469	4.5917826
15.267105863062092	24.031965	4.9022408
15.284789505183847	24.173347	4.91664
15.302473513484218	21.997517	4.690151
15.320157888407127	18.469444	4.2976093
15.337842630396578	14.4302025	3.7987106
15.355527739896656	11.311312	3.3632293
15.37321321735153	8.85222	2.975268
15.39089906320545	6.476099	2.5448182
15.408585277902748	4.895125	2.212493
15.42627186188783	3.7740324	1.9426869
15.443958815605198	3.2437265	1.8010348
15.461646139499424	2.9345922	1.7130651
15.479333834015168	2.7989247	1.6729987
15.497021899597165	2.7205517	1.6494095
15.514710336690234	2.6579728	1.630329
15.53239914573928	2.616758	1.6176397
15.550088327189297	2.596626	1.611405
15.567777881485336	2.5757277	1.6049074
15.58546780907256	2.5166705	1.5864017
15.6031581103962	2.5129008	1.5852132
15.620848785901568	2.5309038	1.5908815
15.638539836034063	2.523404	1.5885226
15.656231261239173	2.4782662	1.574251
15.673923061962451	2.4414303	1.5625077
15.691615238649552	2.424877	1.5572016
15.709307791746202	2.4269686	1.5578731
15.727000721698221	2.4355545	1.5606263
15.744694028951498	2.4106743	1.5526346
15.76238771395202	2.3880844	1.5453428
15.780081777145844	2.349358	1.5327616
15.797776218979125	2.342355	1.5304754
15.815471039898094	2.336353	1.5285133
15.833166240349064	2.340003	1.5297068
15.850861820778437	2.34277	1.530611
15.868557781632699	2.353526	1.5341207
15.886254123358412	2.3652706	1.5379436
15.903950846402232	2.3471684	1.5320472
15.921647951210897	2.3560226	1.534934
15.939345438231225	2.3677645	1.5387542
15.957043307910133	2.415292	1.554121
15.974741560694602	2.3871803	1.5450503
15.992440197031714	2.3792393	1.5424783
16.01013921736862	2.3898404	1.5459108
16.02783862215259	2.421394	1.556083
16.045538411830933	2.4303746	1.5589659
16.06323858685107	2.3982227	1.5486196
16.080939147660512	2.3942819	1.5473467
16.09864009470684	2.3945515	1.5474339
16.11634142843774	2.4003227	1.5492975
16.134043149300954	2.4038422	1.5504329
16.15174525774433	2.4206183	1.5558336
16.169447754215817	2.442322	1.562793
16.18715063916342	2.4590197	1.5681262
16.204853913035244	2.451389	1.5656912
16.222557576279478	2.4682634	1.5710708
16.240261629344403	22.456944	4.738876
16.257966072678386	43.006718	6.5579505
16.275670906729868	38.12449	6.1745033
16.293376131947387	2.5281835	1.5900263
16.31108174877957	2.5619547	1.6006107
16.328787757675133	2.5820315	1.60687
16.34649415908287	2.6217315	1.6191761
16.364200953451657	2.681096	1.6374053
16.38190814123048	2.7070258	1.6453042
16.39961572286839	2.7478662	1.657669
16.41732369881455	2.7334514	1.6533153
16.43503206951817	2.7171483	1.6483774
16.45274083542859	2.7040594	1.6444024
16.47044999699522	2.738231	1.6547601
16.488159554667558	2.8003132	1.6734136
16.505869508895184	2.8620925	1.691772
16.523579860127786	2.9216044	1.7092701
16.541290608815117	2.997961	1.7314621
16.559001755407035	3.054745	1.7477828
16.57671330035348	3.0597491	1.7492138
16.59442524410448	3.0753615	1.7536708
16.61213758711015	3.168651	1.7800705
16.629850329820705	3.2659576	1.807196
16.647563472686436	3.307105	1.8185447
16.665277016157724	3.3311956	1.8251563
16.682990960685053	3.3811414	1.838788
16.70070530671898	3.4578538	1.8595306
16.718420054710155	3.5436828	1.8824673
16.736135205109335	3.5898058	1.8946784
16.753850758367335	3.6372402	1.907155
16.771566714935087	3.6537125	1.9114686
16.789283075263597	3.7061117	1.9251264
16.80699983980398	3.7891145	1.9465648
16.82471700900741	3.9008229	1.9750501
16.84243458332518	3.966229	1.9915394
16.860152563208665	3.9842849	1.9960674
16.87787094910932	4.0327287	2.0081656
16.89558974147871	4.130269	2.0323064
16.913308940768466	4.224081	2.0552568
16.931028547430333	4.2952433	2.072497
16.94874856191613	4.357037	2.0873518
16.966468984677785	4.3984175	2.0972404
16.98418981616729	4.444036	2.1080883
17.00191105683676	4.5353036	2.1296253
17.019632707138374	4.5897303	2.1423657
17.03735476752442	4.6373196	2.1534436
17.05507723844728	4.6469107	2.1556695
17.072800120359403	4.6218925	2.1498587
17.090523413713353	4.634271	2.1527357
17.108247118961785	4.6417193	2.154465
17.125971236557437	4.633419	2.1525378
17.143695766953133	4.6549563	2.1575348
17.161420710601806	4.681261	2.1636221
17.179146067956477	4.66801	2.1605577
17.19687183947025	4.704148	2.1689048
17.21459802559634	4.707733	2.1697311
17.232324626788028	4.7162476	2.1716924
17.25005164349871	4.6803136	2.1634033
17.267779076181863	4.6635156	2.1595175
17.285506925291074	4.631832	2.1521692
17.30323519127999	4.645797	2.155411
17.320963874602384	4.5975204	2.144183
17.33869297571211	4.5541234	2.1340392
17.356422495063114	4.497076	2.120631
17.37415243310944	4.5075254	2.1230934
17.391882790305218	4.465668	2.1132128
17.40961356710468	4.4513845	2.1098304
17.42734476396215	4.4956503	2.1202948
17.445076381332044	4.57402	2.138696
17.462808419668868	4.6197686	2.1493647
17.48054087942723	4.683328	2.1641
17.498273761061835	4.914275	2.2168164
17.51600706502747	5.4226475	2.3286579
17.533740791779024	6.2150083	2.492992
17.551474941771485	7.6691594	2.7693248
17.56920951545993	8.72305	2.953481
17.586944513299528	10.880985	3.2986338
17.60467993574556	12.574953	3.546118
17.622415783253373	14.242695	3.7739494
17.64015205627843	15.6207695	3.952312
17.657888755276293	16.648663	4.0802774
17.675625880702604	17.133839	4.139304
17.69336343301311	16.923162	4.113777
17.71110141266366	16.107649	4.0134335
17.728839820110178	15.107461	3.8868318
17.746578655808705	14.302762	3.7818992
17.764317920215372	12.915003	3.593745
17.7820576137864	11.482496	3.3885832
17.79979773697811	9.459514	3.0756323
17.81753829024692	7.5379496	2.7455328
17.835279274049356	5.845616	2.4177709
17.85302068884201	4.8388095	2.1997294
17.870762535081607	4.261903	2.0644376
17.888504813224934	3.9528186	1.9881697
17.90624752372891	3.7563107	1.9381204
17.923990667050536	3.6187472	1.9023005
17.941734243646895	3.52671	1.8779536
17.959478253975185	3.4863179	1.8671684
17.9772226984927	3.486227	1.8671441
17.994967577656833	3.4876807	1.8675333
18.01271289192506	3.4754634	1.8642595
18.030458641754965	3.4091132	1.8463784
18.04820482760425	3.3311417	1.8251415
18.06595144993067	3.2776248	1.8104212
18.083698509192125	3.2818031	1.8115748
18.101446005846576	3.2800124	1.8110805
18.119193940352105	3.2737422	1.8093486
18.136942313166887	3.2093735	1.7914724
18.1546911247492	3.1651716	1.7790929
18.1724403755574	3.1658905	1.779295
18.19019006604997	3.1377854	1.7713795
18.207940196685467	3.0890653	1.7575737
18.225690767922575	3.0591764	1.7490501
18.243441780220046	3.086981	1.7569807
18.261193234036764	3.096917	1.7598059
18.278945129831676	3.0940413	1.7589887
18.29669746806386	3.0809824	1.7552727
18.314450249192483	3.061219	1.7496339
18.3322034736768	3.0696478	1.752041
18.349957141976184	3.0541387	1.7476094
18.3677112545501	3.0587204	1.7489197
18.385465811858108	3.06249	1.7499971
18.403220814359884	3.040141	1.7436
18.420976262515172	3.0459056	1.7452523
18.43873215678387	3.103877	1.7617824
18.456488497625923	3.1739938	1.7815706
18.474245285501407	3.2550828	1.8041848
18.492002520870486	3.3280792	1.8243024
18.50976020419343	3.3924694	1.8418658
18.527518335930615	3.7115982	1.9265509
18.545276916542516	4.3069596	2.0753217
18.563035946489688	4.4876018	2.118396
18.580795426232832	4.910774	2.2160268
18.598555356232698	4.792655	2.1892133
18.616315736950185	5.10261	2.2588959
18.63407656884626	4.7507234	2.1796155
18.65183785238201	5.0012217	2.2363412
18.669599588018617	4.7431493	2.1778772
18.68736177621737	4.7075105	2.1696799
18.705124417439652	4.6721044	2.1615052
18.72288751214696	4.5167007	2.1252532
18.740651060800886	4.699664	2.1678708
18.758415063863115	4.4019494	2.0980823
18.77617952179546	4.532706	2.1290152
18.793944435059814	4.2139425	2.052789
18.811709804118184	4.191278	2.047261
18.829475629432675	4.1882734	2.0465271
18.8472419114655	4.040643	2.0101352
18.86500865067897	4.200065	2.049406
18.88277584753551	3.8871315	1.971581
18.90054350249763	3.9369907	1.9841851
18.918311616027957	3.5619063	1.8873013
18.936080188589226	3.439369	1.8545536
18.953849220644265	3.1043954	1.7619294
18.971618712656007	2.8929443	1.7008657
18.9893886650875	2.8326433	1.6830459
19.007159078401887	8.037366	2.8350248
19.024929953062408	32.937923	5.739157
19.042701289532435	32.90202	5.736028
19.060473088275405	25.434526	5.0432653
19.07824534975489	2.7124426	1.6469495
19.096018074434568	2.6698575	1.6339699
19.113791262778197	2.6547682	1.6293459
19.13156491524966	2.6291761	1.6214734
19.149339032312945	2.5824215	1.6069914
19.167113614432136	2.5844698	1.6076286
19.184888662071433	2.5863526	1.6082141
19.202664175695123	2.589172	1.6090904
19.220440155767623	2.5766418	1.6051922
19.238216602753447	2.5834851	1.6073223
19.2559935171172	2.57098	1.6034276
19.27377089932361	2.5817432	1.6067804
19.291548749837514	2.5540876	1.5981513
19.309327069123835	2.5338724	1.5918142
19.32710585764763	2.550706	1.597093
19.344885115874032	2.5296175	1.5904771
19.362664844268313	2.498125	1.5805458
19.380445043295822	2.479306	1.5745813
19.39822571342203	2.5386817	1.5933241
19.41600685511252	2.5825155	1.6070207
19.43378846883297	2.5965416	1.6113788
19.451570555049173	2.5334482	1.5916809
19.469353114227037	2.4764113	1.5736618
19.48713614683254	2.4442613	1.5634134
19.50491965333182	2.4732857	1.5726683
19.52270363419109	2.5093794	1.584102
19.540488089876686	2.4984784	1.5806576
19.55827302085503	2.4997053	1.5810456
19.576058427592674	2.4997988	1.5810752
19.593844310556282	2.5055687	1.5828989
19.611630670212598	2.5113127	1.5847121
19.629417507028506	2.5184383	1.5869589
19.64720482147098	2.5379174	1.5930842
19.6649926140071	2.5126722	1.5851411
19.682780885104084	2.5193284	1.5872393
19.70056963522921	2.535435	1.592305
19.718358864849908	2.5626113	1.6008159
19.7361485744337	2.519103	1.5871682
19.753938764448215	2.481595	1.575308
19.771729435361202	2.4659717	1.5703412
19.789520587640506	2.4894524	1.5777998
19.807312221754092	2.5086973	1.5838867
19.825104338170043	2.5507894	1.5971191
19.842896937356517	2.5204725	1.5875996
19.860690019781824	2.5026262	1.5819691
19.87848358591436	2.460917	1.5687311
19.896277636222635	2.4918063	1.5785456
19.914072171175278	2.511903	1.5848985
19.931867191241015	2.5385025	1.5932678
19.94966269688869	2.5120547	1.5849463
19.967458688587264	2.4792411	1.5745606
19.985255166805807	2.4653761	1.5701517
20.00305213201348	2.4890156	1.5776614
20.020849584679578	2.487435	1.5771605
20.038647525273507	2.4537325	1.5664394
20.05644595426477	2.4707093	1.571849
20.07424487212299	2.4648955	1.5699986
20.092044279317903	2.4475503	1.5644648
20.109844176319353	2.4437973	1.563265
20.127644563597304	2.436053	1.560786
20.145445441621817	2.4428875	1.562974
20.16324681086307	2.374073	1.5408027
20.181048671791373	2.352265	1.5337095
20.198851024877122	2.368781	1.5390846
20.216653870590836	2.397864	1.5485039
20.234457209403146	2.43503	1.5604583
20.252261041784802	2.4226096	1.5564735
20.270065368206662	2.4063232	1.5512328
20.287870189139685	2.3954453	1.5477226
20.305675505054968	2.3783143	1.5421784
20.323481316423702	2.3451245	1.5313799
20.341287623717207	2.2821238	1.51067
20.359094427406884	2.2973514	1.5157017
20.376901727964288	2.337655	1.5289392
20.39470952586107	2.42437	1.5570389
20.41251782156899	2.4007237	1.5494269
20.430326615559935	2.3498874	1.5329342
20.448135908305886	2.3361945	1.5284615
20.465945700278965	2.3692038	1.5392218
20.483755991951384	2.4072876	1.5515436
20.50156678379548	2.4265327	1.5577332
20.519378076283708	2.365029	1.5378652
20.537189869888635	2.3195264	1.5229992
20.55500216508294	2.308689	1.5194371
20.572814962339415	2.3683913	1.5389578
20.59062826213098	2.348656	1.5325326
20.60844206493066	2.3338618	1.5276982
20.626256371211593	2.3055124	1.5183914
20.644071181447032	2.2829566	1.5109456
20.66188649611036	2.2958856	1.515218
20.67970231567506	2.3296936	1.5263333
20.697518640614742	2.3300402	1.5264469
20.715335471403122	2.3259416	1.5251038
20.73315280851404	2.3462868	1.5317594
20.750970652421447	2.3709319	1.539783
20.768789003599412	2.3278291	1.5257225
20.786607862522136	2.2941701	1.5146518
20.8044272296639	2.2885892	1.5128084
20.82224710549913	2.2582574	1.5027499
20.84006749050237	2.237457	1.4958131
20.857888385148268	3.8168538	1.9536769
20.8757097899116	45.94261	6.778098
20.893531705267254	64.791565	8.049321
20.911354131690224	83.79813	9.154132
20.92917706965566	69.06085	8.310286
20.94700051963877	50.119057	7.0794816
20.96482448211493	29.390623	5.421312
20.982648957559622	4.157326	2.0389524
21.00047394644843	2.279065	1.5096573
21.01829944925707	2.252064	1.5006878
21.036125466461375	2.2432203	1.4977384
21.053951998537297	2.2583547	1.5027823
21.071779045960906	2.2754624	1.5084636
21.089606609208378	2.2446165	1.4982045
21.10743468875603	2.2539651	1.5013211
21.12526328508028	2.2340422	1.4946712
21.143092398657675	2.2329872	1.4943182
21.16092202996488	2.228575	1.4928412
21.17875217947867	2.2364922	1.4954906
21.19658284767596	2.2205737	1.4901589
21.21441403503377	2.1938622	1.4811692
21.232245742029225	2.167308	1.472178
21.2500779691396	2.1572087	1.4687439
21.26791071684227	2.1667035	1.4719726
21.28574398561475	2.1662586	1.4718215
21.30357777593465	2.1765373	1.4753093
21.321412088279704	2.1550264	1.4680009
21.339246923127792	2.1539516	1.4676347
21.357082280956888	2.1626709	1.4706022
21.3749181622451	2.2045996	1.4847894
21.392754567470647	2.2174802	1.4891206
21.41059149711187	2.1780658	1.4758271
21.42842895164726	2.1329086	1.460448
21.446266931555378	2.111733	1.4531803
21.464105437314945	2.0902739	1.4457779
21.481944469404798	2.130467	1.4596119
21.49978402830388	2.136157	1.4615598
21.51762411449127	2.1420481	1.4635737
21.53546472844617	2.1394923	1.4627004
21.553305870647876	2.1372693	1.4619403
21.571147541575865	2.0882685	1.4450842
21.58898974170967	2.0361068	1.4269222
21.60683247152899	2.0256789	1.4232634
21.62467573151363	2.0576062	1.4344358
21.642519522143523	2.0655897	1.4372159
21.660363843898722	2.064127	1.436707
21.6782086972594	2.0481963	1.4311521
21.696054082705864	2.0232465	1.4224087
21.713900000718535	2.0098338	1.4176861
21.73174645177795	2.0561047	1.4339124
21.749593436364794	2.0712488	1.4391834
21.767440954959845	2.0411158	1.4286762
21.785289008044032	1.9970566	1.4131725
21.803137596098388	2.018714	1.4208145
21.820986719604086	2.054019	1.4331849
21.838836379042412	2.0616624	1.4358491
21.85668657489478	2.0186527	1.4207929
21.87453730764273	2.0212376	1.4217024
21.892388577767914	2.0353913	1.4266714
21.91024038575213	2.0229473	1.4223036
21.928092732077285	2.0051384	1.4160291
21.945945617225426	2.0202649	1.4213603
21.963799041678694	2.0406353	1.428508
21.981653005919398	31.35012	5.5991178
21.999507510429943	78.12319	8.838733
22.01736255569286	73.067055	8.547927
22.035218142190818	4.171738	2.0424833
22.05307427040661	2.0075135	1.4168675
22.07093094082315	2.0003774	1.414347
22.088788153923474	1.9759215	1.4056747
22.106645910190746	1.9626124	1.4009327
22.12450421010827	1.9583611	1.3994145
22.142363054159464	1.9824452	1.4079933
22.16022244282787	2.0127263	1.4187058
22.178082376597164	2.026201	1.4234469
22.195942855951145	1.9998521	1.4141612
22.213803881373742	1.9614539	1.4005191
22.231665453349002	1.9429047	1.3938812
22.24952757236111	1.9556167	1.3984337
22.26739023889438	1.9765768	1.4059079
22.28525345343323	1.9856337	1.4091252
22.30311721646225	1.9909589	1.4110135
22.320981528466113	1.97486	1.4052972
22.33884638992964	1.9687085	1.4031067
22.356711801337788	1.9956455	1.4126732
22.37457776317561	2.0509298	1.4321067
22.392444275928337	2.0380757	1.4276118
22.410311340081282	1.9878881	1.4099249
22.428178956119904	1.9393524	1.3926064
22.446047124529805	1.9558337	1.3985113
22.46391584579669	1.9825213	1.4080204
22.481785120406414	2.0045567	1.4158237
22.49965494884496	1.992956	1.411721
22.51752533159841	1.9690118	1.4032148
22.53539626915302	1.9280072	1.388527
22.553267761995137	1.9066031	1.380798
22.571139810611264	1.8786414	1.3706354
22.589012415488025	1.9118562	1.3826989
22.60688557711216	1.9824003	1.4079773
22.624759295970566	1.9708755	1.4038787
22.642633572550263	1.9821233	1.407879
22.660508407338362	1.9672036	1.4025704
22.67838380082217	1.9716583	1.4041575
22.696259753489077	1.9584718	1.3994541
22.714136265826614	1.9607936	1.4002835
22.73201333832246	1.9211018	1.3860382
22.74989097146439	1.9019386	1.3791078
22.76776916574035	1.9087136	1.381562
22.785647921638393	1.8987584	1.3779545
22.803527239646712	1.8887386	1.3743138
22.82140712025363	1.8905474	1.3749717
22.839287563947593	1.9181029	1.3849559
22.85716857121719	1.9245012	1.3872639
22.875050142551135	1.9283268	1.3886421
22.892932278438277	1.908574	1.3815114
22.910814979367604	1.9151002	1.3838714
22.928698245828222	1.9106114	1.3822486
22.946582078309387	1.9248979	1.387407
22.96446647730047	1.8949908	1.3765867
22.98235144329098	1.8975698	1.3775231
23.000236976770562	1.8887348	1.3743125
23.018123078229	1.9523497	1.3972651
23.03600974815619	1.9614296	1.4005104
23.053896987042194	1.9401271	1.3928845
23.071784795377173	1.944194	1.3943436
23.08967317365145	1.9526435	1.3973702
23.10756212235546	1.9446659	1.3945128
23.125451641979787	1.9136794	1.383358
23.143341733015134	1.8830885	1.3722568
23.161232395952357	1.8627146	1.3648131
23.179123631282426	1.8842767	1.3726896
23.197015439496468	1.909481	1.3818398
23.214907821085717	1.892384	1.3756396
23.23280077654157	1.8862659	1.3734139
23.250694306355538	1.882838	1.3721654
23.268588411019277	1.895017	1.3765962
23.28648309102458	1.9020972	1.3791654
23.304378346863356	1.9134766	1.3832847
23.322274179027676	1.949593	1.3962783
23.340170588009723	1.9522418	1.3972265
23.358067574301852	2.002651	1.4151505
23.37596513839651	2.0052578	1.4160713
23.39386328078629	1.9981307	1.4135525
23.411762001963947	1.9248701	1.3873969
23.429661302422353	1.8823327	1.3719813
23.4475611826545	1.8545665	1.3618246
23.46546164315356	1.870923	1.3678169
23.48336268441279	1.8577262	1.3629843
23.501264306925638	1.8575315	1.3629129
23.51916651118564	1.8349335	1.3545972
23.537069297686497	1.8666687	1.3662609
23.554972666922037	1.9240413	1.3870982
23.57287661938623	1.9615989	1.4005709
23.59078115557318	1.9615331	1.4005474
23.608686275977128	1.9499271	1.396398
23.62659198109246	1.9029362	1.3794695
23.6444982714137	1.8858355	1.3732573
23.66240514743549	1.8993361	1.378164
23.68031260965263	1.972117	1.4043208
23.698220658560068	1.9916435	1.4112561
23.716129294652845	1.9992583	1.4139513
23.7340385184262	1.9729507	1.4046177
23.75194833037546	1.9343089	1.3907943
23.769858730996123	1.9128295	1.3830508
23.78776972078382	1.8884685	1.3742156
23.80568130023431	1.8954883	1.3767673
23.823593469843495	1.8968359	1.3772566
23.841506230107424	1.8984452	1.3778408
23.859419581522275	1.9054992	1.3803982
23.87733352458438	1.927357	1.3882928
23.89524805979019	1.8873425	1.3738059
23.913163187636318	1.9080896	1.3813362
23.931078908619508	1.9010822	1.3787974
23.948995223236633	1.9327214	1.3902235
23.966912131984735	1.9707156	1.4038218
23.98482963536096	2.051671	1.4323655
24.002747733862616	2.0339537	1.4261675
24.020666427987155	2.0566761	1.4341116
24.038585718232156	2.092763	1.4466385
24.056505605095353	2.1332562	1.4605671
24.074426089074617	2.1225433	1.4568951
24.092347170667946	2.114728	1.4542104
24.110268850373515	2.1243749	1.4575236
24.128191128689586	2.154933	1.467969
24.146114006114626	2.1169326	1.4549682
24.164037483147187	2.0714447	1.4392514
24.181961560286005	2.033219	1.4259099
24.199886238029926	2.0282733	1.4241747
24.21781151687797	2.0396652	1.4281685
24.235737397329274	2.051808	1.4324133
24.253663879883135	2.0823503	1.4430351
24.271590965038975	2.0780318	1.441538
24.289518653296376	2.0663445	1.4374785
24.30744694515505	2.0690467	1.4384181
24.32537584111486	2.0663888	1.4374939
24.34330534167581	2.0534058	1.432971
24.361235447338046	2.0464857	1.4305543
24.379166158601876	2.0286107	1.424293
24.39709747596772	2.021387	1.421755
24.41502939993615	1.9743303	1.4051087
24.432961931007917	1.9370623	1.3917838
24.450895069683856	1.9394991	1.3926591
24.468828816465	1.9761633	1.4057608
24.4867631718525	1.992182	1.4114468
24.504698136347656	1.9990853	1.4138901
24.52263371045192	1.9871507	1.4096633
24.540569894666874	1.9539253	1.3978288
24.558506689494266	1.9259198	1.3877751
24.57644409543597	1.9100406	1.3820422
24.594382112994012	1.9652812	1.4018849
24.61232074267057	1.989784	1.4105971
24.630259984967953	1.9893836	1.4104551
24.64819984038863	1.9462389	1.3950766
24.66614030943522	1.9480062	1.3957099
24.684081392610462	1.9788871	1.4067292
24.702023090417274	1.9568851	1.398887
24.7199654033587	1.9536557	1.3977324
24.737908331937927	1.990138	1.4107225
24.755851876658305	2.0389597	1.4279215
24.773796038023324	2.0547822	1.4334512
24.79174081653661	2.0289943	1.4244277
24.809686212701962	2.0356343	1.4267565
24.827632227023294	2.0447357	1.4299425
24.8455788600047	2.0811086	1.4426048
24.8635261121504	2.08655	1.4444895
24.88147398396475	2.0709872	1.4390925
24.899422475952303	2.062338	1.4360843
24.917371588617698	2.0851672	1.4440107
24.935321322465768	2.197182	1.4822894
24.953271678001478	2.2924178	1.5140733
24.97122265572994	2.4639418	1.5696948
24.989174256156414	2.7747865	1.665769
25.00712647978632	3.2272103	1.7964438
25.02507932712521	3.8047607	1.9505795
25.043032798678798	4.2741323	2.0673974
25.060986894952933	4.9682794	2.2289639
25.078941616453637	5.765456	2.4011364
25.096896963687055	6.7670794	2.601361
25.114852937159508	7.831465	2.7984755
25.132809537377444	8.182439	2.8604963
25.150766764847468	8.238415	2.8702638
25.168724620076347	7.736115	2.7813873
25.186683103570985	6.753212	2.5986943
25.204642215838426	5.584621	2.3631802
25.222601957385894	4.2189198	2.0540009
25.24056232872074	3.2540345	1.8038943
25.25852333035048	2.653916	1.6290843
25.276484962782778	2.2873445	1.5123969
25.294447226525435	2.0608897	1.4355799
25.312410122086423	1.9753678	1.4054778
25.330373649973843	1.9314291	1.3897587
25.348337810695988	1.9289492	1.3888662
25.366302604761245	1.8921245	1.3755451
25.384268032678207	1.8791292	1.3708134
25.40223409495558	1.8533418	1.361375
25.420200792102257	1.8454273	1.3584651
25.438168124627246	1.8537356	1.3615196
25.45613609303974	1.8801725	1.3711938
25.474104697849057	1.8450413	1.358323
25.492073939564698	1.8475786	1.3592566
25.510043818696285	1.8601809	1.3638844
25.528014335753614	1.8727705	1.3684921
25.54598549124664	1.8738598	1.3688899
25.56395728568544	1.9208909	1.3859621
25.58192971958028	1.9443939	1.3944153
25.59990279344156	1.9433271	1.3940327
25.617876507779833	1.9184821	1.3850929
25.635850863105826	1.9189434	1.3852593
25.653825859930386	1.9125195	1.3829387
25.671801498764548	1.8621402	1.3646026
25.68977778011949	1.8142393	1.346937
25.707754704506524	1.8552748	1.3620847
25.725732272437153	1.8971667	1.3773768
25.743710484423012	1.8875936	1.3738972
25.761689340975888	1.8647426	1.3655558
25.77966884260774	1.8810804	1.3715248
25.797648989830662	1.9119078	1.3827175
25.815629783156922	1.9081099	1.3813435
25.83361122309895	1.8546404	1.3618518
25.85159331016929	1.7769846	1.3330358
25.869576044880695	1.7658188	1.3288412
25.887559427746034	1.7904612	1.3380811
25.90554345927836	1.798986	1.3412628
25.92352813999086	1.8156862	1.347474
25.94151347039689	1.8636662	1.3651615
25.959499451009965	1.8777009	1.3702923
25.97748608234374	1.8544506	1.3617822
25.995473364912062	1.8237721	1.350471
26.013461299228904	1.8226005	1.3500372
26.03144988580839	1.849233	1.3598651
26.04943912516483	1.821573	1.3496566
26.067429017812675	1.8158886	1.3475491
26.085419564266537	1.8639756	1.3652749
26.103410765041186	1.9008343	1.3787075
26.12140262065155	1.9045743	1.3800632
26.139395131612723	1.9203507	1.3857672
26.157388298439948	1.9366602	1.3916394
26.17538212164861	1.9031122	1.3795333
26.193376601754295	1.8564655	1.3625218
26.211371739272714	1.8327204	1.35378
26.229367534719746	1.8607453	1.3640914
26.247363988611433	1.8420205	1.3572105
26.26536110146397	1.81668	1.3478427
26.283358873793727	1.810558	1.3455697
26.301357306117204	1.8311974	1.3532174
26.319356398951104	1.8591156	1.3634939
26.33735615281224	1.9186901	1.3851678
26.35535656821762	1.9534918	1.3976737
26.373357645684404	1.8999019	1.3783693
26.39135938572991	1.8754644	1.369476
26.409361788871614	1.8200094	1.3490772
26.427364855627165	1.780258	1.3342631
26.445368586514352	1.7799401	1.334144
26.46337298205115	1.7764744	1.3328445
26.48137804275568	1.8072679	1.3443466
26.499383769146217	1.852888	1.3612083
26.517390161741215	1.8432198	1.3576523
26.53539722105928	1.814795	1.3471433
26.553404947619182	1.7783865	1.3335615
26.571413341939856	1.7944479	1.33957
26.589422404540397	1.8227748	1.3501017
26.60743213594006	1.8192115	1.3487815
26.62544253665827	1.8749963	1.369305
26.64345360721459	1.8797913	1.3710548
26.66146534812879	1.8283403	1.3521613
26.679477759920758	1.7944785	1.3395815
26.69749084311057	1.8322998	1.3536247
26.71550459821847	1.7726212	1.3313982
26.733519025764842	1.7468959	1.3217019
26.751534126270258	1.7939907	1.3393993
26.769549900255434	1.8350154	1.3546274
26.787566348241267	1.7839805	1.3356574
26.80558347074881	1.7574068	1.3256723
26.823601268299267	1.7715617	1.3310003
26.841619741414036	1.8222933	1.3499235
26.85963889061465	1.7889587	1.3375196
26.877658716422832	1.770017	1.3304199
26.89567921936045	1.7785102	1.3336079
26.913700399949544	1.7923871	1.3388007
26.93172225871233	1.7513317	1.3233789
26.949744796171174	1.7502059	1.3229535
26.967768012848605	1.7655545	1.3287417
26.98579190926733	1.8074659	1.3444203
27.003816485950225	1.8117937	1.3460288
27.021841743420318	1.8424306	1.3573617
27.039867682200814	1.8312826	1.353249
27.057894302815072	1.800772	1.3419285
27.07592160578664	1.7635695	1.3279946
27.0939495916392	1.7812862	1.3346484
27.111978260896635	1.786295	1.3365235
27.13000761408296	1.8155421	1.3474206
27.148037651722397	1.8534507	1.3614149
27.166068374339304	1.8630104	1.3649215
27.184099782458215	1.8610593	1.3642064
27.20213187660384	1.8639064	1.3652495
27.22016465730105	1.8610471	1.364202
27.23819812507487	1.8850571	1.3729738
27.256232280450533	1.8317317	1.3534148
27.274267123953383	1.8116481	1.3459748
27.292302656108987	1.7652416	1.328624
27.31033887744306	1.7717091	1.3310556
27.32837578848146	1.8085774	1.3448336
27.34641338975026	1.8227105	1.350078
27.364451681775673	1.864969	1.3656387
27.382490665084074	1.8892263	1.3744913
27.400530340202046	1.8208432	1.3493862
27.41857070765629	1.7503937	1.3230245
27.436611767973726	1.7493312	1.3226229
27.454653521681404	1.753577	1.324227
27.472695969306564	1.750191	1.3229479
27.490739111376627	1.7726674	1.3314155
27.508782948419153	1.7692988	1.3301499
27.526827480961902	1.7756141	1.3325217
27.54487270953279	1.8184347	1.3484935
27.562918634659898	1.8552718	1.3620837
27.580965256871508	1.8206753	1.349324
27.599012576696026	1.8172309	1.3480471
27.617060594662068	1.8045783	1.3433459
27.63510931129842	1.8326662	1.35376
27.65315872713401	1.822181	1.3498819
27.67120884269797	1.864427	1.3654402
27.68925965851958	1.9373205	1.3918766
27.707311175128307	1.8796679	1.3710098
27.725363393053787	1.8435493	1.3577737
27.74341631282583	1.8301002	1.3528119
27.7614699349744	1.7902155	1.3379893
27.77952426002968	1.9948566	1.4123939
27.797579288521973	2.1340659	1.4608443
27.815635020981784	2.6318934	1.6223111
27.83369145793979	2.6862965	1.6389925
27.85174859992682	2.550547	1.5970432
27.869806447473923	2.369437	1.5392976
27.887865001112267	2.0327117	1.425732
27.905924261373233	1.860846	1.3641284
27.92398422878836	1.872544	1.3684093
27.94204490388936	1.9239105	1.387051
27.96010628720813	1.9475158	1.3955343
27.978168379276728	1.9201137	1.3856816
27.9962311806274	1.8635565	1.3651215
28.014294691792568	1.8469683	1.3590322
28.0323589133048	1.8496786	1.3600289
28.050423845696887	1.8315601	1.3533515
28.068489489501758	1.8345098	1.3544408
28.086555845252523	1.8496594	1.3600218
28.104622913482487	1.8328346	1.3538222
28.122690694725115	1.83302	1.3538907
28.14075918951405	1.8829836	1.3722185
28.15882839838312	1.9105567	1.3822289
28.176898321866304	1.8975621	1.3775203
28.1949689604978	1.8924088	1.3756485
28.213040314811945	1.8695533	1.3673161
28.23111238534327	1.8460851	1.3587072
28.249185172626493	1.8398255	1.3564017
28.267258677196473	1.8757603	1.369584
28.285332899588294	1.9365875	1.3916132
28.303407840337172	1.9600341	1.4000121
28.321483499978545	1.9504839	1.3965973
28.33955987904799	1.9492657	1.3961611
28.357636978081285	1.9284308	1.3886795
28.37571479761439	1.8705904	1.3676953
28.393793338183425	1.8789383	1.3707438
28.41187260032469	1.8891929	1.3744792
28.429952584574686	1.9031426	1.3795444
28.448033291470065	1.9622712	1.400811
28.46611472154769	1.9579371	1.399263
28.484196875344566	1.9538891	1.3978158
28.502279753397914	1.9120184	1.3827575
28.52036335624511	1.9309801	1.389597
28.538447684423716	1.9605457	1.4001949
28.556532738471482	1.9688592	1.4031605
28.574618518926325	1.9302711	1.389342
28.59270502632635	1.9836733	1.4084294
28.61079226120985	2.0499933	1.4317797
28.628880224115274	2.0311937	1.4251995
28.646968915581287	1.9679364	1.4028316
28.66505833614671	1.9443271	1.3943913
28.68314848635055	1.9734954	1.4048115
28.701239366732004	1.9965606	1.412997
28.71933097783044	2.0162942	1.4199628
28.737423320185403	2.0131462	1.4188539
28.75551639433665	2.069679	1.4386379
28.773610200824074	2.0994465	1.4489467
28.791704740187793	2.1388528	1.4624817
28.80980001296809	2.1189892	1.4556749
28.827896019705413	2.1311054	1.4598306
28.845992760940433	2.1692011	1.4728208
28.86409023721397	2.194904	1.4815209
28.88218844906704	2.229565	1.4931728
28.900287397040845	2.2641847	1.5047208
28.918387081676755	2.2745528	1.508162
28.936487503516343	2.28114	1.5103444
28.954588663101365	2.2421277	1.4973736
28.97269056097374	2.2459033	1.4986337
28.990793197675597	2.2538729	1.5012904
29.00889657374923	2.2732008	1.5077138
29.027000689737125	2.340746	1.5299497
29.04510554618196	2.4213088	1.5560555
29.06321114362659	2.4179866	1.5549877
29.08131748261405	2.4194698	1.5554645
29.099424563687567	2.433313	1.559908
29.11753238739057	2.4858987	1.5766733
29.13564095426663	2.5021126	1.5818068
29.15375026485954	2.5424364	1.594502
29.171860319713275	2.6395733	1.6246763
29.18997111937199	2.6421082	1.6254563
29.20808266438002	2.6805243	1.6372308
29.226194955281898	2.7147484	1.6476494
29.244307992622335	2.788818	1.6699754
29.26242177694624	2.831511	1.6827095
29.2805363087987	2.8391848	1.684988
29.29865158872498	2.8452737	1.6867939
29.316767617270557	2.8872437	1.6991892
29.334884394981064	2.9141786	1.7070966
29.353001922402367	2.9321082	1.71234
29.37112020008047	3.0354788	1.7422626
29.389239228561596	3.2016673	1.7893203
29.407359008392152	3.4284675	1.8516121
29.42547954011872	3.7569044	1.9382735
29.44360082428809	4.324622	2.0795727
29.46172286144722	5.3096256	2.3042624
29.479845652143283	6.749822	2.598042
29.497969196923606	8.775284	2.9623106
29.516093496335728	11.261662	3.35584
29.5342185509274	13.957248	3.73594
29.55234436124651	16.328932	4.0409074
29.570470927841175	17.584682	4.1934094
29.588598251259686	17.158499	4.142282
29.60672633205055	15.687764	3.9607782
29.624855170762405	13.7343025	3.705982
29.642984767944146	11.186132	3.3445675
29.66111512414481	8.490097	2.913777
29.67924623991366	6.310412	2.5120533
29.697378115800138	4.9263444	2.219537
29.71551075235387	4.1316	2.0326338
29.733644150124675	3.6793983	1.9181758
29.751778309662576	3.4363873	1.8537495
29.769913231517766	3.3769836	1.8376571
29.78804891624066	3.3852751	1.8399117
29.806185364381818	3.3312495	1.8251711
29.82432257649206	3.2399225	1.7999785
29.842460553122333	3.2977407	1.8159683
29.86059929482382	3.3649485	1.8343796
29.878738802147872	3.354802	1.8316119
29.896879075646048	3.3392587	1.8273638
29.915020115870114	3.3592587	1.832828
29.933161923371976	3.3076189	1.818686
29.951304498703777	3.2213347	1.7948077
29.969447842417857	3.2335715	1.7982135
29.987591955066733	3.204353	1.7900707
30.005736837203123	3.1181507	1.7658286
30.023882489379943	3.0839791	1.7561262
30.04202891215028	3.1224844	1.7670553
30.060176106067455	3.1206849	1.766546
30.078324071684946	3.0953648	1.7593648
30.09647280955646	3.1522963	1.7754707
30.114622320235863	3.1883621	1.7855985
30.132772604277257	3.1912262	1.7864003
30.1509236622349	3.1147802	1.764874
30.16907549466328	3.093598	1.7588626
30.18722810211705	3.1270921	1.7683586
30.205381485151097	3.0985215	1.7602618
30.22353564432045	3.0349503	1.7421108
30.241690580180403	2.9750094	1.7248216
30.25984629328638	2.9467194	1.7166011
30.278002784194037	2.9347773	1.7131191
30.296160053459246	2.9811602	1.7266036
30.314318101638033	3.012025	1.7355187
30.332476929286646	2.9479654	1.716964
30.35063653696153	2.9185555	1.7083781
30.368796925219307	2.8435209	1.6862743
30.386958094616844	2.8397188	1.6851466
30.40512004571115	2.8478334	1.6875525
30.423282779059463	2.862599	1.6919217
30.441446295219233	2.7915826	1.670803
30.459610594748067	2.7575698	1.6605932
30.47777567820382	2.7886655	1.6699297
30.495941546144504	2.8517604	1.6887156
30.51410819912835	2.794356	1.6716328
30.532275637713795	2.729949	1.6522558
30.55044386245946	2.7580838	1.660748
30.56861287392416	2.7865062	1.6692832
30.586782672666956	2.8008754	1.6735816
30.604953259247047	2.8018305	1.673867
30.623124634223885	2.7778332	1.6666833
30.641296798157075	2.813427	1.6773273
30.659469751606462	2.8935788	1.7010523
30.677643495132074	2.8956742	1.701668
30.695818029294152	2.7990263	1.6730291
30.713993354653116	2.7518585	1.6588726
30.73216947176962	2.7706566	1.664529
30.75034638120448	2.7748609	1.6657914
30.768524083518756	2.7045233	1.6445435
30.786702579273673	2.65637	1.6298374
30.80488186903069	2.7999022	1.6732908
30.82306195335144	3.0082233	1.734423
30.841242832797782	3.140791	1.7722276
30.85942450793176	3.3698804	1.8357234
30.877606979315637	3.666382	1.9147799
30.895790247511883	4.0697937	2.017373
30.913974313083134	4.5564156	2.134576
30.932159176592283	4.854777	2.2033558
30.95034483860237	4.8779683	2.2086122
30.968531299676698	4.5536895	2.1339376
30.98671856037873	4.2940145	2.0722003
31.00490662127215	3.960722	1.9901563
31.023095482920848	3.5147405	1.8747641
31.04128514588892	3.107	1.7626685
31.059475610740662	2.7785113	1.6668867
31.07766687804056	2.5489068	1.5965296
31.09585894835335	2.4239848	1.5569152
31.11405182224393	2.4506102	1.5654424
31.132245500277417	2.5513363	1.5972903
31.15043998301914	2.5674117	1.6023145
31.168635271034628	2.5319345	1.5912054
31.18683136488964	2.4832804	1.5758427
31.20502826515008	2.456757	1.5674045
31.223225972382135	2.4232564	1.5566812
31.241424487152155	2.4280405	1.558217
31.259623810026692	2.452497	1.566045
31.27782394157253	2.506805	1.5832893
31.296024882356644	2.5012596	1.5815371
31.314226632946237	2.4336002	1.5600001
31.332429193908684	2.3897028	1.5458664
31.350632565811598	2.3649077	1.5378257
31.368836749222787	2.3674674	1.5386577
31.387041744710295	2.3785894	1.5422676
31.40524755284232	2.4024732	1.5499914
31.423454174187317	2.4648328	1.5699786
31.441661609313922	2.439004	1.5617311
31.459869858791002	2.3633394	1.5373156
31.478078923187628	2.3457656	1.5315893
31.496288803073064	2.3407247	1.5299428
31.514499499016807	2.3071406	1.5189275
31.532711011588546	2.2942452	1.5146766
31.550923341358178	2.2502542	1.5000848
31.56913648889584	2.2414668	1.4971529
31.587350454771844	2.2496173	1.4998724
31.605565239556732	2.2699013	1.5066191
31.62378084382127	2.299381	1.516371
31.641997268136382	2.4098802	1.5523789
31.660214513073274	2.4372668	1.5611749
31.67843257920331	2.3757412	1.5413439
31.6966514670981	2.348617	1.5325198
31.71487117732944	2.3743935	1.5409067
31.733091710469346	2.3733811	1.5405781
31.751313067090052	2.2824664	1.5107834
31.769535247764008	2.2186353	1.4895084
31.787758253063878	2.2346227	1.4948654
31.805982083562526	2.2531583	1.5010524
31.824206739833024	2.326092	1.5251532
31.84243222244869	2.3982124	1.5486163
31.860658531983013	2.3430114	1.5306898
31.878885669009737	2.315584	1.5217043
31.897113634102784	2.257667	1.5025535
31.91534242783632	2.3656378	1.538063
31.933572050784694	2.3980572	1.5485662
31.951802503522508	2.3311162	1.5267993
31.970033786624548	2.1805556	1.4766704
31.988265900665834	2.0832694	1.4433535
32.006498846221575	2.0967674	1.4480219
32.02473262386724	2.1134133	1.4537584
32.04296723417845	2.1252859	1.457836
32.0612026777311	2.1679554	1.4723978
32.07943895510129	2.2454147	1.4984708
32.097676066865304	2.1851766	1.4782343
32.115914013599685	2.183878	1.477795
32.13415279588115	2.1634264	1.470859
32.152392414286666	2.1935506	1.481064
32.1706328693934	2.186493	1.4786794
32.18887416177875	2.107198	1.4516191
32.20711629202032	2.065882	1.4373176
32.225359260695924	2.081782	1.4428382
32.243603068383614	2.0909247	1.4460031
32.26184771566166	2.1059527	1.4511901
32.28009320310852	2.049725	1.431686
32.2983395313029	2.1372378	1.4619294
32.31658670082372	2.2097597	1.486526
32.33483471225012	2.1764214	1.4752699
32.35308356616143	2.1493075	1.4660517
32.371333263137245	2.2033348	1.4843634
32.38958380375734	2.202002	1.4839144
32.407835188601744	2.1109858	1.4529232
32.42608741825067	2.0028794	1.4152312
32.444340493284585	2.0562584	1.433966
32.46259441428416	2.1213155	1.4564736
32.48084918183028	2.0698688	1.4387039
32.49910479650405	2.0586092	1.4347855
32.51736125888683	2.0860431	1.4443141
32.53561856956014	2.0961313	1.4478022
32.5538767291058	2.0576305	1.4344443
32.572135738105764	2.0925708	1.4465721
32.59039559714228	2.074868	1.4404402
32.608656306797776	2.0585408	1.4347616
32.62691786765491	2.0411189	1.4286773
32.645180280296586	2.1144094	1.4541008
32.663443545305896	2.0855343	1.4441379
32.68170766326619	2.0581195	1.4346148
32.69997263476099	2.0966213	1.4479715
32.7182384603741	2.1459103	1.4648926
32.7365051406895	2.1005406	1.4493243
32.75477267629144	2.058877	1.4348787
32.77304106776434	2.0159562	1.4198437
32.79131031569289	2.0054164	1.4161272
32.809580420661966	1.9544771	1.3980261
32.827851383256714	1.9007359	1.3786718
32.84612320406245	1.9086826	1.3815508
32.86439588366476	1.9704363	1.4037223
32.88266942264945	1.9809263	1.4074538
32.9009438216025	1.8430908	1.3576047
32.9192190811102	1.8903908	1.3749148
32.937495201758985	2.0221567	1.4220256
32.95577218413556	2.0664012	1.4374982
32.974050028826866	1.980837	1.4074221
32.992328736420035	1.9188799	1.3852364
33.010608307502444	1.9466144	1.3952112
33.02888874266169	1.9443223	1.3943896
33.047170042485604	1.8928034	1.3757919
33.06545220756225	1.8444126	1.3580915
33.083735238479896	1.8222431	1.3499049
33.10201913582707	1.8463807	1.3588159
33.12030390019248	1.944295	1.3943799
33.138589532165135	1.9269122	1.3881326
33.15687603233419	1.8695272	1.3673066
33.17516340128909	1.9694165	1.403359
33.19345163961947	1.9911835	1.411093
33.211740747915215	1.9866767	1.4094952
33.23003072676643	2.0000403	1.4142278
33.248321576763466	1.9720322	1.4042907
33.266613298496885	1.9574846	1.3991014
33.28490589255747	1.9797677	1.4070421
33.30319935953626	2.003011	1.4152777
33.32149370002451	1.9486809	1.3959516
33.339788914613706	1.9279698	1.3885136
33.358085003895575	1.9808772	1.4074364
33.376381968462034	2.0765393	1.4410203
33.39467980890529	2.076426	1.4409809
33.41297852581774	1.9945449	1.4122835
33.43127811979204	1.9642082	1.4015021
33.44957859142105	1.916239	1.3842828
33.467879941297866	1.8495935	1.3599976
33.486182170015844	1.8937234	1.3761262
33.50448527816853	1.9968759	1.4131086
33.522789266349754	1.9733727	1.4047679
33.541094135153514	1.9514424	1.3969404
33.55939988517411	1.8524525	1.3610483
33.57770651700602	1.8503994	1.3602939
33.59601403124398	1.9341108	1.3907231
33.61432242848296	2.0012314	1.4146489
33.632631709318154	2.0130057	1.4188043
33.650941874344994	1.9743912	1.4051303
33.66925292415916	1.9267449	1.3880724
33.68756485935654	1.8418711	1.3571556
33.70587768053328	1.9153875	1.3839753
33.724191388285746	1.9804446	1.4072827
33.74250598321054	1.9566389	1.3987991
33.760821465904506	1.9475367	1.3955417
33.77913783696474	1.9029474	1.3794736
33.79745509698852	1.932909	1.390291
33.815773246573414	1.9137739	1.3833922
33.8340922863172	1.8187109	1.3485959
33.852412216817896	1.9068507	1.3808876
33.87073303867377	2.0219204	1.4219425
33.889054752483304	2.1517096	1.4668707
33.907377358845245	2.1779575	1.4757905
33.92570085835853	2.072293	1.4395461
33.94402525162239	1.9470344	1.3953618
33.96235053923627	1.9151574	1.3838922
33.980676721799824	1.8854917	1.3731321
33.999003799912984	1.8706962	1.367734
34.01733177417592	1.8843101	1.3727018
34.03566064518901	1.8769846	1.3700309
34.0539904135529	1.950023	1.3964323
34.07232107986846	1.9751439	1.4053981
34.090652644736785	1.8129479	1.3464575
34.108985108759235	1.9106265	1.3822541
34.12731847253742	1.9819052	1.4078015
34.14565273667313	1.9506805	1.3966676
34.16398790176847	1.8986418	1.3779122
34.18232396842574	1.8462611	1.3587719
34.20066093724749	1.8833317	1.3723453
34.21899880883651	1.9843669	1.4086756
34.23733758379583	2.034248	1.4262707
34.25567726272874	2.0478456	1.4310296
34.27401784623872	1.964764	1.4017004
34.29235933492957	1.9457505	1.3949016
34.31070172940526	1.9805197	1.4073094
34.32904503027003	1.9714959	1.4040997
34.347389238128386	1.9390684	1.3925043
34.36573435358502	1.8357854	1.3549116
34.38408037724492	1.7769524	1.3330238
34.402427309713296	1.8168846	1.3479186
34.42077515159559	1.9191484	1.3853333
34.43912390349752	2.059646	1.4351467
34.45747356602499	2.0422149	1.4290608
34.47582413978423	1.7905681	1.338121
34.49417562538163	1.7720389	1.3311795
34.51252802342388	1.8727065	1.3684686
34.53088133451789	1.9850069	1.4089028
34.54923555927084	1.9620541	1.4007335
34.567590698290104	2.006718	1.4165868
34.58594675218336	1.9812522	1.4075696
34.6043037215585	1.7492167	1.3225795
34.62266160702365	1.7289982	1.3149137
34.641020409187234	1.8472338	1.3591298
34.65938012865785	1.8498174	1.3600799
34.677740766044394	2.0090313	1.417403
34.69610232195598	2.053237	1.4329121
34.714464797002016	1.9529573	1.3974825
34.73282819179208	1.9129409	1.3830911
34.751192506936064	1.8640814	1.3653136
34.76955774304408	1.9809057	1.4074465
34.7879239007265	1.9415972	1.3934121
34.80629098059391	1.9311035	1.3896415
34.824658983257194	2.0515609	1.432327
34.843027909327446	2.1614625	1.4701914
34.86139775941603	2.3262126	1.5251926
34.879768534134534	2.3822644	1.5434586
34.89814023409483	2.1358309	1.4614482
34.91651285990901	2.109054	1.4522582
34.93488641218944	2.3264465	1.5252694
34.95326089154871	2.3119597	1.5205129
34.97163629859967	2.1527276	1.4672177
34.99001263395542	2.0989387	1.4487715
35.00838989822934	2.1900918	1.479896
35.02676809203499	2.2164705	1.4887816
35.04514721598624	2.0116854	1.4183389
35.063527270697215	1.8972532	1.3774081
35.081908256782256	1.9637995	1.4013563
35.10029017485597	1.9197457	1.3855488
35.11867302553321	1.869192	1.3671839
35.137056809429104	1.9164317	1.3843524
35.155441527159006	1.8374434	1.3555232
35.173827179338524	1.9450858	1.3946633
35.19221376658354	2.17651	1.4753
35.21060128951017	2.3285239	1.5259502
35.2289897487348	2.203303	1.4843527
35.24737914487405	2.1926537	1.4807612
35.26576947854479	2.0853562	1.4440763
35.28416075036418	2.0183272	1.4206785
35.30255296094958	2.0780294	1.4415371
35.32094611091867	1.9955202	1.4126289
35.33934020088932	2.0641737	1.4367232
35.35773523147969	2.110573	1.4527812
35.3761312033082	2.078639	1.4417486
35.394528116993506	2.1260152	1.4580861
35.41292597315452	2.22673	1.4922233
35.431324772410434	2.4323127	1.5595874
35.449724515380666	2.356162	1.5349795
35.46812520268491	2.2751226	1.508351
35.486526834943106	2.077627	1.4413975
35.504929412775454	2.3382385	1.52913
35.52333293680242	2.4598606	1.5683943
35.54173740764471	2.3965085	1.548066
35.560142825923286	2.2292616	1.4930712
35.5785491922594	1.9935063	1.4119158
35.59695650727454	1.477658	1.2155895
35.61536477159042	0.6898081	0.83054686
