0.008763373481513119	0.0	0.0
0.026290120649546365	0.0	0.0
0.043816868432600686	0.06476262	0.254485
0.06134361724069026	0.21929225	0.4682865
0.07887036748382949	0.22902894	0.4785697
0.0963971195720331	0.22147402	0.47061026
0.11392387391531617	0.10767296	0.32813558
0.1314506309236943	0.07917802	0.2813859
0.1489773910071836	0.06178933	0.2485746
0.16650415457580078	0.07832318	0.2798628
0.18403092203956356	0.10710901	0.32727513
0.20155769380849	0.10997239	0.33162084
0.2190844702925996	0.17069231	0.41314927
0.2366112519019124	0.1812562	0.42574194
0.2541380390464497	0.24250196	0.49244487
0.27166483213623416	0.22155116	0.47069222
0.28919163158128947	0.19294941	0.43926007
0.3067184377916406	0.120247215	0.3467668
0.324245251177314	0.14697024	0.38336697
0.34177207214833777	0.19234654	0.4385733
0.3592989011147415	0.1803143	0.4246343
0.37682573848655654	0.118216634	0.34382647
0.39435258467381573	0.08362468	0.28917933
0.41187944008655414	0.09771618	0.31259587
0.42940630513480854	0.1395611	0.3735788
0.446933180228618	0.14005709	0.374242
0.4644600657780234	0.14065896	0.37504527
0.48198696219306775	0.12182397	0.3490329
0.49951386988379676	0.17062318	0.41306558
0.5170407892602581	0.15631446	0.39536625
0.5345677207325025	0.14991976	0.38719472
0.5520946647105822	0.1279497	0.3577006
0.5696216216045534	0.10454854	0.32333967
0.5871485918244737	0.11104605	0.33323574
0.6046755757804043	0.13467483	0.3669807
0.6222025738824094	0.18237743	0.4270567
0.6397295865405557	0.21018957	0.45846435
0.6572566141649129	0.16075781	0.40094614
0.6747836571655547	0.15166634	0.38944364
0.6923107159525568	0.1424275	0.3773957
0.7098377909359992	0.20280136	0.45033473
0.7273648825259653	0.21885762	0.4678222
0.7448919911325411	0.22297552	0.47220284
0.762419117165817	0.19753356	0.4444475
0.7799462610358868	0.17189667	0.41460422
0.7974734231528482	0.18092322	0.4253507
0.8150006039268024	0.22535765	0.4747185
0.8325278037678551	0.23815216	0.48800835
0.8500550230861152	0.28008252	0.5292282
0.8675822622916969	0.30520982	0.552458
0.8851095217947171	0.32338762	0.5686718
0.9026368020052984	0.34678906	0.588888
0.9201641033335665	0.30536404	0.5525975
0.9376914261896523	0.25118634	0.50118494
0.9552187709836915	0.19259171	0.43885273
0.9727461381258234	0.19032755	0.43626547
0.990273528026193	0.21326114	0.46180207
1.0078009410949496	0.26190436	0.5117659
1.0253283777422473	0.2726954	0.52220243
1.0428558383782454	0.25313714	0.50312734
1.0603833234131086	0.24831608	0.49831325
1.0779108332570058	0.35175902	0.59309274
1.0954383683201119	0.38631493	0.6215424
1.112965929012607	0.4175275	0.6461637
1.1304935157446763	0.46692947	0.68332237
1.1480211289265108	0.5167537	0.7188558
1.1655487689683062	1.533976	1.2385378
1.1830764362802655	1.8386774	1.3559784
1.200604131272596	2.2981105	1.515952
1.2181318543555117	2.5310361	1.5909231
1.235659605939232	2.5116673	1.5848241
1.253187386433982	3.9281802	1.9819638
1.270715196249994	6.256122	2.501224
1.2882430357975057	11.464579	3.3859384
1.3057709054867608	16.065125	4.0081325
1.3232988057280106	21.654572	4.653447
1.3408267369315112	26.759918	5.172999
1.358354699507526	30.763334	5.5464706
1.3758826938663256	35.367702	5.947075
1.3934107204181858	37.12509	6.093036
1.410938779573391	37.3623	6.112471
1.4284668717422309	37.565548	6.129074
1.4459949973350033	37.299538	6.1073346
1.4635231567620117	37.292557	6.1067634
1.4810513504335687	36.71658	6.0594206
1.4985795787599925	35.62431	5.9686103
1.5161078421516088	35.156353	5.9292793
1.5336361410187505	33.86507	5.8193703
1.5511644757717598	34.058437	5.835961
1.5686928468209842	34.69568	5.8903036
1.58622125457678	35.681908	5.9734335
1.6037496994495108	37.164886	6.096301
1.621278181849548	36.856617	6.0709653
1.6388067021872719	37.11181	6.091946
1.6563352608730693	36.402637	6.0334597
1.673863858317336	35.80803	5.983981
1.6913924949304753	35.239483	5.9362855
1.7089211711228998	34.10282	5.839762
1.7264498873050296	33.262672	5.76738
1.7439786438872935	32.657143	5.714643
1.7615074412801288	31.897097	5.6477513
1.779036279893981	31.249474	5.5901227
1.796565160139305	30.40392	5.5139747
1.814094082426564	29.77328	5.4564896
1.8316230471662298	29.04585	5.38942
1.849152054768784	27.955141	5.287262
1.8666811056447168	27.400042	5.2345047
1.8842102002045273	26.43255	5.1412597
1.901739338858724	25.86762	5.086022
1.9192685220178245	25.001747	5.0001745
1.9367977500923557	24.368876	4.9364843
1.9543270234928547	23.87397	4.8861
1.971856342629867	23.28595	4.825552
1.9893857079139496	22.637173	4.757854
2.006915119755667	22.287262	4.7209387
2.0244445785655945	21.933155	4.6832848
2.0419740847543175	21.448421	4.631244
2.0595036387324317	20.736746	4.553762
2.0770332409105414	20.322334	4.50803
2.094562891699263	20.041363	4.476758
2.1120925915092217	19.580399	4.4249744
2.129622340751053	19.251575	4.387662
2.1471521398354043	187.42395	13.690287
2.1646819891729323	443.70035	21.064196
2.182211889174303	439.9213	20.9743
2.1997418402501974	452.40784	21.26988
2.2172718428113023	432.66394	20.800575
2.234801897268317	320.74048	17.90923
2.2523320040319548	17.21398	4.1489735
2.269862163512935	16.587776	4.072809
2.287392376121992	16.24097	4.030009
2.304922642269869	16.025898	4.003236
2.322452962367322	15.83317	3.9790916
2.3399833368251164	15.739228	3.9672697
2.357513766054032	15.391645	3.9232187
2.3750442504648586	15.0458145	3.8788934
2.3925747904683963	14.706403	3.8348927
2.410105386475459	14.590553	3.8197582
2.4276360388968707	14.267226	3.7771983
2.445166748143469	14.129425	3.7589128
2.4626975146261025	13.766813	3.7103655
2.4802283387556323	13.647317	3.6942275
2.4977592209429305	13.476149	3.6709874
2.5152901615988825	13.0925455	3.6183622
2.5328211611343865	12.952956	3.5990217
2.5503522199603523	12.572171	3.5457258
2.5678833384877024	12.478607	3.5325072
2.5854145171273712	12.169806	3.488525
2.6029457562903064	11.889709	3.4481459
2.620477056387469	11.634804	3.4109828
2.6380084178298326	11.507051	3.3922045
2.655539841028383	11.27696	3.3581185
2.673071326394119	11.156994	3.3402088
2.6906028743380523	10.954619	3.3097763
2.708134485271211	10.811457	3.288078
2.7256661596046325	10.6743965	3.2671695
2.743197897749369	10.449169	3.2325175
2.760729700116486	10.331692	3.214295
2.778261567117063	10.251189	3.201748
2.795793499162193	10.087237	3.1760411
2.8133254966629817	9.892208	3.145188
2.830857560030551	9.718121	3.11739
2.8483896896760337	9.737785	3.1205425
2.865921886010578	9.720334	3.117745
2.883454149445347	9.496618	3.0816584
2.9009864803915177	9.305871	3.0505526
2.91851887926028	9.091063	3.0151389
2.9360513464628384	8.995385	2.9992309
2.953583882410413	9.03074	3.0051188
2.9711164875142373	8.833492	2.972119
2.9886491621855606	8.700087	2.949591
3.0061819068356455	8.518636	2.9186702
3.023714721875769	8.404944	2.8991282
3.041247607717225	8.342509	2.8883402
3.0587805647713213	8.238083	2.870206
3.0763135934493806	8.130363	2.8513792
3.0938466941627407	7.9779186	2.824521
3.1113798673227544	7.876713	2.806548
3.1289131133407904	7.7331023	2.7808456
3.1464464326282315	7.6699915	2.769475
3.1639798255964786	7.6141734	2.7593791
3.1815132926569443	7.5502176	2.747766
3.1990468342210603	7.3979907	2.7199247
3.216580450700272	7.330246	2.7074428
3.2341141425060416	7.183869	2.680274
3.251647910049847	7.217639	2.6865664
3.2691817537431813	7.208423	2.6848507
3.286715673997555	7.135869	2.6713047
3.3042496712244938	7.080813	2.6609797
3.32178374583554	7.033351	2.6520464
3.339317898242251	6.9470053	2.6357172
3.3568521288562034	6.8681474	2.6207151
3.3743864380889876	6.746828	2.5974658
3.3919208263522127	6.695287	2.5875254
3.4094552940575023	6.6896887	2.5864432
3.4269898416164972	6.543554	2.558037
3.444524469440858	6.4900045	2.5475488
3.4620591779422587	6.3895283	2.5277517
3.479593967532391	6.374892	2.524855
3.4971288386229658	6.3620896	2.5223184
3.5146637916257086	6.3568516	2.5212798
3.5321988269523628	6.4086246	2.531526
3.5497339450146903	6.4129386	2.532378
3.5672691462244708	6.4655156	2.5427377
3.5848044309934988	6.4482365	2.5393379
3.60233979973359	6.397272	2.5292828
3.619875252856575	6.3715	2.524183
3.6374107907743034	6.323944	2.5147452
3.6549464138986427	6.3721967	2.524321
3.6724821226414788	6.340498	2.5180345
3.690017917414714	6.3111606	2.5122023
3.7075537986302702	6.3415637	2.5182462
3.7250897667000857	6.3539667	2.5207076
3.7426258220361235	6.5222516	2.55387
3.7601619650503553	6.870337	2.6211329
3.777698196154779	7.3957787	2.7195182
3.7952345157614067	8.478062	2.9117112
3.8127709242822716	9.250894	3.0415282
3.830307422129425	11.573772	3.4020247
3.847844009714936	30.378448	5.511665
3.8653806874508954	97.82497	9.890651
3.882917455749409	97.0888	9.853365
3.900454315022606	96.772675	9.837311
3.917991265682631	41.280495	6.4249897
3.9355283081416506	10.85805	3.2951555
3.9530654428118495	8.548542	2.923789
3.970602670105433	7.243954	2.6914594
3.9881399904346244	6.3178916	2.5135417
4.005677404211669	6.3160567	2.5131767
4.023214911848827	6.351015	2.520122
4.0407525137583855	6.3731265	2.5245051
4.058290210352644	6.3639035	2.522678
4.075828002043927	6.3051696	2.5110097
4.0933658892445814	6.300831	2.5101457
4.110903872366966	6.2469306	2.499386
4.128441951823468	6.1220255	2.4742727
4.145980128026488	6.061378	2.4619865
4.163518401388452	5.942647	2.4377544
4.181056772321807	6.0075974	2.45104
4.1985952412390155	6.045711	2.4588027
4.216133808552567	6.134563	2.476805
4.233672474674966	6.2197814	2.493949
4.251211240018741	6.39918	2.52966
4.268750104996445	6.761112	2.6002138
4.286289070020643	7.5800824	2.753195
4.303828135503928	9.082833	3.013774
4.3213673018589125	29.328703	5.415598
4.3389065694982305	90.56585	9.516609
4.356445938834537	165.87599	12.879286
4.3739854102805085	171.08124	13.0798025
4.391524984248844	171.80704	13.107518
4.409064661152262	135.85564	11.655713
4.426604441403504	96.150345	9.805628
4.444144325415337	75.43297	8.685216
4.461684313600543	21.590734	4.646583
4.47922440637193	22.11144	4.7022805
4.496764604142329	20.445904	4.5217147
4.5143049073245916	18.468088	4.2974515
4.531845316331589	16.29596	4.0368257
4.5493858315762195	13.286509	3.6450663
4.566926453471405	10.986914	3.3146513
4.584467182430081	9.029647	3.0049372
4.602008018865218	8.066116	2.840091
4.619548963189798	7.4291534	2.7256474
4.637090015816834	6.938281	2.6340618
4.654631177159353	6.7001424	2.5884633
4.672172447630417	6.4313717	2.536015
4.689713827643102	6.253325	2.500665
4.7072553176105085	5.9316287	2.4354935
4.724796917945764	5.8371253	2.4160144
4.742338629062015	5.782701	2.4047248
4.759880451372434	5.7678566	2.4016361
4.777422385290215	5.6521106	2.3774168
4.794964431228581	5.5334377	2.352326
4.812506589600768	5.4717145	2.3391695
4.830048860820047	5.4746933	2.3398063
4.847591245299709	5.472556	2.3393495
4.8651337434530655	5.492509	2.3436103
4.882676355693457	5.504997	2.346273
4.900219082434242	5.5052004	2.3463163
4.917761924088813	5.485702	2.3421576
4.935304881070575	5.5572863	2.3573897
4.952847953792969	5.5257626	2.350694
4.970391142669449	5.490211	2.3431199
4.9879344481135055	5.4151225	2.3270416
5.005477870538642	5.4228735	2.3287065
5.023021410358394	5.418006	2.327661
5.040565067986324	5.3889456	2.3214102
5.05810884383601	5.31343	2.3050878
5.075652738321066	5.242138	2.2895715
5.09319675185512	5.2164164	2.2839475
5.110740884851836	5.264384	2.2944245
5.128285137724894	5.347586	2.3124847
5.145829510888007	5.394013	2.3225014
5.163374004754908	5.3541255	2.3138983
5.1809186197393595	5.3528557	2.313624
5.198463356255145	5.319638	2.306434
5.216008214716077	5.3109717	2.3045545
5.233553195535998	5.184236	2.2768917
5.251098299128764	5.222376	2.2852519
5.268643525908272	5.193194	2.278858
5.286188876288432	5.2036953	2.281161
5.3037343506831895	5.149195	2.2691839
5.32127994950651	5.0974565	2.2577548
5.3388256731723915	5.021099	2.2407808
5.356371522094851	4.962532	2.2276742
5.373917496687938	4.9475427	2.2243073
5.391463597365729	5.077529	2.2533374
5.40900982454232	5.19341	2.2789054
5.426556178631843	5.224655	2.2857504
5.444102660048449	5.159067	2.271358
5.4616492692063225	5.0330386	2.2434435
5.479196006519669	4.9384637	2.2222655
5.496742872402727	4.945499	2.2238479
5.514289867269756	5.025641	2.241794
5.531836991535049	5.0472946	2.2466185
5.549384245612924	5.083226	2.254601
5.566931629917724	5.0130725	2.238989
5.584479144863822	4.959297	2.226948
5.6020267908656205	5.008185	2.2378974
5.619574568337545	5.0667024	2.2509336
5.637122477694054	5.139815	2.267116
5.654670519349629	5.092419	2.256639
5.672218693718784	5.080842	2.2540724
5.689767001216059	5.00863	2.2379968
5.707315442256021	4.960582	2.2272363
5.724864017253266	4.9407597	2.222782
5.7424127266224225	4.975659	2.2306185
5.75996157077814	5.0206895	2.2406895
5.777510550135105	5.0573792	2.2488618
5.795059665108022	5.1078787	2.2600617
5.812608916111639	5.1424646	2.2677002
5.830158303560715	5.2681274	2.2952402
5.847707827870055	5.2649813	2.2945547
5.86525748945448	5.2735825	2.2964282
5.8828072887288485	5.33174	2.309056
5.900357226108044	5.3993526	2.3236506
5.917907302006979	5.5113688	2.3476305
5.9354575168406	6.188015	2.4875722
5.9530078710238765	6.8420167	2.6157248
5.970558364971812	7.4139175	2.722851
5.988108999099438	7.7667584	2.7868905
6.005659773821818	8.299754	2.8809295
6.023210689554039	8.066677	2.8401897
6.040761746711227	8.451551	2.9071553
6.058312945708531	7.8652153	2.8044991
6.075864286961132	7.4792647	2.7348244
6.093415770884244	6.8168774	2.610915
6.1109673978931065	6.221332	2.4942598
6.128519168402993	5.4535785	2.3352897
6.146071082829204	5.27521	2.2967825
6.163623141587075	5.2144966	2.2835271
6.181175345091969	5.1870503	2.2775097
6.198727693759281	5.1417713	2.2675474
6.216280188004435	5.0505576	2.2473445
6.233832828242885	4.9845486	2.2326102
6.251385614890126	5.07694	2.2532067
6.268938548361669	5.087386	2.2555234
6.286491629073067	5.079652	2.2538083
6.304044857439898	5.0585847	2.2491298
6.321598233877777	4.992614	2.2344158
6.339151758802344	4.9773717	2.2310023
6.356705432629277	4.9356756	2.221638
6.37425925577428	4.9561033	2.2262309
6.391813228653095	4.973507	2.2301362
6.409367351681486	4.9624305	2.2276514
6.426921625275259	4.874969	2.2079332
6.44447604985025	4.8338003	2.1985905
6.46203062582232	4.8662295	2.2059531
6.47958535360737	4.842931	2.200666
6.497140233621328	4.873087	2.207507
6.514695266280161	4.8299327	2.1977108
6.532250451999859	4.866393	2.2059903
6.549805791196454	4.8949037	2.2124429
6.567361284286002	4.8991184	2.213395
6.584916931684597	4.9264417	2.219559
6.602472733808367	4.925206	2.2192805
6.6200286910734665	4.881106	2.2093225
6.637584803896092	4.876615	2.2083058
6.655141072692462	4.8803525	2.209152
6.672697497878842	4.912878	2.2165012
6.690254079871514	4.968282	2.2289643
6.707810819086808	4.8986697	2.2132938
6.725367715941078	4.893477	2.2121205
6.742924770850719	4.9001913	2.2136376
6.760481984232151	4.9772573	2.2309768
6.778039356501836	5.037477	2.2444324
6.795596888076266	5.0171933	2.2399092
6.813154579371963	4.9727263	2.2299612
6.830712430805492	4.92645	2.2195606
6.84827044279344	4.9115443	2.2162004
6.865828615752445	4.932813	2.2209938
6.883386950099159	4.955748	2.226151
6.900945446250287	4.9650226	2.228233
6.918504104622553	5.016694	2.2397978
6.936062925632727	5.0251265	2.2416794
6.953621909697607	5.041874	2.2454116
6.971181057234028	5.0295253	2.2426603
6.988740368658859	5.0335984	2.2435682
7.006299844389007	5.0683355	2.2512965
7.023859484841407	5.1431932	2.267861
7.041419290433036	5.1260586	2.26408
7.058979261580902	5.277501	2.2972813
7.0765393987020495	5.479823	2.340902
7.094099702213559	5.937415	2.4366813
7.111660172532549	6.3509135	2.5201018
7.129220810076164	6.7106795	2.590498
7.146781615261595	7.230785	2.6890118
7.16434258850606	7.3933964	2.71908
7.181903730226821	7.738083	2.781741
7.1994650408411704	7.88976	2.8088717
7.217026520766437	8.0624695	2.8394487
7.234588170419983	8.384034	2.8955197
7.252149990219215	8.477301	2.9115803
7.269711980581568	8.336187	2.8872457
7.2872741419245175	8.119851	2.8495352
7.304836474665574	7.7078805	2.776307
7.322398979222286	7.372909	2.71531
7.339961656012233	7.0922146	2.6631212
7.357524505453039	6.748946	2.5978734
7.375087527962357	6.488529	2.547259
7.392650723957886	6.220468	2.4940865
7.410214093857353	5.8990507	2.428796
7.427777638078528	5.6910086	2.3855834
7.445341357039213	5.512472	2.3478653
7.4629052511572525	5.3572536	2.3145742
7.480469320850524	5.2118683	2.2829516
7.498033566536948	5.1244793	2.2637312
7.5155979886344735	5.046263	2.246389
7.5331625875610975	5.046252	2.2463863
7.550727363734844	5.0576587	2.2489238
7.568292317573788	5.1340127	2.265836
7.585857449496025	5.178374	2.275604
7.603422759919705	5.166433	2.2729788
7.620988249263007	5.1147842	2.2615888
7.638553917944147	5.102983	2.2589784
7.656119766381391	5.097497	2.2577636
7.673685794993023	5.095927	2.257416
7.691252004197388	5.1174664	2.2621818
7.70881839441285	5.105691	2.2595775
7.726384966057826	5.127052	2.2642994
7.743951719550762	5.1418266	2.2675595
7.761518655310149	5.21764	2.2842155
7.779085773754511	5.2956257	2.3012226
7.796653075302419	5.3167872	2.305816
7.814220560372475	5.3379884	2.3104086
7.831788229383323	5.2956343	2.3012245
7.8493560827536495	5.298034	2.301746
7.866924120902174	5.2449694	2.2901897
7.884492344247663	5.274433	2.2966135
7.9020607532089135	5.2818975	2.298238
7.919629348204771	5.2805543	2.2979457
7.937198129654115	5.2647185	2.2944975
7.954767097975865	5.3024125	2.3026967
7.972336253588986	5.335757	2.3099258
7.989905596912472	5.3622537	2.315654
8.007475128365371	5.4250717	2.3291783
8.025044848366756	5.4722757	2.3392897
8.042614757335754	5.5145335	2.3483045
8.060184855691523	5.5614653	2.358276
8.07775514385327	5.6166744	2.3699524
8.095325622240228	5.694053	2.3862214
8.112896291271687	5.7172422	2.3910756
8.130467151366968	5.79333	2.4069338
8.148038202945436	5.827559	2.4140337
8.165609446426497	5.8123765	2.410887
8.183180882229594	5.868476	2.4224937
8.200752510774217	5.9078617	2.4306092
8.218324332479893	5.9467325	2.4385924
8.235896347766193	5.915908	2.4322639
8.253468557052724	5.9004498	2.429084
8.27104096075914	5.886438	2.4261982
8.288613559305137	5.997334	2.4489455
8.306186353110448	6.0647955	2.4626806
8.32375934259485	6.1414056	2.478186
8.341332528178162	6.0824366	2.4662597
8.358905910280246	6.1234946	2.4745696
8.376479489321003	6.1762447	2.4852052
8.394053265720377	6.2929053	2.5085664
8.411627239898356	6.2333574	2.4966693
8.42920141227497	6.162851	2.482509
8.44677578327029	6.1082077	2.471479
8.464350353304427	6.052123	2.4601064
8.48192512279754	6.1096907	2.4717789
8.499500092169827	6.0886416	2.4675174
8.51707526184153	6.097834	2.4693792
8.534650632232934	6.1111913	2.4720824
8.552226203764365	6.1273513	2.4753487
8.569801976856192	6.1837816	2.486721
8.587377951928834	6.2021265	2.490407
8.60495412940274	6.156586	2.481247
8.622530509698416	6.2337117	2.49674
8.6401070932364	6.349904	2.5199015
8.657683880437283	6.4512763	2.5399363
8.675260871721695	6.632847	2.5754313
8.692838067510303	6.7882113	2.6054196
8.710415468223834	6.91034	2.6287525
8.727993074283043	7.026771	2.6508057
8.745570886108737	6.9884763	2.6435726
8.763148904121765	7.0991845	2.6644294
8.78072712874302	7.118572	2.6680653
8.798305560393441	7.4067807	2.7215402
8.815884199494006	7.502011	2.7389798
8.833463046465745	7.6805873	2.7713873
8.851042101729728	7.802994	2.7933838
8.86862136570707	8.093852	2.8449695
8.886200838818924	8.1954155	2.8627636
8.903780521486505	8.235069	2.8696811
8.921360414131055	8.311317	2.8829355
8.938940517173874	8.447005	2.9063733
8.956520831036297	8.59641	2.9319634
8.97410135613971	8.775486	2.9623446
8.99168209290554	8.935182	2.9891775
9.009263041755265	9.249876	3.0413609
9.026844203110405	9.542693	3.089125
9.044425577392525	9.825768	3.1346083
9.062007165023239	9.9770565	3.1586478
9.079588966424197	10.212107	3.1956387
9.097170982017108	10.26411	3.203765
9.11475321222372	11.179678	3.3436027
9.132335657465825	11.944462	3.4560761
9.149918318165264	12.063342	3.4732323
9.167501194743924	12.798489	3.5774975
9.18508428762374	12.5438595	3.541731
9.202667597226693	12.604914	3.55034
9.220251123974803	12.284093	3.504867
9.237834868290143	11.999402	3.4640152
9.255418830594836	11.800978	3.435255
9.273003011311046	11.2590065	3.3554442
9.290587410860985	11.0216	3.3198795
9.308172029666911	10.399981	3.2249
9.32575686815113	10.1185875	3.1809728
9.343341926735997	8.78	2.9631064
9.360927205843916	8.5112705	2.9174082
9.378512705897327	8.290544	2.8793304
9.396098427318728	8.072524	2.8412187
9.413684370530664	7.9757037	2.8241289
9.431270535955722	7.8776197	2.8067098
9.448856924016539	7.780187	2.7892988
9.466443535135806	7.633323	2.762847
9.484030369736251	7.5573635	2.7490659
9.501617428240658	7.53811	2.7455618
9.519204711071852	7.5544477	2.7485356
9.536792218652714	7.5492377	2.7475877
9.55437995140617	7.599171	2.7566595
9.571967909755191	7.650182	2.765896
9.589556094122802	7.731533	2.7805634
9.60714450493207	7.7636223	2.7863278
9.624733142606116	7.7797503	2.7892203
9.642322007568108	7.808067	2.7942917
9.659911100241267	7.8341928	2.7989628
9.677500421048851	7.831103	2.7984107
9.695089970414175	7.858349	2.8032746
9.712679748760609	7.9276752	2.8156128
9.730269756511557	7.9570427	2.820823
9.747859994090492	7.970465	2.8232012
9.765450461920915	7.9799504	2.8248806
9.78304116042639	8.023807	2.8326325
9.800632090030527	8.115182	2.8487158
9.81822325115699	8.15451	2.8556101
9.835814644229481	8.168348	2.8580322
9.853406269671762	8.218218	2.8667433
9.870998127907646	8.26969	2.875707
9.888590219360985	8.251185	2.8724878
9.906182544455698	8.222676	2.867521
9.923775103615734	8.136361	2.8524308
9.941367897265108	8.140794	2.8532076
9.958960925827878	8.13127	2.8515382
9.97655418972816	8.145548	2.8540406
9.994147689390106	8.163027	2.8571012
10.011741425237934	8.254856	2.8731265
10.029335397695904	8.325234	2.8853483
10.04692960718833	8.361592	2.8916419
10.06452405413958	8.353021	2.8901594
10.082118738974064	8.287969	2.8788831
10.099713662116246	8.145985	2.8541172
10.117308823990651	8.079909	2.842518
10.134904225021844	8.003226	2.8289974
10.152499865634445	8.023321	2.8325467
10.170095746253125	8.020568	2.8320608
10.18769186730261	8.046399	2.8366175
10.205288229207675	8.079273	2.8424063
10.222884832393145	8.046407	2.836619
10.2404816772839	8.064873	2.839872
10.258078764304868	8.055991	2.8383079
10.275676093881035	8.102801	2.846542
10.293273666437438	8.11198	2.8481538
10.310871482399158	8.097912	2.845683
10.32846954219134	8.061998	2.8393657
10.346067846239173	8.1515255	2.8550878
10.363666394967908	8.151985	2.855168
10.38126518880283	8.141753	2.8533757
10.398864228169298	8.132424	2.8517406
10.416463513492713	8.127738	2.8509188
10.434063045198531	8.124287	2.8503134
10.451662823712262	8.157117	2.8560667
10.469262849459467	8.205176	2.8644679
10.486863122865758	8.072942	2.8412924
10.504463644356806	8.05339	2.8378494
10.522064414358338	7.9061384	2.8117857
10.539665433296118	7.8228326	2.7969327
10.557266701595987	7.759835	2.785648
10.574868219683818	7.714022	2.777413
10.592469987985552	7.665944	2.7687442
10.610072006927185	7.5849466	2.7540781
10.627674276934751	7.4334455	2.7264345
10.64527679843435	7.2623153	2.6948683
10.662879571852143	7.200809	2.6834323
10.680482597614331	7.161381	2.6760757
10.698085876147173	7.0907693	2.66285
10.715689407876988	7.0274715	2.6509378
10.733293193230146	6.9177637	2.6301641
10.750897232633072	6.8121634	2.610012
10.76850152651225	6.685071	2.5855503
10.786106075294207	6.593182	2.5677192
10.803710879405534	6.5366073	2.556679
10.821315939272877	6.459947	2.5416427
10.83892125532294	6.2921386	2.5084136
10.856526827982472	6.1821146	2.4863858
10.874132657678285	6.181458	2.4862537
10.891738744837243	6.1488323	2.4796839
10.909345089886271	6.1460314	2.479119
10.926951693252343	6.063673	2.4624527
10.944558555362494	6.002337	2.4499667
10.96216567664381	5.9957466	2.4486213
10.979773057523436	5.914641	2.4320035
10.997380698428573	5.8380055	2.4161966
11.014988599786477	5.694202	2.3862526
11.032596762024461	5.540147	2.3537517
11.050205185569892	5.4818435	2.3413336
11.067813870850198	5.4764795	2.340188
11.085422818292859	5.450291	2.334586
11.10303202832541	5.393867	2.32247
11.120641501375454	5.353451	2.3137524
11.138251237870636	5.3000383	2.3021812
11.155861238238671	5.2347817	2.2879646
11.173471502907317	5.1535735	2.2701483
11.191082032304402	5.1728106	2.2743814
11.208692826857805	5.145018	2.2682633
11.226303886995465	5.1026654	2.258908
11.243915213145371	5.0004687	2.2361727
11.261526805735578	4.8865476	2.2105536
11.279138665194196	4.8318267	2.1981416
11.296750791949393	4.7776127	2.185775
11.314363186429393	4.721189	2.1728296
11.331975849062479	4.708303	2.1698625
11.34958878027699	4.6734085	2.1618068
11.36720198050133	4.6154385	2.1483572
11.384815450163948	4.5372515	2.1300826
11.402429189693366	4.470956	2.1144636
11.420043199518153	4.407152	2.0993218
11.437657480066942	63.37819	7.961042
11.455272031768422	85.0894	9.224392
11.472886855051353	107.49354	10.367909
11.490501950344528	99.1159	9.955697
11.508117318076819	84.46715	9.190601
11.52573295867715	45.859673	6.771977
11.543348872574514	4.118271	2.0293524
11.560965060197946	4.04614	2.011502
11.57858152197655	3.9994957	1.9998739
11.59619825833949	3.9557	1.9888941
11.613815269715985	3.8912055	1.9726139
11.631432556535323	38.392883	6.196199
11.649050119226837	82.955414	9.107986
11.666667958219929	93.37532	9.663091
11.68428607394406	107.66146	10.376004
11.701904466828756	82.47393	9.081516
11.719523137303586	65.33953	8.083287
11.737142085798196	4.550073	2.13309
11.754761312742286	3.621716	1.9030807
11.772380818565619	3.5718613	1.8899368
11.790000603698015	3.5439365	1.8825346
11.80762066856935	3.5384371	1.8810734
11.825241013609572	3.5171373	1.8754033
11.842861639248683	3.4896245	1.8680537
11.860482545916748	3.4410253	1.855
11.878103734043883	3.4130802	1.8474524
11.895725204060282	3.3978264	1.8433194
11.91334695639619	3.336888	1.8267151
11.930968991481919	3.2954638	1.8153412
11.948591309747824	3.3249521	1.8234451
11.966213911624347	3.331883	1.8253446
11.98383679754198	3.3117845	1.8198309
12.001459967931268	3.2658634	1.80717
12.019083423222835	3.280601	1.8112429
12.036707163847352	3.2720032	1.8088679
12.05433119023556	3.2508945	1.8030237
12.071955502818259	3.225305	1.7959135
12.089580102026313	3.1934576	1.7870247
12.107204988290643	3.1715033	1.7808715
12.12483016204224	3.1462436	1.7737653
12.142455623712152	3.131973	1.7697381
12.16008137373149	3.1261065	1.7680799
12.177707412531431	3.124356	1.7675848
12.19533374054321	3.0910022	1.7581246
12.212960358198126	3.044266	1.7447824
12.230587265927545	3.0014653	1.7324737
12.248214464162889	2.956426	1.719426
12.265841953335649	2.9323566	1.7124125
12.283469733877375	2.926393	1.7106704
12.301097806219685	2.9607887	1.7206943
12.31872617079425	2.9938993	1.7302889
12.336354828032825	2.9782946	1.7257736
12.353983778367205	2.903558	1.703983
12.371613022229262	2.866192	1.6929832
12.389242560050928	2.8412468	1.6855998
12.406872392264201	2.8203866	1.6794007
12.424502519301143	2.8289511	1.6819487
12.442132941593874	2.8435526	1.6862837
12.459763659574586	2.8343148	1.6835424
12.477394673675532	2.8232517	1.6802535
12.49502598432903	2.81429	1.6775845
12.51265759196746	2.7817519	1.6678585
12.530289497023267	2.7838573	1.6684896
12.547921699928967	2.7619414	1.661909
12.565554201117134	2.7624013	1.6620474
12.583187001020404	2.7502105	1.6583759
12.600820100071486	2.7408988	1.655566
12.618453498703152	2.740418	1.6554208
12.636087197348235	2.726193	1.6511188
12.65372119643964	2.718279	1.6487204
12.671355496410326	2.7588463	1.6609775
12.68899009769333	2.77589	1.6661003
12.706625000721749	2.822205	1.679942
12.724260205928752	2.8574986	1.6904137
12.741895713747551	2.8704731	1.6942471
12.759531524611454	2.8936057	1.7010602
12.777167638953818	2.9158554	1.7075876
12.794804057208072	2.9693048	1.7231671
12.812440779807702	3.0300996	1.7407181
12.830077807186271	3.2212799	1.7947924
12.847715139777405	3.2371938	1.7992203
12.865352778014795	3.4000375	1.843919
12.882990722332197	3.465943	1.8617043
12.90062897316344	3.5321631	1.879405
12.918267530942412	3.670861	1.9159491
12.935906396103071	3.5567422	1.8859327
12.953545569079449	3.7014287	1.9239098
12.971185050305628	3.5178769	1.8756005
12.988824840215775	3.575159	1.890809
13.006464939244115	3.5791557	1.8918656
13.024105347824943	3.4283562	1.851582
13.041746066392617	3.4968517	1.8699871
13.05938709538157	3.3419757	1.8281071
13.077028435226296	3.3329554	1.8256383
13.094670086361363	3.2282097	1.7967219
13.112312049221401	3.1327865	1.7699679
13.129954324241112	3.0394347	1.7433975
13.147596911855258	2.89158	1.7004647
13.165239812498685	2.8612323	1.6915177
13.182883026606293	2.8207972	1.6795229
13.200526554613058	2.7675273	1.6635886
13.218170396954017	2.7233431	1.6502554
13.235814554064284	2.6987698	1.6427933
13.253459026379034	2.7060766	1.6450157
13.271103814333523	2.6701074	1.6340463
13.288748918363058	2.6222603	1.6193395
13.306394338903031	2.5699537	1.6031075
13.32404007638889	2.5574477	1.5992022
13.341686131256164	2.5661094	1.6019081
13.359332503940449	2.5965645	1.611386
13.376979194877402	2.6220784	1.6192833
13.394626204502751	2.6918511	1.6406862
13.412273533252307	2.6901822	1.6401775
13.429921181561937	2.6833885	1.6381052
13.447569149867581	2.6807573	1.6373018
13.465217438605247	2.6924965	1.6408828
13.482866048211022	2.6805668	1.6372436
13.500514979121052	2.622347	1.6193663
13.518164231771568	2.5890763	1.6090606
13.535813806598844	2.5720434	1.6037592
13.553463704039254	2.6146924	1.617001
13.571113924529229	2.6428337	1.6256795
13.588764468505275	2.6149821	1.6170906
13.606415336403956	2.6345015	1.6231147
13.624066528661917	2.6753592	1.6356525
13.641718045715882	2.7952511	1.6719005
13.659369888002635	2.8553176	1.6897686
13.67702205595903	2.9191246	1.7085446
13.694674550021993	2.9341383	1.7129327
13.712327370628532	2.9921024	1.7297695
13.729980518215713	3.073833	1.753235
13.747633993220681	3.1125762	1.7642494
13.765287796080647	3.1506102	1.7749958
13.7829419272329	3.190647	1.7862382
13.800596387114801	3.240629	1.8001747
13.818251176163775	3.2689304	1.8080183
13.835906294817324	3.2879374	1.8132671
13.853561743513023	3.3503754	1.8304031
13.871217522688525	3.3877413	1.8405818
13.888873632781538	3.4004347	1.8440268
13.906530074229858	3.4577105	1.859492
13.92418684747135	3.5046394	1.8720682
13.941843952943948	3.5100956	1.8735249
13.959501391085665	3.4508557	1.8576479
13.977159162334578	3.3793237	1.8382937
13.994817267128846	3.3668675	1.8349026
14.012475705906693	3.324007	1.8231859
14.030134479106424	3.2095218	1.7915138
14.047793587166414	3.0872867	1.7570677
14.065453030525108	3.0211356	1.7381414
14.083112809621026	2.9801605	1.7263142
14.100772924892766	2.9080052	1.7052875
14.118433376778997	2.889115	1.6997397
14.136094165718458	2.8147318	1.6777163
14.153755292149969	2.760267	1.6614051
14.171416756512416	2.6767356	1.6360732
14.189078559244768	2.6262722	1.6205777
14.20674070078606	2.5630434	1.6009507
14.224403181575408	2.507713	1.5835761
14.242066002051999	2.4841795	1.576128
14.259729162655093	2.4153435	1.5541376
14.277392663824022	2.3751767	1.5411608
14.295056505998208	2.3407998	1.5299673
14.312720689617128	2.3469706	1.5319825
14.330385215120348	2.3457506	1.5315844
14.348050082947497	2.3338764	1.5277029
14.3657152935383	2.3277307	1.5256902
14.383380847332528	2.3358366	1.5283444
14.401046744770051	2.3470745	1.5320165
14.418712986290798	2.3463748	1.5317881
14.436379572334793	2.371068	1.5398272
14.454046503342123	2.4133697	1.5535024
14.471713779752946	2.4221604	1.5563291
14.489381402007504	2.4084787	1.5519274
14.507049370546113	2.3505702	1.533157
14.524717685809168	2.3278909	1.5257428
14.542386348237134	2.3449693	1.5313293
14.560055358270553	2.396684	1.5481228
14.577724716350051	2.4203262	1.5557398
14.595394422916325	2.4498067	1.5651858
14.61306447841015	2.445583	1.563836
14.63073488327237	2.434414	1.5602609
14.648405637943917	2.418547	1.5551678
14.6660767428658	2.4168112	1.5546097
14.683748198479094	2.4736998	1.5728
14.701420005224954	2.5458837	1.5955825
14.719092163544628	2.6457481	1.6265756
14.73676467387942	2.6587698	1.6305735
14.754437536670727	2.6332955	1.6227432
14.772110752360014	2.5790155	1.6059314
14.78978432138882	2.5770755	1.6053272
14.807458244198777	2.6047156	1.6139132
14.82513252123159	2.6305437	1.6218951
14.842807152929028	2.637994	1.6241903
14.860482139732962	2.627027	1.6208106
14.87815748208531	2.6042812	1.6137786
14.8958331804281	2.6204402	1.6187774
14.91350923520342	2.591283	1.6097463
14.931185646853438	2.6255124	1.6203433
14.948862415820408	2.6197925	1.6185772
14.966539542546656	2.6406338	1.6250027
14.98421702747459	2.617051	1.6177301
15.001894871046696	2.603692	1.613596
15.019573073705542	2.6232414	1.6196424
15.037251635893766	2.6189976	1.6183317
15.054930558054092	2.64408	1.6260628
15.072609840629323	2.7175522	1.6485
15.090289484062351	2.844905	1.6866846
15.107969488796124	3.084429	1.7562543
15.125649855273691	3.4197476	1.8492559
15.14333058393817	3.8959203	1.9738085
15.161011675232768	4.894	2.2122388
15.17869312960076	6.2628937	2.5025773
15.196374947485506	8.077921	2.8421683
15.214057129330447	11.182258	3.3439882
15.231739675579114	15.898467	3.9872882
15.249422586675102	21.050589	4.588092
15.267105863062092	24.330652	4.932611
15.284789505183847	24.816984	4.9816647
15.302473513484218	22.840878	4.779213
15.320157888407127	19.27781	4.3906503
15.337842630396578	15.0240755	3.8760903
15.355527739896656	11.668627	3.4159372
15.37321321735153	8.988267	2.9980438
15.39089906320545	6.4665303	2.5429373
15.408585277902748	4.769509	2.1839206
15.42627186188783	3.6804514	1.9184502
15.443958815605198	3.1884038	1.7856102
15.461646139499424	2.9177752	1.7081497
15.479333834015168	2.7278228	1.6516122
15.497021899597165	2.6254556	1.6203258
15.514710336690234	2.5797145	1.606149
15.53239914573928	2.5157065	1.586098
15.550088327189297	2.477038	1.5738609
15.567777881485336	2.4686177	1.5711836
15.58546780907256	2.4824178	1.575569
15.6031581103962	2.4808383	1.5750678
15.620848785901568	2.4340596	1.5601473
15.638539836034063	2.4020019	1.5498393
15.656231261239173	2.392828	1.5468769
15.673923061962451	2.3926764	1.5468278
15.691615238649552	2.3957012	1.5478053
15.709307791746202	2.4134958	1.553543
15.727000721698221	2.4384058	1.5615395
15.744694028951498	2.4639359	1.569693
15.76238771395202	2.4139385	1.5536854
15.780081777145844	2.3635528	1.5373851
15.797776218979125	2.3617523	1.5367993
15.815471039898094	2.3799312	1.5427026
15.833166240349064	2.3690803	1.5391817
15.850861820778437	2.375832	1.5413735
15.868557781632699	2.3792346	1.5424768
15.886254123358412	2.3733172	1.5405575
15.903950846402232	2.3387892	1.5293101
15.921647951210897	2.3350308	1.5280807
15.939345438231225	2.2841306	1.5113341
15.957043307910133	2.2730958	1.507679
15.974741560694602	2.3039367	1.5178725
15.992440197031714	2.3764446	1.5415721
16.01013921736862	2.4218967	1.5562444
16.02783862215259	2.4204488	1.5557791
16.045538411830933	2.398556	1.5487273
16.06323858685107	2.3750756	1.541128
16.080939147660512	2.3432148	1.5307562
16.09864009470684	2.338219	1.5291235
16.11634142843774	2.332137	1.5271336
16.134043149300954	2.3564231	1.5350646
16.15174525774433	2.3787537	1.5423208
16.169447754215817	2.3989496	1.5488544
16.18715063916342	2.3904088	1.5460947
16.204853913035244	2.407388	1.551576
16.222557576279478	2.3892603	1.5457232
16.240261629344403	22.402435	4.733121
16.257966072678386	42.91699	6.551106
16.275670906729868	38.049152	6.1683993
16.293376131947387	2.4915683	1.5784702
16.31108174877957	2.5196545	1.587342
16.328787757675133	2.5434754	1.5948277
16.34649415908287	2.542454	1.5945075
16.364200953451657	2.5612679	1.6003962
16.38190814123048	2.5907257	1.6095731
16.39961572286839	2.610613	1.6157392
16.41732369881455	2.6281703	1.6211632
16.43503206951817	2.640489	1.6249582
16.45274083542859	2.6595228	1.6308043
16.47044999699522	2.718646	1.6488317
16.488159554667558	2.7485802	1.6578842
16.505869508895184	2.8230221	1.6801852
16.523579860127786	2.9010284	1.7032405
16.541290608815117	2.976744	1.7253243
16.559001755407035	3.021539	1.7382574
16.57671330035348	3.0417688	1.7440667
16.59442524410448	3.0775795	1.7543031
16.61213758711015	3.1416314	1.7724648
16.629850329820705	3.233355	1.7981533
16.647563472686436	3.3220851	1.8226588
16.665277016157724	3.3856025	1.8400006
16.682990960685053	3.4009757	1.8441734
16.70070530671898	3.4255228	1.8508168
16.718420054710155	3.4616542	1.8605521
16.736135205109335	3.537331	1.8807794
16.753850758367335	3.560127	1.8868299
16.771566714935087	3.616443	1.9016948
16.789283075263597	3.654068	1.9115616
16.80699983980398	3.7074778	1.9254812
16.82471700900741	3.7579956	1.938555
16.84243458332518	3.8289511	1.9567705
16.860152563208665	3.8751066	1.968529
16.87787094910932	3.9313543	1.9827644
16.89558974147871	3.965791	1.9914293
16.913308940768466	4.07685	2.0191212
16.931028547430333	4.1616945	2.040023
16.94874856191613	4.2435412	2.0599856
16.966468984677785	4.274029	2.0673723
16.98418981616729	4.292461	2.0718255
17.00191105683676	4.3763022	2.0919614
17.019632707138374	4.449705	2.1094325
17.03735476752442	4.5024476	2.1218972
17.05507723844728	4.5608115	2.1356056
17.072800120359403	4.5398912	2.130702
17.090523413713353	4.5459275	2.132118
17.108247118961785	4.571678	2.1381483
17.125971236557437	4.6540065	2.1573145
17.143695766953133	4.713539	2.1710687
17.161420710601806	4.681824	2.1637523
17.179146067956477	4.639684	2.1539927
17.19687183947025	4.641208	2.1543462
17.21459802559634	4.6424646	2.154638
17.232324626788028	4.613022	2.1477947
17.25005164349871	4.5705523	2.137885
17.267779076181863	4.56824	2.1373441
17.285506925291074	4.5111494	2.1239467
17.30323519127999	4.51278	2.1243305
17.320963874602384	4.48357	2.1174443
17.33869297571211	4.473598	2.1150882
17.356422495063114	4.467373	2.113616
17.37415243310944	4.444512	2.108201
17.391882790305218	4.4235415	2.1032217
17.40961356710468	4.4275928	2.1041846
17.42734476396215	4.473928	2.1151662
17.445076381332044	4.496047	2.1203885
17.462808419668868	4.595921	2.14381
17.48054087942723	4.708787	2.1699739
17.498273761061835	4.961515	2.2274458
17.51600706502747	5.373674	2.3181186
17.533740791779024	6.034748	2.4565725
17.551474941771485	7.438281	2.7273211
17.56920951545993	8.603601	2.9331896
17.586944513299528	10.954357	3.3097367
17.60467993574556	12.723659	3.5670238
17.622415783253373	14.648559	3.8273435
17.64015205627843	16.192835	4.024032
17.657888755276293	17.385302	4.1695685
17.675625880702604	17.844568	4.224283
17.69336343301311	17.601847	4.1954556
17.71110141266366	16.677376	4.083794
17.728839820110178	15.666392	3.9580793
17.746578655808705	14.654375	3.8281033
17.764317920215372	13.124538	3.6227806
17.7820576137864	11.478407	3.3879797
17.79979773697811	9.388094	3.0639997
17.81753829024692	7.413946	2.7228563
17.835279274049356	5.707005	2.388934
17.85302068884201	4.67234	2.1615596
17.870762535081607	4.104268	2.0258994
17.888504813224934	3.8163266	1.9535421
17.90624752372891	3.6581798	1.9126369
17.923990667050536	3.5754042	1.8908739
17.941734243646895	3.5337086	1.879816
17.959478253975185	3.4641771	1.86123
17.9772226984927	3.4153154	1.8480572
17.994967577656833	3.379699	1.8383957
18.01271289192506	3.3357952	1.8264159
18.030458641754965	3.288966	1.8135506
18.04820482760425	3.250287	1.8028553
18.06595144993067	3.2699854	1.8083102
18.083698509192125	3.2603693	1.8056493
18.101446005846576	3.2800086	1.8110794
18.119193940352105	3.2810287	1.8113611
18.136942313166887	3.2400827	1.800023
18.1546911247492	3.1724806	1.7811458
18.1724403755574	3.1365144	1.7710208
18.19019006604997	3.1029434	1.7615174
18.207940196685467	3.1026607	1.761437
18.225690767922575	3.11193	1.7640663
18.243441780220046	3.0995193	1.7605451
18.261193234036764	3.0614884	1.7497109
18.278945129831676	3.0135689	1.7359633
18.29669746806386	3.0068657	1.7340317
18.314450249192483	2.9985363	1.7316282
18.3322034736768	2.9777362	1.7256118
18.349957141976184	2.973956	1.7245162
18.3677112545501	3.0010762	1.7323614
18.385465811858108	2.9992929	1.7318467
18.403220814359884	2.989597	1.7290452
18.420976262515172	3.000907	1.7323126
18.43873215678387	3.0155425	1.7365317
18.456488497625923	3.0673525	1.7513859
18.474245285501407	3.165356	1.7791448
18.492002520870486	3.2430997	1.8008608
18.50976020419343	3.322373	1.8227377
18.527518335930615	3.5979261	1.89682
18.545276916542516	4.156977	2.0388668
18.563035946489688	4.3585267	2.0877085
18.580795426232832	4.791801	2.1890182
18.598555356232698	4.63548	2.1530166
18.616315736950185	4.93323	2.2210875
18.63407656884626	4.6528416	2.1570446
18.65183785238201	4.8231063	2.1961572
18.669599588018617	4.5292153	2.1281953
18.68736177621737	4.5044236	2.1223629
18.705124417439652	4.5475807	2.1325057
18.72288751214696	4.4345255	2.1058314
18.740651060800886	4.5626884	2.136045
18.758415063863115	4.298441	2.0732682
18.77617952179546	4.3554506	2.0869718
18.793944435059814	4.0671926	2.0167282
18.811709804118184	4.076046	2.018922
18.829475629432675	4.0889406	2.0221128
18.8472419114655	3.9529574	1.9882046
18.86500865067897	4.034333	2.008565
18.88277584753551	3.71596	1.9276825
18.90054350249763	3.693946	1.921964
18.918311616027957	3.358072	1.8325043
18.936080188589226	3.2517233	1.8032535
18.953849220644265	2.999537	1.7319171
18.971618712656007	2.8665547	1.6930903
18.9893886650875	2.8224518	1.6800154
19.007159078401887	8.002041	2.8287878
19.024929953062408	32.873318	5.7335258
19.042701289532435	32.851547	5.731627
19.060473088275405	25.386553	5.038507
19.07824534975489	2.6445208	1.6261983
19.096018074434568	2.602998	1.6133809
19.113791262778197	2.5898325	1.6092957
19.13156491524966	2.570989	1.6034304
19.149339032312945	2.5484204	1.5963773
19.167113614432136	2.5350666	1.5921892
19.184888662071433	2.5556567	1.5986421
19.202664175695123	2.5339308	1.5918325
19.220440155767623	2.533467	1.5916868
19.238216602753447	2.538966	1.5934134
19.2559935171172	2.5573874	1.5991833
19.27377089932361	2.5614877	1.6004648
19.291548749837514	2.494581	1.5794243
19.309327069123835	2.4741766	1.5729516
19.32710585764763	2.4746027	1.573087
19.344885115874032	2.479982	1.5747958
19.362664844268313	2.4610927	1.568787
19.380445043295822	2.4318733	1.5594465
19.39822571342203	2.4235587	1.5567783
19.41600685511252	2.4272637	1.5579678
19.43378846883297	2.4521399	1.565931
19.451570555049173	2.4740334	1.572906
19.469353114227037	2.4943426	1.5793488
19.48713614683254	2.4817963	1.5753717
19.50491965333182	2.4924457	1.5787481
19.52270363419109	2.474319	1.5729969
19.540488089876686	2.4657807	1.5702804
19.55827302085503	2.4450185	1.5636555
19.576058427592674	2.4601855	1.5684979
19.593844310556282	2.4433358	1.5631173
19.611630670212598	2.4238224	1.556863
19.629417507028506	2.44586	1.5639246
19.64720482147098	2.4852142	1.5764562
19.6649926140071	2.458235	1.567876
19.682780885104084	2.4226475	1.5564857
19.70056963522921	2.420225	1.5557072
19.718358864849908	2.4159486	1.5543323
19.7361485744337	2.4007728	1.5494428
19.753938764448215	2.4111838	1.5527987
19.771729435361202	2.4472034	1.564354
19.789520587640506	2.4761562	1.5735807
19.807312221754092	2.472218	1.5723288
19.825104338170043	2.469772	1.5715508
19.842896937356517	2.4537773	1.5664537
19.860690019781824	2.4648592	1.569987
19.87848358591436	2.5139358	1.5855396
19.896277636222635	2.5113044	1.5847095
19.914072171175278	2.4759433	1.573513
19.931867191241015	2.48347	1.5759029
19.94966269688869	2.5003545	1.5812509
19.967458688587264	2.4995348	1.5809917
19.985255166805807	2.4289043	1.5584942
20.00305213201348	2.4246752	1.5571369
20.020849584679578	2.4208207	1.5558987
20.038647525273507	2.4226377	1.5564824
20.05644595426477	2.4070654	1.551472
20.07424487212299	2.3973033	1.5483228
20.092044279317903	2.410972	1.5527306
20.109844176319353	2.4127927	1.5533167
20.127644563597304	2.3735838	1.5406439
20.145445441621817	2.3706973	1.5397068
20.16324681086307	2.3702886	1.5395741
20.181048671791373	2.357193	1.5353153
20.198851024877122	2.306587	1.5187452
20.216653870590836	2.3366904	1.5286237
20.234457209403146	2.339946	1.5296882
20.252261041784802	2.366864	1.5384616
20.270065368206662	2.3579092	1.5355484
20.287870189139685	2.3590322	1.5359141
20.305675505054968	2.3554406	1.5347445
20.323481316423702	2.336811	1.5286632
20.341287623717207	2.327639	1.5256603
20.359094427406884	2.3098884	1.5198317
20.376901727964288	2.3126857	1.5207517
20.39470952586107	2.320894	1.5234481
20.41251782156899	2.3323393	1.5271999
20.430326615559935	2.336128	1.5284398
20.448135908305886	2.310079	1.5198945
20.465945700278965	2.3262863	1.5252168
20.483755991951384	2.3245232	1.5246388
20.50156678379548	2.3075747	1.5190704
20.519378076283708	2.281687	1.5105255
20.537189869888635	2.2972643	1.5156729
20.55500216508294	2.3170319	1.52218
20.572814962339415	2.324439	1.5246111
20.59062826213098	2.3196979	1.5230554
20.60844206493066	2.3179822	1.522492
20.626256371211593	2.3080459	1.5192254
20.644071181447032	2.3094282	1.5196803
20.66188649611036	2.2829647	1.5109483
20.67970231567506	2.2606628	1.50355
20.697518640614742	2.2703557	1.50677
20.715335471403122	2.2928605	1.5142194
20.73315280851404	2.3064737	1.5187079
20.750970652421447	2.293146	1.5143137
20.768789003599412	2.2786837	1.5095309
20.786607862522136	2.2736235	1.507854
20.8044272296639	2.2778	1.5092382
20.82224710549913	2.273292	1.5077441
20.84006749050237	2.2916095	1.5138063
20.857888385148268	3.8187685	1.954167
20.8757097899116	45.894154	6.7745223
20.893531705267254	64.77156	8.048079
20.911354131690224	83.80728	9.154632
20.92917706965566	69.06795	8.310713
20.94700051963877	50.096546	7.0778913
20.96482448211493	29.358387	5.418338
20.982648957559622	4.1037207	2.0257642
21.00047394644843	2.209275	1.486363
21.01829944925707	2.2010405	1.4835904
21.036125466461375	2.2164953	1.4887899
21.053951998537297	2.221073	1.4903264
21.071779045960906	2.2315822	1.4938481
21.089606609208378	2.222843	1.4909202
21.10743468875603	2.22084	1.4902483
21.12526328508028	2.2137399	1.4878643
21.143092398657675	2.1894674	1.479685
21.16092202996488	2.1756198	1.4749982
21.17875217947867	2.1561096	1.4683697
21.19658284767596	2.1614032	1.4701711
21.21441403503377	2.14801	1.4656091
21.232245742029225	2.1537673	1.467572
21.2500779691396	2.1519141	1.4669404
21.26791071684227	2.142371	1.4636841
21.28574398561475	2.1025262	1.450009
21.30357777593465	2.1001465	1.4491882
21.321412088279704	2.1078281	1.4518361
21.339246923127792	2.1298344	1.4593952
21.357082280956888	2.1146307	1.454177
21.3749181622451	2.0672274	1.4377856
21.392754567470647	2.06195	1.4359492
21.41059149711187	2.094161	1.4471216
21.42842895164726	2.114999	1.4543036
21.446266931555378	2.069606	1.4386126
21.464105437314945	2.0672562	1.4377956
21.481944469404798	2.0920725	1.4463998
21.49978402830388	2.0949605	1.4473978
21.51762411449127	2.093793	1.4469944
21.53546472844617	2.0976725	1.4483343
21.553305870647876	2.1045482	1.4507061
21.571147541575865	2.1100044	1.4525855
21.58898974170967	2.0857925	1.4442273
21.60683247152899	2.0529215	1.432802
21.62467573151363	2.026285	1.4234763
21.642519522143523	2.0376866	1.4274756
21.660363843898722	2.0058548	1.416282
21.6782086972594	2.0252914	1.4231273
21.696054082705864	2.0368354	1.4271774
21.713900000718535	2.02885	1.4243771
21.73174645177795	2.006217	1.4164099
21.749593436364794	2.007824	1.416977
21.767440954959845	2.0278265	1.4240178
21.785289008044032	2.0262308	1.4234574
21.803137596098388	2.0220196	1.4219774
21.820986719604086	1.9995805	1.4140652
21.838836379042412	1.9972713	1.4132485
21.85668657489478	2.002451	1.4150798
21.87453730764273	2.0150445	1.4195226
21.892388577767914	2.0205703	1.4214677
21.91024038575213	2.020762	1.421535
21.928092732077285	1.9998913	1.4141752
21.945945617225426	2.006622	1.4165529
21.963799041678694	2.020744	1.4215288
21.981653005919398	31.37992	5.601778
21.999507510429943	78.150856	8.840298
22.01736255569286	73.09721	8.549691
22.035218142190818	4.1689234	2.041794
22.05307427040661	1.9780252	1.4064229
22.07093094082315	1.9304527	1.3894073
22.088788153923474	1.9357914	1.3913271
22.106645910190746	1.9562161	1.3986479
22.12450421010827	1.9965174	1.4129817
22.142363054159464	2.011999	1.4184495
22.16022244282787	1.9989154	1.41383
22.178082376597164	1.9554926	1.3983893
22.195942855951145	1.9369677	1.3917499
22.213803881373742	1.9530768	1.3975253
22.231665453349002	1.985077	1.4089276
22.24952757236111	2.0060227	1.4163413
22.26739023889438	1.998983	1.413854
22.28525345343323	1.9598634	1.3999512
22.30311721646225	1.9276553	1.3884003
22.320981528466113	1.9268643	1.3881154
22.33884638992964	1.9427965	1.3938423
22.356711801337788	1.9616276	1.4005811
22.37457776317561	1.9808663	1.4074326
22.392444275928337	1.9901167	1.410715
22.410311340081282	1.9902676	1.4107685
22.428178956119904	1.9536617	1.3977345
22.446047124529805	1.9515147	1.3969662
22.46391584579669	1.9187168	1.3851775
22.481785120406414	1.9315294	1.3897947
22.49965494884496	1.9008801	1.3787241
22.51752533159841	1.8866177	1.3735421
22.53539626915302	1.8786743	1.3706474
22.553267761995137	1.9127411	1.3830189
22.571139810611264	1.9218764	1.3863176
22.589012415488025	1.9064596	1.380746
22.60688557711216	1.8643023	1.3653946
22.624759295970566	1.8713379	1.3679686
22.642633572550263	1.9245828	1.3872933
22.660508407338362	1.9710557	1.403943
22.67838380082217	1.9778718	1.4063683
22.696259753489077	1.9582552	1.3993767
22.714136265826614	1.9499552	1.396408
22.73201333832246	1.9490696	1.3960909
22.74989097146439	1.9475764	1.395556
22.76776916574035	1.9577941	1.399212
22.785647921638393	1.9370999	1.3917974
22.803527239646712	1.9310504	1.3896224
22.82140712025363	1.919214	1.385357
22.839287563947593	1.9245667	1.3872875
22.85716857121719	1.8908973	1.3750991
22.875050142551135	1.8952261	1.3766721
22.892932278438277	1.9429413	1.3938943
22.910814979367604	1.9346008	1.3908993
22.928698245828222	1.9354193	1.3911935
22.946582078309387	1.9204254	1.3857942
22.96446647730047	1.8985124	1.3778652
22.98235144329098	1.8367195	1.3552562
23.000236976770562	1.8265219	1.3514887
23.018123078229	1.8775098	1.3702226
23.03600974815619	1.9009905	1.3787642
23.053896987042194	1.9199978	1.3856399
23.071784795377173	1.9126625	1.3829905
23.08967317365145	1.9093637	1.3817973
23.10756212235546	1.8803656	1.3712642
23.125451641979787	1.9134113	1.3832611
23.143341733015134	1.9302167	1.3893224
23.161232395952357	1.8980485	1.3776969
23.179123631282426	1.8677315	1.3666497
23.197015439496468	1.8613681	1.3643197
23.214907821085717	1.893079	1.375892
23.23280077654157	1.895318	1.3767055
23.250694306355538	1.9283081	1.3886354
23.268588411019277	1.9435203	1.394102
23.28648309102458	1.9192001	1.385352
23.304378346863356	1.921101	1.3860378
23.322274179027676	1.925784	1.3877262
23.340170588009723	1.9245386	1.3872774
23.358067574301852	1.8789248	1.3707387
23.37596513839651	1.8659174	1.3659859
23.39386328078629	1.8877052	1.3739378
23.411762001963947	1.8904077	1.374921
23.429661302422353	1.914107	1.3835125
23.4475611826545	1.9567318	1.3988323
23.46546164315356	1.986622	1.4094758
23.48336268441279	2.004439	1.4157822
23.501264306925638	2.0046122	1.4158432
23.51916651118564	1.980034	1.4071368
23.537069297686497	1.9948193	1.4123807
23.554972666922037	1.9547635	1.3981286
23.57287661938623	1.8881811	1.374111
23.59078115557318	1.8481002	1.3594484
23.608686275977128	1.8585191	1.3632752
23.62659198109246	1.8928782	1.3758191
23.6444982714137	1.9102166	1.3821058
23.66240514743549	1.9100341	1.3820398
23.68031260965263	1.9013526	1.3788954
23.698220658560068	1.8941295	1.3762738
23.716129294652845	1.8998142	1.3783375
23.7340385184262	1.9119408	1.3827295
23.75194833037546	1.9323349	1.3900845
23.769858730996123	1.9289762	1.3888758
23.78776972078382	1.9198964	1.3856033
23.80568130023431	1.8594239	1.3636069
23.823593469843495	1.8339622	1.3542386
23.841506230107424	1.8600736	1.3638451
23.859419581522275	1.9044793	1.3800287
23.87733352458438	1.8757219	1.36957
23.89524805979019	1.8505924	1.3603648
23.913163187636318	1.8230039	1.3501866
23.931078908619508	1.8705157	1.367668
23.948995223236633	1.9067212	1.3808408
23.966912131984735	1.9085802	1.3815137
23.98482963536096	1.9575278	1.3991168
24.002747733862616	1.9963907	1.4129369
24.020666427987155	2.0229533	1.4223056
24.038585718232156	2.031053	1.4251502
24.056505605095353	2.0505533	1.4319754
24.074426089074617	2.0591478	1.4349731
24.092347170667946	2.0184166	1.42071
24.110268850373515	1.9844819	1.4087164
24.128191128689586	1.9754275	1.405499
24.146114006114626	1.9573623	1.3990576
24.164037483147187	2.0278938	1.4240414
24.181961560286005	2.0554225	1.4336745
24.199886238029926	2.057176	1.4342859
24.21781151687797	2.02668	1.4236151
24.235737397329274	2.0265975	1.4235861
24.253663879883135	2.0772095	1.4412527
24.271590965038975	2.11179	1.4531999
24.289518653296376	2.0766146	1.4410464
24.30744694515505	2.0543027	1.4332839
24.32537584111486	2.054295	1.4332812
24.34330534167581	2.0290635	1.424452
24.361235447338046	2.0205142	1.421448
24.379166158601876	2.0305371	1.4249692
24.39709747596772	2.0163577	1.419985
24.41502939993615	1.9900144	1.4106787
24.432961931007917	1.9440725	1.3943
24.450895069683856	1.9837296	1.4084494
24.468828816465	1.9804521	1.4072853
24.4867631718525	1.939767	1.3927552
24.504698136347656	1.9167155	1.384455
24.52263371045192	1.9315684	1.3898088
24.540569894666874	1.9462523	1.3950815
24.558506689494266	1.9467288	1.3952522
24.57644409543597	1.9133053	1.3832228
24.594382112994012	1.8966686	1.377196
24.61232074267057	1.8832177	1.3723038
24.630259984967953	1.9087344	1.3815695
24.64819984038863	1.943771	1.3941919
24.66614030943522	1.9664117	1.4022881
24.684081392610462	1.9413488	1.393323
24.702023090417274	1.9518207	1.3970758
24.7199654033587	1.9555851	1.3984224
24.737908331937927	1.9939393	1.4120692
24.755851876658305	2.0298953	1.4247439
24.773796038023324	2.0248508	1.4229726
24.79174081653661	2.0287282	1.4243343
24.809686212701962	2.0302463	1.4248672
24.827632227023294	2.076063	1.4408549
24.8455788600047	2.0950546	1.4474304
24.8635261121504	2.0968	1.4480332
24.88147398396475	2.0620573	1.4359865
24.899422475952303	2.054774	1.4334483
24.917371588617698	2.0737858	1.4400645
24.935321322465768	2.0944812	1.4472322
24.953271678001478	2.2253163	1.4917494
24.97122265572994	2.4309754	1.5591586
24.989174256156414	2.7421515	1.6559443
25.00712647978632	3.2049282	1.7902313
25.02507932712521	3.8223238	1.9550765
25.043032798678798	4.448208	2.1090775
25.060986894952933	5.117153	2.2621126
25.078941616453637	5.9773145	2.4448547
25.096896963687055	6.973448	2.6407287
25.114852937159508	8.146808	2.8542614
25.132809537377444	8.554378	2.9247868
25.150766764847468	8.479139	2.9118962
25.168724620076347	7.847718	2.8013778
25.186683103570985	6.8216815	2.611835
25.204642215838426	5.597175	2.365835
25.222601957385894	4.110889	2.0275328
25.24056232872074	3.0818696	1.7555255
25.25852333035048	2.5165586	1.5863665
25.276484962782778	2.2355213	1.495166
25.294447226525435	2.0988908	1.4487549
25.312410122086423	1.9991281	1.4139053
25.330373649973843	1.9478518	1.3956546
25.348337810695988	1.9213225	1.3861178
25.366302604761245	1.8727833	1.3684968
25.384268032678207	1.8463675	1.358811
25.40223409495558	1.8906634	1.375014
25.420200792102257	1.9026042	1.3793492
25.438168124627246	1.9524496	1.3973008
25.45613609303974	1.9466277	1.395216
25.474104697849057	1.8881452	1.374098
25.492073939564698	1.8251357	1.3509759
25.510043818696285	1.7870905	1.3368211
25.528014335753614	1.8056242	1.3437352
25.54598549124664	1.8030778	1.3427874
25.56395728568544	1.8410386	1.3568487
25.58192971958028	1.877226	1.370119
25.59990279344156	1.887034	1.3736936
25.617876507779833	1.8696507	1.3673518
25.635850863105826	1.8358747	1.3549446
25.653825859930386	1.8361428	1.3550434
25.671801498764548	1.8596393	1.363686
25.68977778011949	1.8985577	1.3778815
25.707754704506524	1.8904164	1.3749242
25.725732272437153	1.8763903	1.369814
25.743710484423012	1.8174584	1.3481314
25.761689340975888	1.8340355	1.3542657
25.77966884260774	1.8392404	1.356186
25.797648989830662	1.8341634	1.3543129
25.815629783156922	1.7996225	1.3415002
25.83361122309895	1.7878036	1.3370878
25.85159331016929	1.7594197	1.3264312
25.869576044880695	1.7462536	1.3214589
25.887559427746034	1.7522433	1.3237233
25.90554345927836	1.773561	1.3317511
25.92352813999086	1.7948653	1.3397259
25.94151347039689	1.8063359	1.344
25.959499451009965	1.8170215	1.3479694
25.97748608234374	1.8150516	1.3472385
25.995473364912062	1.8493556	1.3599101
26.013461299228904	1.8357143	1.3548853
26.03144988580839	1.8104371	1.3455248
26.04943912516483	1.7998075	1.3415691
26.067429017812675	1.7921808	1.3387235
26.085419564266537	1.8101848	1.3454311
26.103410765041186	1.7766799	1.3329215
26.12140262065155	1.7759923	1.3326637
26.139395131612723	1.8094645	1.3451633
26.157388298439948	1.8114343	1.3458953
26.17538212164861	1.7973692	1.34066
26.193376601754295	1.7462512	1.321458
26.211371739272714	1.7748682	1.3322418
26.229367534719746	1.7987084	1.3411593
26.247363988611433	1.8292384	1.3524934
26.26536110146397	1.8187039	1.3485934
26.283358873793727	1.8136923	1.3467339
26.301357306117204	1.7863379	1.3365395
26.319356398951104	1.7643529	1.3282895
26.33735615281224	1.7729857	1.3315351
26.35535656821762	1.7814112	1.3346951
26.373357645684404	1.820719	1.3493402
26.39135938572991	1.860118	1.3638614
26.409361788871614	1.8531862	1.3613179
26.427364855627165	1.7825058	1.3351052
26.445368586514352	1.7790185	1.3337985
26.46337298205115	1.7455357	1.3211873
26.48137804275568	1.7229772	1.3126222
26.499383769146217	1.7245903	1.3132366
26.517390161741215	1.8023806	1.3425276
26.53539722105928	1.8857301	1.3732189
26.553404947619182	1.9065515	1.3807793
26.571413341939856	1.8741883	1.36901
26.589422404540397	1.8401606	1.3565252
26.60743213594006	1.820605	1.349298
26.62544253665827	1.7842171	1.3357459
26.64345360721459	1.7941525	1.3394598
26.66146534812879	1.8046952	1.3433895
26.679477759920758	1.782018	1.3349224
26.69749084311057	1.7532046	1.3240863
26.71550459821847	1.771832	1.3311018
26.733519025764842	1.7952816	1.3398812
26.751534126270258	1.7684731	1.3298395
26.769549900255434	1.7137663	1.309109
26.787566348241267	1.7059349	1.3061144
26.80558347074881	1.7444385	1.3207719
26.823601268299267	1.8186958	1.3485903
26.841619741414036	1.8575754	1.362929
26.85963889061465	1.885613	1.3731762
26.877658716422832	1.821497	1.3496284
26.89567921936045	1.7809917	1.334538
26.913700399949544	1.8425592	1.357409
26.93172225871233	1.8713	1.3679546
26.949744796171174	1.8005619	1.3418502
26.967768012848605	1.7522842	1.3237387
26.98579190926733	1.742967	1.3202147
27.003816485950225	1.7429298	1.3202007
27.021841743420318	1.7754552	1.3324621
27.039867682200814	1.7904558	1.3380791
27.057894302815072	1.7856159	1.3362694
27.07592160578664	1.8081653	1.3446804
27.0939495916392	1.7722312	1.3312517
27.111978260896635	1.7434362	1.3203925
27.13000761408296	1.763665	1.3280305
27.148037651722397	1.8091127	1.3450326
27.166068374339304	1.7807808	1.334459
27.184099782458215	1.7581602	1.3259563
27.20213187660384	1.7850128	1.3360437
27.22016465730105	1.8252248	1.3510088
27.23819812507487	1.8150716	1.3472459
27.256232280450533	1.7887156	1.3374287
27.274267123953383	1.806499	1.3440607
27.292302656108987	1.8378233	1.3556634
27.31033887744306	1.8454924	1.358489
27.32837578848146	1.8030756	1.3427864
27.34641338975026	1.7917596	1.3385663
27.364451681775673	1.818228	1.3484168
27.382490665084074	1.825295	1.3510348
27.400530340202046	1.8267024	1.3515556
27.41857070765629	1.8264453	1.3514605
27.436611767973726	1.8049519	1.343485
27.454653521681404	1.8030932	1.3427931
27.472695969306564	1.8033826	1.3429009
27.490739111376627	1.7814261	1.3347007
27.508782948419153	1.7883587	1.3372953
27.526827480961902	1.7790204	1.3337992
27.54487270953279	1.780159	1.334226
27.562918634659898	1.7407174	1.3193625
27.580965256871508	1.7209263	1.3118408
27.599012576696026	1.732448	1.3162249
27.617060594662068	1.8180846	1.3483636
27.63510931129842	1.8239237	1.3505272
27.65315872713401	1.7937682	1.3393162
27.67120884269797	1.7401149	1.3191341
27.68925965851958	1.7693121	1.3301549
27.707311175128307	1.7844771	1.3358432
27.725363393053787	1.812051	1.3461244
27.74341631282583	1.8206638	1.3493198
27.7614699349744	1.80101	1.3420172
27.77952426002968	1.9857359	1.4091614
27.797579288521973	2.0551367	1.4335748
27.815635020981784	2.355793	1.5348593
27.83369145793979	2.361245	1.5366343
27.85174859992682	2.2328126	1.49426
27.869806447473923	2.1752381	1.4748689
27.887865001112267	1.9915472	1.4112219
27.905924261373233	1.9221746	1.3864251
27.92398422878836	1.902649	1.3793654
27.94204490388936	1.8716792	1.3680933
27.96010628720813	1.8297743	1.3526915
27.978168379276728	1.7817013	1.3348038
27.9962311806274	1.7878073	1.3370892
28.014294691792568	1.8056518	1.3437455
28.0323589133048	1.8374716	1.3555337
28.050423845696887	1.8563157	1.3624668
28.068489489501758	1.868546	1.3669477
28.086555845252523	1.8357568	1.3549011
28.104622913482487	1.800266	1.3417399
28.122690694725115	1.8196408	1.3489406
28.14075918951405	1.8408145	1.3567662
28.15882839838312	1.8422694	1.3573023
28.176898321866304	1.8503611	1.3602798
28.1949689604978	1.8573154	1.3628336
28.213040314811945	1.8638145	1.3652159
28.23111238534327	1.821965	1.3498018
28.249185172626493	1.8179294	1.3483061
28.267258677196473	1.8395566	1.3563025
28.285332899588294	1.9035888	1.379706
28.303407840337172	1.9382322	1.392204
28.321483499978545	1.9246452	1.3873159
28.33955987904799	1.9311343	1.3896526
28.357636978081285	1.9078867	1.3812628
28.37571479761439	1.9058509	1.3805256
28.393793338183425	1.8953699	1.3767244
28.41187260032469	1.8822235	1.3719414
28.429952584574686	1.914144	1.383526
28.448033291470065	1.9674368	1.4026535
28.46611472154769	1.9359661	1.39139
28.484196875344566	1.9513873	1.3969207
28.502279753397914	1.9898514	1.4106209
28.52036335624511	1.9882091	1.4100387
28.538447684423716	1.986398	1.4093963
28.556532738471482	1.9802752	1.4072225
28.574618518926325	1.9622554	1.4008052
28.59270502632635	1.9368855	1.3917203
28.61079226120985	1.9278059	1.3884546
28.628880224115274	1.9739339	1.4049675
28.646968915581287	2.0372148	1.4273103
28.66505833614671	2.01018	1.4178082
28.68314848635055	1.9997932	1.4141405
28.701239366732004	2.0464478	1.430541
28.71933097783044	2.0758905	1.4407951
28.737423320185403	2.1139643	1.4539478
28.75551639433665	2.156666	1.4685591
28.773610200824074	2.1141033	1.4539956
28.791704740187793	2.0767863	1.441106
28.80980001296809	2.036735	1.4271423
28.827896019705413	2.0961826	1.44782
28.845992760940433	2.1665502	1.4719206
28.86409023721397	2.1954834	1.4817164
28.88218844906704	2.1841323	1.4778811
28.900287397040845	2.1669943	1.4720714
28.918387081676755	2.1978595	1.482518
28.936487503516343	2.2455268	1.4985082
28.954588663101365	2.196604	1.4820945
28.97269056097374	2.1998131	1.4831767
28.990793197675597	2.2621784	1.504054
29.00889657374923	2.3952675	1.5476651
29.027000689737125	2.446508	1.5641317
29.04510554618196	2.3970816	1.5482512
29.06321114362659	2.3591673	1.5359582
29.08131748261405	2.4197073	1.5555408
29.099424563687567	2.5212178	1.5878344
29.11753238739057	2.5899842	1.6093428
29.13564095426663	2.5806286	1.6064335
29.15375026485954	2.5459359	1.5955989
29.171860319713275	2.560414	1.6001294
29.18997111937199	2.6361022	1.6236078
29.20808266438002	2.7289839	1.6519636
29.226194955281898	2.746289	1.6571931
29.244307992622335	2.720328	1.6493417
29.26242177694624	2.8016565	1.6738149
29.2805363087987	2.8413472	1.6856296
29.29865158872498	2.877466	1.6963096
29.316767617270557	2.9269605	1.7108362
29.334884394981064	2.9732149	1.7243012
29.353001922402367	2.9506428	1.7177435
29.37112020008047	2.98678	1.7282302
29.389239228561596	3.161016	1.7779247
29.407359008392152	3.359017	1.8327621
29.42547954011872	3.6777	1.9177331
29.44360082428809	4.296133	2.0727115
29.46172286144722	5.3981977	2.3234022
29.479845652143283	7.1386642	2.6718278
29.497969196923606	9.461465	3.0759494
29.516093496335728	12.265653	3.5022354
29.5342185509274	15.323038	3.9144652
29.55234436124651	17.69537	4.2065864
29.570470927841175	19.126734	4.373412
29.588598251259686	18.775936	4.333121
29.60672633205055	17.169754	4.14364
29.624855170762405	14.832751	3.851331
29.642984767944146	11.896749	3.4491663
29.66111512414481	9.017341	3.0028887
29.67924623991366	6.6220703	2.5733383
29.697378115800138	5.047628	2.2466927
29.71551075235387	4.126074	2.0312738
29.733644150124675	3.662519	1.9137709
29.751778309662576	3.4571362	1.8593376
29.769913231517766	3.357672	1.8323952
29.78804891624066	3.3181748	1.8215858
29.806185364381818	3.2689536	1.8080248
29.82432257649206	3.232071	1.7977961
29.842460553122333	3.2696838	1.8082267
29.86059929482382	3.321545	1.8225106
29.878738802147872	3.3292089	1.824612
29.896879075646048	3.24463	1.8012856
29.915020115870114	3.1960514	1.7877504
29.933161923371976	3.2124503	1.792331
29.951304498703777	3.2933471	1.8147582
29.969447842417857	3.2692785	1.8081146
29.987591955066733	3.1927454	1.7868255
30.005736837203123	3.1271055	1.7683624
30.023882489379943	3.1361017	1.7709042
30.04202891215028	3.1700351	1.7804593
30.060176106067455	3.155345	1.776329
30.078324071684946	3.1279166	1.7685916
30.09647280955646	3.0759919	1.7538506
30.114622320235863	3.0576673	1.7486187
30.132772604277257	3.1042004	1.7618741
30.1509236622349	3.1488938	1.7745123
30.16907549466328	3.1373744	1.7712635
30.18722810211705	3.098476	1.7602488
30.205381485151097	3.046493	1.7454206
30.22353564432045	2.9984434	1.7316014
30.241690580180403	2.9242744	1.7100511
30.25984629328638	2.9173725	1.7080318
30.278002784194037	2.9381056	1.7140903
30.296160053459246	2.9035614	1.703984
30.314318101638033	2.84981	1.688138
30.332476929286646	2.8381643	1.6846852
30.35063653696153	2.8582206	1.6906272
30.368796925219307	2.911393	1.7062805
30.386958094616844	2.8835704	1.6981078
30.40512004571115	2.8702278	1.6941746
30.423282779059463	2.8834953	1.6980858
30.441446295219233	2.8626509	1.691937
30.459610594748067	2.9059668	1.7046896
30.47777567820382	2.8076825	1.6756141
30.495941546144504	2.8142416	1.6775701
30.51410819912835	2.795782	1.6720592
30.532275637713795	2.7946973	1.6717348
30.55044386245946	2.8110516	1.676619
30.56861287392416	2.8273234	1.6814647
30.586782672666956	2.8137054	1.6774104
30.604953259247047	2.8648727	1.6925935
30.623124634223885	2.8651686	1.6926808
30.641296798157075	2.7753847	1.6659486
30.659469751606462	2.7226582	1.6500479
30.677643495132074	2.7424998	1.6560495
30.695818029294152	2.852392	1.6889026
30.713993354653116	2.856304	1.6900604
30.73216947176962	2.8154829	1.67794
30.75034638120448	2.7334402	1.6533118
30.768524083518756	2.6714368	1.634453
30.786702579273673	2.702645	1.6439724
30.80488186903069	2.8232477	1.6802523
30.82306195335144	2.9139237	1.707022
30.841242832797782	3.043771	1.7446407
30.85942450793176	3.3593452	1.8328516
30.877606979315637	3.7544196	1.9376324
30.895790247511883	4.225696	2.0556498
30.913974313083134	4.653533	2.1572049
30.932159176592283	4.889469	2.2112143
30.95034483860237	4.853076	2.2029698
30.968531299676698	4.6431956	2.1548076
30.98671856037873	4.314838	2.0772188
31.00490662127215	3.979547	1.9948802
31.023095482920848	3.581491	1.8924828
31.04128514588892	3.2000132	1.788858
31.059475610740662	2.8630617	1.6920584
31.07766687804056	2.5912795	1.6097451
31.09585894835335	2.4148853	1.5539901
31.11405182224393	2.3712103	1.5398735
31.132245500277417	2.4163163	1.5544505
31.15043998301914	2.4740367	1.5729071
31.168635271034628	2.4687703	1.5712321
31.18683136488964	2.484636	1.5762728
31.20502826515008	2.4230237	1.5566064
31.223225972382135	2.3476088	1.5321908
31.241424487152155	2.3057096	1.5184563
31.259623810026692	2.350375	1.5330932
31.27782394157253	2.404086	1.5505116
31.296024882356644	2.3408144	1.529972
31.314226632946237	2.30657	1.5187396
31.332429193908684	2.3701315	1.5395231
31.350632565811598	2.4029157	1.5501341
31.368836749222787	2.3981786	1.5486053
31.387041744710295	2.4551392	1.5668883
31.40524755284232	2.6086686	1.6151373
31.423454174187317	2.5880334	1.6087366
31.441661609313922	2.5284681	1.5901158
31.459869858791002	2.4457698	1.5638957
31.478078923187628	2.4078999	1.5517409
31.496288803073064	2.4372046	1.5611548
31.514499499016807	2.3912082	1.5463532
31.532711011588546	2.2567139	1.5022362
31.550923341358178	2.2189546	1.4896156
31.56913648889584	2.2667906	1.5055865
31.587350454771844	2.305508	1.5183899
31.605565239556732	2.3227413	1.5240542
31.62378084382127	2.2751667	1.5083656
31.641997268136382	2.191263	1.4802915
31.660214513073274	2.2250102	1.4916468
31.67843257920331	2.2684216	1.5061281
31.6966514670981	2.2255561	1.4918298
31.71487117732944	2.2058468	1.4852093
31.733091710469346	2.269981	1.5066456
31.751313067090052	2.3188007	1.5227609
31.769535247764008	2.2719626	1.5073031
31.787758253063878	2.1895695	1.4797194
31.805982083562526	2.1675906	1.472274
31.824206739833024	2.2389379	1.4963081
31.84243222244869	2.2136369	1.4878296
31.860658531983013	2.1495981	1.4661508
31.878885669009737	2.1486127	1.4658147
31.897113634102784	2.1775453	1.4756508
31.91534242783632	2.2111824	1.4870045
31.933572050784694	2.1983001	1.4826666
31.951802503522508	2.1868517	1.4788008
31.970033786624548	2.2272232	1.4923884
31.988265900665834	2.2129369	1.4875944
32.006498846221575	2.1218982	1.4566736
32.02473262386724	2.0159936	1.4198569
32.04296723417845	2.0610015	1.4356189
32.0612026777311	2.1478815	1.4655652
32.07943895510129	2.2183952	1.4894278
32.097676066865304	2.2390552	1.4963473
32.115914013599685	2.2333183	1.4944291
32.13415279588115	2.132051	1.4601544
32.152392414286666	2.1347082	1.4610641
32.1706328693934	2.1780093	1.475808
32.18887416177875	2.1557674	1.4682531
32.20711629202032	2.0944068	1.4472066
32.225359260695924	2.0716095	1.4393086
32.243603068383614	2.1219034	1.4566754
32.26184771566166	2.14757	1.465459
32.28009320310852	2.1083667	1.4520216
32.2983395313029	2.1037922	1.4504455
32.31658670082372	2.130188	1.4595164
32.33483471225012	2.0870466	1.4446614
32.35308356616143	2.0365057	1.4270619
32.371333263137245	2.0066063	1.4165473
32.38958380375734	2.0353699	1.4266639
32.407835188601744	2.1094012	1.4523778
32.42608741825067	2.0996938	1.4490321
32.444340493284585	2.0332654	1.4259261
32.46259441428416	1.9710778	1.4039508
32.48084918183028	1.9787711	1.406688
32.49910479650405	2.0058548	1.416282
32.51736125888683	2.019747	1.421178
32.53561856956014	2.0580015	1.4345737
32.5538767291058	2.0560076	1.4338785
32.572135738105764	1.990225	1.4107534
32.59039559714228	1.9389586	1.392465
32.608656306797776	1.8888694	1.3743614
32.62691786765491	1.8843805	1.3727274
32.645180280296586	1.9299393	1.3892225
32.663443545305896	1.9549999	1.3982131
32.68170766326619	1.9965448	1.4129914
32.69997263476099	2.0325234	1.425666
32.7182384603741	2.0640948	1.4366958
32.7365051406895	2.0254958	1.4231992
32.75477267629144	2.0038896	1.415588
32.77304106776434	1.9246168	1.3873056
32.79131031569289	1.9082171	1.3813823
32.809580420661966	1.997586	1.4133599
32.827851383256714	2.0113173	1.4182092
32.84612320406245	1.9366789	1.3916461
32.86439588366476	1.9041445	1.3799075
32.88266942264945	1.9827297	1.4080943
32.9009438216025	2.0397096	1.428184
32.9192190811102	1.9611975	1.4004276
32.937495201758985	1.9760444	1.4057184
32.95577218413556	1.9174905	1.3847347
32.974050028826866	1.9176048	1.3847761
32.992328736420035	1.8938081	1.376157
33.010608307502444	1.8924161	1.3756511
33.02888874266169	1.9701948	1.4036363
33.047170042485604	2.032321	1.4255949
33.06545220756225	2.0295565	1.424625
33.083735238479896	1.9978069	1.413438
33.10201913582707	1.923908	1.3870502
33.12030390019248	1.9053618	1.3803484
33.138589532165135	1.9252762	1.3875432
33.15687603233419	1.9575303	1.3991177
33.17516340128909	1.9480544	1.3957272
33.19345163961947	1.9181317	1.3849664
33.211740747915215	1.8701096	1.3675195
33.23003072676643	1.9208957	1.3859638
33.248321576763466	1.966989	1.4024938
33.266613298496885	1.9599202	1.3999715
33.28490589255747	1.9193208	1.3853955
33.30319935953626	1.9057485	1.3804885
33.32149370002451	1.9353288	1.391161
33.339788914613706	1.9623587	1.4008422
33.358085003895575	1.925637	1.3876733
33.376381968462034	1.7664874	1.3290927
33.39467980890529	1.7786355	1.333655
33.41297852581774	1.8849488	1.3729343
33.43127811979204	1.9231788	1.3867872
33.44957859142105	2.0377038	1.4274817
33.467879941297866	2.0164917	1.4200323
33.486182170015844	1.9634523	1.4012325
33.50448527816853	1.9687879	1.4031351
33.522789266349754	1.8899745	1.3747634
33.541094135153514	1.8496702	1.3600258
33.55939988517411	1.9169413	1.3845365
33.57770651700602	1.9530994	1.3975333
33.59601403124398	1.9642683	1.4015236
33.61432242848296	1.9957026	1.4126934
33.632631709318154	2.0634599	1.4364748
33.650941874344994	2.067974	1.4380453
33.66925292415916	2.0578141	1.4345083
33.68756485935654	2.0503573	1.4319069
33.70587768053328	2.0134864	1.4189737
33.724191388285746	1.979068	1.4067935
33.74250598321054	1.937684	1.3920072
33.760821465904506	2.0274575	1.4238882
33.77913783696474	2.0839994	1.4436064
33.79745509698852	2.0713532	1.4392196
33.815773246573414	1.9321011	1.3900005
33.8340922863172	1.8373986	1.3555068
33.852412216817896	1.8421439	1.357256
33.87073303867377	1.9529977	1.3974969
33.889054752483304	1.8998455	1.3783488
33.907377358845245	1.8450844	1.3583388
33.92570085835853	1.8170364	1.3479749
33.94402525162239	1.9215007	1.3861821
33.96235053923627	1.9526346	1.397367
33.980676721799824	1.9660032	1.4021424
33.999003799912984	1.8502479	1.3602382
34.01733177417592	1.854781	1.3619034
34.03566064518901	1.8986694	1.377922
34.0539904135529	1.9352554	1.3911346
34.07232107986846	1.9125334	1.3829437
34.090652644736785	1.9577019	1.399179
34.108985108759235	2.0406075	1.4284983
34.12731847253742	2.050629	1.4320017
34.14565273667313	1.9599746	1.3999909
34.16398790176847	1.8990914	1.3780752
34.18232396842574	1.9182653	1.3850145
34.20066093724749	1.8886169	1.3742696
34.21899880883651	1.8438767	1.3578942
34.23733758379583	1.8317844	1.3534343
34.25567726272874	1.9219139	1.3863311
34.27401784623872	1.9733924	1.4047749
34.29235933492957	1.8418598	1.3571514
34.31070172940526	1.8406293	1.3566979
34.32904503027003	1.8275169	1.3518568
34.347389238128386	1.8495183	1.35997
34.36573435358502	1.9100932	1.3820612
34.38408037724492	1.9926294	1.4116052
34.402427309713296	1.9245082	1.3872664
34.42077515159559	1.8096396	1.3452284
34.43912390349752	1.6996306	1.3036988
34.45747356602499	1.7704095	1.3305674
34.47582413978423	1.8723409	1.3683351
34.49417562538163	1.8904023	1.374919
34.51252802342388	1.9479419	1.3956869
34.53088133451789	2.0004365	1.4143679
34.54923555927084	1.9138273	1.3834115
34.567590698290104	1.8223145	1.3499312
34.58594675218336	1.9300548	1.3892641
34.6043037215585	2.0212748	1.4217155
34.62266160702365	2.002515	1.4151025
34.641020409187234	1.9551079	1.3982518
34.65938012865785	1.8859819	1.3733106
34.677740766044394	1.849352	1.3599088
34.69610232195598	1.8848314	1.3728917
34.714464797002016	2.0559676	1.4338646
34.73282819179208	2.173898	1.4744145
34.751192506936064	2.1612356	1.4701141
34.76955774304408	2.1086202	1.4521089
34.7879239007265	1.9249538	1.3874271
34.80629098059391	1.9421031	1.3935935
34.824658983257194	2.0560665	1.433899
34.843027909327446	1.9056702	1.3804601
34.86139775941603	1.8773968	1.3701813
34.879768534134534	1.8882569	1.3741386
34.89814023409483	1.9769675	1.4060467
34.91651285990901	2.1134114	1.4537576
34.93488641218944	2.1593094	1.4694588
34.95326089154871	1.869181	1.36718
34.97163629859967	1.7667161	1.3291787
34.99001263395542	1.8411819	1.3569015
35.00838989822934	1.685213	1.2981576
35.02676809203499	1.7295924	1.3151397
35.04514721598624	2.0942452	1.4471507
35.063527270697215	2.328341	1.5258902
35.081908256782256	2.422998	1.5565982
35.10029017485597	2.2510884	1.5003628
35.11867302553321	2.1038706	1.4504726
35.137056809429104	2.0347545	1.4264482
35.155441527159006	2.0274096	1.4238713
35.173827179338524	1.8816116	1.3717185
35.19221376658354	1.7956579	1.3400216
35.21060128951017	1.9756775	1.4055879
35.2289897487348	1.8398621	1.3564152
35.24737914487405	1.7604195	1.326808
35.26576947854479	1.9703802	1.4037023
35.28416075036418	1.9129242	1.383085
35.30255296094958	1.7744869	1.3320987
35.32094611091867	1.8694454	1.3672767
35.33934020088932	2.0190492	1.4209325
35.35773523147969	1.9602906	1.4001038
35.3761312033082	1.7140464	1.3092159
35.394528116993506	1.8265527	1.3515002
35.41292597315452	2.0587504	1.4348346
35.431324772410434	2.0988328	1.4487349
35.449724515380666	2.1529098	1.4672797
35.46812520268491	2.1902754	1.4799579
35.486526834943106	1.9852649	1.4089943
35.504929412775454	2.0360167	1.4268906
35.52333293680242	2.2589312	1.5029742
35.54173740764471	2.0632958	1.4364177
35.560142825923286	1.8347075	1.3545138
35.5785491922594	1.9571065	1.3989662
35.59695650727454	2.1277304	1.4586742
35.61536477159042	2.5998158	1.6123945
