0.008763373481513119	0.0	0.0
0.026290120649546365	0.0	0.0
0.043816868432600686	0.0046239095	0.06799933
0.06134361724069026	0.083826594	0.28952822
0.07887036748382949	0.06548355	0.25589752
0.0963971195720331	0.08301217	0.28811833
0.11392387391531617	0.07186511	0.2680767
0.1314506309236943	0.081979215	0.28632012
0.1489773910071836	0.067549385	0.25990266
0.16650415457580078	0.03169723	0.17803715
0.18403092203956356	0.022294832	0.14931454
0.20155769380849	0.026344288	0.16230923
0.2190844702925996	0.0530867	0.23040551
0.2366112519019124	0.10628221	0.32600954
0.2541380390464497	0.13361599	0.3655352
0.27166483213623416	0.23252736	0.4822109
0.28919163158128947	0.24673812	0.4967274
0.3067184377916406	0.22246285	0.47165966
0.324245251177314	0.21390001	0.46249327
0.34177207214833777	0.14487563	0.3806253
0.3592989011147415	0.15095022	0.38852313
0.37682573848655654	0.11909483	0.34510118
0.39435258467381573	0.114769414	0.33877635
0.41187944008655414	0.17118797	0.41374868
0.42940630513480854	0.1936382	0.44004342
0.446933180228618	0.19162811	0.4377535
0.4644600657780234	0.13348591	0.36535725
0.48198696219306775	0.10539863	0.32465157
0.49951386988379676	0.13064311	0.36144587
0.5170407892602581	0.14788744	0.38456136
0.5345677207325025	0.17375967	0.4168449
0.5520946647105822	0.17272641	0.41560367
0.5696216216045534	0.14362279	0.37897596
0.5871485918244737	0.13165699	0.3628457
0.6046755757804043	0.1476265	0.38422194
0.6222025738824094	0.17966165	0.42386514
0.6397295865405557	0.15870748	0.39838108
0.6572566141649129	0.16471988	0.40585697
0.6747836571655547	0.16231206	0.40287971
0.6923107159525568	0.16624932	0.40773684
0.7098377909359992	0.17088936	0.41338766
0.7273648825259653	0.14524539	0.38111073
0.7448919911325411	0.171023	0.41354927
0.762419117165817	0.16730005	0.40902328
0.7799462610358868	0.17002147	0.41233662
0.7974734231528482	0.16702603	0.4086882
0.8150006039268024	0.14356618	0.37890127
0.8325278037678551	0.15963364	0.3995418
0.8500550230861152	0.16517764	0.40642053
0.8675822622916969	0.13641924	0.36934975
0.8851095217947171	0.13569024	0.36836156
0.9026368020052984	0.15608932	0.3950814
0.9201641033335665	0.20377195	0.45141107
0.9376914261896523	0.20964277	0.45786762
0.9552187709836915	0.19783509	0.44478658
0.9727461381258234	0.22554095	0.4749115
0.990273528026193	0.24718161	0.4971736
1.0078009410949496	0.27052388	0.5201191
1.0253283777422473	0.28308353	0.532056
1.0428558383782454	0.32285458	0.5682029
1.0603833234131086	0.32086125	0.5664462
1.0779108332570058	0.31601512	0.5621522
1.0954383683201119	0.3405681	0.5835821
1.112965929012607	0.38268363	0.61861426
1.1304935157446763	0.5006914	0.7075955
1.1480211289265108	0.532245	0.7295512
1.1655487689683062	1.3179201	1.148007
1.1830764362802655	1.6804198	1.2963101
1.200604131272596	2.0814896	1.4427369
1.2181318543555117	2.3818653	1.5433292
1.235659605939232	2.3824286	1.5435117
1.253187386433982	3.9390187	1.9846961
1.270715196249994	6.373381	2.5245557
1.2882430357975057	11.750464	3.427895
1.3057709054867608	16.58796	4.0728316
1.3232988057280106	22.146097	4.705964
1.3408267369315112	26.798203	5.176698
1.358354699507526	30.094822	5.4858747
1.3758826938663256	34.354496	5.861271
1.3934107204181858	36.50141	6.04164
1.410938779573391	36.89025	6.0737348
1.4284668717422309	36.91652	6.0758967
1.4459949973350033	36.216225	6.0179915
1.4635231567620117	36.45119	6.0374823
1.4810513504335687	36.083336	6.006941
1.4985795787599925	35.413635	5.950936
1.5161078421516088	34.913162	5.908736
1.5336361410187505	34.27428	5.854424
1.5511644757717598	34.350822	5.8609576
1.5686928468209842	34.966343	5.9132347
1.58622125457678	35.69426	5.9744673
1.6037496994495108	37.32691	6.1095753
1.621278181849548	37.202152	6.0993567
1.6388067021872719	37.747246	6.143879
1.6563352608730693	36.93598	6.077498
1.673863858317336	36.250423	6.0208325
1.6913924949304753	35.682335	5.9734693
1.7089211711228998	34.44744	5.869194
1.7264498873050296	33.54766	5.792034
1.7439786438872935	32.567196	5.7067676
1.7615074412801288	31.866789	5.6450677
1.779036279893981	31.095125	5.5763
1.796565160139305	30.204582	5.4958696
1.814094082426564	29.571114	5.437933
1.8316230471662298	28.817097	5.368156
1.849152054768784	28.069002	5.298019
1.8666811056447168	27.47946	5.2420855
1.8842102002045273	26.499258	5.147743
1.901739338858724	25.836432	5.082955
1.9192685220178245	25.099201	5.00991
1.9367977500923557	24.41054	4.9407024
1.9543270234928547	24.038353	4.902892
1.971856342629867	23.579632	4.8558865
1.9893857079139496	22.965767	4.792261
2.006915119755667	22.215101	4.7132897
2.0244445785655945	21.675844	4.6557326
2.0419740847543175	21.273893	4.612363
2.0595036387324317	20.85227	4.5664287
2.0770332409105414	20.327019	4.5085497
2.094562891699263	19.867626	4.4573116
2.1120925915092217	19.289751	4.3920097
2.129622340751053	19.150805	4.376163
2.1471521398354043	187.37141	13.688368
2.1646819891729323	443.99115	21.071098
2.182211889174303	440.26877	20.982582
2.1997418402501974	452.67422	21.276142
2.2172718428113023	432.6481	20.800196
2.234801897268317	320.61972	17.905857
2.2523320040319548	17.17153	4.1438546
2.269862163512935	16.745573	4.0921354
2.287392376121992	16.239212	4.0297904
2.304922642269869	15.74771	3.9683385
2.322452962367322	15.499531	3.9369442
2.3399833368251164	15.223981	3.901792
2.357513766054032	15.102409	3.8861818
2.3750442504648586	14.753264	3.840998
2.3925747904683963	14.606495	3.8218443
2.410105386475459	14.352039	3.7884085
2.4276360388968707	14.0341425	3.746217
2.445166748143469	13.967268	3.7372808
2.4626975146261025	13.675649	3.69806
2.4802283387556323	13.592852	3.6868484
2.4977592209429305	13.335339	3.6517582
2.5152901615988825	12.925275	3.5951738
2.5328211611343865	12.727196	3.5675197
2.5503522199603523	12.4130535	3.5232162
2.5678833384877024	12.198116	3.4925802
2.5854145171273712	11.968428	3.4595416
2.6029457562903064	11.86001	3.4438365
2.620477056387469	11.751414	3.4280336
2.6380084178298326	11.476451	3.387691
2.655539841028383	11.229177	3.3509965
2.673071326394119	11.074418	3.3278248
2.6906028743380523	10.9335375	3.30659
2.708134485271211	10.855409	3.2947547
2.7256661596046325	10.69738	3.270685
2.743197897749369	10.508377	3.2416627
2.760729700116486	10.347182	3.2167037
2.778261567117063	10.069866	3.1733053
2.795793499162193	9.807402	3.1316772
2.8133254966629817	9.641533	3.1050818
2.830857560030551	9.603066	3.0988815
2.8483896896760337	9.632124	3.1035664
2.865921886010578	9.687906	3.1125402
2.883454149445347	9.587098	3.096304
2.9009864803915177	9.450559	3.074176
2.91851887926028	9.264435	3.0437534
2.9360513464628384	9.02806	3.004673
2.953583882410413	8.883655	2.980546
2.9711164875142373	8.663871	2.9434454
2.9886491621855606	8.525886	2.9199119
3.0061819068356455	8.506386	2.916571
3.023714721875769	8.531992	2.9209573
3.041247607717225	8.458979	2.9084322
3.0587805647713213	8.2193775	2.8669457
3.0763135934493806	8.050657	2.837368
3.0938466941627407	7.9175243	2.8138096
3.1113798673227544	7.814666	2.7954724
3.1289131133407904	7.73662	2.781478
3.1464464326282315	7.6490026	2.765683
3.1639798255964786	7.603297	2.7574077
3.1815132926569443	7.566005	2.7506373
3.1990468342210603	7.3779593	2.71624
3.216580450700272	7.1752195	2.67866
3.2341141425060416	7.0485306	2.654907
3.251647910049847	7.0807815	2.6609738
3.2691817537431813	7.03497	2.6523519
3.286715673997555	6.9697585	2.64003
3.3042496712244938	6.838458	2.6150446
3.32178374583554	6.7627583	2.6005304
3.339317898242251	6.773597	2.6026134
3.3568521288562034	6.7457023	2.597249
3.3743864380889876	6.8079925	2.609213
3.3919208263522127	6.810094	2.6096156
3.4094552940575023	6.801449	2.6079588
3.4269898416164972	6.6503077	2.578819
3.444524469440858	6.6066074	2.570332
3.4620591779422587	6.496907	2.5489032
3.479593967532391	6.347992	2.5195222
3.4971288386229658	6.2522984	2.5004597
3.5146637916257086	6.1547394	2.4808748
3.5321988269523628	6.1812	2.486202
3.5497339450146903	6.1277575	2.4754307
3.5672691462244708	6.1994967	2.489879
3.5848044309934988	6.1624026	2.4824188
3.60233979973359	6.144996	2.4789102
3.619875252856575	6.1314383	2.476174
3.6374107907743034	6.1101136	2.4718645
3.6549464138986427	6.150121	2.4799438
3.6724821226414788	6.1268263	2.4752426
3.690017917414714	6.22199	2.4943917
3.7075537986302702	6.249644	2.4999287
3.7250897667000857	6.3313274	2.516213
3.7426258220361235	6.380407	2.5259466
3.7601619650503553	6.6061206	2.5702374
3.777698196154779	7.0871587	2.6621718
3.7952345157614067	8.250473	2.8723636
3.8127709242822716	9.194539	3.03225
3.830307422129425	11.681161	3.4177713
3.847844009714936	30.543934	5.5266566
3.8653806874508954	97.92131	9.895519
3.882917455749409	96.995056	9.848607
3.900454315022606	96.69612	9.833419
3.917991265682631	41.308655	6.427181
3.9355283081416506	11.017868	3.3193173
3.9530654428118495	8.748107	2.9577198
3.970602670105433	7.4070077	2.721582
3.9881399904346244	6.3833995	2.526539
4.005677404211669	6.400074	2.5298367
4.023214911848827	6.369283	2.5237439
4.0407525137583855	6.361895	2.5222797
4.058290210352644	6.263939	2.5027862
4.075828002043927	6.0519657	2.4600744
4.0933658892445814	6.01931	2.4534283
4.110903872366966	6.0176787	2.4530957
4.128441951823468	5.9723864	2.4438467
4.145980128026488	5.9692945	2.443214
4.163518401388452	6.0394154	2.4575222
4.181056772321807	6.0818686	2.4661446
4.1985952412390155	6.1286955	2.4756203
4.216133808552567	6.0603294	2.4617736
4.233672474674966	6.099065	2.4696286
4.251211240018741	6.272982	2.5045922
4.268750104996445	6.5645494	2.5621376
4.286289070020643	7.5555816	2.7487419
4.303828135503928	9.154466	3.0256348
4.3213673018589125	29.37334	5.419718
4.3389065694982305	90.49386	9.512826
4.356445938834537	165.71165	12.872904
4.3739854102805085	171.11826	13.081218
4.391524984248844	172.00688	13.115139
4.409064661152262	136.02258	11.662872
4.426604441403504	96.271454	9.811802
4.444144325415337	75.44194	8.685732
4.461684313600543	21.575743	4.6449695
4.47922440637193	21.986765	4.689005
4.496764604142329	20.339676	4.509953
4.5143049073245916	18.588123	4.3113947
4.531845316331589	16.385479	4.0478983
4.5493858315762195	13.4537525	3.6679358
4.566926453471405	11.027347	3.320745
4.584467182430081	9.033932	3.00565
4.602008018865218	7.889339	2.8087966
4.619548963189798	7.2490244	2.6924012
4.637090015816834	6.8481665	2.6169002
4.654631177159353	6.679538	2.5844803
4.672172447630417	6.4692965	2.543481
4.689713827643102	6.3972745	2.5292833
4.7072553176105085	6.1657896	2.483101
4.724796917945764	5.9888544	2.4472136
4.742338629062015	5.739812	2.3957903
4.759880451372434	5.702444	2.387979
4.777422385290215	5.72655	2.393021
4.794964431228581	5.7011514	2.3877084
4.812506589600768	5.6415024	2.3751848
4.830048860820047	5.50709	2.346719
4.847591245299709	5.484514	2.341904
4.8651337434530655	5.4645014	2.3376274
4.882676355693457	5.455954	2.3357983
4.900219082434242	5.4066677	2.3252242
4.917761924088813	5.4186707	2.3278039
4.935304881070575	5.407322	2.3253648
4.952847953792969	5.4863243	2.3422904
4.970391142669449	5.501323	2.34549
4.9879344481135055	5.5384817	2.3533978
5.005477870538642	5.429653	2.3301616
5.023021410358394	5.3538995	2.3138494
5.040565067986324	5.360905	2.315363
5.05810884383601	5.3502593	2.3130627
5.075652738321066	5.3854384	2.3206546
5.09319675185512	5.3812256	2.319747
5.110740884851836	5.3741384	2.3182187
5.128285137724894	5.4143176	2.3268685
5.145829510888007	5.3740444	2.3181984
5.163374004754908	5.3008823	2.3023646
5.1809186197393595	5.2348704	2.287984
5.198463356255145	5.241579	2.2894495
5.216008214716077	5.316276	2.305705
5.233553195535998	5.2991996	2.301999
5.251098299128764	5.1964087	2.2795632
5.268643525908272	5.1030464	2.2589924
5.286188876288432	5.1125627	2.2610977
5.3037343506831895	5.197039	2.2797015
5.32127994950651	5.2327113	2.287512
5.3388256731723915	5.1951575	2.2792888
5.356371522094851	5.23582	2.2881913
5.373917496687938	5.2638497	2.2943082
5.391463597365729	5.197901	2.2798905
5.40900982454232	5.0800176	2.2538893
5.426556178631843	5.0307627	2.2429361
5.444102660048449	5.02227	2.2410421
5.4616492692063225	5.0834694	2.2546551
5.479196006519669	5.100365	2.2583988
5.496742872402727	5.10333	2.2590551
5.514289867269756	5.0548067	2.2482898
5.531836991535049	5.058734	2.249163
5.549384245612924	5.0421114	2.2454646
5.566931629917724	5.088475	2.255765
5.584479144863822	5.0861406	2.2552474
5.6020267908656205	5.121421	2.2630556
5.619574568337545	5.1498737	2.2693334
5.637122477694054	5.1713614	2.2740629
5.654670519349629	5.114873	2.2616086
5.672218693718784	5.1019526	2.2587502
5.689767001216059	5.061516	2.2497814
5.707315442256021	5.06605	2.2507887
5.724864017253266	5.071088	2.2519076
5.7424127266224225	5.102289	2.2588248
5.75996157077814	5.09314	2.2567987
5.777510550135105	5.147484	2.2688067
5.795059665108022	5.1398935	2.2671332
5.812608916111639	5.128205	2.264554
5.830158303560715	5.258852	2.2932186
5.847707827870055	5.3068795	2.3036666
5.86525748945448	5.466273	2.3380063
5.8828072887288485	5.548538	2.3555336
5.900357226108044	5.5844274	2.3631394
5.917907302006979	5.5979652	2.3660018
5.9354575168406	6.2504516	2.5000904
5.9530078710238765	6.963216	2.6387906
5.970558364971812	7.5448065	2.746781
5.988108999099438	7.9399786	2.8177967
6.005659773821818	8.456057	2.90793
6.023210689554039	8.179637	2.8600066
6.040761746711227	8.588924	2.9306867
6.058312945708531	7.901688	2.8109941
6.075864286961132	7.338674	2.7089987
6.093415770884244	6.571165	2.5634284
6.1109673978931065	6.006145	2.4507437
6.128519168402993	5.414411	2.3268888
6.146071082829204	5.3863893	2.3208597
6.163623141587075	5.232319	2.2874262
6.181175345091969	5.129558	2.2648528
6.198727693759281	5.07295	2.252321
6.216280188004435	5.0786567	2.2535875
6.233832828242885	5.1287017	2.2646637
6.251385614890126	5.111359	2.2608316
6.268938548361669	5.0957413	2.2573748
6.286491629073067	5.0663605	2.2508578
6.304044857439898	5.088054	2.2556715
6.321598233877777	4.9709125	2.2295544
6.339151758802344	4.8678517	2.2063208
6.356705432629277	4.882528	2.2096443
6.37425925577428	4.882192	2.2095683
6.391813228653095	4.856147	2.2036667
6.409367351681486	4.882708	2.209685
6.426921625275259	4.878296	2.2086864
6.44447604985025	4.867283	2.206192
6.46203062582232	4.8163633	2.1946216
6.47958535360737	4.8097486	2.1931138
6.497140233621328	4.8396435	2.199919
6.514695266280161	4.949296	2.2247014
6.532250451999859	5.065364	2.2506363
6.549805791196454	5.0724196	2.2522032
6.567361284286002	5.046337	2.2464054
6.584916931684597	4.973245	2.2300773
6.602472733808367	4.9721427	2.2298303
6.6200286910734665	5.06194	2.2498755
6.637584803896092	5.076504	2.25311
6.655141072692462	5.0177784	2.2400398
6.672697497878842	5.017829	2.240051
6.690254079871514	4.9248147	2.2191923
6.707810819086808	4.9266653	2.2196093
6.725367715941078	4.9494405	2.2247338
6.742924770850719	4.9811153	2.2318413
6.760481984232151	5.03727	2.2443864
6.778039356501836	5.007682	2.237785
6.795596888076266	4.931977	2.2208054
6.813154579371963	4.9364014	2.2218013
6.830712430805492	4.938228	2.2222126
6.84827044279344	4.979582	2.2314978
6.865828615752445	4.929939	2.2203465
6.883386950099159	4.9061646	2.2149863
6.900945446250287	4.8861284	2.2104588
6.918504104622553	4.888443	2.2109823
6.936062925632727	4.886685	2.2105846
6.953621909697607	4.895491	2.2125757
6.971181057234028	4.976182	2.2307358
6.988740368658859	5.0643554	2.2504122
7.006299844389007	5.066837	2.2509634
7.023859484841407	5.1417985	2.2675533
7.041419290433036	5.182084	2.2764192
7.058979261580902	5.366493	2.3165693
7.0765393987020495	5.574493	2.3610363
7.094099702213559	5.886375	2.4261854
7.111660172532549	6.2166686	2.4933248
7.129220810076164	6.6429677	2.5773954
7.146781615261595	7.242844	2.6912532
7.16434258850606	7.465235	2.7322583
7.181903730226821	7.819035	2.7962537
7.1994650408411704	7.9358582	2.8170655
7.217026520766437	8.081655	2.8428252
7.234588170419983	8.391045	2.89673
7.252149990219215	8.406362	2.8993726
7.269711980581568	8.365839	2.892376
7.2872741419245175	8.165225	2.8574858
7.304836474665574	7.7803802	2.7893333
7.322398979222286	7.4051523	2.721241
7.339961656012233	7.084726	2.6617148
7.357524505453039	6.7552404	2.5990846
7.375087527962357	6.4807324	2.5457282
7.392650723957886	6.1811204	2.486186
7.410214093857353	5.871685	2.423156
7.427777638078528	5.6986694	2.3871887
7.445341357039213	5.559222	2.3578002
7.4629052511572525	5.4469495	2.3338702
7.480469320850524	5.323906	2.307359
7.498033566536948	5.237981	2.2886636
7.5155979886344735	5.174226	2.2746925
7.5331625875610975	5.149874	2.2693334
7.550727363734844	5.1654205	2.272756
7.568292317573788	5.0799513	2.2538748
7.585857449496025	5.0426755	2.2455902
7.603422759919705	5.010141	2.2383344
7.620988249263007	5.02139	2.240846
7.638553917944147	5.1222587	2.2632408
7.656119766381391	5.1719804	2.2741988
7.673685794993023	5.2063394	2.2817404
7.691252004197388	5.1534586	2.270123
7.70881839441285	5.115625	2.2617748
7.726384966057826	5.0887003	2.2558148
7.743951719550762	5.0439444	2.2458727
7.761518655310149	5.0726953	2.2522645
7.779085773754511	5.1327724	2.2655623
7.796653075302419	5.1438885	2.2680142
7.814220560372475	5.1848965	2.2770367
7.831788229383323	5.2059608	2.2816575
7.8493560827536495	5.3303876	2.3087633
7.866924120902174	5.314423	2.3053033
7.884492344247663	5.2709317	2.295851
7.9020607532089135	5.2271047	2.286286
7.919629348204771	5.253131	2.291971
7.937198129654115	5.308501	2.3040185
7.954767097975865	5.2987776	2.3019073
7.972336253588986	5.297373	2.3016021
7.989905596912472	5.2860003	2.2991304
8.007475128365371	5.2647414	2.2945025
8.025044848366756	5.3117476	2.3047228
8.042614757335754	5.4130735	2.3266013
8.060184855691523	5.506894	2.3466773
8.07775514385327	5.6259537	2.3719094
8.095325622240228	5.7501497	2.397947
8.112896291271687	5.760049	2.40001
8.130467151366968	5.7099614	2.3895526
8.148038202945436	5.6145654	2.3695073
8.165609446426497	5.603986	2.3672738
8.183180882229594	5.737871	2.3953855
8.200752510774217	5.8066015	2.4096892
8.218324332479893	5.788614	2.405954
8.235896347766193	5.75133	2.3981931
8.253468557052724	5.746478	2.3971813
8.27104096075914	5.8124	2.410892
8.288613559305137	5.9115105	2.4313598
8.306186353110448	6.015971	2.4527476
8.32375934259485	6.176197	2.4851956
8.341332528178162	6.2792583	2.5058448
8.358905910280246	6.2925296	2.5084915
8.376479489321003	6.21901	2.4937942
8.394053265720377	6.2409477	2.498189
8.411627239898356	6.211576	2.4923034
8.42920141227497	6.207071	2.4913993
8.44677578327029	6.195087	2.4889932
8.464350353304427	6.1652803	2.4829984
8.48192512279754	6.1445117	2.4788125
8.499500092169827	6.179688	2.4858978
8.51707526184153	6.1763854	2.4852335
8.534650632232934	6.1792064	2.485801
8.552226203764365	6.106466	2.4711263
8.569801976856192	6.0791826	2.4655998
8.587377951928834	6.079114	2.465586
8.60495412940274	6.1488633	2.47969
8.622530509698416	6.2035365	2.49069
8.6401070932364	6.318902	2.5137427
8.657683880437283	6.4277945	2.5353096
8.675260871721695	6.626533	2.5742054
8.692838067510303	6.807774	2.6091712
8.710415468223834	6.940389	2.6344619
8.727993074283043	7.1114664	2.6667333
8.745570886108737	7.0917	2.6630247
8.763148904121765	7.138835	2.6718597
8.78072712874302	7.145391	2.6730864
8.798305560393441	7.363057	2.7134953
8.815884199494006	7.4627714	2.7318075
8.833463046465745	7.64992	2.7658489
8.851042101729728	7.7096615	2.7766278
8.86862136570707	7.9870367	2.8261347
8.886200838818924	8.175	2.8591957
8.903780521486505	8.285346	2.8784277
8.921360414131055	8.373383	2.8936799
8.938940517173874	8.399317	2.8981576
8.956520831036297	8.53116	2.920815
8.97410135613971	8.784633	2.9638882
8.99168209290554	9.024864	3.004141
9.009263041755265	9.289962	3.0479438
9.026844203110405	9.520026	3.085454
9.044425577392525	9.795148	3.1297202
9.062007165023239	9.994911	3.161473
9.079588966424197	10.229795	3.198405
9.097170982017108	10.260586	3.203215
9.11475321222372	11.284011	3.3591683
9.132335657465825	12.28009	3.504296
9.149918318165264	12.347114	3.513846
9.167501194743924	12.970416	3.6014464
9.18508428762374	12.524563	3.539006
9.202667597226693	12.489361	3.534029
9.220251123974803	12.210904	3.4944105
9.237834868290143	11.994407	3.4632943
9.255418830594836	11.884142	3.4473383
9.273003011311046	11.319454	3.3644397
9.290587410860985	11.089039	3.330021
9.308172029666911	10.390483	3.2234273
9.32575686815113	10.124088	3.1818373
9.343341926735997	8.701475	2.9498262
9.360927205843916	8.43328	2.904011
9.378512705897327	8.234025	2.869499
9.396098427318728	7.9868765	2.8261063
9.413684370530664	7.9310803	2.8162174
9.431270535955722	7.8281946	2.7978911
9.448856924016539	7.7923837	2.791484
9.466443535135806	7.68381	2.7719686
9.484030369736251	7.7423897	2.782515
9.501617428240658	7.7375135	2.7816386
9.519204711071852	7.7170715	2.7779617
9.536792218652714	7.7003975	2.774959
9.55437995140617	7.634809	2.763116
9.571967909755191	7.6672487	2.7689798
9.589556094122802	7.7611384	2.785882
9.60714450493207	7.864602	2.8043897
9.624733142606116	7.936731	2.8172204
9.642322007568108	7.8914495	2.8091724
9.659911100241267	7.8314137	2.7984662
9.677500421048851	7.8371377	2.7994888
9.695089970414175	7.988524	2.8263977
9.712679748760609	8.119969	2.849556
9.730269756511557	8.134712	2.8521416
9.747859994090492	8.103115	2.8465972
9.765450461920915	8.069364	2.8406625
9.78304116042639	8.111223	2.848021
9.800632090030527	8.123504	2.850176
9.81822325115699	8.128124	2.8509865
9.835814644229481	8.108844	2.847603
9.853406269671762	8.138887	2.8528736
9.870998127907646	8.121048	2.8497453
9.888590219360985	8.129416	2.8512132
9.906182544455698	8.0835085	2.843151
9.923775103615734	8.09213	2.844667
9.941367897265108	8.17788	2.8596992
9.958960925827878	8.193137	2.8623657
9.97655418972816	8.211769	2.8656185
9.994147689390106	8.215497	2.8662689
10.011741425237934	8.175342	2.8592553
10.029335397695904	8.162241	2.8569636
10.04692960718833	8.1802845	2.8601196
10.06452405413958	8.176818	2.8595135
10.082118738974064	8.173034	2.858852
10.099713662116246	8.205225	2.8644764
10.117308823990651	8.227147	2.8683004
10.134904225021844	8.221819	2.8673713
10.152499865634445	8.168558	2.858069
10.170095746253125	8.081834	2.8428566
10.18769186730261	8.009063	2.8300288
10.205288229207675	7.9686885	2.8228865
10.222884832393145	7.941537	2.8180733
10.2404816772839	7.9512925	2.8198037
10.258078764304868	7.9930105	2.8271914
10.275676093881035	8.041987	2.8358397
10.293273666437438	7.9963083	2.8277745
10.310871482399158	8.015074	2.8310905
10.32846954219134	8.014325	2.8309584
10.346067846239173	8.118807	2.8493521
10.363666394967908	8.17676	2.8595035
10.38126518880283	8.131741	2.8516207
10.398864228169298	8.12954	2.851235
10.416463513492713	8.117078	2.8490486
10.434063045198531	8.066082	2.8400848
10.451662823712262	8.000548	2.828524
10.469262849459467	7.904439	2.8114834
10.486863122865758	7.8336964	2.7988741
10.504463644356806	7.8419595	2.80035
10.522064414358338	7.792242	2.7914588
10.539665433296118	7.749611	2.7838123
10.557266701595987	7.7777224	2.7888567
10.574868219683818	7.6997466	2.7748418
10.592469987985552	7.585454	2.7541702
10.610072006927185	7.4456716	2.7286758
10.627674276934751	7.363026	2.7134898
10.64527679843435	7.31207	2.704084
10.662879571852143	7.1474924	2.6734796
10.680482597614331	6.9383802	2.6340806
10.698085876147173	6.7906857	2.6058943
10.715689407876988	6.706727	2.589735
10.733293193230146	6.7540255	2.5988507
10.750897232633072	6.745637	2.5972364
10.76850152651225	6.6757293	2.5837433
10.786106075294207	6.578677	2.5648932
10.803710879405534	6.4189253	2.5335598
10.821315939272877	6.302886	2.510555
10.83892125532294	6.2270117	2.495398
10.856526827982472	6.1955943	2.489095
10.874132657678285	6.222248	2.4944434
10.891738744837243	6.2378182	2.4975624
10.909345089886271	6.1945224	2.4888797
10.926951693252343	6.1100383	2.4718492
10.944558555362494	6.0187464	2.4533134
10.96216567664381	5.8785663	2.4245756
10.979773057523436	5.821039	2.412683
10.997380698428573	5.7549047	2.3989382
11.014988599786477	5.7555337	2.3990693
11.032596762024461	5.7023644	2.3879623
11.050205185569892	5.5956373	2.36551
11.067813870850198	5.5232544	2.3501606
11.085422818292859	5.460374	2.3367443
11.10303202832541	5.397135	2.3231735
11.120641501375454	5.377697	2.3189862
11.138251237870636	5.3263965	2.3078988
11.155861238238671	5.2908683	2.3001888
11.173471502907317	5.1457844	2.2684321
11.191082032304402	5.09332	2.2568386
11.208692826857805	5.0538063	2.2480671
11.226303886995465	5.001963	2.236507
11.243915213145371	4.9295754	2.2202647
11.261526805735578	4.8491397	2.2020762
11.279138665194196	4.7766223	2.1855485
11.296750791949393	4.7293353	2.1747036
11.314363186429393	4.6672354	2.1603785
11.331975849062479	4.6170716	2.1487372
11.34958878027699	4.5503182	2.1331475
11.36720198050133	4.505613	2.122643
11.384815450163948	4.4642663	2.112881
11.402429189693366	4.4603734	2.1119597
11.420043199518153	4.452455	2.110084
11.437657480066942	63.399582	7.9623857
11.455272031768422	85.1003	9.224982
11.472886855051353	107.458015	10.366196
11.490501950344528	99.08484	9.954137
11.508117318076819	84.46623	9.190551
11.52573295867715	45.855762	6.7716885
11.543348872574514	4.14462	2.035834
11.560965060197946	4.1087523	2.0270057
11.57858152197655	4.10967	2.0272322
11.59619825833949	4.037402	2.0093288
11.613815269715985	3.9667768	1.9916769
11.631432556535323	38.423996	6.198709
11.649050119226837	82.95165	9.1077795
11.666667958219929	93.40765	9.664763
11.68428607394406	107.66099	10.375981
11.701904466828756	82.49015	9.082409
11.719523137303586	65.294014	8.080471
11.737142085798196	4.5277047	2.1278403
11.754761312742286	3.6715887	1.916139
11.772380818565619	3.6569865	1.9123249
11.790000603698015	3.6040754	1.8984402
11.80762066856935	3.5385544	1.8811046
11.825241013609572	3.512257	1.8741016
11.842861639248683	3.5096421	1.8734039
11.860482545916748	3.457921	1.8595486
11.878103734043883	3.4345276	1.8532479
11.895725204060282	3.4084237	1.8461916
11.91334695639619	3.4014742	1.8443086
11.930968991481919	3.3642328	1.8341845
11.948591309747824	3.3481748	1.8298018
11.966213911624347	3.3312113	1.8251606
11.98383679754198	3.2892685	1.813634
12.001459967931268	3.2790325	1.8108099
12.019083423222835	3.23368	1.7982436
12.036707163847352	3.1798184	1.7832046
12.05433119023556	3.108771	1.7631707
12.071955502818259	3.0524228	1.7471185
12.089580102026313	3.0469208	1.7455431
12.107204988290643	3.0762444	1.7539226
12.12483016204224	3.080796	1.7552197
12.142455623712152	3.0978572	1.7600731
12.16008137373149	3.0793424	1.7548056
12.177707412531431	3.008389	1.7344708
12.19533374054321	2.9528239	1.7183783
12.212960358198126	2.950454	1.7176886
12.230587265927545	2.9915407	1.7296071
12.248214464162889	3.009042	1.7346591
12.265841953335649	2.9778395	1.7256417
12.283469733877375	2.942204	1.7152854
12.301097806219685	2.9495013	1.7174112
12.31872617079425	2.968878	1.7230432
12.336354828032825	2.9407248	1.7148541
12.353983778367205	2.9103336	1.70597
12.371613022229262	2.8767414	1.696096
12.389242560050928	2.8638616	1.6922947
12.406872392264201	2.844538	1.6865758
12.424502519301143	2.8457863	1.6869459
12.442132941593874	2.827276	1.6814506
12.459763659574586	2.8311303	1.6825963
12.477394673675532	2.8018064	1.6738597
12.49502598432903	2.7920775	1.6709511
12.51265759196746	2.7501328	1.6583525
12.530289497023267	2.7400298	1.6553036
12.547921699928967	2.710944	1.6464944
12.565554201117134	2.73195	1.6528611
12.583187001020404	2.7522368	1.6589867
12.600820100071486	2.7929702	1.6712182
12.618453498703152	2.773372	1.6653444
12.636087197348235	2.748867	1.6579708
12.65372119643964	2.722768	1.6500813
12.671355496410326	2.7199097	1.6492149
12.68899009769333	2.759996	1.6613235
12.706625000721749	2.8454854	1.6868566
12.724260205928752	2.9159346	1.7076107
12.741895713747551	2.950844	1.717802
12.759531524611454	2.9599354	1.7204462
12.777167638953818	2.9664712	1.7223446
12.794804057208072	2.9947038	1.7305212
12.812440779807702	3.0368457	1.7426548
12.830077807186271	3.1898248	1.7860081
12.847715139777405	3.1981766	1.7883446
12.865352778014795	3.3902307	1.8412579
12.882990722332197	3.4575171	1.85944
12.90062897316344	3.5602458	1.8868613
12.918267530942412	3.6696403	1.9156306
12.935906396103071	3.5865474	1.8938183
12.953545569079449	3.75169	1.9369279
12.971185050305628	3.5251088	1.8775274
12.988824840215775	3.5311327	1.8791308
13.006464939244115	3.5632083	1.8876462
13.024105347824943	3.4144182	1.8478144
13.041746066392617	3.5070283	1.8727062
13.05938709538157	3.3326175	1.8255458
13.077028435226296	3.3657928	1.8346097
13.094670086361363	3.2775805	1.810409
13.112312049221401	3.1452973	1.7734987
13.129954324241112	3.018619	1.7374173
13.147596911855258	2.8280902	1.6816926
13.165239812498685	2.8078349	1.6756595
13.182883026606293	2.753036	1.6592275
13.200526554613058	2.7064927	1.6451422
13.218170396954017	2.6994722	1.643007
13.235814554064284	2.6869292	1.6391855
13.253459026379034	2.6654606	1.6326238
13.271103814333523	2.6597996	1.6308892
13.288748918363058	2.682759	1.637913
13.306394338903031	2.6972766	1.6423388
13.32404007638889	2.6478615	1.627225
13.341686131256164	2.6289835	1.6214141
13.359332503940449	2.6167498	1.617637
13.376979194877402	2.6240807	1.6199014
13.394626204502751	2.6601892	1.6310086
13.412273533252307	2.6575603	1.6302025
13.429921181561937	2.685615	1.6387846
13.447569149867581	2.7004268	1.6432976
13.465217438605247	2.7369068	1.6543599
13.482866048211022	2.6956854	1.6418543
13.500514979121052	2.6828725	1.6379477
13.518164231771568	2.7099705	1.6461987
13.535813806598844	2.703676	1.6442859
13.553463704039254	2.6854954	1.6387482
13.571113924529229	2.6482291	1.627338
13.588764468505275	2.6967075	1.6421655
13.606415336403956	2.75186	1.6588731
13.624066528661917	2.7844942	1.6686803
13.641718045715882	2.8146677	1.6776972
13.659369888002635	2.8373947	1.6844568
13.67702205595903	2.8820326	1.6976551
13.694674550021993	2.8979597	1.7023395
13.712327370628532	2.927223	1.710913
13.729980518215713	3.0409994	1.7438462
13.747633993220681	3.1403778	1.772111
13.765287796080647	3.1955435	1.7876084
13.7829419272329	3.229635	1.7971185
13.800596387114801	3.2228587	1.7952322
13.818251176163775	3.262494	1.8062376
13.835906294817324	3.3412938	1.8279207
13.853561743513023	3.4218755	1.8498312
13.871217522688525	3.4622166	1.8607032
13.888873632781538	3.473253	1.8636665
13.906530074229858	3.4851978	1.8668685
13.92418684747135	3.4957263	1.8696861
13.941843952943948	3.464384	1.8612856
13.959501391085665	3.4391615	1.8544977
13.977159162334578	3.376951	1.8376483
13.994817267128846	3.334564	1.8260789
14.012475705906693	3.2795258	1.8109461
14.030134479106424	3.1926694	1.7868042
14.047793587166414	3.1284747	1.7687495
14.065453030525108	3.030683	1.7408857
14.083112809621026	2.9677143	1.7227055
14.100772924892766	2.8891966	1.6997637
14.118433376778997	2.8628435	1.691994
14.136094165718458	2.7806575	1.6675304
14.153755292149969	2.7482057	1.6577713
14.171416756512416	2.6898787	1.640085
14.189078559244768	2.621073	1.6189728
14.20674070078606	2.5455317	1.5954722
14.224403181575408	2.4951732	1.5796118
14.242066002051999	2.4755006	1.5733724
14.259729162655093	2.4967697	1.580117
14.277392663824022	2.5129514	1.5852292
14.295056505998208	2.49149	1.5784454
14.312720689617128	2.4424896	1.5628467
14.330385215120348	2.4130898	1.5534123
14.348050082947497	2.3822052	1.5434394
14.3657152935383	2.3772426	1.5418309
14.383380847332528	2.3598397	1.5361769
14.401046744770051	2.308465	1.5193634
14.418712986290798	2.2875414	1.512462
14.436379572334793	2.3276663	1.5256691
14.454046503342123	2.3488474	1.532595
14.471713779752946	2.3522382	1.5337008
14.489381402007504	2.3277423	1.525694
14.507049370546113	2.3184907	1.5226591
14.524717685809168	2.302725	1.5174732
14.542386348237134	2.314302	1.521283
14.560055358270553	2.3572922	1.5353476
14.577724716350051	2.4083402	1.5518827
14.595394422916325	2.3810594	1.5430682
14.61306447841015	2.3908646	1.5462421
14.63073488327237	2.4020317	1.5498489
14.648405637943917	2.4260375	1.5575743
14.6660767428658	2.4212277	1.5560294
14.683748198479094	2.4680502	1.571003
14.701420005224954	2.510234	1.5843718
14.719092163544628	2.5995882	1.6123239
14.73676467387942	2.6792166	1.6368313
14.754437536670727	2.6950865	1.6416719
14.772110752360014	2.672963	1.6349199
14.78978432138882	2.65778	1.6302699
14.807458244198777	2.699245	1.6429379
14.82513252123159	2.6972425	1.6423284
14.842807152929028	2.7052646	1.6447688
14.860482139732962	2.6745722	1.635412
14.87815748208531	2.6691363	1.6337491
14.8958331804281	2.6827152	1.6378996
14.91350923520342	2.6201258	1.6186802
14.931185646853438	2.6414084	1.625241
14.948862415820408	2.6234534	1.6197078
14.966539542546656	2.6348813	1.6232318
14.98421702747459	2.621074	1.6189731
15.001894871046696	2.6382544	1.6242704
15.019573073705542	2.640374	1.6249228
15.037251635893766	2.5902045	1.6094112
15.054930558054092	2.5999043	1.6124219
15.072609840629323	2.6362422	1.6236509
15.090289484062351	2.7829719	1.6682242
15.107969488796124	3.0392954	1.7433575
15.125649855273691	3.4787357	1.8651369
15.14333058393817	3.998221	1.9995552
15.161011675232768	5.0176415	2.2400093
15.17869312960076	6.455313	2.540731
15.196374947485506	8.43281	2.90393
15.214057129330447	11.654168	3.4138203
15.231739675579114	16.528503	4.065526
15.249422586675102	21.72397	4.660898
15.267105863062092	24.827	4.98267
15.284789505183847	24.8455	4.984526
15.302473513484218	22.606419	4.7546206
15.320157888407127	19.06279	4.3660955
15.337842630396578	14.784544	3.8450675
15.355527739896656	11.389146	3.374781
15.37321321735153	8.734013	2.9553363
15.39089906320545	6.32878	2.5157068
15.408585277902748	4.7325206	2.1754358
15.42627186188783	3.6207159	1.9028178
15.443958815605198	3.0726488	1.7528973
15.461646139499424	2.819101	1.6790179
15.479333834015168	2.6818333	1.6376303
15.497021899597165	2.608858	1.615196
15.514710336690234	2.5385475	1.593282
15.53239914573928	2.5133872	1.5853666
15.550088327189297	2.513918	1.585534
15.567777881485336	2.538514	1.5932715
15.58546780907256	2.5357468	1.5924028
15.6031581103962	2.482387	1.5755593
15.620848785901568	2.4392598	1.561813
15.638539836034063	2.3998046	1.5491303
15.656231261239173	2.4041498	1.5505321
15.673923061962451	2.424882	1.5572033
15.691615238649552	2.4101982	1.5524813
15.709307791746202	2.39691	1.5481957
15.727000721698221	2.3624694	1.5370327
15.744694028951498	2.3435135	1.5308539
15.76238771395202	2.3319426	1.5270699
15.780081777145844	2.3324282	1.527229
15.797776218979125	2.3533468	1.5340621
15.815471039898094	2.3652303	1.5379305
15.833166240349064	2.3226225	1.5240153
15.850861820778437	2.2932398	1.5143447
15.868557781632699	2.2622316	1.5040717
15.886254123358412	2.305907	1.5185213
15.903950846402232	2.3452423	1.5314183
15.921647951210897	2.3623734	1.5370014
15.939345438231225	2.3508997	1.5332644
15.957043307910133	2.3449328	1.5313174
15.974741560694602	2.375473	1.5412569
15.992440197031714	2.359485	1.5360615
16.01013921736862	2.3420835	1.5303867
16.02783862215259	2.3535903	1.5341415
16.045538411830933	2.3342953	1.52784
16.06323858685107	2.3274817	1.5256087
16.080939147660512	2.323626	1.5243444
16.09864009470684	2.3174107	1.5223044
16.11634142843774	2.339392	1.529507
16.134043149300954	2.3421137	1.5303966
16.15174525774433	2.3391976	1.5294436
16.169447754215817	2.3709953	1.5398036
16.18715063916342	2.3669925	1.5385033
16.204853913035244	2.398045	1.5485623
16.222557576279478	2.3757854	1.5413582
16.240261629344403	22.36036	4.728674
16.257966072678386	42.917507	6.5511456
16.275670906729868	38.07981	6.170884
16.293376131947387	2.5087466	1.5839024
16.31108174877957	2.4758375	1.5734794
16.328787757675133	2.5013824	1.5815759
16.34649415908287	2.5399823	1.5937322
16.364200953451657	2.5620296	1.6006341
16.38190814123048	2.5636246	1.6011323
16.39961572286839	2.5772092	1.6053689
16.41732369881455	2.626395	1.6206156
16.43503206951817	2.6363187	1.6236744
16.45274083542859	2.6850889	1.6386241
16.47044999699522	2.7458866	1.6570717
16.488159554667558	2.8658426	1.6928799
16.505869508895184	2.89911	1.7026774
16.523579860127786	2.899042	1.7026573
16.541290608815117	2.8685892	1.693691
16.559001755407035	2.9074693	1.7051303
16.57671330035348	3.0008612	1.7322994
16.59442524410448	3.1242359	1.7675508
16.61213758711015	3.241858	1.800516
16.629850329820705	3.3356512	1.8263766
16.647563472686436	3.4017038	1.8443708
16.665277016157724	3.4516757	1.8578686
16.682990960685053	3.4558983	1.8590046
16.70070530671898	3.4520128	1.8579593
16.718420054710155	3.4579136	1.8595467
16.736135205109335	3.4877071	1.8675404
16.753850758367335	3.5447595	1.8827531
16.771566714935087	3.609908	1.8999758
16.789283075263597	3.6640944	1.9141824
16.80699983980398	3.7138877	1.927145
16.82471700900741	3.8205152	1.9546138
16.84243458332518	3.902913	1.9755791
16.860152563208665	3.9527397	1.9881499
16.87787094910932	4.0039353	2.0009835
16.89558974147871	4.035511	2.0088582
16.913308940768466	4.091403	2.0227218
16.931028547430333	4.167121	2.0413527
16.94874856191613	4.248073	2.0610855
16.966468984677785	4.3212495	2.0787616
16.98418981616729	4.3777857	2.092316
17.00191105683676	4.4371758	2.1064606
17.019632707138374	4.4634805	2.112695
17.03735476752442	4.4645114	2.1129391
17.05507723844728	4.531389	2.128706
17.072800120359403	4.5535583	2.1339068
17.090523413713353	4.6012497	2.1450524
17.108247118961785	4.6010976	2.145017
17.125971236557437	4.5887356	2.1421335
17.143695766953133	4.56943	2.1376226
17.161420710601806	4.5348864	2.1295273
17.179146067956477	4.549047	2.1328495
17.19687183947025	4.5668106	2.1370096
17.21459802559634	4.5923734	2.1429822
17.232324626788028	4.598809	2.1444833
17.25005164349871	4.5702615	2.137817
17.267779076181863	4.5816393	2.1404765
17.285506925291074	4.545911	2.1321142
17.30323519127999	4.5514584	2.1334147
17.320963874602384	4.550291	2.133141
17.33869297571211	4.5142345	2.124673
17.356422495063114	4.51536	2.1249375
17.37415243310944	4.455585	2.1108258
17.391882790305218	4.3883004	2.0948272
17.40961356710468	4.3577538	2.0875235
17.42734476396215	4.4011	2.09788
17.445076381332044	4.4311686	2.105034
17.462808419668868	4.5005016	2.1214385
17.48054087942723	4.6665187	2.1602128
17.498273761061835	5.0038495	2.2369287
17.51600706502747	5.4965167	2.344465
17.533740791779024	6.229079	2.4958122
17.551474941771485	7.740928	2.7822523
17.56920951545993	8.93036	2.9883707
17.586944513299528	11.174097	3.342768
17.60467993574556	12.995762	3.6049635
17.622415783253373	14.888373	3.8585455
17.64015205627843	16.418793	4.052011
17.657888755276293	17.436108	4.1756563
17.675625880702604	17.814615	4.2207365
17.69336343301311	17.680994	4.2048774
17.71110141266366	16.877626	4.1082387
17.728839820110178	16.075449	4.00942
17.746578655808705	15.118481	3.8882492
17.764317920215372	13.446532	3.6669514
17.7820576137864	11.618359	3.4085712
17.79979773697811	9.310445	3.0513022
17.81753829024692	7.256672	2.693821
17.835279274049356	5.5412936	2.3539953
17.85302068884201	4.562507	2.1360025
17.870762535081607	4.022656	2.005656
17.888504813224934	3.7578285	1.938512
17.90624752372891	3.5929275	1.8955019
17.923990667050536	3.4982157	1.8703518
17.941734243646895	3.4484549	1.8570015
17.959478253975185	3.4468114	1.856559
17.9772226984927	3.425008	1.8506777
17.994967577656833	3.352753	1.8310524
18.01271289192506	3.323786	1.8231254
18.030458641754965	3.3299356	1.8248111
18.04820482760425	3.3473573	1.8295784
18.06595144993067	3.3275423	1.8241552
18.083698509192125	3.2563186	1.8045273
18.101446005846576	3.2001047	1.7888837
18.119193940352105	3.1520858	1.7754115
18.136942313166887	3.14938	1.7746493
18.1546911247492	3.1302803	1.7692598
18.1724403755574	3.1300774	1.7692025
18.19019006604997	3.1231139	1.7672334
18.207940196685467	3.1071343	1.7627065
18.225690767922575	3.085586	1.7565837
18.243441780220046	3.0441735	1.744756
18.261193234036764	3.0253265	1.7393466
18.278945129831676	3.0112603	1.7352983
18.29669746806386	3.0394208	1.7433935
18.314450249192483	3.043528	1.7445711
18.3322034736768	3.0389576	1.7432606
18.349957141976184	3.014054	1.7361032
18.3677112545501	3.0176406	1.7371358
18.385465811858108	3.0323503	1.7413645
18.403220814359884	3.017709	1.7371554
18.420976262515172	3.0368729	1.7426625
18.43873215678387	3.0536923	1.7474817
18.456488497625923	3.1382427	1.7715086
18.474245285501407	3.2216592	1.7948982
18.492002520870486	3.299475	1.8164457
18.50976020419343	3.3642273	1.834183
18.527518335930615	3.6352112	1.906623
18.545276916542516	4.1993194	2.0492241
18.563035946489688	4.3369684	2.0825388
18.580795426232832	4.786735	2.1878607
18.598555356232698	4.6467767	2.1556385
18.616315736950185	4.9676237	2.2288167
18.63407656884626	4.590122	2.142457
18.65183785238201	4.7982035	2.1904802
18.669599588018617	4.648392	2.156013
18.68736177621737	4.6505027	2.1565025
18.705124417439652	4.6334424	2.1525433
18.72288751214696	4.421569	2.1027527
18.740651060800886	4.5542064	2.1340587
18.758415063863115	4.263457	2.064814
18.77617952179546	4.4270377	2.1040528
18.793944435059814	4.158694	2.0392876
18.811709804118184	4.200601	2.0495367
18.829475629432675	4.1960683	2.0484307
18.8472419114655	3.991764	1.99794
18.86500865067897	4.024966	2.0062318
18.88277584753551	3.6954741	1.9223616
18.90054350249763	3.7411835	1.9342139
18.918311616027957	3.4369667	1.8539058
18.936080188589226	3.3290262	1.824562
18.953849220644265	3.0075696	1.7342346
18.971618712656007	2.8352325	1.6838149
18.9893886650875	2.767966	1.6637205
19.007159078401887	7.9491224	2.819419
19.024929953062408	32.855785	5.7319965
19.042701289532435	32.832283	5.729946
19.060473088275405	25.430143	5.042831
19.07824534975489	2.691842	1.6406834
19.096018074434568	2.6509147	1.628163
19.113791262778197	2.63434	1.623065
19.13156491524966	2.625288	1.6202741
19.149339032312945	2.5826511	1.6070629
19.167113614432136	2.5327573	1.5914639
19.184888662071433	2.4754276	1.5733491
19.202664175695123	2.4382412	1.5614868
19.220440155767623	2.4305654	1.5590271
19.238216602753447	2.4545436	1.5666983
19.2559935171172	2.5095737	1.5841634
19.27377089932361	2.5188656	1.5870935
19.291548749837514	2.52385	1.588663
19.309327069123835	2.518937	1.587116
19.32710585764763	2.5164726	1.5863394
19.344885115874032	2.509001	1.5839826
19.362664844268313	2.4890034	1.5776576
19.380445043295822	2.4641457	1.5697597
19.39822571342203	2.4638817	1.5696757
19.41600685511252	2.4586976	1.5680234
19.43378846883297	2.4393806	1.5618516
19.451570555049173	2.4428434	1.5629598
19.469353114227037	2.474087	1.5729231
19.48713614683254	2.5002885	1.58123
19.50491965333182	2.479718	1.574712
19.52270363419109	2.4694045	1.5714339
19.540488089876686	2.4466157	1.5641662
19.55827302085503	2.4812794	1.5752077
19.576058427592674	2.5095286	1.5841492
19.593844310556282	2.523347	1.5885046
19.611630670212598	2.4871836	1.5770807
19.629417507028506	2.4637146	1.5696224
19.64720482147098	2.4433467	1.5631208
19.6649926140071	2.4756217	1.5734109
19.682780885104084	2.4856496	1.5765944
19.70056963522921	2.4666526	1.5705581
19.718358864849908	2.480515	1.5749651
19.7361485744337	2.4845812	1.5762554
19.753938764448215	2.476638	1.5737338
19.771729435361202	2.4493117	1.5650277
19.789520587640506	2.4254735	1.5573932
19.807312221754092	2.4660313	1.5703603
19.825104338170043	2.513652	1.5854502
19.842896937356517	2.5075426	1.5835222
19.860690019781824	2.4961298	1.5799145
19.87848358591436	2.4905002	1.5781319
19.896277636222635	2.4821484	1.5754836
19.914072171175278	2.4634624	1.569542
19.931867191241015	2.4408112	1.5623095
19.94966269688869	2.4714303	1.5720783
19.967458688587264	2.4734607	1.572724
19.985255166805807	2.4454892	1.5638059
20.00305213201348	2.4367082	1.5609959
20.020849584679578	2.4358466	1.5607198
20.038647525273507	2.4759874	1.5735271
20.05644595426477	2.4866412	1.5769087
20.07424487212299	2.4638963	1.5696803
20.092044279317903	2.4475703	1.5644712
20.109844176319353	2.427216	1.5579525
20.127644563597304	2.4335482	1.5599834
20.145445441621817	2.445336	1.5637571
20.16324681086307	2.4478838	1.5645715
20.181048671791373	2.4029818	1.5501554
20.198851024877122	2.3572025	1.5353184
20.216653870590836	2.3447375	1.5312536
20.234457209403146	2.3582826	1.53567
20.252261041784802	2.3398032	1.5296415
20.270065368206662	2.3368187	1.5286657
20.287870189139685	2.322359	1.5239289
20.305675505054968	2.3152063	1.5215802
20.323481316423702	2.290651	1.5134897
20.341287623717207	2.282859	1.5109134
20.359094427406884	2.3280048	1.5257801
20.376901727964288	2.3550143	1.5346056
20.39470952586107	2.3599575	1.5362153
20.41251782156899	2.3227181	1.5240467
20.430326615559935	2.2875476	1.512464
20.448135908305886	2.2796276	1.5098436
20.465945700278965	2.2876198	1.512488
20.483755991951384	2.2601233	1.5033706
20.50156678379548	2.251259	1.5004196
20.519378076283708	2.2810748	1.5103227
20.537189869888635	2.330874	1.52672
20.55500216508294	2.3305097	1.5266007
20.572814962339415	2.3134027	1.5209874
20.59062826213098	2.2842157	1.5113622
20.60844206493066	2.2887144	1.5128498
20.626256371211593	2.305352	1.5183386
20.644071181447032	2.3202443	1.5232348
20.66188649611036	2.2944903	1.5147575
20.67970231567506	2.2849517	1.5116056
20.697518640614742	2.2796056	1.5098363
20.715335471403122	2.2937114	1.5145004
20.73315280851404	2.2804987	1.5101321
20.750970652421447	2.2646196	1.5048653
20.768789003599412	2.3039849	1.5178883
20.786607862522136	2.3092973	1.5196372
20.8044272296639	2.2800481	1.5099828
20.82224710549913	2.227033	1.4923247
20.84006749050237	2.2092924	1.4863689
20.857888385148268	3.788497	1.9464061
20.8757097899116	45.92546	6.7768326
20.893531705267254	64.786095	8.048981
20.911354131690224	83.793915	9.153902
20.92917706965566	69.05571	8.309977
20.94700051963877	50.165962	7.082793
20.96482448211493	29.436514	5.425543
20.982648957559622	4.118283	2.0293553
21.00047394644843	2.1712554	1.473518
21.01829944925707	2.1791286	1.4761872
21.036125466461375	2.1854117	1.4783138
21.053951998537297	2.1842375	1.4779166
21.071779045960906	2.1833606	1.4776199
21.089606609208378	2.1820264	1.4771683
21.10743468875603	2.1973655	1.4823513
21.12526328508028	2.2242715	1.4913992
21.143092398657675	2.233566	1.494512
21.16092202996488	2.1970603	1.4822484
21.17875217947867	2.1492167	1.4660207
21.19658284767596	2.145737	1.4648334
21.21441403503377	2.1530192	1.467317
21.232245742029225	2.1286213	1.4589796
21.2500779691396	2.1148098	1.4542385
21.26791071684227	2.117668	1.4552209
21.28574398561475	2.1308534	1.4597443
21.30357777593465	2.1463878	1.4650556
21.321412088279704	2.1335568	1.46067
21.339246923127792	2.1176913	1.4552289
21.357082280956888	2.095759	1.4476737
21.3749181622451	2.1170616	1.4550126
21.392754567470647	2.1196795	1.4559119
21.41059149711187	2.1171541	1.4550444
21.42842895164726	2.1311347	1.4598407
21.446266931555378	2.1002834	1.4492354
21.464105437314945	2.0574892	1.4343951
21.481944469404798	2.0529327	1.4328059
21.49978402830388	2.0744493	1.4402949
21.51762411449127	2.076023	1.4408411
21.53546472844617	2.0477707	1.4310035
21.553305870647876	2.0107977	1.418026
21.571147541575865	1.9991963	1.4139293
21.58898974170967	1.9907477	1.4109386
21.60683247152899	2.0352855	1.4266343
21.62467573151363	2.0366976	1.4271291
21.642519522143523	2.016565	1.4200581
21.660363843898722	2.0065148	1.416515
21.6782086972594	2.0317223	1.425385
21.696054082705864	2.0540164	1.433184
21.713900000718535	2.0417907	1.4289124
21.73174645177795	2.0249958	1.4230235
21.749593436364794	2.0177488	1.4204749
21.767440954959845	2.022469	1.4221354
21.785289008044032	2.029572	1.4246305
21.803137596098388	2.0176919	1.4204549
21.820986719604086	1.9971789	1.4132158
21.838836379042412	1.9579272	1.3992596
21.85668657489478	1.9267457	1.3880726
21.87453730764273	1.9326663	1.3902037
21.892388577767914	1.9725705	1.4044822
21.91024038575213	1.9873233	1.4097246
21.928092732077285	1.9979178	1.4134772
21.945945617225426	2.0231977	1.4223915
21.963799041678694	2.0294766	1.424597
21.981653005919398	31.344515	5.598617
21.999507510429943	78.09885	8.837356
22.01736255569286	73.04581	8.546684
22.035218142190818	4.1450877	2.0359488
22.05307427040661	1.9910728	1.4110538
22.07093094082315	1.9962918	1.4129019
22.088788153923474	2.0210557	1.4216384
22.106645910190746	2.0529432	1.4328096
22.12450421010827	2.0127223	1.4187044
22.142363054159464	1.9474536	1.395512
22.16022244282787	1.9279666	1.3885124
22.178082376597164	1.9533268	1.3976147
22.195942855951145	1.9593081	1.3997529
22.213803881373742	1.9415845	1.3934075
22.231665453349002	1.9590106	1.3996466
22.24952757236111	1.9696814	1.4034534
22.26739023889438	1.9646641	1.4016647
22.28525345343323	1.9318792	1.3899206
22.30311721646225	1.9004036	1.3785512
22.320981528466113	1.8865253	1.3735083
22.33884638992964	1.9162295	1.3842794
22.356711801337788	1.9601145	1.4000409
22.37457776317561	1.962087	1.4007452
22.392444275928337	1.9500659	1.3964475
22.410311340081282	1.9210992	1.3860372
22.428178956119904	1.9203184	1.3857555
22.446047124529805	1.9421494	1.3936102
22.46391584579669	1.9408377	1.3931395
22.481785120406414	1.9681034	1.402891
22.49965494884496	1.9689089	1.4031781
22.51752533159841	1.9766283	1.4059261
22.53539626915302	1.9524331	1.3972949
22.553267761995137	1.9213417	1.3861247
22.571139810611264	1.9073427	1.3810657
22.589012415488025	1.9110337	1.3824015
22.60688557711216	1.9613843	1.4004943
22.624759295970566	1.9711198	1.4039657
22.642633572550263	1.9862111	1.40933
22.660508407338362	1.9814641	1.4076449
22.67838380082217	1.9688917	1.403172
22.696259753489077	1.9502999	1.3965313
22.714136265826614	1.9481635	1.3957663
22.73201333832246	1.9518945	1.3971022
22.74989097146439	1.9241531	1.3871385
22.76776916574035	1.9160846	1.384227
22.785647921638393	1.8832532	1.3723167
22.803527239646712	1.867839	1.3666891
22.82140712025363	1.8607409	1.3640897
22.839287563947593	1.9086055	1.3815229
22.85716857121719	1.8807207	1.3713937
22.875050142551135	1.8860306	1.3733283
22.892932278438277	1.8858079	1.3732471
22.910814979367604	1.9372805	1.3918623
22.928698245828222	1.9049673	1.3802055
22.946582078309387	1.9007626	1.3786814
22.96446647730047	1.8875276	1.3738732
22.98235144329098	1.8685578	1.3669521
23.000236976770562	1.8419836	1.3571969
23.018123078229	1.8602289	1.3639021
23.03600974815619	1.929886	1.3892033
23.053896987042194	1.9345446	1.390879
23.071784795377173	1.8814354	1.3716543
23.08967317365145	1.8494718	1.3599529
23.10756212235546	1.8509835	1.3605086
23.125451641979787	1.8548058	1.3619126
23.143341733015134	1.8609983	1.3641841
23.161232395952357	1.8973725	1.3774514
23.179123631282426	1.9350734	1.3910692
23.197015439496468	1.9158633	1.3841472
23.214907821085717	1.8845869	1.3728026
23.23280077654157	1.8771596	1.3700948
23.250694306355538	1.8985134	1.3778656
23.268588411019277	1.9174182	1.3847088
23.28648309102458	1.9290594	1.3889059
23.304378346863356	1.9194565	1.3854445
23.322274179027676	1.898291	1.3777848
23.340170588009723	1.9094703	1.3818358
23.358067574301852	1.9085397	1.381499
23.37596513839651	1.8927013	1.3757548
23.39386328078629	1.8701869	1.3675478
23.411762001963947	1.8755778	1.3695173
23.429661302422353	1.891937	1.375477
23.4475611826545	1.855129	1.3620312
23.46546164315356	1.8605168	1.3640076
23.48336268441279	1.8755035	1.3694903
23.501264306925638	1.8382386	1.3558166
23.51916651118564	1.8019948	1.342384
23.537069297686497	1.8294331	1.3525654
23.554972666922037	1.8870263	1.3736907
23.57287661938623	1.9061353	1.3806286
23.59078115557318	1.9262522	1.3878949
23.608686275977128	1.9190632	1.3853025
23.62659198109246	1.8890642	1.3744323
23.6444982714137	1.8800546	1.3711509
23.66240514743549	1.8866189	1.3735424
23.68031260965263	1.9444574	1.394438
23.698220658560068	1.9328815	1.3902811
23.716129294652845	1.895006	1.3765922
23.7340385184262	1.8629434	1.3648969
23.75194833037546	1.8561054	1.3623896
23.769858730996123	1.8533043	1.3613611
23.78776972078382	1.8478558	1.3593585
23.80568130023431	1.8394532	1.3562645
23.823593469843495	1.8701786	1.3675448
23.841506230107424	1.873429	1.3687326
23.859419581522275	1.8749008	1.3692702
23.87733352458438	1.8657825	1.3659365
23.89524805979019	1.8805758	1.3713409
23.913163187636318	1.8940362	1.3762399
23.931078908619508	1.946767	1.3952659
23.948995223236633	2.0023568	1.4150466
23.966912131984735	2.0456855	1.4302746
23.98482963536096	2.0318918	1.4254445
24.002747733862616	1.9940017	1.4120913
24.020666427987155	1.9954696	1.4126109
24.038585718232156	2.0110052	1.4180992
24.056505605095353	2.014648	1.4193829
24.074426089074617	2.0263371	1.4234947
24.092347170667946	2.0386052	1.4277973
24.110268850373515	2.0493479	1.4315543
24.128191128689586	2.0890648	1.4453597
24.146114006114626	2.0415213	1.4288181
24.164037483147187	2.0087702	1.417311
24.181961560286005	1.9938071	1.4120224
24.199886238029926	1.9972053	1.4132252
24.21781151687797	2.0558882	1.4338368
24.235737397329274	2.0262842	1.4234761
24.253663879883135	2.0071554	1.4167411
24.271590965038975	2.0279768	1.4240705
24.289518653296376	2.0815113	1.4427444
24.30744694515505	2.1024592	1.449986
24.32537584111486	2.0930583	1.4467406
24.34330534167581	2.1129942	1.4536142
24.361235447338046	2.088666	1.4452218
24.379166158601876	2.040166	1.4283438
24.39709747596772	2.0129914	1.4187993
24.41502939993615	1.9858556	1.4092039
24.432961931007917	1.9476465	1.395581
24.450895069683856	1.9111131	1.3824302
24.468828816465	1.9147142	1.383732
24.4867631718525	1.957302	1.399036
24.504698136347656	2.0001726	1.4142746
24.52263371045192	1.9696386	1.4034381
24.540569894666874	1.951708	1.3970354
24.558506689494266	1.9628506	1.4010177
24.57644409543597	2.0028222	1.415211
24.594382112994012	1.9732254	1.4047154
24.61232074267057	2.0010307	1.414578
24.630259984967953	1.9876729	1.4098486
24.64819984038863	1.9609025	1.4003223
24.66614030943522	1.925706	1.387698
24.684081392610462	1.8926004	1.3757181
24.702023090417274	1.8994932	1.378221
24.7199654033587	1.9160752	1.3842237
24.737908331937927	1.9942601	1.4121827
24.755851876658305	2.0357535	1.4267983
24.773796038023324	2.0637956	1.4365916
24.79174081653661	2.0640004	1.4366629
24.809686212701962	2.0925217	1.4465551
24.827632227023294	2.068758	1.4383178
24.8455788600047	2.067726	1.437959
24.8635261121504	2.0845003	1.4437798
24.88147398396475	2.1038332	1.4504596
24.899422475952303	2.1235342	1.4572351
24.917371588617698	2.1297438	1.4593642
24.935321322465768	2.1910403	1.4802163
24.953271678001478	2.3248274	1.5247384
24.97122265572994	2.5467296	1.5958476
24.989174256156414	2.8694386	1.6939417
25.00712647978632	3.3443654	1.8287606
25.02507932712521	3.9281502	1.9819561
25.043032798678798	4.50122	2.121608
25.060986894952933	5.268171	2.2952497
25.078941616453637	6.03632	2.4568925
25.096896963687055	7.0493226	2.655056
25.114852937159508	8.025272	2.8328912
25.132809537377444	8.345393	2.8888395
25.150766764847468	8.195892	2.8628469
25.168724620076347	7.475095	2.734062
25.186683103570985	6.403959	2.5306044
25.204642215838426	5.186364	2.277359
25.222601957385894	3.8926167	1.9729716
25.24056232872074	3.018994	1.7375252
25.25852333035048	2.5472503	1.5960107
25.276484962782778	2.2431877	1.4977275
25.294447226525435	2.081747	1.442826
25.312410122086423	2.0036418	1.4155005
25.330373649973843	1.9461657	1.3950504
25.348337810695988	1.8596268	1.3636813
25.366302604761245	1.8248897	1.3508848
25.384268032678207	1.8201339	1.3491234
25.40223409495558	1.8452078	1.3583843
25.420200792102257	1.8757702	1.3695877
25.438168124627246	1.8819529	1.3718429
25.45613609303974	1.8673432	1.3665076
25.474104697849057	1.9049792	1.3802098
25.492073939564698	1.9329383	1.3903016
25.510043818696285	1.9437689	1.3941911
25.528014335753614	1.8711993	1.3679179
25.54598549124664	1.7862529	1.3365077
25.56395728568544	1.8124118	1.3462584
25.58192971958028	1.8411407	1.3568864
25.59990279344156	1.8342863	1.3543583
25.617876507779833	1.8465695	1.3588854
25.635850863105826	1.8959452	1.3769332
25.653825859930386	1.9070776	1.3809698
25.671801498764548	1.868993	1.3671112
25.68977778011949	1.8073615	1.3443815
25.707754704506524	1.8528491	1.361194
25.725732272437153	1.9145513	1.3836731
25.743710484423012	1.9032444	1.3795812
25.761689340975888	1.8756624	1.3695483
25.77966884260774	1.8618042	1.3644794
25.797648989830662	1.8641208	1.3653281
25.815629783156922	1.8451434	1.3583605
25.83361122309895	1.8187019	1.3485925
25.85159331016929	1.8537146	1.3615118
25.869576044880695	1.8805065	1.3713156
25.887559427746034	1.839341	1.3562231
25.90554345927836	1.8384284	1.3558866
25.92352813999086	1.8829433	1.3722038
25.94151347039689	1.8834695	1.3723955
25.959499451009965	1.8333992	1.3540307
25.97748608234374	1.8296616	1.3526498
25.995473364912062	1.8540744	1.361644
26.013461299228904	1.8767587	1.3699484
26.03144988580839	1.8154936	1.3474026
26.04943912516483	1.7514654	1.3234295
26.067429017812675	1.7172561	1.3104411
26.085419564266537	1.7484969	1.3223075
26.103410765041186	1.7834097	1.3354436
26.12140262065155	1.8139365	1.3468246
26.139395131612723	1.8159376	1.3475673
26.157388298439948	1.8047091	1.3433946
26.17538212164861	1.8043581	1.343264
26.193376601754295	1.8416979	1.3570917
26.211371739272714	1.8644173	1.3654367
26.229367534719746	1.8693504	1.3672419
26.247363988611433	1.841036	1.3568478
26.26536110146397	1.8043487	1.3432605
26.283358873793727	1.8023423	1.3425134
26.301357306117204	1.784406	1.3358166
26.319356398951104	1.7767916	1.3329635
26.33735615281224	1.7809851	1.3345356
26.35535656821762	1.8164047	1.3477407
26.373357645684404	1.8195692	1.3489141
26.39135938572991	1.7936265	1.3392634
26.409361788871614	1.8086066	1.3448445
26.427364855627165	1.7830007	1.3352906
26.445368586514352	1.7679691	1.32965
26.46337298205115	1.7865049	1.336602
26.48137804275568	1.8152606	1.3473161
26.499383769146217	1.8064668	1.3440486
26.517390161741215	1.8097966	1.3452868
26.53539722105928	1.8280329	1.3520477
26.553404947619182	1.8439401	1.3579175
26.571413341939856	1.8112794	1.3458378
26.589422404540397	1.8235596	1.3503925
26.60743213594006	1.8343484	1.3543812
26.62544253665827	1.820429	1.3492327
26.64345360721459	1.8214406	1.3496076
26.66146534812879	1.8394011	1.3562453
26.679477759920758	1.8544657	1.3617877
26.69749084311057	1.8181604	1.3483918
26.71550459821847	1.7956141	1.3400053
26.733519025764842	1.7966896	1.3404065
26.751534126270258	1.8313528	1.3532748
26.769549900255434	1.8222885	1.3499217
26.787566348241267	1.7452873	1.3210932
26.80558347074881	1.7463014	1.3214769
26.823601268299267	1.7812454	1.334633
26.841619741414036	1.7946422	1.3396425
26.85963889061465	1.7949888	1.3397719
26.877658716422832	1.812435	1.3462671
26.89567921936045	1.8160907	1.3476241
26.913700399949544	1.7664706	1.3290863
26.93172225871233	1.7413592	1.3196057
26.949744796171174	1.7907934	1.3382053
26.967768012848605	1.8629487	1.3648988
26.98579190926733	1.8263261	1.3514163
27.003816485950225	1.7642331	1.3282443
27.021841743420318	1.7144289	1.309362
27.039867682200814	1.7236085	1.3128628
27.057894302815072	1.7640496	1.3281753
27.07592160578664	1.7916902	1.3385403
27.0939495916392	1.7857075	1.3363037
27.111978260896635	1.7478949	1.3220798
27.13000761408296	1.709148	1.3073438
27.148037651722397	1.748461	1.3222939
27.166068374339304	1.7792029	1.3338677
27.184099782458215	1.796445	1.3403152
27.20213187660384	1.7641546	1.3282148
27.22016465730105	1.7656012	1.3287593
27.23819812507487	1.7622716	1.3275058
27.256232280450533	1.7803712	1.3343055
27.274267123953383	1.7857472	1.3363185
27.292302656108987	1.8016269	1.342247
27.31033887744306	1.8119586	1.3460901
27.32837578848146	1.7803847	1.3343105
27.34641338975026	1.800432	1.3418018
27.364451681775673	1.8069112	1.344214
27.382490665084074	1.7862415	1.3365035
27.400530340202046	1.7916689	1.3385323
27.41857070765629	1.811128	1.3457816
27.436611767973726	1.8553762	1.3621219
27.454653521681404	1.8552948	1.362092
27.472695969306564	1.8136407	1.3467147
27.490739111376627	1.7655902	1.3287551
27.508782948419153	1.7647748	1.3284483
27.526827480961902	1.8029906	1.3427548
27.54487270953279	1.8044003	1.3432797
27.562918634659898	1.8102927	1.3454711
27.580965256871508	1.7991382	1.3413196
27.599012576696026	1.8101561	1.3454204
27.617060594662068	1.7930672	1.3390546
27.63510931129842	1.7905897	1.3381292
27.65315872713401	1.8317953	1.3534384
27.67120884269797	1.8426375	1.3574378
27.68925965851958	1.80593	1.343849
27.707311175128307	1.8252927	1.3510339
27.725363393053787	1.868293	1.3668551
27.74341631282583	1.8898062	1.3747022
27.7614699349744	1.9287536	1.3887957
27.77952426002968	2.0774655	1.4413415
27.797579288521973	2.0654035	1.4371512
27.815635020981784	2.4122107	1.5531293
27.83369145793979	2.4688203	1.571248
27.85174859992682	2.370681	1.5397016
27.869806447473923	2.2601209	1.5033698
27.887865001112267	2.0200763	1.4212939
27.905924261373233	1.9100666	1.3820516
27.92398422878836	1.8744597	1.3691092
27.94204490388936	1.8544881	1.3617959
27.96010628720813	1.8379751	1.3557194
27.978168379276728	1.8400397	1.3564806
27.9962311806274	1.839601	1.356319
28.014294691792568	1.8468595	1.3589921
28.0323589133048	1.8214163	1.3495985
28.050423845696887	1.823231	1.3502707
28.068489489501758	1.8319123	1.3534815
28.086555845252523	1.8446388	1.3581748
28.104622913482487	1.8216475	1.3496842
28.122690694725115	1.7830137	1.3352953
28.14075918951405	1.7852746	1.3361417
28.15882839838312	1.8215168	1.3496358
28.176898321866304	1.8445585	1.3581452
28.1949689604978	1.8694882	1.3672923
28.213040314811945	1.8961725	1.3770158
28.23111238534327	1.9227552	1.3866345
28.249185172626493	1.925043	1.3874592
28.267258677196473	1.9523469	1.3972641
28.285332899588294	1.9817163	1.4077344
28.303407840337172	1.9449664	1.3946205
28.321483499978545	1.8731223	1.3686206
28.33955987904799	1.8802711	1.3712298
28.357636978081285	1.9042634	1.3799505
28.37571479761439	1.9061872	1.3806474
28.393793338183425	1.9163393	1.3843191
28.41187260032469	1.940209	1.3929138
28.429952584574686	1.9667957	1.4024249
28.448033291470065	1.9820987	1.4078703
28.46611472154769	1.9629542	1.4010546
28.484196875344566	1.9759388	1.4056809
28.502279753397914	1.9945406	1.412282
28.52036335624511	2.0198748	1.421223
28.538447684423716	2.0143962	1.4192942
28.556532738471482	2.0052707	1.4160758
28.574618518926325	1.9970528	1.4131712
28.59270502632635	2.01259	1.4186578
28.61079226120985	2.0278823	1.4240373
28.628880224115274	1.980579	1.4073305
28.646968915581287	1.9739306	1.4049664
28.66505833614671	1.9835777	1.4083954
28.68314848635055	2.0042052	1.4156996
28.701239366732004	2.0142894	1.4192567
28.71933097783044	2.0313866	1.4252672
28.737423320185403	2.076157	1.4408876
28.75551639433665	2.1003273	1.4492506
28.773610200824074	2.1260238	1.4580891
28.791704740187793	2.1029298	1.4501482
28.80980001296809	2.0664961	1.4375312
28.827896019705413	2.0643651	1.4367899
28.845992760940433	2.1036844	1.4504083
28.86409023721397	2.2065904	1.4854597
28.88218844906704	2.2374053	1.4957958
28.900287397040845	2.2246876	1.4915386
28.918387081676755	2.1976483	1.4824467
28.936487503516343	2.213303	1.4877174
28.954588663101365	2.2192962	1.4897302
28.97269056097374	2.308341	1.5193225
28.990793197675597	2.34677	1.5319171
29.00889657374923	2.3709373	1.5397848
29.027000689737125	2.3430533	1.5307035
29.04510554618196	2.3685937	1.5390236
29.06321114362659	2.4035199	1.550329
29.08131748261405	2.4143739	1.5538256
29.099424563687567	2.4230225	1.556606
29.11753238739057	2.4227383	1.5565147
29.13564095426663	2.4960253	1.5798814
29.15375026485954	2.571243	1.6035095
29.171860319713275	2.6222014	1.6193213
29.18997111937199	2.6579037	1.6303078
29.20808266438002	2.7022321	1.6438468
29.226194955281898	2.814303	1.6775885
29.244307992622335	2.8797443	1.696981
29.26242177694624	2.8917687	1.7005202
29.2805363087987	2.9130132	1.7067552
29.29865158872498	2.9356103	1.7133623
29.316767617270557	2.893268	1.700961
29.334884394981064	2.8574152	1.690389
29.353001922402367	2.8872368	1.6991872
29.37112020008047	2.9986658	1.7316656
29.389239228561596	3.1200464	1.7663653
29.407359008392152	3.3415477	1.82799
29.42547954011872	3.7841115	1.9452792
29.44360082428809	4.507052	2.1229818
29.46172286144722	5.761656	2.4003448
29.479845652143283	7.573065	2.7519202
29.497969196923606	9.856405	3.1394913
29.516093496335728	12.520844	3.5384805
29.5342185509274	15.560778	3.9447153
29.55234436124651	18.005825	4.243327
29.570470927841175	19.055593	4.365271
29.588598251259686	18.231174	4.269798
29.60672633205055	16.555443	4.068838
29.624855170762405	14.158353	3.7627587
29.642984767944146	11.277727	3.3582327
29.66111512414481	8.544044	2.9230196
29.67924623991366	6.3135357	2.512675
29.697378115800138	4.8867917	2.210609
29.71551075235387	4.0848284	2.0210958
29.733644150124675	3.6878593	1.92038
29.751778309662576	3.5173087	1.875449
29.769913231517766	3.47097	1.8630539
29.78804891624066	3.402952	1.8447092
29.806185364381818	3.344924	1.8289133
29.82432257649206	3.321301	1.8224437
29.842460553122333	3.308538	1.8189387
29.86059929482382	3.3153257	1.8208036
29.878738802147872	3.2358804	1.7988553
29.896879075646048	3.1794488	1.783101
29.915020115870114	3.2066314	1.790707
29.933161923371976	3.2723868	1.8089739
29.951304498703777	3.25326	1.8036796
29.969447842417857	3.1549568	1.7762198
29.987591955066733	3.155603	1.7764016
30.005736837203123	3.1794932	1.7831134
30.023882489379943	3.1550288	1.7762401
30.04202891215028	3.231118	1.7975311
30.060176106067455	3.2262807	1.796185
30.078324071684946	3.1395795	1.7718859
30.09647280955646	3.0877655	1.7572038
30.114622320235863	3.0866365	1.7568827
30.132772604277257	3.0385864	1.7431542
30.1509236622349	3.0553968	1.7479694
30.16907549466328	3.0366933	1.742611
30.18722810211705	3.0339472	1.741823
30.205381485151097	3.0651014	1.7507432
30.22353564432045	3.0067894	1.7340096
30.241690580180403	3.0124042	1.7356279
30.25984629328638	3.0006056	1.7322257
30.278002784194037	2.9371543	1.7138128
30.296160053459246	2.9265358	1.7107121
30.314318101638033	2.9684749	1.7229263
30.332476929286646	3.0101216	1.7349702
30.35063653696153	3.0060937	1.733809
30.368796925219307	2.9572635	1.7196696
30.386958094616844	2.8906841	1.7002012
30.40512004571115	2.854146	1.6894218
30.423282779059463	2.8449817	1.6867074
30.441446295219233	2.9022565	1.703601
30.459610594748067	2.85183	1.6887362
30.47777567820382	2.7765284	1.6662918
30.495941546144504	2.7725985	1.6651121
30.51410819912835	2.82332	1.6802738
30.532275637713795	2.8333173	1.683246
30.55044386245946	2.8114552	1.6767395
30.56861287392416	2.7879171	1.6697057
30.586782672666956	2.7295558	1.6521368
30.604953259247047	2.6725502	1.6347936
30.623124634223885	2.6761699	1.6359004
30.641296798157075	2.6656651	1.6326865
30.659469751606462	2.7108953	1.6464797
30.677643495132074	2.7360244	1.6540933
30.695818029294152	2.7266996	1.651272
30.713993354653116	2.6882687	1.6395941
30.73216947176962	2.6649432	1.6324654
30.75034638120448	2.6353831	1.6233863
30.768524083518756	2.6821744	1.6377345
30.786702579273673	2.798722	1.6729381
30.80488186903069	2.8909132	1.7002686
30.82306195335144	3.0144615	1.7362205
30.841242832797782	3.2110398	1.7919375
30.85942450793176	3.4978693	1.8702592
30.877606979315637	3.8244505	1.9556203
30.895790247511883	4.2549434	2.0627513
30.913974313083134	4.6927476	2.166275
30.932159176592283	4.906187	2.2149913
30.95034483860237	4.8404093	2.200093
30.968531299676698	4.6437674	2.1549401
30.98671856037873	4.2882314	2.0708046
31.00490662127215	3.7846348	1.9454138
31.023095482920848	3.3494434	1.8301485
31.04128514588892	2.9878857	1.7285502
31.059475610740662	2.687216	1.639273
31.07766687804056	2.5653663	1.6016761
31.09585894835335	2.508648	1.5838711
31.11405182224393	2.5092764	1.5840696
31.132245500277417	2.4569423	1.5674636
31.15043998301914	2.4302552	1.5589275
31.168635271034628	2.3660746	1.538205
31.18683136488964	2.3710036	1.5398064
31.20502826515008	2.38535	1.5444578
31.223225972382135	2.3813722	1.5431695
31.241424487152155	2.3525777	1.5338115
31.259623810026692	2.3498914	1.5329355
31.27782394157253	2.3615987	1.5367494
31.296024882356644	2.4038398	1.5504321
31.314226632946237	2.444921	1.5636243
31.332429193908684	2.4528677	1.5661634
31.350632565811598	2.4090452	1.55211
31.368836749222787	2.4105291	1.5525879
31.387041744710295	2.4538894	1.5664895
31.40524755284232	2.5224216	1.5882133
31.423454174187317	2.511044	1.5846274
31.441661609313922	2.4611957	1.5688199
31.459869858791002	2.4335868	1.5599958
31.478078923187628	2.3588574	1.5358572
31.496288803073064	2.3290231	1.5261137
31.514499499016807	2.3207984	1.5234166
31.532711011588546	2.3246703	1.5246869
31.550923341358178	2.3248057	1.5247314
31.56913648889584	2.3472984	1.5320896
31.587350454771844	2.2967088	1.5154896
31.605565239556732	2.2872355	1.5123609
31.62378084382127	2.2908168	1.5135444
31.641997268136382	2.307159	1.5189335
31.660214513073274	2.2332375	1.494402
31.67843257920331	2.2086077	1.4861385
31.6966514670981	2.247365	1.4991214
31.71487117732944	2.2351613	1.4950455
31.733091710469346	2.1840491	1.4778528
31.751313067090052	2.2402995	1.496763
31.769535247764008	2.1947587	1.4814718
31.787758253063878	2.16226	1.4704626
31.805982083562526	2.1849122	1.4781449
31.824206739833024	2.2962325	1.5153325
31.84243222244869	2.2625763	1.5041863
31.860658531983013	2.1515694	1.4668229
31.878885669009737	2.1463246	1.465034
31.897113634102784	2.231141	1.4937005
31.91534242783632	2.3242867	1.5245612
31.933572050784694	2.3063698	1.5186737
31.951802503522508	2.2478268	1.4992754
31.970033786624548	2.2248182	1.4915825
31.988265900665834	2.1857316	1.478422
32.006498846221575	2.1172369	1.4550728
32.02473262386724	2.1555452	1.4681776
32.04296723417845	2.093071	1.4467449
32.0612026777311	2.0882244	1.445069
32.07943895510129	2.131171	1.459853
32.097676066865304	2.0989678	1.4487815
32.115914013599685	2.0450683	1.4300588
32.13415279588115	2.024209	1.422747
32.152392414286666	2.0605469	1.4354606
32.1706328693934	2.0868478	1.4445926
32.18887416177875	2.1355462	1.4613508
32.20711629202032	2.0889316	1.4453137
32.225359260695924	2.0972471	1.4481876
32.243603068383614	2.1317763	1.4600604
32.26184771566166	2.1568093	1.4686079
32.28009320310852	2.1619184	1.4703463
32.2983395313029	2.1838436	1.4777833
32.31658670082372	2.105537	1.4510468
32.33483471225012	2.1175356	1.4551754
32.35308356616143	2.1581416	1.4690615
32.371333263137245	2.040173	1.4283463
32.38958380375734	1.9917824	1.4113052
32.407835188601744	1.9634218	1.4012215
32.42608741825067	1.9816408	1.4077077
32.444340493284585	1.9908595	1.4109782
32.46259441428416	1.9755213	1.4055324
32.48084918183028	1.9800644	1.4071476
32.49910479650405	1.9841348	1.4085932
32.51736125888683	1.9804754	1.4072937
32.53561856956014	2.0478094	1.4310169
32.5538767291058	2.0374544	1.4273943
32.572135738105764	2.012592	1.4186585
32.59039559714228	2.0130744	1.4188285
32.608656306797776	2.047046	1.4307501
32.62691786765491	2.0150974	1.4195412
32.645180280296586	1.9572239	1.3990082
32.663443545305896	1.8705256	1.3676716
32.68170766326619	1.8354193	1.3547765
32.69997263476099	1.8727351	1.3684791
32.7182384603741	1.8836893	1.3724756
32.7365051406895	1.8327763	1.3538007
32.75477267629144	1.8335044	1.3540696
32.77304106776434	1.9524701	1.3973081
32.79131031569289	1.9223738	1.3864969
32.809580420661966	1.8995419	1.3782387
32.827851383256714	1.8454213	1.3584628
32.84612320406245	1.8656906	1.3659029
32.86439588366476	1.933449	1.3904852
32.88266942264945	1.9520469	1.3971567
32.9009438216025	1.9678599	1.4028043
32.9192190811102	1.9399574	1.3928236
32.937495201758985	1.8696325	1.3673451
32.95577218413556	1.7495118	1.3226911
32.974050028826866	1.7848034	1.3359654
32.992328736420035	1.8941553	1.3762832
33.010608307502444	1.9329419	1.3903028
33.02888874266169	1.9146228	1.3836989
33.047170042485604	1.99641	1.4129437
33.06545220756225	2.022246	1.4220569
33.083735238479896	1.9558626	1.3985215
33.10201913582707	1.9873279	1.4097261
33.12030390019248	2.0048997	1.4159448
33.138589532165135	2.0338316	1.4261247
33.15687603233419	1.9932889	1.4118388
33.17516340128909	1.9363345	1.3915224
33.19345163961947	1.9716262	1.4041461
33.211740747915215	1.9158258	1.3841336
33.23003072676643	1.8749696	1.3692952
33.248321576763466	1.9156964	1.3840868
33.266613298496885	1.9333035	1.3904328
33.28490589255747	1.8542871	1.3617221
33.30319935953626	1.7480009	1.3221198
33.32149370002451	1.7637609	1.3280666
33.339788914613706	1.771347	1.3309196
33.358085003895575	1.7907988	1.3382072
33.376381968462034	1.8559589	1.3623358
33.39467980890529	1.879065	1.3707899
33.41297852581774	1.9031589	1.3795502
33.43127811979204	1.8412663	1.3569326
33.44957859142105	1.9395584	1.3926803
33.467879941297866	2.01684	1.4201549
33.486182170015844	1.9385037	1.3923016
33.50448527816853	1.8521723	1.3609453
33.522789266349754	1.9281787	1.3885888
33.541094135153514	1.8735487	1.3687763
33.55939988517411	1.7786957	1.3336775
33.57770651700602	1.7940661	1.3394275
33.59601403124398	1.7905701	1.3381219
33.61432242848296	1.8469076	1.3590097
33.632631709318154	1.9536818	1.3977417
33.650941874344994	1.955296	1.398319
33.66925292415916	1.9494977	1.3962442
33.68756485935654	1.8622785	1.3646532
33.70587768053328	1.824912	1.350893
33.724191388285746	1.7396865	1.3189718
33.74250598321054	1.6832699	1.2974089
33.760821465904506	1.7347668	1.3171055
33.77913783696474	1.78585	1.336357
33.79745509698852	1.862767	1.3648322
33.815773246573414	1.8831377	1.3722746
33.8340922863172	1.827966	1.3520229
33.852412216817896	1.830221	1.3528566
33.87073303867377	1.8718694	1.3681628
33.889054752483304	1.8929148	1.3758324
33.907377358845245	2.0070252	1.4166952
33.92570085835853	1.974108	1.4050295
33.94402525162239	1.8682193	1.3668282
33.96235053923627	1.8949516	1.3765724
33.980676721799824	1.9641082	1.4014665
33.999003799912984	1.983644	1.408419
34.01733177417592	1.9463177	1.3951049
34.03566064518901	1.8198667	1.3490243
34.0539904135529	1.7735277	1.3317386
34.07232107986846	1.7794892	1.333975
34.090652644736785	1.9007983	1.3786944
34.108985108759235	2.050616	1.4319972
34.12731847253742	2.0366478	1.4271117
34.14565273667313	1.9598256	1.3999377
34.16398790176847	1.8353722	1.3547591
34.18232396842574	1.7476083	1.3219714
34.20066093724749	1.8263992	1.3514434
34.21899880883651	2.0746977	1.440381
34.23733758379583	2.1303926	1.4595864
34.25567726272874	2.0328546	1.4257821
34.27401784623872	1.9679217	1.4028263
34.29235933492957	1.9168668	1.3845096
34.31070172940526	1.9047561	1.380129
34.32904503027003	1.9059224	1.3805515
34.347389238128386	1.8562433	1.3624402
34.36573435358502	1.874067	1.3689656
34.38408037724492	1.9811801	1.407544
34.402427309713296	2.0574214	1.4343715
34.42077515159559	2.0504427	1.4319367
34.43912390349752	1.9654709	1.4019525
34.45747356602499	1.922931	1.3866979
34.47582413978423	2.0226986	1.422216
34.49417562538163	2.145908	1.4648918
34.51252802342388	2.0684943	1.4382261
34.53088133451789	1.8873624	1.373813
34.54923555927084	1.7886118	1.33739
34.567590698290104	1.8489577	1.3597639
34.58594675218336	1.8804727	1.3713033
34.6043037215585	1.8345937	1.3544717
34.62266160702365	1.9671656	1.4025568
34.641020409187234	1.9745036	1.4051703
34.65938012865785	1.837915	1.3556973
34.677740766044394	1.9356028	1.3912594
34.69610232195598	2.0696523	1.4386287
34.714464797002016	1.9433616	1.3940451
34.73282819179208	1.9692602	1.4033033
34.751192506936064	1.9537905	1.3977805
34.76955774304408	1.8346816	1.3545042
34.7879239007265	1.8138729	1.346801
34.80629098059391	1.8205973	1.3492951
34.824658983257194	1.7871271	1.3368348
34.843027909327446	1.8257742	1.3512121
34.86139775941603	1.8804742	1.3713038
34.879768534134534	1.8004472	1.3418075
34.89814023409483	1.894184	1.3762935
34.91651285990901	2.0674798	1.4378734
34.93488641218944	2.0236044	1.4225345
34.95326089154871	1.8468903	1.3590034
34.97163629859967	1.8965867	1.3771662
34.99001263395542	1.9433936	1.3940566
35.00838989822934	2.0132713	1.418898
35.02676809203499	2.0027664	1.4151913
35.04514721598624	1.9105246	1.3822173
35.063527270697215	1.8939239	1.3761991
35.081908256782256	1.9318944	1.3899261
35.10029017485597	2.124643	1.4576155
35.11867302553321	2.2747443	1.5082256
35.137056809429104	2.1921637	1.4805957
35.155441527159006	1.8465439	1.358876
35.173827179338524	1.750979	1.3232456
35.19221376658354	2.0635397	1.4365026
35.21060128951017	2.2064939	1.4854271
35.2289897487348	2.0460844	1.4304141
35.24737914487405	1.8845404	1.3727857
35.26576947854479	1.6415197	1.281218
35.28416075036418	1.7073542	1.3066577
35.30255296094958	1.8073127	1.3443633
35.32094611091867	1.9620388	1.400728
35.33934020088932	2.276016	1.5086471
35.35773523147969	2.2172043	1.489028
35.3761312033082	1.8935778	1.3760734
35.394528116993506	1.8603525	1.3639474
35.41292597315452	2.0284467	1.4242355
35.431324772410434	2.1478758	1.4655633
35.449724515380666	2.211432	1.4870884
35.46812520268491	2.2182784	1.4893886
35.486526834943106	1.7827684	1.3352035
35.504929412775454	1.5626439	1.2500576
35.52333293680242	1.8090166	1.3449969
35.54173740764471	2.1245887	1.4575969
35.560142825923286	2.2654536	1.5051423
35.5785491922594	2.3841655	1.5440743
35.59695650727454	1.9693184	1.403324
35.61536477159042	1.5382273	1.240253
