0.008763373481513119	0.0	0.0
0.026290120649546365	0.0	0.0
0.043816868432600686	0.0	0.0
0.06134361724069026	0.01719954	0.13114701
0.07887036748382949	0.09945681	0.31536773
0.0963971195720331	0.114345744	0.33815047
0.11392387391531617	0.20196983	0.44941053
0.1314506309236943	0.17054388	0.4129696
0.1489773910071836	0.16898035	0.4110722
0.16650415457580078	0.11883331	0.3447221
0.18403092203956356	0.13026361	0.36092052
0.20155769380849	0.10330866	0.32141665
0.2190844702925996	0.12690419	0.35623613
0.2366112519019124	0.1396142	0.37364984
0.2541380390464497	0.13257556	0.36410928
0.27166483213623416	0.11588588	0.34042016
0.28919163158128947	0.09765886	0.31250417
0.3067184377916406	0.09352509	0.3058187
0.324245251177314	0.07327953	0.27070192
0.34177207214833777	0.10226054	0.31978202
0.3592989011147415	0.14197901	0.376801
0.37682573848655654	0.17019907	0.4125519
0.39435258467381573	0.13801405	0.37150243
0.41187944008655414	0.13626325	0.36913854
0.42940630513480854	0.12918456	0.35942253
0.446933180228618	0.13293234	0.36459887
0.4644600657780234	0.1840911	0.4290584
0.48198696219306775	0.22593194	0.475323
0.49951386988379676	0.26335308	0.51317936
0.5170407892602581	0.21152887	0.45992267
0.5345677207325025	0.14421782	0.3797602
0.5520946647105822	0.11709398	0.34218997
0.5696216216045534	0.17035238	0.41273767
0.5871485918244737	0.21405342	0.4626591
0.6046755757804043	0.24711537	0.497107
0.6222025738824094	0.23828928	0.48814884
0.6397295865405557	0.21058981	0.45890066
0.6572566141649129	0.16563572	0.40698367
0.6747836571655547	0.14820221	0.3849704
0.6923107159525568	0.15624984	0.3952845
0.7098377909359992	0.157084	0.39633825
0.7273648825259653	0.15909694	0.39886957
0.7448919911325411	0.15907001	0.39883584
0.762419117165817	0.19927901	0.44640678
0.7799462610358868	0.2289554	0.47849286
0.7974734231528482	0.22687265	0.4763115
0.8150006039268024	0.20578246	0.4536325
0.8325278037678551	0.16551103	0.40683046
0.8500550230861152	0.17345591	0.4164804
0.8675822622916969	0.16747166	0.409233
0.8851095217947171	0.16982138	0.4120939
0.9026368020052984	0.18127206	0.42576057
0.9201641033335665	0.17789115	0.42177144
0.9376914261896523	0.2036932	0.45132384
0.9552187709836915	0.23046431	0.48006698
0.9727461381258234	0.28472316	0.53359455
0.990273528026193	0.29561856	0.54370815
1.0078009410949496	0.29554096	0.5436368
1.0253283777422473	0.2355489	0.4853338
1.0428558383782454	0.23796844	0.4878201
1.0603833234131086	0.26830047	0.5179773
1.0779108332570058	0.34000447	0.583099
1.0954383683201119	0.32520154	0.57026446
1.112965929012607	0.3098074	0.55660343
1.1304935157446763	0.41856253	0.6469641
1.1480211289265108	0.46680662	0.6832325
1.1655487689683062	1.4157631	1.1898584
1.1830764362802655	1.7655486	1.3287395
1.200604131272596	2.1686323	1.4726276
1.2181318543555117	2.377608	1.5419494
1.235659605939232	2.3077607	1.5191315
1.253187386433982	3.7949617	1.9480661
1.270715196249994	6.015771	2.4527068
1.2882430357975057	11.513907	3.393215
1.3057709054867608	16.296577	4.036902
1.3232988057280106	21.856094	4.6750503
1.3408267369315112	26.552082	5.152871
1.358354699507526	30.006802	5.4778466
1.3758826938663256	34.181644	5.846507
1.3934107204181858	36.239326	6.019911
1.410938779573391	36.773567	6.0641212
1.4284668717422309	37.355495	6.111914
1.4459949973350033	37.1696	6.096688
1.4635231567620117	37.051464	6.0869913
1.4810513504335687	36.272514	6.022667
1.4985795787599925	35.598625	5.9664583
1.5161078421516088	35.299263	5.9413185
1.5336361410187505	34.448425	5.869278
1.5511644757717598	34.305443	5.8570848
1.5686928468209842	34.995377	5.915689
1.58622125457678	35.67422	5.9727902
1.6037496994495108	37.094017	6.0904856
1.621278181849548	36.74053	6.0613966
1.6388067021872719	37.74634	6.143805
1.6563352608730693	37.167797	6.09654
1.673863858317336	36.216576	6.018021
1.6913924949304753	35.4608	5.954897
1.7089211711228998	34.435925	5.868213
1.7264498873050296	33.49952	5.787877
1.7439786438872935	32.55702	5.705876
1.7615074412801288	31.707518	5.630943
1.779036279893981	31.060095	5.5731583
1.796565160139305	29.853872	5.4638696
1.814094082426564	29.239773	5.4073815
1.8316230471662298	28.529282	5.341281
1.849152054768784	28.143646	5.3050585
1.8666811056447168	27.82421	5.2748656
1.8842102002045273	26.922224	5.188663
1.901739338858724	26.203127	5.118899
1.9192685220178245	25.140877	5.0140676
1.9367977500923557	24.397991	4.939432
1.9543270234928547	23.899803	4.8887424
1.971856342629867	23.497448	4.8474164
1.9893857079139496	22.733942	4.7680125
2.006915119755667	22.248924	4.7168765
2.0244445785655945	21.733765	4.6619487
2.0419740847543175	21.61329	4.6490097
2.0595036387324317	21.478373	4.6344767
2.0770332409105414	21.101206	4.593605
2.094562891699263	20.72221	4.5521655
2.1120925915092217	20.028797	4.475354
2.129622340751053	19.843863	4.454645
2.1471521398354043	188.2301	13.719698
2.1646819891729323	444.5735	21.084911
2.182211889174303	440.7183	20.993292
2.1997418402501974	453.07544	21.285568
2.2172718428113023	432.89386	20.8061
2.234801897268317	320.9999	17.91647
2.2523320040319548	17.337626	4.1638474
2.269862163512935	16.834259	4.1029572
2.287392376121992	16.307978	4.038314
2.304922642269869	15.894857	3.9868355
2.322452962367322	15.735128	3.9667528
2.3399833368251164	15.605949	3.9504366
2.357513766054032	15.400317	3.9243238
2.3750442504648586	15.197542	3.8984025
2.3925747904683963	14.91205	3.8616123
2.410105386475459	14.654377	3.8281035
2.4276360388968707	14.264773	3.7768736
2.445166748143469	13.962541	3.7366483
2.4626975146261025	13.732167	3.705694
2.4802283387556323	13.58133	3.6852856
2.4977592209429305	13.243636	3.6391807
2.5152901615988825	12.833952	3.5824506
2.5328211611343865	12.66485	3.558771
2.5503522199603523	12.475542	3.5320733
2.5678833384877024	12.465904	3.5307088
2.5854145171273712	12.266621	3.5023735
2.6029457562903064	12.128042	3.482534
2.620477056387469	11.897946	3.44934
2.6380084178298326	11.708517	3.421771
2.655539841028383	11.338866	3.3673234
2.673071326394119	11.155937	3.3400505
2.6906028743380523	10.823544	3.2899153
2.708134485271211	10.709218	3.272494
2.7256661596046325	10.5376835	3.2461798
2.743197897749369	10.452453	3.2330253
2.760729700116486	10.411224	3.2266428
2.778261567117063	10.28439	3.2069285
2.795793499162193	10.162448	3.1878595
2.8133254966629817	9.924214	3.1502721
2.830857560030551	9.772078	3.1260324
2.8483896896760337	9.643103	3.1053345
2.865921886010578	9.5573635	3.0914986
2.883454149445347	9.454243	3.0747752
2.9009864803915177	9.263612	3.0436182
2.91851887926028	9.08787	3.0146093
2.9360513464628384	8.876647	2.97937
2.953583882410413	8.771292	2.9616368
2.9711164875142373	8.6135235	2.9348805
2.9886491621855606	8.618197	2.9356766
3.0061819068356455	8.513193	2.9177377
3.023714721875769	8.615544	2.9352248
3.041247607717225	8.574998	2.9283097
3.0587805647713213	8.450361	2.9069505
3.0763135934493806	8.24865	2.8720462
3.0938466941627407	8.093923	2.844982
3.1113798673227544	8.05216	2.837633
3.1289131133407904	8.070506	2.8408637
3.1464464326282315	7.89422	2.8096654
3.1639798255964786	7.7337036	2.7809536
3.1815132926569443	7.522968	2.7428029
3.1990468342210603	7.436523	2.7269988
3.216580450700272	7.3349743	2.7083158
3.2341141425060416	7.3164253	2.704889
3.251647910049847	7.27056	2.6963975
3.2691817537431813	7.1255736	2.669377
3.286715673997555	6.9977508	2.6453261
3.3042496712244938	6.9394045	2.634275
3.32178374583554	6.8240275	2.612284
3.339317898242251	6.8124566	2.6100683
3.3568521288562034	6.6539483	2.5795248
3.3743864380889876	6.6389894	2.5766237
3.3919208263522127	6.62874	2.5746338
3.4094552940575023	6.5327673	2.555928
3.4269898416164972	6.4790893	2.5454056
3.444524469440858	6.454821	2.540634
3.4620591779422587	6.392931	2.5284245
3.479593967532391	6.3911805	2.5280783
3.4971288386229658	6.297589	2.5094998
3.5146637916257086	6.2800226	2.5059974
3.5321988269523628	6.3194437	2.5138505
3.5497339450146903	6.2886205	2.5077121
3.5672691462244708	6.299316	2.5098438
3.5848044309934988	6.3135505	2.512678
3.60233979973359	6.366148	2.5231225
3.619875252856575	6.2918196	2.50835
3.6374107907743034	6.2688227	2.5037618
3.6549464138986427	6.2590528	2.5018098
3.6724821226414788	6.2390676	2.4978125
3.690017917414714	6.2518263	2.5003653
3.7075537986302702	6.322504	2.514459
3.7250897667000857	6.439034	2.5375252
3.7426258220361235	6.633191	2.5754983
3.7601619650503553	6.8401985	2.6153774
3.777698196154779	7.2612143	2.694664
3.7952345157614067	8.237695	2.8701384
3.8127709242822716	8.988806	2.9981337
3.830307422129425	11.0900755	3.3301766
3.847844009714936	12.515439	3.5377166
3.8653806874508954	15.913428	3.9891639
3.882917455749409	15.582774	3.9475024
3.900454315022606	15.763264	3.9702976
3.917991265682631	12.646316	3.556166
3.9355283081416506	10.726602	3.275149
3.9530654428118495	8.573873	2.9281175
3.970602670105433	7.2593865	2.694325
3.9881399904346244	6.3625207	2.5224037
4.005677404211669	6.2133317	2.4926555
4.023214911848827	6.2463837	2.4992766
4.0407525137583855	6.35501	2.5209146
4.058290210352644	6.4770465	2.5450041
4.075828002043927	6.356164	2.5211434
4.0933658892445814	6.198603	2.4896994
4.110903872366966	6.1025286	2.4703298
4.128441951823468	6.1728654	2.4845252
4.145980128026488	6.2165713	2.4933052
4.163518401388452	6.195626	2.4891014
4.181056772321807	6.0446825	2.4585936
4.1985952412390155	5.9537215	2.4400249
4.216133808552567	6.0276785	2.4551332
4.233672474674966	6.1606727	2.4820702
4.251211240018741	6.3159738	2.5131602
4.268750104996445	6.4729934	2.5442078
4.286289070020643	7.457256	2.7307978
4.303828135503928	9.1754875	3.0291066
4.3213673018589125	29.437866	5.4256673
4.3389065694982305	90.52406	9.514414
4.356445938834537	165.50204	12.864759
4.3739854102805085	171.25754	13.08654
4.391524984248844	172.10567	13.118905
4.409064661152262	136.32402	11.675788
4.426604441403504	96.590836	9.828064
4.444144325415337	75.75399	8.703677
4.461684313600543	21.786983	4.667653
4.47922440637193	22.103025	4.7013855
4.496764604142329	20.313597	4.5070605
4.5143049073245916	18.530384	4.304693
4.531845316331589	16.470316	4.058364
4.5493858315762195	13.572715	3.6841166
4.566926453471405	11.235675	3.351966
4.584467182430081	9.209969	3.034793
4.602008018865218	8.139749	2.8530245
4.619548963189798	7.4948883	2.7376795
4.637090015816834	7.0051765	2.6467295
4.654631177159353	6.783199	2.6044574
4.672172447630417	6.47664	2.5449245
4.689713827643102	6.266628	2.5033233
4.7072553176105085	5.9993963	2.4493666
4.724796917945764	5.790634	2.4063737
4.742338629062015	5.713987	2.3903947
4.759880451372434	5.6003785	2.3665118
4.777422385290215	5.57236	2.3605847
4.794964431228581	5.529865	2.3515666
4.812506589600768	5.5559177	2.3570995
4.830048860820047	5.544193	2.354611
4.847591245299709	5.5235543	2.3502243
4.8651337434530655	5.595515	2.365484
4.882676355693457	5.6063333	2.3677697
4.900219082434242	5.6437063	2.3756485
4.917761924088813	5.546965	2.3551996
4.935304881070575	5.4757056	2.3400226
4.952847953792969	5.3896613	2.3215644
4.970391142669449	5.3273797	2.3081117
4.9879344481135055	5.310211	2.3043895
5.005477870538642	5.293865	2.3008401
5.023021410358394	5.333262	2.3093855
5.040565067986324	5.4315815	2.3305755
5.05810884383601	5.484497	2.3419003
5.075652738321066	5.5023336	2.3457053
5.09319675185512	5.459335	2.3365219
5.110740884851836	5.353961	2.3138628
5.128285137724894	5.3120155	2.304781
5.145829510888007	5.34146	2.3111598
5.163374004754908	5.3950567	2.3227262
5.1809186197393595	5.344557	2.3118298
5.198463356255145	5.3590617	2.3149648
5.216008214716077	5.305806	2.3034337
5.233553195535998	5.2704706	2.2957506
5.251098299128764	5.29879	2.3019102
5.268643525908272	5.271853	2.2960515
5.286188876288432	5.2820935	2.2982805
5.3037343506831895	5.212632	2.283119
5.32127994950651	5.194854	2.2792222
5.3388256731723915	5.227539	2.2863812
5.356371522094851	5.211836	2.2829444
5.373917496687938	5.169195	2.2735865
5.391463597365729	5.152459	2.269903
5.40900982454232	5.174847	2.2748291
5.426556178631843	5.2335796	2.2877018
5.444102660048449	5.2442474	2.2900321
5.4616492692063225	5.11886	2.2624898
5.479196006519669	5.069412	2.2515354
5.496742872402727	5.040909	2.2451968
5.514289867269756	5.063141	2.2501423
5.531836991535049	5.1010313	2.2585464
5.549384245612924	5.1342325	2.2658844
5.566931629917724	5.120198	2.2627854
5.584479144863822	5.1533613	2.2701015
5.6020267908656205	5.1368575	2.2664638
5.619574568337545	5.099655	2.2582417
5.637122477694054	5.093752	2.2569342
5.654670519349629	5.0879297	2.255644
5.672218693718784	5.046367	2.246412
5.689767001216059	5.0421424	2.2454715
5.707315442256021	5.0818586	2.2542977
5.724864017253266	5.033597	2.243568
5.7424127266224225	5.000173	2.2361066
5.75996157077814	4.9912505	2.2341106
5.777510550135105	5.140647	2.2672994
5.795059665108022	5.205599	2.281578
5.812608916111639	5.2077723	2.2820544
5.830158303560715	5.3309875	2.3088932
5.847707827870055	5.291022	2.3002222
5.86525748945448	5.390465	2.3217375
5.8828072887288485	5.4190574	2.3278868
5.900357226108044	5.459193	2.3364916
5.917907302006979	5.462463	2.3371913
5.9354575168406	6.0481367	2.459296
5.9530078710238765	6.582662	2.56567
5.970558364971812	7.1641064	2.6765847
5.988108999099438	7.6013083	2.757047
6.005659773821818	8.323464	2.8850415
6.023210689554039	8.138456	2.852798
6.040761746711227	8.560571	2.9258454
6.058312945708531	7.7684693	2.7871974
6.075864286961132	7.2375383	2.6902673
6.093415770884244	6.5720735	2.5636055
6.1109673978931065	6.0372443	2.4570804
6.128519168402993	5.4783206	2.3405812
6.146071082829204	5.3192434	2.3063486
6.163623141587075	5.2361794	2.28827
6.181175345091969	5.2132998	2.283265
6.198727693759281	5.157939	2.2711096
6.216280188004435	5.1246133	2.2637608
6.233832828242885	5.023071	2.2412207
6.251385614890126	5.074132	2.2525835
6.268938548361669	5.076132	2.2530272
6.286491629073067	5.050376	2.2473042
6.304044857439898	5.069047	2.2514544
6.321598233877777	5.0794244	2.253758
6.339151758802344	5.0668697	2.2509708
6.356705432629277	4.967432	2.2287736
6.37425925577428	4.9585867	2.2267885
6.391813228653095	4.958854	2.2268486
6.409367351681486	4.94529	2.223801
6.426921625275259	4.971761	2.2297447
6.44447604985025	4.9569116	2.2264123
6.46203062582232	4.9729056	2.2300012
6.47958535360737	4.948222	2.22446
6.497140233621328	4.9097857	2.2158036
6.514695266280161	4.9418635	2.2230303
6.532250451999859	4.9718924	2.229774
6.549805791196454	4.9753933	2.2305589
6.567361284286002	4.989088	2.2336266
6.584916931684597	4.994042	2.2347353
6.602472733808367	5.006068	2.2374244
6.6200286910734665	4.9496884	2.2247896
6.637584803896092	4.92561	2.2193716
6.655141072692462	4.842163	2.2004917
6.672697497878842	4.835668	2.1990151
6.690254079871514	4.8841634	2.2100143
6.707810819086808	4.9455557	2.2238605
6.725367715941078	4.9561977	2.2262518
6.742924770850719	4.923221	2.2188332
6.760481984232151	4.8861513	2.210464
6.778039356501836	4.94129	2.2229013
6.795596888076266	5.0257225	2.2418122
6.813154579371963	4.983339	2.2323394
6.830712430805492	4.879938	2.2090583
6.84827044279344	4.8159833	2.1945348
6.865828615752445	4.7865324	2.1878145
6.883386950099159	4.848986	2.2020414
6.900945446250287	4.918185	2.217698
6.918504104622553	5.0210896	2.2407787
6.936062925632727	5.0194516	2.2404132
6.953621909697607	5.0167513	2.2398105
6.971181057234028	5.0614657	2.2497702
6.988740368658859	5.1188564	2.262489
7.006299844389007	5.1745796	2.2747703
7.023859484841407	5.1807184	2.2761192
7.041419290433036	5.2393713	2.2889674
7.058979261580902	5.36933	2.3171813
7.0765393987020495	5.6258307	2.3718834
7.094099702213559	6.0170026	2.4529579
7.111660172532549	6.3924713	2.5283337
7.129220810076164	6.7841063	2.6046317
7.146781615261595	7.454279	2.7302525
7.16434258850606	7.693551	2.773725
7.181903730226821	8.154939	2.8556852
7.1994650408411704	8.126075	2.8506272
7.217026520766437	8.174031	2.8590262
7.234588170419983	8.270594	2.875864
7.252149990219215	8.258542	2.8737679
7.269711980581568	8.234313	2.8695493
7.2872741419245175	8.1108675	2.8479586
7.304836474665574	7.7136917	2.7773533
7.322398979222286	7.3974886	2.7198324
7.339961656012233	7.130514	2.6703022
7.357524505453039	6.871689	2.6213906
7.375087527962357	6.6468353	2.5781457
7.392650723957886	6.383389	2.526537
7.410214093857353	6.035844	2.4567955
7.427777638078528	5.768845	2.401842
7.445341357039213	5.557189	2.3573692
7.4629052511572525	5.3751826	2.318444
7.480469320850524	5.2643895	2.2944257
7.498033566536948	5.19636	2.2795527
7.5155979886344735	5.1033654	2.259063
7.5331625875610975	5.089432	2.255977
7.550727363734844	5.082202	2.254374
7.568292317573788	5.0970426	2.257663
7.585857449496025	5.1128554	2.2611625
7.603422759919705	5.1362243	2.266324
7.620988249263007	5.200622	2.2804873
7.638553917944147	5.2372904	2.2885127
7.656119766381391	5.178765	2.27569
7.673685794993023	5.1116686	2.2609
7.691252004197388	5.064029	2.2503397
7.70881839441285	5.1070695	2.2598827
7.726384966057826	5.121948	2.2631721
7.743951719550762	5.140791	2.2673311
7.761518655310149	5.1562696	2.2707422
7.779085773754511	5.1942077	2.2790804
7.796653075302419	5.2759743	2.296949
7.814220560372475	5.298955	2.301946
7.831788229383323	5.282894	2.2984548
7.8493560827536495	5.286715	2.2992857
7.866924120902174	5.2575035	2.2929246
7.884492344247663	5.2696676	2.2955756
7.9020607532089135	5.291345	2.3002925
7.919629348204771	5.2695575	2.2955518
7.937198129654115	5.295189	2.3011277
7.954767097975865	5.3410597	2.3110733
7.972336253588986	5.388903	2.3214011
7.989905596912472	5.4019527	2.3242102
8.007475128365371	5.4026103	2.3243515
8.025044848366756	5.4738483	2.3396256
8.042614757335754	5.595307	2.3654401
8.060184855691523	5.672363	2.3816724
8.07775514385327	5.7156444	2.3907413
8.095325622240228	5.74247	2.3963451
8.112896291271687	5.7971697	2.4077313
8.130467151366968	5.8712325	2.4230626
8.148038202945436	5.914519	2.4319785
8.165609446426497	5.934767	2.4361377
8.183180882229594	5.9425673	2.4377382
8.200752510774217	5.9236217	2.433849
8.218324332479893	5.9311037	2.4353857
8.235896347766193	5.9352703	2.436241
8.253468557052724	6.0090632	2.451339
8.27104096075914	6.0305815	2.4557242
8.288613559305137	6.116492	2.4731543
8.306186353110448	6.157605	2.4814522
8.32375934259485	6.226109	2.4952173
8.341332528178162	6.2401905	2.4980373
8.358905910280246	6.228837	2.4957638
8.376479489321003	6.2394824	2.4978955
8.394053265720377	6.2447696	2.4989536
8.411627239898356	6.260357	2.5020704
8.42920141227497	6.243877	2.498775
8.44677578327029	6.2576103	2.5015216
8.464350353304427	6.244078	2.4988153
8.48192512279754	6.255579	2.5011156
8.499500092169827	6.192705	2.4885147
8.51707526184153	6.1198773	2.4738386
8.534650632232934	6.089022	2.4675944
8.552226203764365	6.094567	2.4687176
8.569801976856192	6.1545134	2.4808292
8.587377951928834	6.2206697	2.494127
8.60495412940274	6.3002834	2.5100365
8.622530509698416	6.33082	2.516112
8.6401070932364	6.441257	2.5379632
8.657683880437283	6.4602237	2.541697
8.675260871721695	6.55119	2.5595293
8.692838067510303	6.6892967	2.5863674
8.710415468223834	6.837412	2.6148446
8.727993074283043	7.0291195	2.6512487
8.745570886108737	7.036806	2.6526978
8.763148904121765	7.104198	2.6653702
8.78072712874302	7.2537913	2.6932864
8.798305560393441	7.4738345	2.7338314
8.815884199494006	7.603155	2.757382
8.833463046465745	7.7055907	2.7758946
8.851042101729728	7.8740153	2.8060677
8.86862136570707	8.125413	2.850511
8.886200838818924	8.298775	2.8807595
8.903780521486505	8.279253	2.8773692
8.921360414131055	8.344589	2.8887002
8.938940517173874	8.4229555	2.902233
8.956520831036297	8.63813	2.9390695
8.97410135613971	8.867864	2.9778957
8.99168209290554	9.087942	3.0146215
9.009263041755265	9.378876	3.062495
9.026844203110405	9.669132	3.1095228
9.044425577392525	9.848219	3.1381872
9.062007165023239	9.856132	3.1394477
9.079588966424197	10.109148	3.1794887
9.097170982017108	10.158798	3.1872869
9.11475321222372	11.145843	3.338539
9.132335657465825	12.022662	3.467371
9.149918318165264	12.1139765	3.4805138
9.167501194743924	12.704758	3.5643735
9.18508428762374	12.4611435	3.5300345
9.202667597226693	12.423299	3.5246701
9.220251123974803	11.985227	3.4619687
9.237834868290143	11.653065	3.4136586
9.255418830594836	11.548103	3.39825
9.273003011311046	11.172623	3.3425474
9.290587410860985	10.941321	3.307767
9.308172029666911	10.287489	3.2074115
9.32575686815113	9.966336	3.1569505
9.343341926735997	8.7379055	2.9559948
9.360927205843916	8.517325	2.9184458
9.378512705897327	8.344671	2.8887146
9.396098427318728	8.146848	2.8542683
9.413684370530664	8.117193	2.8490689
9.431270535955722	7.9946713	2.827485
9.448856924016539	7.933704	2.816683
9.466443535135806	7.7719307	2.7878182
9.484030369736251	7.7678094	2.787079
9.501617428240658	7.735365	2.7812524
9.519204711071852	7.7285275	2.7800229
9.536792218652714	7.6958027	2.774131
9.55437995140617	7.6945853	2.7739115
9.571967909755191	7.7608104	2.785823
9.589556094122802	7.827959	2.797849
9.60714450493207	7.965516	2.8223245
9.624733142606116	7.972525	2.823566
9.642322007568108	8.01195	2.8305387
9.659911100241267	8.0112	2.8304064
9.677500421048851	7.973153	2.8236773
9.695089970414175	8.019822	2.831929
9.712679748760609	7.9877553	2.8262618
9.730269756511557	8.039564	2.8354125
9.747859994090492	8.092806	2.8447857
9.765450461920915	8.099864	2.846026
9.78304116042639	8.107325	2.8473363
9.800632090030527	8.121506	2.8498256
9.81822325115699	8.103506	2.8466659
9.835814644229481	8.157916	2.8562067
9.853406269671762	8.221909	2.867387
9.870998127907646	8.344985	2.8887687
9.888590219360985	8.386483	2.8959424
9.906182544455698	8.276774	2.8769383
9.923775103615734	8.158737	2.8563504
9.941367897265108	8.150041	2.8548276
9.958960925827878	8.29056	2.8793333
9.97655418972816	8.321104	2.8846323
9.994147689390106	8.299599	2.8809025
10.011741425237934	8.196697	2.8629875
10.029335397695904	8.134874	2.8521702
10.04692960718833	8.0586605	2.838778
10.06452405413958	8.068418	2.840496
10.082118738974064	8.170755	2.8584533
10.099713662116246	8.263163	2.8745718
10.117308823990651	8.240431	2.870615
10.134904225021844	8.202628	2.864023
10.152499865634445	8.172037	2.8586776
10.170095746253125	8.1626	2.8570263
10.18769186730261	8.148705	2.8545935
10.205288229207675	8.116077	2.848873
10.222884832393145	8.10722	2.847318
10.2404816772839	8.117099	2.8490522
10.258078764304868	8.176569	2.8594701
10.275676093881035	8.106265	2.8471503
10.293273666437438	8.026334	2.8330786
10.310871482399158	8.008201	2.8298764
10.32846954219134	8.010289	2.8302455
10.346067846239173	8.027481	2.833281
10.363666394967908	7.9889455	2.8264723
10.38126518880283	8.018393	2.8316767
10.398864228169298	8.015287	2.8311284
10.416463513492713	8.088429	2.8440163
10.434063045198531	8.17274	2.8588004
10.451662823712262	8.220294	2.8671055
10.469262849459467	8.280713	2.8776228
10.486863122865758	8.169687	2.8582666
10.504463644356806	8.07054	2.8408697
10.522064414358338	7.9850917	2.8257904
10.539665433296118	7.923954	2.814952
10.557266701595987	7.917098	2.8137338
10.574868219683818	7.857161	2.803063
10.592469987985552	7.7496877	2.783826
10.610072006927185	7.621783	2.7607577
10.627674276934751	7.4842935	2.7357438
10.64527679843435	7.3574853	2.7124684
10.662879571852143	7.252741	2.6930914
10.680482597614331	7.188437	2.681126
10.698085876147173	7.077492	2.6603556
10.715689407876988	6.9521213	2.6366875
10.733293193230146	6.801441	2.6079574
10.750897232633072	6.819194	2.6113586
10.76850152651225	6.6997566	2.588389
10.786106075294207	6.6564565	2.580011
10.803710879405534	6.5057464	2.5506365
10.821315939272877	6.4708962	2.5437956
10.83892125532294	6.406933	2.531192
10.856526827982472	6.2861485	2.5072193
10.874132657678285	6.3006067	2.5101008
10.891738744837243	6.165569	2.4830563
10.909345089886271	6.0863056	2.4670439
10.926951693252343	5.967962	2.4429412
10.944558555362494	5.9488487	2.439026
10.96216567664381	5.961619	2.4416428
10.979773057523436	5.9044952	2.4299166
10.997380698428573	5.8417473	2.4169707
11.014988599786477	5.740971	2.3960323
11.032596762024461	5.720423	2.3917406
11.050205185569892	5.6880264	2.3849583
11.067813870850198	5.62409	2.3715165
11.085422818292859	5.5842934	2.363111
11.10303202832541	5.4708195	2.3389783
11.120641501375454	5.4069304	2.3252807
11.138251237870636	5.334071	2.3095608
11.155861238238671	5.2687144	2.295368
11.173471502907317	5.2020617	2.280803
11.191082032304402	5.0810137	2.2541103
11.208692826857805	5.036787	2.2442787
11.226303886995465	4.959134	2.2269113
11.243915213145371	4.965992	2.2284505
11.261526805735578	4.9681706	2.2289393
11.279138665194196	4.9095263	2.2157452
11.296750791949393	4.814407	2.1941757
11.314363186429393	4.718723	2.1722622
11.331975849062479	4.688824	2.1653693
11.34958878027699	4.6691904	2.160831
11.36720198050133	4.60957	2.146991
11.384815450163948	4.5949225	2.143577
11.402429189693366	4.550461	2.1331809
11.420043199518153	4.4822636	2.1171358
11.437657480066942	63.449165	7.9654984
11.455272031768422	85.21611	9.231257
11.472886855051353	107.61396	10.373714
11.490501950344528	99.20452	9.960147
11.508117318076819	84.52848	9.193937
11.52573295867715	45.891666	6.7743387
11.543348872574514	4.1661825	2.041123
11.560965060197946	4.1138873	2.028272
11.57858152197655	4.0434155	2.0108247
11.59619825833949	4.01393	2.0034795
11.613815269715985	4.016738	2.0041802
11.631432556535323	38.539745	6.208039
11.649050119226837	83.087906	9.115256
11.666667958219929	93.48618	9.668825
11.68428607394406	107.78734	10.382068
11.701904466828756	82.563225	9.086431
11.719523137303586	65.37459	8.085455
11.737142085798196	4.551051	2.1333194
11.754761312742286	3.6752648	1.917098
11.772380818565619	3.6534226	1.9113928
11.790000603698015	3.6561496	1.912106
11.80762066856935	3.646116	1.9094806
11.825241013609572	3.5908396	1.8949511
11.842861639248683	3.5370445	1.8807032
11.860482545916748	3.4844177	1.8666595
11.878103734043883	3.4845185	1.8666865
11.895725204060282	3.4229558	1.8501232
11.91334695639619	3.376336	1.8374809
11.930968991481919	3.339502	1.8274305
11.948591309747824	3.325428	1.8235756
11.966213911624347	3.3087113	1.8189863
11.98383679754198	3.2768474	1.8102064
12.001459967931268	3.2412775	1.8003548
12.019083423222835	3.2320952	1.7978029
12.036707163847352	3.2037923	1.789914
12.05433119023556	3.2019413	1.7893969
12.071955502818259	3.160104	1.7776681
12.089580102026313	3.170725	1.780653
12.107204988290643	3.1763878	1.7822423
12.12483016204224	3.1558383	1.7764679
12.142455623712152	3.0990098	1.7604004
12.16008137373149	3.082086	1.7555871
12.177707412531431	3.0568264	1.7483782
12.19533374054321	3.0767314	1.7540615
12.212960358198126	3.060077	1.7493075
12.230587265927545	3.0434628	1.7445523
12.248214464162889	2.9904912	1.7293037
12.265841953335649	2.966088	1.7222334
12.283469733877375	2.9677296	1.7227099
12.301097806219685	2.98023	1.7263343
12.31872617079425	2.9588091	1.7201189
12.336354828032825	2.892748	1.700808
12.353983778367205	2.860192	1.6912103
12.371613022229262	2.8718712	1.6946596
12.389242560050928	2.9083734	1.7053953
12.406872392264201	2.8794365	1.6968902
12.424502519301143	2.864705	1.692544
12.442132941593874	2.8327556	1.6830792
12.459763659574586	2.8355877	1.6839204
12.477394673675532	2.8166533	1.6782888
12.49502598432903	2.8158255	1.6780422
12.51265759196746	2.7901783	1.6703827
12.530289497023267	2.732802	1.6531188
12.547921699928967	2.7361243	1.6541234
12.565554201117134	2.7652879	1.6629155
12.583187001020404	2.7834249	1.6683599
12.600820100071486	2.759429	1.661153
12.618453498703152	2.7247527	1.6506824
12.636087197348235	2.7033656	1.6441915
12.65372119643964	2.7164989	1.6481805
12.671355496410326	2.75602	1.6601266
12.68899009769333	2.800636	1.6735101
12.706625000721749	2.866	1.6929264
12.724260205928752	2.90474	1.7043298
12.741895713747551	2.9203556	1.7089047
12.759531524611454	2.9384754	1.7141981
12.777167638953818	2.9392612	1.7144274
12.794804057208072	2.941333	1.7150315
12.812440779807702	3.0358105	1.7423577
12.830077807186271	3.2121336	1.7922426
12.847715139777405	3.2412975	1.8003603
12.865352778014795	3.446431	1.8564565
12.882990722332197	3.5807953	1.8922989
12.90062897316344	3.6595426	1.9129931
12.918267530942412	3.7113075	1.9264754
12.935906396103071	3.593877	1.8957524
12.953545569079449	3.7375832	1.933283
12.971185050305628	3.55498	1.8854655
12.988824840215775	3.5568578	1.8859633
13.006464939244115	3.524533	1.8773739
13.024105347824943	3.3807034	1.838669
13.041746066392617	3.489972	1.8681467
13.05938709538157	3.3094282	1.8191833
13.077028435226296	3.307319	1.8186035
13.094670086361363	3.1574407	1.7769189
13.112312049221401	3.0703523	1.7522421
13.129954324241112	3.0046444	1.733391
13.147596911855258	2.8632827	1.6921238
13.165239812498685	2.8607316	1.6913698
13.182883026606293	2.832668	1.6830533
13.200526554613058	2.7798426	1.667286
13.218170396954017	2.7544072	1.6596407
13.235814554064284	2.7241912	1.6505125
13.253459026379034	2.7336302	1.6533693
13.271103814333523	2.7108295	1.6464597
13.288748918363058	2.7021966	1.6438359
13.306394338903031	2.6847982	1.6385354
13.32404007638889	2.68542	1.6387252
13.341686131256164	2.7004983	1.6433192
13.359332503940449	2.6603425	1.6310556
13.376979194877402	2.62318	1.6196234
13.394626204502751	2.6467924	1.6268965
13.412273533252307	2.6532042	1.628866
13.429921181561937	2.6332407	1.6227263
13.447569149867581	2.6619296	1.6315421
13.465217438605247	2.694025	1.6413486
13.482866048211022	2.742825	1.6561476
13.500514979121052	2.7354753	1.6539272
13.518164231771568	2.7127461	1.6470417
13.535813806598844	2.6949513	1.6416306
13.553463704039254	2.655501	1.6295707
13.571113924529229	2.6625116	1.6317204
13.588764468505275	2.6314964	1.6221888
13.606415336403956	2.6643384	1.6322801
13.624066528661917	2.6748967	1.6355112
13.641718045715882	2.794557	1.6716928
13.659369888002635	2.8574808	1.6904085
13.67702205595903	2.9111824	1.7062187
13.694674550021993	2.9413128	1.7150255
13.712327370628532	2.9752803	1.7249001
13.729980518215713	3.0550828	1.7478795
13.747633993220681	3.140762	1.7722195
13.765287796080647	3.198773	1.7885114
13.7829419272329	3.2466998	1.8018601
13.800596387114801	3.2832227	1.8119665
13.818251176163775	3.3363605	1.8265706
13.835906294817324	3.3683121	1.8352962
13.853561743513023	3.3511183	1.830606
13.871217522688525	3.3639078	1.834096
13.888873632781538	3.36115	1.833344
13.906530074229858	3.4551005	1.85879
13.92418684747135	3.5142834	1.8746423
13.941843952943948	3.5276062	1.8781923
13.959501391085665	3.504599	1.8720574
13.977159162334578	3.4340055	1.853107
13.994817267128846	3.4196885	1.84924
14.012475705906693	3.3261554	1.823775
14.030134479106424	3.2252753	1.7959051
14.047793587166414	3.1315792	1.7696269
14.065453030525108	3.0440035	1.7447072
14.083112809621026	3.0076795	1.7342663
14.100772924892766	2.9214106	1.7092134
14.118433376778997	2.9123206	1.7065523
14.136094165718458	2.8693702	1.6939216
14.153755292149969	2.8610187	1.6914546
14.171416756512416	2.7886524	1.6699259
14.189078559244768	2.668338	1.6335049
14.20674070078606	2.5475874	1.5961163
14.224403181575408	2.472769	1.572504
14.242066002051999	2.4539652	1.5665137
14.259729162655093	2.440142	1.5620954
14.277392663824022	2.441989	1.5626864
14.295056505998208	2.442636	1.5628935
14.312720689617128	2.4168298	1.5546156
14.330385215120348	2.3740761	1.5408037
14.348050082947497	2.3513327	1.5334055
14.3657152935383	2.3925002	1.5467709
14.383380847332528	2.4186773	1.5552098
14.401046744770051	2.4351964	1.5605116
14.418712986290798	2.4141607	1.553757
14.436379572334793	2.4228342	1.5565456
14.454046503342123	2.4298563	1.5587996
14.471713779752946	2.4221983	1.5563413
14.489381402007504	2.4243083	1.557019
14.507049370546113	2.456166	1.567216
14.524717685809168	2.4653938	1.5701573
14.542386348237134	2.4428859	1.5629734
14.560055358270553	2.4370096	1.5610924
14.577724716350051	2.4562123	1.5672308
14.595394422916325	2.434154	1.5601776
14.61306447841015	2.5049193	1.5826937
14.63073488327237	2.5132058	1.5853094
14.648405637943917	2.5366986	1.5927017
14.6660767428658	2.5153923	1.5859989
14.683748198479094	2.5393183	1.5935239
14.701420005224954	2.585569	1.6079705
14.719092163544628	2.6459272	1.6266307
14.73676467387942	2.6494133	1.6277019
14.754437536670727	2.6634603	1.632011
14.772110752360014	2.6802766	1.637155
14.78978432138882	2.7284389	1.6517987
14.807458244198777	2.751736	1.6588358
14.82513252123159	2.7224724	1.6499916
14.842807152929028	2.717337	1.6484346
14.860482139732962	2.6454298	1.6264777
14.87815748208531	2.625385	1.620304
14.8958331804281	2.6003675	1.6125655
14.91350923520342	2.592005	1.6099705
14.931185646853438	2.659456	1.6307839
14.948862415820408	2.6557958	1.6296612
14.966539542546656	2.661868	1.6315233
14.98421702747459	2.603087	1.6134084
15.001894871046696	2.6055982	1.6141865
15.019573073705542	2.6146874	1.6169995
15.037251635893766	2.6040108	1.6136948
15.054930558054092	2.6207502	1.6188731
15.072609840629323	2.6978683	1.6425189
15.090289484062351	2.799181	1.6730753
15.107969488796124	2.928112	1.7111727
15.125649855273691	3.1187422	1.7659961
15.14333058393817	3.546325	1.8831688
15.161011675232768	4.161477	2.03997
15.17869312960076	4.845329	2.2012107
15.196374947485506	5.47935	2.3408012
15.214057129330447	6.79495	2.6067126
15.231739675579114	8.92525	2.9875157
15.249422586675102	13.569373	3.683663
15.267105863062092	18.114561	4.25612
15.284789505183847	25.19518	5.01948
15.302473513484218	29.858103	5.464257
15.320157888407127	33.834064	5.8167057
15.337842630396578	32.79661	5.7268324
15.355527739896656	29.960964	5.473661
15.37321321735153	23.326633	4.8297653
15.39089906320545	15.918817	3.989839
15.408585277902748	10.217155	3.1964285
15.42627186188783	6.3439636	2.5187225
15.443958815605198	4.52548	2.1273174
15.461646139499424	3.7699962	1.9416478
15.479333834015168	3.3491433	1.8300664
15.497021899597165	3.1036978	1.7617315
15.514710336690234	2.8770614	1.6961902
15.53239914573928	2.7179968	1.6486348
15.550088327189297	2.6099472	1.6155331
15.567777881485336	2.5818105	1.6068013
15.58546780907256	2.557152	1.5991098
15.6031581103962	2.4827583	1.575677
15.620848785901568	2.4571044	1.5675154
15.638539836034063	2.4932969	1.5790176
15.656231261239173	2.5199125	1.5874232
15.673923061962451	2.498252	1.580586
15.691615238649552	2.4540255	1.566533
15.709307791746202	2.4402366	1.5621257
15.727000721698221	2.4571223	1.5675211
15.744694028951498	2.4585676	1.5679821
15.76238771395202	2.4374654	1.5612384
15.780081777145844	2.4255562	1.5574198
15.797776218979125	2.4434438	1.5631518
15.815471039898094	2.468678	1.5712028
15.833166240349064	2.4794972	1.574642
15.850861820778437	2.4775205	1.5740141
15.868557781632699	2.461786	1.569008
15.886254123358412	2.434642	1.560334
15.903950846402232	2.472982	1.5725718
15.921647951210897	2.4617655	1.5690014
15.939345438231225	2.4999478	1.5811223
15.957043307910133	2.4938343	1.5791879
15.974741560694602	2.5007126	1.5813642
15.992440197031714	2.484608	1.5762639
16.01013921736862	2.472734	1.572493
16.02783862215259	2.4211953	1.5560191
16.045538411830933	2.3909945	1.5462841
16.06323858685107	2.3877654	1.5452396
16.080939147660512	2.3868139	1.5449317
16.09864009470684	2.3544078	1.534408
16.11634142843774	2.3428543	1.5306385
16.134043149300954	2.3647192	1.5377643
16.15174525774433	2.395997	1.5479008
16.169447754215817	2.4393902	1.5618547
16.18715063916342	2.4600275	1.5684475
16.204853913035244	2.4766464	1.5737364
16.222557576279478	2.4649212	1.5700067
16.240261629344403	22.430294	4.736063
16.257966072678386	42.980267	6.5559335
16.275670906729868	38.055206	6.16889
16.293376131947387	2.531379	1.5910308
16.31108174877957	2.5407538	1.5939742
16.328787757675133	2.604654	1.6138941
16.34649415908287	2.5809422	1.6065311
16.364200953451657	2.5861194	1.6081417
16.38190814123048	2.6077354	1.6148484
16.39961572286839	2.6411898	1.6251738
16.41732369881455	2.69542	1.6417735
16.43503206951817	2.7217257	1.6497654
16.45274083542859	2.728559	1.6518351
16.47044999699522	2.7607102	1.6615385
16.488159554667558	2.8382945	1.6847239
16.505869508895184	2.9379106	1.7140334
16.523579860127786	3.0042582	1.7332796
16.541290608815117	3.020138	1.7378545
16.559001755407035	3.011556	1.7353835
16.57671330035348	3.047736	1.7457767
16.59442524410448	3.1742773	1.7816502
16.61213758711015	3.3859448	1.8400937
16.629850329820705	3.4963086	1.8698418
16.647563472686436	3.5440943	1.8825765
16.665277016157724	3.4408033	1.8549403
16.682990960685053	3.410796	1.8468341
16.70070530671898	3.4157372	1.8481714
16.718420054710155	3.5025835	1.8715191
16.736135205109335	3.538526	1.8810971
16.753850758367335	3.5927374	1.8954518
16.771566714935087	3.6898816	1.9209064
16.789283075263597	3.766868	1.9408422
16.80699983980398	3.768495	1.9412612
16.82471700900741	3.7653382	1.9404479
16.84243458332518	3.8235703	1.9553952
16.860152563208665	3.9465399	1.98659
16.87787094910932	4.0685596	2.0170672
16.89558974147871	4.1251554	2.0310478
16.913308940768466	4.1752667	2.043347
16.931028547430333	4.206339	2.050936
16.94874856191613	4.2495413	2.0614417
16.966468984677785	4.3192058	2.07827
16.98418981616729	4.329466	2.0807369
17.00191105683676	4.344491	2.0843441
17.019632707138374	4.426001	2.1038063
17.03735476752442	4.510929	2.1238947
17.05507723844728	4.547109	2.1323953
17.072800120359403	4.5494556	2.1329453
17.090523413713353	4.5516596	2.133462
17.108247118961785	4.5657997	2.136773
17.125971236557437	4.5953054	2.1436663
17.143695766953133	4.6425157	2.1546497
17.161420710601806	4.7388067	2.1768801
17.179146067956477	4.7324233	2.1754134
17.19687183947025	4.717069	2.1718814
17.21459802559634	4.69998	2.1679437
17.232324626788028	4.709782	2.1702032
17.25005164349871	4.6685157	2.1606748
17.267779076181863	4.6062517	2.146218
17.285506925291074	4.595905	2.1438062
17.30323519127999	4.5390806	2.1305118
17.320963874602384	4.5416045	2.131104
17.33869297571211	4.5181856	2.1256025
17.356422495063114	4.4994135	2.1211822
17.37415243310944	4.471216	2.114525
17.391882790305218	4.4275265	2.104169
17.40961356710468	4.446731	2.1087275
17.42734476396215	4.559853	2.1353812
17.445076381332044	4.7153926	2.1714954
17.462808419668868	4.813481	2.1939647
17.48054087942723	4.852258	2.2027843
17.498273761061835	4.9342504	2.2213173
17.51600706502747	5.211577	2.282888
17.533740791779024	5.811699	2.4107466
17.551474941771485	6.759955	2.5999913
17.56920951545993	8.755995	2.959053
17.586944513299528	10.024907	3.1662133
17.60467993574556	12.81214	3.579405
17.622415783253373	15.399519	3.924222
17.64015205627843	18.123405	4.257159
17.657888755276293	20.446602	4.521792
17.675625880702604	21.884653	4.6781034
17.69336343301311	20.41833	4.5186644
17.71110141266366	18.336641	4.2821302
17.728839820110178	15.634732	3.954078
17.746578655808705	12.497482	3.535178
17.764317920215372	10.303995	3.2099836
17.7820576137864	8.61066	2.9343925
17.79979773697811	7.1772766	2.679044
17.81753829024692	5.959311	2.44117
17.835279274049356	5.169454	2.2736433
17.85302068884201	4.44944	2.1093695
17.870762535081607	4.0718575	2.0178845
17.888504813224934	3.8465521	1.961263
17.90624752372891	3.6910331	1.9212061
17.923990667050536	3.5787318	1.8917537
17.941734243646895	3.522479	1.8768269
17.959478253975185	3.4942656	1.8692955
17.9772226984927	3.477772	1.8648785
17.994967577656833	3.4426007	1.8554246
18.01271289192506	3.4150705	1.847991
18.030458641754965	3.3858492	1.8400677
18.04820482760425	3.383797	1.83951
18.06595144993067	3.3299394	1.8248122
18.083698509192125	3.308037	1.818801
18.101446005846576	3.2825484	1.8117805
18.119193940352105	3.2975047	1.8159033
18.136942313166887	3.2678747	1.8077264
18.1546911247492	3.2129946	1.7924829
18.1724403755574	3.1725745	1.7811723
18.19019006604997	3.0998178	1.7606299
18.207940196685467	3.078864	1.7546692
18.225690767922575	3.0735881	1.7531651
18.243441780220046	3.0941608	1.7590227
18.261193234036764	3.0351312	1.7421628
18.278945129831676	3.028977	1.7403957
18.29669746806386	2.991746	1.7296665
18.314450249192483	3.0260825	1.739564
18.3322034736768	2.9866803	1.7282015
18.349957141976184	3.0077589	1.7342892
18.3677112545501	2.9967475	1.7311116
18.385465811858108	3.018142	1.73728
18.403220814359884	3.0356705	1.7423176
18.420976262515172	3.0742927	1.7533661
18.43873215678387	3.087965	1.7572607
18.456488497625923	3.1100636	1.7635372
18.474245285501407	3.2345195	1.7984769
18.492002520870486	3.2728276	1.8090959
18.50976020419343	3.3942575	1.8423511
18.527518335930615	3.6980898	1.9230418
18.545276916542516	4.2431264	2.059885
18.563035946489688	4.3410406	2.0835164
18.580795426232832	4.7627835	2.1823802
18.598555356232698	4.7340074	2.1757774
18.616315736950185	5.0765114	2.2531116
18.63407656884626	4.7243123	2.1735482
18.65183785238201	4.8033094	2.1916454
18.669599588018617	4.546266	2.1321974
18.68736177621737	4.5688624	2.1374898
18.705124417439652	4.646797	2.155643
18.72288751214696	4.502282	2.1218581
18.740651060800886	4.664729	2.1597984
18.758415063863115	4.3618383	2.0885015
18.77617952179546	4.455439	2.1107912
18.793944435059814	4.232154	2.05722
18.811709804118184	4.2781515	2.0683694
18.829475629432675	4.307354	2.0754166
18.8472419114655	4.0548687	2.0136704
18.86500865067897	4.040977	2.0102181
18.88277584753551	3.744078	1.934962
18.90054350249763	3.7762012	1.943245
18.918311616027957	3.4604895	1.8602391
18.936080188589226	3.352009	1.8308493
18.953849220644265	3.065485	1.7508527
18.971618712656007	2.8761783	1.6959299
18.9893886650875	2.8136504	1.6773939
19.007159078401887	8.013162	2.8307528
19.024929953062408	32.90528	5.7363124
19.042701289532435	32.8325	5.729965
19.060473088275405	25.377043	5.0375633
19.07824534975489	2.6444957	1.6261905
19.096018074434568	2.631474	1.6221819
19.113791262778197	2.6672242	1.6331638
19.13156491524966	2.649073	1.6275973
19.149339032312945	2.6166375	1.6176023
19.167113614432136	2.5462112	1.5956852
19.184888662071433	2.5292022	1.5903466
19.202664175695123	2.5355377	1.5923371
19.220440155767623	2.5182042	1.5868851
19.238216602753447	2.5028527	1.5820407
19.2559935171172	2.522179	1.5881369
19.27377089932361	2.5171053	1.5865388
19.291548749837514	2.5187798	1.5870664
19.309327069123835	2.523387	1.5885172
19.32710585764763	2.537377	1.5929147
19.344885115874032	2.5468583	1.5958879
19.362664844268313	2.5519135	1.597471
19.380445043295822	2.5196211	1.5873314
19.39822571342203	2.4926782	1.5788218
19.41600685511252	2.494805	1.5794952
19.43378846883297	2.5037177	1.582314
19.451570555049173	2.5126336	1.5851289
19.469353114227037	2.5061562	1.5830843
19.48713614683254	2.5372717	1.5928816
19.50491965333182	2.504737	1.5826361
19.52270363419109	2.4767215	1.5737603
19.540488089876686	2.4764028	1.5736591
19.55827302085503	2.4761686	1.5735847
19.576058427592674	2.4952028	1.5796211
19.593844310556282	2.5191221	1.5871743
19.611630670212598	2.5005982	1.581328
19.629417507028506	2.5025642	1.5819495
19.64720482147098	2.501023	1.5814623
19.6649926140071	2.5277145	1.5898788
19.682780885104084	2.5319452	1.5912087
19.70056963522921	2.5134141	1.5853751
19.718358864849908	2.5085435	1.5838382
19.7361485744337	2.4842317	1.5761446
19.753938764448215	2.4870853	1.5770496
19.771729435361202	2.4953282	1.5796608
19.789520587640506	2.5167737	1.5864342
19.807312221754092	2.5303557	1.5907092
19.825104338170043	2.536074	1.5925056
19.842896937356517	2.5563686	1.5988648
19.860690019781824	2.5361648	1.5925341
19.87848358591436	2.50518	1.582776
19.896277636222635	2.475692	1.5734332
19.914072171175278	2.4706857	1.5718415
19.931867191241015	2.4808173	1.5750611
19.94966269688869	2.514133	1.5856018
19.967458688587264	2.5471766	1.5959877
19.985255166805807	2.5354612	1.5923132
20.00305213201348	2.493111	1.5789587
20.020849584679578	2.4560468	1.567178
20.038647525273507	2.4467692	1.5642152
20.05644595426477	2.428541	1.5583776
20.07424487212299	2.3998647	1.5491496
20.092044279317903	2.4384224	1.5615449
20.109844176319353	2.4284532	1.5583495
20.127644563597304	2.4086814	1.5519928
20.145445441621817	2.3634403	1.5373485
20.16324681086307	2.3416326	1.5302393
20.181048671791373	2.3337076	1.5276477
20.198851024877122	2.3603199	1.5363332
20.216653870590836	2.4139607	1.5536926
20.234457209403146	2.4176948	1.5548939
20.252261041784802	2.3832276	1.5437706
20.270065368206662	2.3534358	1.5340912
20.287870189139685	2.3374424	1.5288696
20.305675505054968	2.3183305	1.5226065
20.323481316423702	2.3207169	1.5233899
20.341287623717207	2.331754	1.5270082
20.359094427406884	2.3736954	1.5406802
20.376901727964288	2.384114	1.5440576
20.39470952586107	2.3928103	1.5468712
20.41251782156899	2.3772118	1.5418209
20.430326615559935	2.38595	1.5446521
20.448135908305886	2.395435	1.5477194
20.465945700278965	2.3882935	1.5454105
20.483755991951384	2.3752913	1.541198
20.50156678379548	2.3829367	1.5436764
20.519378076283708	2.3789606	1.542388
20.537189869888635	2.3884254	1.5454531
20.55500216508294	2.3674471	1.5386511
20.572814962339415	2.3596687	1.5361214
20.59062826213098	2.3253984	1.5249257
20.60844206493066	2.2609124	1.503633
20.626256371211593	2.2470078	1.4990023
20.644071181447032	2.285744	1.5118678
20.66188649611036	2.3152866	1.5216066
20.67970231567506	2.3406813	1.5299286
20.697518640614742	2.3616133	1.5367541
20.715335471403122	2.3437104	1.5309181
20.73315280851404	2.3234782	1.5242959
20.750970652421447	2.344177	1.5310706
20.768789003599412	2.351339	1.5334077
20.786607862522136	2.3095264	1.5197126
20.8044272296639	2.2867508	1.5122006
20.82224710549913	2.2787068	1.5095387
20.84006749050237	2.297669	1.5158063
20.857888385148268	3.8532577	1.9629717
20.8757097899116	45.973866	6.780403
20.893531705267254	64.83518	8.05203
20.911354131690224	83.84569	9.156729
20.92917706965566	69.052155	8.309763
20.94700051963877	50.091267	7.0775185
20.96482448211493	29.393898	5.421614
20.982648957559622	4.1781497	2.0440524
21.00047394644843	2.3129556	1.5208404
21.01829944925707	2.288583	1.5128063
21.036125466461375	2.2709947	1.506982
21.053951998537297	2.2528589	1.5009526
21.071779045960906	2.239633	1.4965404
21.089606609208378	2.2497797	1.4999266
21.10743468875603	2.2608624	1.5036165
21.12526328508028	2.2511358	1.5003786
21.143092398657675	2.2498627	1.4999542
21.16092202996488	2.2362885	1.4954225
21.17875217947867	2.2188742	1.4895886
21.19658284767596	2.2086463	1.4861515
21.21441403503377	2.2196865	1.4898612
21.232245742029225	2.2118244	1.4872204
21.2500779691396	2.1887321	1.4794364
21.26791071684227	2.185556	1.4783626
21.28574398561475	2.1642	1.471122
21.30357777593465	2.1292443	1.459193
21.321412088279704	2.1322384	1.4602187
21.339246923127792	2.1226366	1.4569271
21.357082280956888	2.1066015	1.4514136
21.3749181622451	2.1193457	1.4557973
21.392754567470647	2.1406426	1.4630935
21.41059149711187	2.1347601	1.4610819
21.42842895164726	2.141815	1.4634941
21.446266931555378	2.1556487	1.4682127
21.464105437314945	2.1724062	1.4739084
21.481944469404798	2.16196	1.4703605
21.49978402830388	2.1216195	1.456578
21.51762411449127	2.1001527	1.4491904
21.53546472844617	2.0852952	1.4440551
21.553305870647876	2.080321	1.4423318
21.571147541575865	2.0634627	1.4364758
21.58898974170967	2.0889256	1.4453115
21.60683247152899	2.1062965	1.4513086
21.62467573151363	2.0974374	1.4482533
21.642519522143523	2.064253	1.4367509
21.660363843898722	2.036515	1.4270651
21.6782086972594	2.061806	1.435899
21.696054082705864	2.0546753	1.4334139
21.713900000718535	2.0226529	1.4222
21.73174645177795	2.0079587	1.4170246
21.749593436364794	2.039539	1.4281243
21.767440954959845	2.079532	1.4420582
21.785289008044032	2.084285	1.4437053
21.803137596098388	2.0565135	1.434055
21.820986719604086	2.0103865	1.417881
21.838836379042412	1.9646403	1.4016563
21.85668657489478	1.9811052	1.4075174
21.87453730764273	2.0057843	1.4162571
21.892388577767914	2.027853	1.4240271
21.91024038575213	2.0460405	1.4303987
21.928092732077285	2.0342872	1.4262844
21.945945617225426	2.0368245	1.4271736
21.963799041678694	2.044542	1.4298749
21.981653005919398	31.369658	5.600862
21.999507510429943	78.19244	8.8426485
22.01736255569286	73.158966	8.553302
22.035218142190818	4.2491417	2.0613446
22.05307427040661	2.058925	1.4348954
22.07093094082315	2.0283241	1.4241924
22.088788153923474	2.0130079	1.4188051
22.106645910190746	2.014351	1.4192783
22.12450421010827	2.0212202	1.4216962
22.142363054159464	2.0018468	1.4148663
22.16022244282787	2.0091648	1.4174501
22.178082376597164	1.9966877	1.413042
22.195942855951145	1.968292	1.4029583
22.213803881373742	1.9598033	1.3999298
22.231665453349002	1.9895278	1.4105062
22.24952757236111	2.0119424	1.4184295
22.26739023889438	2.0140646	1.4191774
22.28525345343323	2.0132465	1.4188892
22.30311721646225	1.9948169	1.4123799
22.320981528466113	1.97058	1.4037734
22.33884638992964	2.0094354	1.4175456
22.356711801337788	2.015505	1.4196849
22.37457776317561	1.990511	1.4108547
22.392444275928337	1.92575	1.3877139
22.410311340081282	1.9471704	1.3954104
22.428178956119904	1.9913336	1.4111462
22.446047124529805	1.9919204	1.4113541
22.46391584579669	1.965591	1.4019953
22.481785120406414	1.9596431	1.3998725
22.49965494884496	1.9700624	1.4035891
22.51752533159841	1.9671474	1.4025503
22.53539626915302	1.9369844	1.3917558
22.553267761995137	1.933916	1.3906531
22.571139810611264	1.9753544	1.405473
22.589012415488025	1.9726458	1.4045091
22.60688557711216	1.9831924	1.4082587
22.624759295970566	1.9749662	1.405335
22.642633572550263	1.9643658	1.4015584
22.660508407338362	1.9273196	1.3882794
22.67838380082217	1.9127991	1.3830398
22.696259753489077	1.9291137	1.3889254
22.714136265826614	1.9454279	1.394786
22.73201333832246	1.9398633	1.3927897
22.74989097146439	1.9517562	1.3970526
22.76776916574035	1.9442604	1.3943673
22.785647921638393	1.9535322	1.3976882
22.803527239646712	1.9327129	1.3902204
22.82140712025363	1.9135082	1.3832961
22.839287563947593	1.9076943	1.381193
22.85716857121719	1.9229894	1.3867189
22.875050142551135	1.9668216	1.4024341
22.892932278438277	2.0019567	1.4149052
22.910814979367604	2.0034754	1.4154418
22.928698245828222	1.9772592	1.4061505
22.946582078309387	1.9472823	1.3954506
22.96446647730047	1.9326427	1.3901953
22.98235144329098	1.916743	1.3844649
23.000236976770562	1.919894	1.3856024
23.018123078229	1.938147	1.3921734
23.03600974815619	1.9459078	1.394958
23.053896987042194	1.9224975	1.3865416
23.071784795377173	1.9316269	1.3898299
23.08967317365145	1.9323411	1.3900868
23.10756212235546	1.9271864	1.3882314
23.125451641979787	1.8936363	1.3760946
23.143341733015134	1.9111766	1.3824531
23.161232395952357	1.9498668	1.3963763
23.179123631282426	1.9989927	1.4138573
23.197015439496468	1.9814444	1.4076378
23.214907821085717	1.9314976	1.3897833
23.23280077654157	1.9132953	1.3832191
23.250694306355538	1.9531863	1.3975644
23.268588411019277	1.9575529	1.3991258
23.28648309102458	1.9029325	1.3794682
23.304378346863356	1.8980169	1.3776853
23.322274179027676	1.9095021	1.3818474
23.340170588009723	1.9370484	1.3917788
23.358067574301852	1.9183974	1.3850622
23.37596513839651	1.9333987	1.390467
23.39386328078629	1.9300692	1.3892694
23.411762001963947	1.9470919	1.3953824
23.429661302422353	1.9857662	1.4091722
23.4475611826545	1.9644849	1.4016008
23.46546164315356	1.9702	1.4036381
23.48336268441279	1.9971619	1.4132098
23.501264306925638	2.0135236	1.4189868
23.51916651118564	2.021416	1.4217651
23.537069297686497	2.0380678	1.4276091
23.554972666922037	2.0449333	1.4300116
23.57287661938623	1.9915957	1.411239
23.59078115557318	1.9360864	1.3914332
23.608686275977128	1.9058353	1.38052
23.62659198109246	1.8764865	1.3698491
23.6444982714137	1.8507458	1.3604212
23.66240514743549	1.8940675	1.3762512
23.68031260965263	1.9074985	1.3811222
23.698220658560068	1.9273511	1.3882908
23.716129294652845	1.9297454	1.3891528
23.7340385184262	1.9328701	1.390277
23.75194833037546	1.9169694	1.3845466
23.769858730996123	1.8956299	1.3768188
23.78776972078382	1.9261259	1.3878493
23.80568130023431	1.9130304	1.3831234
23.823593469843495	1.8680145	1.3667532
23.841506230107424	1.865511	1.3658371
23.859419581522275	1.8930514	1.375882
23.87733352458438	1.924217	1.3871615
23.89524805979019	1.9377879	1.3920445
23.913163187636318	1.959918	1.3999708
23.931078908619508	1.9701918	1.4036353
23.948995223236633	1.9926535	1.4116138
23.966912131984735	2.0106149	1.4179615
23.98482963536096	2.0766811	1.4410695
24.002747733862616	2.0772192	1.4412562
24.020666427987155	2.0881922	1.4450579
24.038585718232156	2.0939462	1.4470475
24.056505605095353	2.1036925	1.4504112
24.074426089074617	2.1043706	1.4506449
24.092347170667946	2.0774207	1.441326
24.110268850373515	2.0403366	1.4284035
24.128191128689586	1.9963076	1.4129075
24.146114006114626	1.9888464	1.4102646
24.164037483147187	2.0044062	1.4157705
24.181961560286005	2.0327048	1.4257296
24.199886238029926	2.0180073	1.4205658
24.21781151687797	2.0591645	1.434979
24.235737397329274	2.0860736	1.4443246
24.253663879883135	2.0644476	1.4368186
24.271590965038975	2.0506413	1.432006
24.289518653296376	2.0212576	1.4217094
24.30744694515505	2.0502641	1.4318744
24.32537584111486	2.0223715	1.4221011
24.34330534167581	2.0350866	1.4265646
24.361235447338046	2.0531824	1.432893
24.379166158601876	2.0427675	1.4292542
24.39709747596772	2.0822124	1.4429873
24.41502939993615	2.0908513	1.4459777
24.432961931007917	2.0644112	1.4368058
24.450895069683856	2.0413532	1.4287593
24.468828816465	1.999581	1.4140654
24.4867631718525	1.9299011	1.3892088
24.504698136347656	1.9370941	1.3917953
24.52263371045192	1.9475068	1.395531
24.540569894666874	1.9669577	1.4024826
24.558506689494266	1.9642794	1.4015275
24.57644409543597	1.990355	1.4107994
24.594382112994012	1.9784795	1.4065844
24.61232074267057	1.9735045	1.4048147
24.630259984967953	1.9544907	1.398031
24.64819984038863	1.9301041	1.3892819
24.66614030943522	1.9545655	1.3980578
24.684081392610462	1.9610766	1.4003844
24.702023090417274	1.9591063	1.3996809
24.7199654033587	1.9555297	1.3984026
24.737908331937927	1.9970185	1.413159
24.755851876658305	2.0127647	1.4187194
24.773796038023324	2.0065017	1.4165103
24.79174081653661	2.0223804	1.4221042
24.809686212701962	2.0337949	1.4261118
24.827632227023294	2.1086311	1.4521127
24.8455788600047	2.1485434	1.465791
24.8635261121504	2.1466022	1.4651287
24.88147398396475	2.1068633	1.4515038
24.899422475952303	2.089795	1.4456123
24.917371588617698	2.087922	1.4449644
24.935321322465768	2.1417499	1.4634719
24.953271678001478	2.2617772	1.5039206
24.97122265572994	2.4992907	1.5809145
24.989174256156414	2.8589745	1.6908503
25.00712647978632	3.4717195	1.863255
25.02507932712521	4.5243707	2.1270568
25.043032798678798	6.0764213	2.4650397
25.060986894952933	7.7435718	2.7827275
25.078941616453637	9.166692	3.0276544
25.096896963687055	10.105327	3.1788876
25.114852937159508	10.805591	3.287186
25.132809537377444	10.685832	3.268919
25.150766764847468	9.9479475	3.1540368
25.168724620076347	8.453582	2.9075043
25.186683103570985	7.1475496	2.67349
25.204642215838426	5.816897	2.4118245
25.222601957385894	4.7046742	2.1690261
25.24056232872074	3.71011	1.9261646
25.25852333035048	2.974897	1.7247889
25.276484962782778	2.4908712	1.5782495
25.294447226525435	2.2348988	1.4949578
25.312410122086423	2.104015	1.4505223
25.330373649973843	2.0386984	1.42783
25.348337810695988	1.9985061	1.4136853
25.366302604761245	1.9698622	1.4035178
25.384268032678207	1.9152591	1.3839289
25.40223409495558	1.926976	1.3881556
25.420200792102257	1.9452271	1.394714
25.438168124627246	1.9682002	1.4029256
25.45613609303974	1.9648185	1.4017198
25.474104697849057	1.9539971	1.3978544
25.492073939564698	1.9372051	1.3918351
25.510043818696285	1.9173232	1.3846744
25.528014335753614	1.909694	1.3819168
25.54598549124664	1.9192069	1.3853544
25.56395728568544	1.9010391	1.3787818
25.58192971958028	1.8757125	1.3695666
25.59990279344156	1.887619	1.3739065
25.617876507779833	1.9097277	1.3819289
25.635850863105826	1.9303375	1.3893659
25.653825859930386	1.8995597	1.3782451
25.671801498764548	1.8690059	1.3671159
25.68977778011949	1.876177	1.3697361
25.707754704506524	1.8509617	1.3605006
25.725732272437153	1.8251802	1.3509923
25.743710484423012	1.8232144	1.3502645
25.761689340975888	1.8609552	1.3641683
25.77966884260774	1.8783096	1.3705144
25.797648989830662	1.8958411	1.3768954
25.815629783156922	1.9057035	1.3804722
25.83361122309895	1.9431474	1.3939682
25.85159331016929	1.9532596	1.3975906
25.869576044880695	1.8866553	1.3735558
25.887559427746034	1.8349162	1.3545908
25.90554345927836	1.8397597	1.3563774
25.92352813999086	1.869303	1.3672246
25.94151347039689	1.8706425	1.3677144
25.959499451009965	1.9066848	1.3808275
25.97748608234374	1.9198258	1.3855778
25.995473364912062	1.9165998	1.3844131
26.013461299228904	1.908637	1.3815343
26.03144988580839	1.912757	1.3830246
26.04943912516483	1.8822995	1.3719692
26.067429017812675	1.8046552	1.3433746
26.085419564266537	1.7764019	1.3328173
26.103410765041186	1.7889742	1.3375254
26.12140262065155	1.8517474	1.3607893
26.139395131612723	1.8878596	1.373994
26.157388298439948	1.8685889	1.3669634
26.17538212164861	1.8230478	1.3502028
26.193376601754295	1.793126	1.3390765
26.211371739272714	1.8336798	1.3541343
26.229367534719746	1.8931026	1.3759006
26.247363988611433	1.8961581	1.3770106
26.26536110146397	1.8888942	1.3743705
26.283358873793727	1.864084	1.3653146
26.301357306117204	1.822677	1.3500656
26.319356398951104	1.7610272	1.327037
26.33735615281224	1.74203	1.3198599
26.35535656821762	1.7712629	1.330888
26.373357645684404	1.8569059	1.3626834
26.39135938572991	1.8684628	1.3669173
26.409361788871614	1.8120978	1.3461418
26.427364855627165	1.7774996	1.333229
26.445368586514352	1.8158405	1.3475312
26.46337298205115	1.8349677	1.3546098
26.48137804275568	1.8224456	1.3499799
26.499383769146217	1.8591335	1.3635005
26.517390161741215	1.9010158	1.3787733
26.53539722105928	1.890377	1.3749099
26.553404947619182	1.8109859	1.3457288
26.571413341939856	1.7889434	1.3375139
26.589422404540397	1.793252	1.3391236
26.60743213594006	1.8052571	1.3435986
26.62544253665827	1.837122	1.3554047
26.64345360721459	1.8655319	1.3658447
26.66146534812879	1.8522228	1.360964
26.679477759920758	1.823916	1.3505243
26.69749084311057	1.8155679	1.3474301
26.71550459821847	1.8388438	1.3560398
26.733519025764842	1.8323821	1.3536551
26.751534126270258	1.8076936	1.344505
26.769549900255434	1.8224349	1.349976
26.787566348241267	1.8114737	1.34591
26.80558347074881	1.7864677	1.336588
26.823601268299267	1.7869831	1.3367809
26.841619741414036	1.8055203	1.3436965
26.85963889061465	1.8235388	1.3503847
26.877658716422832	1.8034612	1.3429301
26.89567921936045	1.7905241	1.3381047
26.913700399949544	1.8332481	1.3539749
26.93172225871233	1.8077989	1.344544
26.949744796171174	1.7832117	1.3353695
26.967768012848605	1.800696	1.3419001
26.98579190926733	1.8267459	1.3515717
27.003816485950225	1.8406273	1.3566972
27.021841743420318	1.8945466	1.3764253
27.039867682200814	1.8502079	1.3602235
27.057894302815072	1.7844442	1.3358309
27.07592160578664	1.7823645	1.3350523
27.0939495916392	1.8305366	1.3529732
27.111978260896635	1.8281924	1.3521067
27.13000761408296	1.8035797	1.3429742
27.148037651722397	1.7939246	1.3393747
27.166068374339304	1.8063635	1.3440102
27.184099782458215	1.8303725	1.3529125
27.20213187660384	1.8783357	1.3705239
27.22016465730105	1.8548883	1.3619429
27.23819812507487	1.8193984	1.3488507
27.256232280450533	1.8226339	1.3500496
27.274267123953383	1.8339326	1.3542277
27.292302656108987	1.803284	1.3428642
27.31033887744306	1.7929871	1.3390247
27.32837578848146	1.7946659	1.3396515
27.34641338975026	1.8145294	1.3470447
27.364451681775673	1.8365746	1.3552028
27.382490665084074	1.8082911	1.3447272
27.400530340202046	1.8160443	1.3476069
27.41857070765629	1.7927526	1.3389372
27.436611767973726	1.8443872	1.3580822
27.454653521681404	1.8551956	1.3620557
27.472695969306564	1.8541399	1.3616681
27.490739111376627	1.8224465	1.3499801
27.508782948419153	1.7678956	1.3296224
27.526827480961902	1.7976825	1.3407768
27.54487270953279	1.8316058	1.3533683
27.562918634659898	1.8364869	1.3551705
27.580965256871508	1.8403542	1.3565966
27.599012576696026	1.8248402	1.3508664
27.617060594662068	1.8019124	1.3423533
27.63510931129842	1.812795	1.3464007
27.65315872713401	1.834247	1.3543438
27.67120884269797	1.8486624	1.3596553
27.68925965851958	1.8854405	1.3731134
27.707311175128307	1.9516377	1.3970103
27.725363393053787	1.9360019	1.3914028
27.74341631282583	1.8936979	1.376117
27.7614699349744	1.8796111	1.3709891
27.77952426002968	2.118337	1.4554508
27.797579288521973	2.2717302	1.507226
27.815635020981784	2.7513125	1.6587081
27.83369145793979	2.7811704	1.6676841
27.85174859992682	2.5700512	1.603138
27.869806447473923	2.3603256	1.5363351
27.887865001112267	2.0361698	1.4269443
27.905924261373233	1.9518125	1.3970728
27.92398422878836	1.9738642	1.4049428
27.94204490388936	1.9543287	1.3979731
27.96010628720813	1.9309866	1.3895994
27.978168379276728	1.876348	1.3697985
27.9962311806274	1.8664216	1.3661704
28.014294691792568	1.8745731	1.3691505
28.0323589133048	1.9082612	1.3813983
28.050423845696887	1.9169273	1.3845315
28.068489489501758	1.9284651	1.3886919
28.086555845252523	1.8715488	1.3680456
28.104622913482487	1.817002	1.3479621
28.122690694725115	1.8533195	1.3613667
28.14075918951405	1.8839592	1.372574
28.15882839838312	1.9007208	1.3786663
28.176898321866304	1.931929	1.3899385
28.1949689604978	1.968174	1.4029162
28.213040314811945	1.9616231	1.4005796
28.23111238534327	1.9117277	1.3826524
28.249185172626493	1.9377209	1.3920205
28.267258677196473	2.0044591	1.4157892
28.285332899588294	2.0297534	1.4246942
28.303407840337172	1.9690082	1.4032135
28.321483499978545	1.9455694	1.3948367
28.33955987904799	1.9809926	1.4074774
28.357636978081285	1.9876975	1.4098573
28.37571479761439	1.9562764	1.3986695
28.393793338183425	1.9998822	1.4141719
28.41187260032469	2.0680156	1.4380597
28.429952584574686	2.0793345	1.4419898
28.448033291470065	2.0235605	1.4225191
28.46611472154769	2.011377	1.4182303
28.484196875344566	2.0553267	1.4336411
28.502279753397914	2.0857985	1.4442294
28.52036335624511	2.0447447	1.4299457
28.538447684423716	1.9965227	1.4129837
28.556532738471482	1.9793612	1.4068977
28.574618518926325	2.0118604	1.4184006
28.59270502632635	2.071587	1.4393009
28.61079226120985	2.062313	1.4360756
28.628880224115274	2.0168083	1.4201437
28.646968915581287	2.0129511	1.4187851
28.66505833614671	2.0017505	1.4148324
28.68314848635055	2.011594	1.4183067
28.701239366732004	2.0603757	1.4354008
28.71933097783044	2.079506	1.4420493
28.737423320185403	2.0904076	1.4458241
28.75551639433665	2.0987651	1.4487115
28.773610200824074	2.0624723	1.436131
28.791704740187793	2.0372956	1.4273386
28.80980001296809	2.0979629	1.4484346
28.827896019705413	2.153499	1.4674804
28.845992760940433	2.2270033	1.4923148
28.86409023721397	2.2784216	1.5094441
28.88218844906704	2.3313642	1.5268805
28.900287397040845	2.3266108	1.5253232
28.918387081676755	2.2674851	1.505817
28.936487503516343	2.245147	1.4983815
28.954588663101365	2.2420266	1.4973398
28.97269056097374	2.2551553	1.5017174
28.990793197675597	2.2852213	1.5116949
29.00889657374923	2.3442607	1.5310979
29.027000689737125	2.3888612	1.5455941
29.04510554618196	2.4167106	1.5545774
29.06321114362659	2.4345105	1.5602918
29.08131748261405	2.4792962	1.574578
29.099424563687567	2.524338	1.5888165
29.11753238739057	2.5055661	1.582898
29.13564095426663	2.4403112	1.5621495
29.15375026485954	2.5039973	1.5824023
29.171860319713275	2.6516232	1.6283805
29.18997111937199	2.7097147	1.6461211
29.20808266438002	2.7414837	1.6557426
29.226194955281898	2.778542	1.666896
29.244307992622335	2.8050237	1.6748205
29.26242177694624	2.834384	1.6835629
29.2805363087987	2.8495486	1.6880606
29.29865158872498	2.884326	1.6983304
29.316767617270557	2.941332	1.7150313
29.334884394981064	3.00623	1.7338483
29.353001922402367	3.0327082	1.7414672
29.37112020008047	3.073231	1.7530633
29.389239228561596	3.1584954	1.7772156
29.407359008392152	3.3132632	1.8202372
29.42547954011872	3.6208317	1.9028484
29.44360082428809	4.1323705	2.0328233
29.46172286144722	4.9487777	2.2245848
29.479845652143283	6.584214	2.5659723
29.497969196923606	9.298064	3.0492728
29.516093496335728	13.193008	3.6322181
29.5342185509274	16.848118	4.1046457
29.55234436124651	20.054058	4.4781756
29.570470927841175	21.393547	4.6253157
29.588598251259686	21.14605	4.5984836
29.60672633205055	19.253191	4.387846
29.624855170762405	16.34667	4.043102
29.642984767944146	12.974049	3.6019506
29.66111512414481	9.603039	3.098877
29.67924623991366	7.0454345	2.6543238
29.697378115800138	5.25159	2.2916348
29.71551075235387	4.3966756	2.0968251
29.733644150124675	3.8826816	1.9704522
29.751778309662576	3.5971794	1.8966231
29.769913231517766	3.4367852	1.8538568
29.78804891624066	3.337745	1.8269496
29.806185364381818	3.3140187	1.8204447
29.82432257649206	3.3093622	1.8191652
29.842460553122333	3.3386352	1.8271933
29.86059929482382	3.3922133	1.8417963
29.878738802147872	3.3631246	1.8338823
29.896879075646048	3.315382	1.820819
29.915020115870114	3.334899	1.8261706
29.933161923371976	3.3316612	1.8252839
29.951304498703777	3.3151658	1.8207597
29.969447842417857	3.3557427	1.8318686
29.987591955066733	3.3665328	1.8348113
30.005736837203123	3.30974	1.8192691
30.023882489379943	3.208121	1.7911228
30.04202891215028	3.1848857	1.7846248
30.060176106067455	3.2022047	1.7894706
30.078324071684946	3.2656481	1.8071104
30.09647280955646	3.284914	1.8124331
30.114622320235863	3.2125463	1.7923578
30.132772604277257	3.2226593	1.7951767
30.1509236622349	3.175688	1.7820461
30.16907549466328	3.1401381	1.7720435
30.18722810211705	3.1345341	1.7704616
30.205381485151097	3.2008471	1.7890911
30.22353564432045	3.2039225	1.7899504
30.241690580180403	3.1316428	1.7696449
30.25984629328638	3.01193	1.7354913
30.278002784194037	3.0133028	1.7358867
30.296160053459246	3.077615	1.7543132
30.314318101638033	3.041626	1.7440258
30.332476929286646	2.943774	1.715743
30.35063653696153	2.8872318	1.6991856
30.368796925219307	2.8664076	1.6930468
30.386958094616844	2.8323314	1.6829532
30.40512004571115	2.8806965	1.6972615
30.423282779059463	2.9457207	1.7163101
30.441446295219233	2.979489	1.7261196
30.459610594748067	2.8930318	1.7008915
30.47777567820382	2.8365695	1.6842119
30.495941546144504	2.8313677	1.6826669
30.51410819912835	2.8479888	1.6875986
30.532275637713795	2.8616927	1.6916538
30.55044386245946	2.8510504	1.6885054
30.56861287392416	2.866477	1.6930673
30.586782672666956	2.8859127	1.6987975
30.604953259247047	2.8134675	1.6773394
30.623124634223885	2.7908583	1.6705862
30.641296798157075	2.7899601	1.6703174
30.659469751606462	2.7898362	1.6702802
30.677643495132074	2.7741911	1.6655903
30.695818029294152	2.7627308	1.6621464
30.713993354653116	2.7197669	1.6491716
30.73216947176962	2.6676536	1.6332953
30.75034638120448	2.7025847	1.643954
30.768524083518756	2.7905114	1.6704824
30.786702579273673	2.8595433	1.6910185
30.80488186903069	2.9574168	1.7197142
30.82306195335144	3.019345	1.7376263
30.841242832797782	3.232162	1.7978214
30.85942450793176	3.5562363	1.8857986
30.877606979315637	3.9756827	1.9939114
30.895790247511883	4.3710866	2.0907145
30.913974313083134	4.7440925	2.1780937
30.932159176592283	5.181796	2.276356
30.95034483860237	5.622575	2.371197
30.968531299676698	5.712293	2.3900404
30.98671856037873	5.4180484	2.32767
31.00490662127215	5.0478063	2.2467322
31.023095482920848	4.4684796	2.1138778
31.04128514588892	3.8034332	1.9502393
31.059475610740662	3.260213	1.805606
31.07766687804056	2.9125507	1.7066196
31.09585894835335	2.6983087	1.642653
31.11405182224393	2.587389	1.6085362
31.132245500277417	2.5181932	1.5868816
31.15043998301914	2.4774797	1.5740012
31.168635271034628	2.457167	1.5675353
31.18683136488964	2.4232867	1.5566909
31.20502826515008	2.4059453	1.551111
31.223225972382135	2.3792927	1.5424956
31.241424487152155	2.405823	1.5510715
31.259623810026692	2.4927084	1.5788313
31.27782394157253	2.5085354	1.5838356
31.296024882356644	2.539078	1.5934485
31.314226632946237	2.507147	1.5833973
31.332429193908684	2.4403121	1.5621499
31.350632565811598	2.4146948	1.5539289
31.368836749222787	2.4533267	1.5663099
31.387041744710295	2.5343337	1.5919591
31.40524755284232	2.5341616	1.591905
31.423454174187317	2.5489821	1.5965532
31.441661609313922	2.5313091	1.5910088
31.459869858791002	2.4810252	1.575127
31.478078923187628	2.491471	1.5784395
31.496288803073064	2.4233818	1.5567214
31.514499499016807	2.3454366	1.5314819
31.532711011588546	2.3539822	1.5342693
31.550923341358178	2.3283033	1.5258778
31.56913648889584	2.3119175	1.5204991
31.587350454771844	2.2854116	1.5117577
31.605565239556732	2.2263594	1.4920989
31.62378084382127	2.2667391	1.5055693
31.641997268136382	2.376192	1.5414902
31.660214513073274	2.3368096	1.5286627
31.67843257920331	2.3083973	1.5193411
31.6966514670981	2.3485627	1.532502
31.71487117732944	2.3523421	1.5337347
31.733091710469346	2.258507	1.502833
31.751313067090052	2.2538514	1.5012833
31.769535247764008	2.3717616	1.5400524
31.787758253063878	2.3485246	1.5324897
31.805982083562526	2.2871845	1.512344
31.824206739833024	2.32367	1.5243589
31.84243222244869	2.336641	1.5286076
31.860658531983013	2.3160071	1.5218433
31.878885669009737	2.3160906	1.5218707
31.897113634102784	2.2691565	1.506372
31.91534242783632	2.2137485	1.4878671
31.933572050784694	2.2098792	1.4865662
31.951802503522508	2.2767246	1.5088819
31.970033786624548	2.277651	1.5091889
31.988265900665834	2.165601	1.4715981
32.006498846221575	2.0499356	1.4317596
32.02473262386724	2.1373863	1.4619802
32.04296723417845	2.2495763	1.4998587
32.0612026777311	2.27016	1.506705
32.07943895510129	2.1968172	1.4821664
32.097676066865304	2.1630404	1.4707278
32.115914013599685	2.1781802	1.475866
32.13415279588115	2.1703596	1.473214
32.152392414286666	2.1211646	1.4564219
32.1706328693934	2.1078105	1.45183
32.18887416177875	2.1526115	1.4671781
32.20711629202032	2.1986227	1.4827753
32.225359260695924	2.2531543	1.5010511
32.243603068383614	2.2114398	1.4870911
32.26184771566166	2.1635609	1.4709048
32.28009320310852	2.0761697	1.440892
32.2983395313029	2.0759544	1.4408172
32.31658670082372	2.1432765	1.4639933
32.33483471225012	2.0899155	1.445654
32.35308356616143	2.1138194	1.453898
32.371333263137245	2.2128913	1.487579
32.38958380375734	2.147155	1.4653174
32.407835188601744	2.0490634	1.431455
32.42608741825067	2.0295095	1.4246086
32.444340493284585	2.0756032	1.4406954
32.46259441428416	2.1197536	1.4559374
32.48084918183028	2.1638577	1.4710057
32.49910479650405	2.1171384	1.4550389
32.51736125888683	2.076993	1.4411776
32.53561856956014	2.0483615	1.4312098
32.5538767291058	2.1007836	1.449408
32.572135738105764	2.1050925	1.4508936
32.59039559714228	2.115951	1.4546309
32.608656306797776	2.0950518	1.4474294
32.62691786765491	2.0690122	1.4384061
32.645180280296586	2.0869477	1.4446272
32.663443545305896	2.1320553	1.460156
32.68170766326619	2.041564	1.4288331
32.69997263476099	1.9912012	1.4110993
32.7182384603741	2.0606837	1.4355081
32.7365051406895	2.1053555	1.4509844
32.75477267629144	2.0510845	1.4321607
32.77304106776434	2.0463324	1.4305007
32.79131031569289	1.9903697	1.4108046
32.809580420661966	1.9164151	1.3843465
32.827851383256714	1.9465498	1.3951881
32.84612320406245	2.024515	1.4228545
32.86439588366476	2.0219972	1.4219695
32.88266942264945	2.0399778	1.428278
32.9009438216025	2.0358906	1.4268464
32.9192190811102	2.053526	1.4330128
32.937495201758985	2.0000055	1.4142154
32.95577218413556	2.0872028	1.4447155
32.974050028826866	2.0910163	1.4460347
32.992328736420035	2.0885415	1.4451787
33.010608307502444	2.0313046	1.4252385
33.02888874266169	1.9853371	1.40902
33.047170042485604	1.92994	1.3892227
33.06545220756225	1.9295629	1.3890871
33.083735238479896	1.9758883	1.4056629
33.10201913582707	2.0381374	1.4276335
33.12030390019248	2.0693157	1.4385116
33.138589532165135	2.0798967	1.4421847
33.15687603233419	2.0693657	1.438529
33.17516340128909	2.0121534	1.4185039
33.19345163961947	1.9442273	1.3943555
33.211740747915215	1.9656396	1.4020127
33.23003072676643	1.9657853	1.4020647
33.248321576763466	1.9106516	1.3822632
33.266613298496885	1.8769964	1.3700352
33.28490589255747	1.900701	1.3786591
33.30319935953626	1.9619987	1.4007137
33.32149370002451	2.0061476	1.4163854
33.339788914613706	2.0079992	1.4170389
33.358085003895575	2.0933957	1.4468572
33.376381968462034	2.0945907	1.44727
33.39467980890529	2.0896833	1.4455737
33.41297852581774	2.0074427	1.4168425
33.43127811979204	1.9179752	1.3849099
33.44957859142105	1.8987944	1.3779675
33.467879941297866	1.8338636	1.3542022
33.486182170015844	1.8796836	1.3710155
33.50448527816853	2.018422	1.4207118
33.522789266349754	2.0337474	1.4260951
33.541094135153514	1.9444592	1.3944386
33.55939988517411	1.9027553	1.379404
33.57770651700602	1.802068	1.3424113
33.59601403124398	1.782225	1.335
33.61432242848296	1.9207112	1.3858973
33.632631709318154	1.9889721	1.4103092
33.650941874344994	1.9725837	1.404487
33.66925292415916	2.0283139	1.4241889
33.68756485935654	1.9512061	1.3968558
33.70587768053328	1.9194345	1.3854365
33.724191388285746	1.9271286	1.3882105
33.74250598321054	1.9574028	1.3990722
33.760821465904506	1.9607733	1.4002762
33.77913783696474	1.931144	1.3896561
33.79745509698852	1.9067764	1.3808608
33.815773246573414	1.9734068	1.40478
33.8340922863172	2.0012796	1.4146659
33.852412216817896	2.0309331	1.4251081
33.87073303867377	1.9944549	1.4122517
33.889054752483304	1.9085393	1.3814989
33.907377358845245	1.9260898	1.3878363
33.92570085835853	1.9556653	1.3984511
33.94402525162239	1.9071839	1.3810083
33.96235053923627	1.9901909	1.4107412
33.980676721799824	2.1607654	1.4699543
33.999003799912984	2.1377082	1.4620904
34.01733177417592	2.114259	1.4540492
34.03566064518901	2.065382	1.4371437
34.0539904135529	2.0451765	1.4300966
34.07232107986846	2.2013204	1.4836848
34.090652644736785	2.210011	1.4866105
34.108985108759235	2.00097	1.4145564
34.12731847253742	1.9195976	1.3854954
34.14565273667313	2.0299778	1.4247729
34.16398790176847	2.0670009	1.4377068
34.18232396842574	1.9068757	1.3808967
34.20066093724749	1.8594323	1.36361
34.21899880883651	1.9954231	1.4125944
34.23733758379583	2.0193098	1.4210242
34.25567726272874	1.9889174	1.4102898
34.27401784623872	1.951215	1.3968589
34.29235933492957	1.9097481	1.3819363
34.31070172940526	1.8854644	1.3731221
34.32904503027003	2.0551422	1.4335767
34.347389238128386	2.158026	1.4690222
34.36573435358502	2.1259298	1.4580569
34.38408037724492	2.0863893	1.4444339
34.402427309713296	1.910238	1.3821136
34.42077515159559	1.8835511	1.3724253
34.43912390349752	2.0772338	1.4412612
34.45747356602499	2.0802326	1.4423012
34.47582413978423	1.9836255	1.4084125
34.49417562538163	1.9591563	1.3996986
34.51252802342388	1.9623921	1.4008541
34.53088133451789	1.9757363	1.4056089
34.54923555927084	2.1285334	1.4589494
34.567590698290104	2.089891	1.4456456
34.58594675218336	2.0201972	1.4213364
34.6043037215585	2.0024233	1.41507
34.62266160702365	2.091556	1.4462214
34.641020409187234	2.1390514	1.4625497
34.65938012865785	2.078204	1.4415977
34.677740766044394	1.8890854	1.3744401
34.69610232195598	1.8330739	1.3539106
34.714464797002016	1.8994817	1.3782169
34.73282819179208	1.9557252	1.3984724
34.751192506936064	1.9690622	1.4032328
34.76955774304408	1.9986436	1.413734
34.7879239007265	2.0479436	1.4310638
34.80629098059391	2.067032	1.4377177
34.824658983257194	1.9924692	1.4115485
34.843027909327446	1.9005935	1.3786201
34.86139775941603	1.903528	1.379684
34.879768534134534	2.0103061	1.4178526
34.89814023409483	2.0470722	1.4307593
34.91651285990901	2.0554378	1.4336798
34.93488641218944	2.0102441	1.4178308
34.95326089154871	1.8502632	1.3602438
34.97163629859967	1.7589225	1.3262438
34.99001263395542	1.9114825	1.3825637
35.00838989822934	1.9372971	1.3918682
35.02676809203499	1.8779216	1.3703728
35.04514721598624	1.9019995	1.37913
35.063527270697215	1.8318194	1.3534472
35.081908256782256	1.7078825	1.3068599
35.10029017485597	1.772072	1.3311919
35.11867302553321	2.0950627	1.4474331
35.137056809429104	2.1255305	1.45792
35.155441527159006	2.0737803	1.4400626
35.173827179338524	2.0078983	1.4170033
35.19221376658354	1.8402128	1.3565445
35.21060128951017	1.7522814	1.3237376
35.2289897487348	1.8318826	1.3534706
35.24737914487405	1.8943177	1.3763422
35.26576947854479	1.8634775	1.3650925
35.28416075036418	1.9029678	1.379481
35.30255296094958	1.8863825	1.3734564
35.32094611091867	1.9285924	1.3887377
35.33934020088932	2.0472283	1.4308139
35.35773523147969	2.0856183	1.444167
35.3761312033082	2.1040382	1.4505303
35.394528116993506	1.9975939	1.4133626
35.41292597315452	1.7286103	1.3147663
35.431324772410434	1.7927471	1.338935
35.449724515380666	2.018839	1.4208585
35.46812520268491	2.0504804	1.4319499
35.486526834943106	1.9621602	1.4007713
35.504929412775454	1.8426414	1.3574393
35.52333293680242	1.8657604	1.3659284
35.54173740764471	2.1942093	1.4812864
35.560142825923286	2.5021288	1.5818119
35.5785491922594	2.4310284	1.5591755
35.59695650727454	2.489513	1.577819
35.61536477159042	2.5467248	1.595846
