0.008763373481513119	0.0	0.0
0.026290120649546365	0.0	0.0
0.043816868432600686	0.22195254	0.4711184
0.06134361724069026	0.2819816	0.5310194
0.07887036748382949	0.24630305	0.49628928
0.0963971195720331	0.1459089	0.38198024
0.11392387391531617	0.06038249	0.2457285
0.1314506309236943	0.08097009	0.28455245
0.1489773910071836	0.08030467	0.28338078
0.16650415457580078	0.10077354	0.3174485
0.18403092203956356	0.12894517	0.35908937
0.20155769380849	0.086491875	0.294095
0.2190844702925996	0.066167034	0.25722954
0.2366112519019124	0.016432527	0.12818941
0.2541380390464497	0.038295727	0.19569294
0.27166483213623416	0.055300836	0.23516129
0.28919163158128947	0.087833725	0.29636756
0.3067184377916406	0.11076658	0.33281612
0.324245251177314	0.15091132	0.38847306
0.34177207214833777	0.14793144	0.38461858
0.3592989011147415	0.16421527	0.40523484
0.37682573848655654	0.15647888	0.39557412
0.39435258467381573	0.17747466	0.4212774
0.41187944008655414	0.17594497	0.41945794
0.42940630513480854	0.18113583	0.42560056
0.446933180228618	0.1849319	0.4300371
0.4644600657780234	0.16523287	0.40648845
0.48198696219306775	0.13229106	0.3637184
0.49951386988379676	0.09384605	0.30634302
0.5170407892602581	0.113882564	0.3374649
0.5345677207325025	0.11439134	0.33821788
0.5520946647105822	0.114802755	0.33882555
0.5696216216045534	0.11465437	0.3386065
0.5871485918244737	0.11429585	0.33807668
0.6046755757804043	0.17397988	0.41710895
0.6222025738824094	0.14463761	0.38031253
0.6397295865405557	0.1616461	0.40205234
0.6572566141649129	0.15603395	0.39501134
0.6747836571655547	0.14167939	0.37640324
0.6923107159525568	0.15582462	0.39474627
0.7098377909359992	0.14633916	0.38254303
0.7273648825259653	0.12607561	0.35507128
0.7448919911325411	0.13728413	0.37051874
0.762419117165817	0.13597244	0.3687444
0.7799462610358868	0.19418909	0.4406689
0.7974734231528482	0.21036908	0.4586601
0.8150006039268024	0.203546	0.45116073
0.8325278037678551	0.16463993	0.40575847
0.8500550230861152	0.15899497	0.39874172
0.8675822622916969	0.17261395	0.41546834
0.8851095217947171	0.17646733	0.42008016
0.9026368020052984	0.16808708	0.40998423
0.9201641033335665	0.1855689	0.43077707
0.9376914261896523	0.22824566	0.47775063
0.9552187709836915	0.27058128	0.52017426
0.9727461381258234	0.2838569	0.5327822
0.990273528026193	0.26140144	0.51127434
1.0078009410949496	0.25096264	0.5009617
1.0253283777422473	0.24126051	0.49118277
1.0428558383782454	0.26065996	0.5105487
1.0603833234131086	0.28731537	0.5360181
1.0779108332570058	0.32617658	0.5711187
1.0954383683201119	0.35309416	0.59421724
1.112965929012607	0.42402536	0.6511723
1.1304935157446763	0.54330045	0.73708916
1.1480211289265108	0.5810595	0.7622726
1.1655487689683062	1.3071009	1.1432852
1.1830764362802655	1.5803907	1.2571359
1.200604131272596	2.006742	1.4165952
1.2181318543555117	2.4342406	1.5602053
1.235659605939232	2.4993074	1.5809197
1.253187386433982	3.8967516	1.9740192
1.270715196249994	6.0606856	2.4618459
1.2882430357975057	11.268345	3.3568356
1.3057709054867608	16.029049	4.0036297
1.3232988057280106	22.164204	4.707887
1.3408267369315112	27.016575	5.197747
1.358354699507526	31.143764	5.58066
1.3758826938663256	35.022102	5.9179473
1.3934107204181858	37.310917	6.1082664
1.410938779573391	37.75174	6.144244
1.4284668717422309	38.159046	6.177301
1.4459949973350033	37.35127	6.1115685
1.4635231567620117	37.273335	6.1051893
1.4810513504335687	36.5219	6.043335
1.4985795787599925	36.147446	6.0122747
1.5161078421516088	35.94548	5.995455
1.5336361410187505	35.60203	5.966744
1.5511644757717598	35.339108	5.9446707
1.5686928468209842	36.036724	6.0030594
1.58622125457678	36.32716	6.0272017
1.6037496994495108	37.222076	6.10099
1.621278181849548	36.977634	6.080924
1.6388067021872719	37.583252	6.130518
1.6563352608730693	36.955154	6.0790753
1.673863858317336	36.337944	6.028096
1.6913924949304753	35.61994	5.9682446
1.7089211711228998	34.701458	5.8907943
1.7264498873050296	34.09241	5.8388705
1.7439786438872935	33.521896	5.7898097
1.7615074412801288	32.39084	5.691295
1.779036279893981	31.90418	5.6483784
1.796565160139305	30.917889	5.5603857
1.814094082426564	30.504816	5.5231166
1.8316230471662298	29.853693	5.4638534
1.849152054768784	29.162111	5.4001956
1.8666811056447168	28.402033	5.3293557
1.8842102002045273	27.37127	5.2317557
1.901739338858724	26.369032	5.1350784
1.9192685220178245	25.57225	5.0569015
1.9367977500923557	24.980312	4.9980307
1.9543270234928547	24.435644	4.943242
1.971856342629867	23.811827	4.8797364
1.9893857079139496	23.208529	4.817523
2.006915119755667	22.738008	4.768439
2.0244445785655945	22.286718	4.720881
2.0419740847543175	21.941048	4.6841273
2.0595036387324317	21.588263	4.646317
2.0770332409105414	21.160639	4.6000695
2.094562891699263	20.906906	4.5724072
2.1120925915092217	20.39419	4.5159926
2.129622340751053	20.02028	4.474403
2.1471521398354043	188.00298	13.711418
2.1646819891729323	444.44666	21.081903
2.182211889174303	440.58426	20.990099
2.1997418402501974	453.11206	21.286428
2.2172718428113023	432.7857	20.803503
2.234801897268317	320.93985	17.914795
2.2523320040319548	17.384558	4.1694794
2.269862163512935	17.065525	4.131044
2.287392376121992	16.7283	4.0900245
2.304922642269869	16.310581	4.038636
2.322452962367322	15.895566	3.9869244
2.3399833368251164	15.541541	3.9422762
2.357513766054032	15.484042	3.9349768
2.3750442504648586	15.270358	3.9077306
2.3925747904683963	15.042018	3.8784041
2.410105386475459	14.727456	3.8376367
2.4276360388968707	14.517659	3.8102045
2.445166748143469	14.289131	3.7800968
2.4626975146261025	13.978319	3.738759
2.4802283387556323	13.794979	3.7141593
2.4977592209429305	13.543732	3.680181
2.5152901615988825	13.135345	3.6242716
2.5328211611343865	12.812506	3.579456
2.5503522199603523	12.716659	3.5660424
2.5678833384877024	12.588702	3.5480561
2.5854145171273712	12.33431	3.5120237
2.6029457562903064	12.037355	3.469489
2.620477056387469	11.715617	3.4228084
2.6380084178298326	11.619159	3.4086888
2.655539841028383	11.53412	3.3961918
2.673071326394119	11.371411	3.3721523
2.6906028743380523	11.108114	3.3328838
2.708134485271211	10.92157	3.3047798
2.7256661596046325	10.702792	3.2715123
2.743197897749369	10.540105	3.2465527
2.760729700116486	10.573191	3.2516444
2.778261567117063	10.451621	3.2328968
2.795793499162193	10.3339205	3.2146416
2.8133254966629817	10.154535	3.186618
2.830857560030551	10.019475	3.1653554
2.8483896896760337	10.032422	3.1674
2.865921886010578	9.956151	3.1553369
2.883454149445347	9.768903	3.1255243
2.9009864803915177	9.557384	3.0915017
2.91851887926028	9.471877	3.0776415
2.9360513464628384	9.3852415	3.0635343
2.953583882410413	9.235487	3.0389943
2.9711164875142373	9.109062	3.0181222
2.9886491621855606	8.916772	2.9860964
3.0061819068356455	8.691469	2.94813
3.023714721875769	8.593197	2.9314156
3.041247607717225	8.490411	2.913831
3.0587805647713213	8.347244	2.8891597
3.0763135934493806	8.290988	2.8794076
3.0938466941627407	8.196577	2.8629665
3.1113798673227544	8.08264	2.8429983
3.1289131133407904	8.058936	2.8388267
3.1464464326282315	7.999031	2.828256
3.1639798255964786	7.9127927	2.8129687
3.1815132926569443	7.7727027	2.7879567
3.1990468342210603	7.639003	2.7638745
3.216580450700272	7.4808517	2.7351146
3.2341141425060416	7.2923107	2.7004278
3.251647910049847	7.320864	2.7057095
3.2691817537431813	7.3206344	2.705667
3.286715673997555	7.255293	2.6935651
3.3042496712244938	7.160941	2.6759934
3.32178374583554	7.0432067	2.653904
3.339317898242251	7.035763	2.6525013
3.3568521288562034	6.8720818	2.6214657
3.3743864380889876	6.7462997	2.597364
3.3919208263522127	6.6143756	2.571843
3.4094552940575023	6.5612364	2.561491
3.4269898416164972	6.4671826	2.5430655
3.444524469440858	6.49285	2.5481071
3.4620591779422587	6.4320645	2.5361514
3.479593967532391	6.440682	2.53785
3.4971288386229658	6.5057836	2.5506437
3.5146637916257086	6.5513687	2.559564
3.5321988269523628	6.6885486	2.586223
3.5497339450146903	6.6944814	2.5873697
3.5672691462244708	6.586354	2.5663893
3.5848044309934988	6.5033097	2.5501587
3.60233979973359	6.467997	2.5432258
3.619875252856575	6.469558	2.5435326
3.6374107907743034	6.4692936	2.5434806
3.6549464138986427	6.472101	2.5440326
3.6724821226414788	6.4207144	2.533913
3.690017917414714	6.4058957	2.530987
3.7075537986302702	6.386105	2.5270743
3.7250897667000857	6.4520826	2.540095
3.7426258220361235	6.649597	2.5786812
3.7601619650503553	6.9098716	2.6286635
3.777698196154779	7.382439	2.7170644
3.7952345157614067	8.366	2.8924038
3.8127709242822716	9.188023	3.0311751
3.830307422129425	11.295921	3.3609405
3.847844009714936	30.100573	5.4863987
3.8653806874508954	97.66915	9.882771
3.882917455749409	97.05247	9.8515215
3.900454315022606	97.006805	9.849203
3.917991265682631	41.59876	6.44971
3.9355283081416506	11.327773	3.3656757
3.9530654428118495	8.926147	2.987666
3.970602670105433	7.5780244	2.7528212
3.9881399904346244	6.5843225	2.5659935
4.005677404211669	6.4899287	2.5475338
4.023214911848827	6.4223967	2.5342448
4.0407525137583855	6.3866987	2.5271919
4.058290210352644	6.442925	2.5382917
4.075828002043927	6.4283805	2.5354252
4.0933658892445814	6.4353986	2.5368087
4.110903872366966	6.458488	2.5413556
4.128441951823468	6.336177	2.5171764
4.145980128026488	6.208462	2.4916787
4.163518401388452	6.1368437	2.4772654
4.181056772321807	6.2350135	2.497001
4.1985952412390155	6.264499	2.5028982
4.216133808552567	6.19702	2.4893816
4.233672474674966	6.1727095	2.4844937
4.251211240018741	6.468541	2.5433326
4.268750104996445	6.701441	2.5887141
4.286289070020643	7.8523235	2.8021998
4.303828135503928	9.49426	3.0812757
4.3213673018589125	29.9032	5.468382
4.3389065694982305	91.05	9.542012
4.356445938834537	166.10193	12.888054
4.3739854102805085	171.89667	13.110937
4.391524984248844	172.84625	13.1471
4.409064661152262	137.015	11.70534
4.426604441403504	97.343376	9.866275
4.444144325415337	76.18698	8.728516
4.461684313600543	22.267431	4.7188377
4.47922440637193	22.580593	4.751904
4.496764604142329	20.81329	4.5621586
4.5143049073245916	19.008696	4.359896
4.531845316331589	16.81207	4.1002526
4.5493858315762195	14.055533	3.7490711
4.566926453471405	11.732726	3.4253068
4.584467182430081	9.729399	3.1191983
4.602008018865218	8.532955	2.9211223
4.619548963189798	7.693417	2.773701
4.637090015816834	7.152856	2.6744823
4.654631177159353	6.8900733	2.6248949
4.672172447630417	6.522693	2.5539563
4.689713827643102	6.2807784	2.506148
4.7072553176105085	6.0353537	2.4566958
4.724796917945764	5.957967	2.4408946
4.742338629062015	5.8663607	2.4220572
4.759880451372434	5.8593683	2.4206133
4.777422385290215	5.7769446	2.4035275
4.794964431228581	5.8720837	2.4232383
4.812506589600768	5.8985043	2.4286838
4.830048860820047	5.7715316	2.4024012
4.847591245299709	5.712719	2.3901296
4.8651337434530655	5.6206794	2.3707972
4.882676355693457	5.651924	2.3773775
4.900219082434242	5.6527367	2.3775485
4.917761924088813	5.6301355	2.3727906
4.935304881070575	5.583678	2.3629806
4.952847953792969	5.5859046	2.363452
4.970391142669449	5.5767627	2.361517
4.9879344481135055	5.6293864	2.3726327
5.005477870538642	5.5990033	2.3662214
5.023021410358394	5.621525	2.3709755
5.040565067986324	5.543782	2.354524
5.05810884383601	5.4901133	2.343099
5.075652738321066	5.5069475	2.3466885
5.09319675185512	5.5134354	2.3480706
5.110740884851836	5.4307346	2.3303936
5.128285137724894	5.406664	2.3252234
5.145829510888007	5.345771	2.3120923
5.163374004754908	5.3399544	2.3108342
5.1809186197393595	5.3938866	2.3224742
5.198463356255145	5.459623	2.3365836
5.216008214716077	5.4958205	2.3443167
5.233553195535998	5.421617	2.3284366
5.251098299128764	5.2963247	2.3013744
5.268643525908272	5.2238417	2.2855725
5.286188876288432	5.182671	2.2765481
5.3037343506831895	5.2342606	2.2878506
5.32127994950651	5.216418	2.283948
5.3388256731723915	5.270907	2.2958455
5.356371522094851	5.2517943	2.2916794
5.373917496687938	5.30211	2.3026311
5.391463597365729	5.2305365	2.2870367
5.40900982454232	5.217102	2.2840977
5.426556178631843	5.241767	2.2894905
5.444102660048449	5.236117	2.2882564
5.4616492692063225	5.340008	2.3108456
5.479196006519669	5.362156	2.315633
5.496742872402727	5.299469	2.3020575
5.514289867269756	5.2210464	2.284961
5.531836991535049	5.1722713	2.274263
5.549384245612924	5.114963	2.2616284
5.566931629917724	5.159475	2.2714477
5.584479144863822	5.1900167	2.2781608
5.6020267908656205	5.2206454	2.2848732
5.619574568337545	5.1934943	2.278924
5.637122477694054	5.189493	2.278046
5.654670519349629	5.220282	2.2847936
5.672218693718784	5.206244	2.2817194
5.689767001216059	5.2130046	2.2832005
5.707315442256021	5.1600227	2.2715683
5.724864017253266	5.1806755	2.2761097
5.7424127266224225	5.2302976	2.2869844
5.75996157077814	5.3036656	2.302969
5.777510550135105	5.3275247	2.3081431
5.795059665108022	5.296484	2.3014092
5.812608916111639	5.306047	2.3034859
5.830158303560715	5.402924	2.324419
5.847707827870055	5.401226	2.3240538
5.86525748945448	5.4311028	2.3304727
5.8828072887288485	5.4518595	2.3349218
5.900357226108044	5.5265865	2.3508694
5.917907302006979	5.632191	2.3732238
5.9354575168406	6.2814717	2.5062864
5.9530078710238765	6.9259415	2.6317184
5.970558364971812	7.4608755	2.7314603
5.988108999099438	7.8083405	2.7943408
6.005659773821818	8.302098	2.8813362
6.023210689554039	8.032038	2.834085
6.040761746711227	8.395332	2.89747
6.058312945708531	7.7441597	2.782833
6.075864286961132	7.2916937	2.7003136
6.093415770884244	6.631913	2.5752501
6.1109673978931065	6.159885	2.4819117
6.128519168402993	5.6351633	2.3738499
6.146071082829204	5.468852	2.3385577
6.163623141587075	5.3091455	2.3041582
6.181175345091969	5.223005	2.2853894
6.198727693759281	5.171821	2.2741637
6.216280188004435	5.1692786	2.2736049
6.233832828242885	5.1386223	2.2668529
6.251385614890126	5.0890827	2.2558994
6.268938548361669	5.0536923	2.2480419
6.286491629073067	5.0264254	2.241969
6.304044857439898	5.042447	2.2455394
6.321598233877777	4.9638395	2.2279675
6.339151758802344	4.970921	2.2295563
6.356705432629277	5.033799	2.243613
6.37425925577428	5.1086164	2.2602248
6.391813228653095	5.125928	2.2640512
6.409367351681486	5.0732126	2.2523794
6.426921625275259	5.099203	2.2581415
6.44447604985025	5.1290607	2.264743
6.46203062582232	5.1579566	2.2711136
6.47958535360737	5.0989223	2.2580793
6.497140233621328	5.038155	2.2445836
6.514695266280161	5.0144506	2.239297
6.532250451999859	4.936434	2.2218087
6.549805791196454	4.9701395	2.229381
6.567361284286002	4.9353795	2.2215714
6.584916931684597	5.0228944	2.2411814
6.602472733808367	5.047701	2.2467089
6.6200286910734665	5.043777	2.2458355
6.637584803896092	5.072224	2.2521598
6.655141072692462	5.060142	2.249476
6.672697497878842	5.02583	2.2418363
6.690254079871514	5.0088544	2.238047
6.707810819086808	5.0140076	2.239198
6.725367715941078	5.022447	2.2410817
6.742924770850719	4.9869947	2.233158
6.760481984232151	4.955939	2.226194
6.778039356501836	5.0118523	2.2387166
6.795596888076266	5.0772834	2.2532828
6.813154579371963	5.05532	2.2484038
6.830712430805492	5.112223	2.2610226
6.84827044279344	5.1100817	2.260549
6.865828615752445	5.1105895	2.2606614
6.883386950099159	5.1189384	2.2625072
6.900945446250287	5.0330567	2.2434475
6.918504104622553	5.01525	2.2394755
6.936062925632727	4.992782	2.2344534
6.953621909697607	5.019857	2.2405038
6.971181057234028	5.0861397	2.255247
6.988740368658859	5.206534	2.281783
7.006299844389007	5.3461018	2.3121638
7.023859484841407	5.4296517	2.3301613
7.041419290433036	5.5092673	2.3471828
7.058979261580902	5.564402	2.3588984
7.0765393987020495	5.7125874	2.390102
7.094099702213559	6.052874	2.460259
7.111660172532549	6.4020925	2.5302358
7.129220810076164	6.830166	2.6134586
7.146781615261595	7.486723	2.7361877
7.16434258850606	7.763322	2.7862737
7.181903730226821	8.215703	2.8663049
7.1994650408411704	8.255724	2.8732777
7.217026520766437	8.323168	2.88499
7.234588170419983	8.49998	2.9154725
7.252149990219215	8.502729	2.915944
7.269711980581568	8.395915	2.8975706
7.2872741419245175	8.1480875	2.8544855
7.304836474665574	7.8324237	2.7986467
7.322398979222286	7.5038767	2.7393205
7.339961656012233	7.3017006	2.7021658
7.357524505453039	6.9407587	2.634532
7.375087527962357	6.663667	2.581408
7.392650723957886	6.404381	2.5306878
7.410214093857353	6.033061	2.456229
7.427777638078528	5.79832	2.40797
7.445341357039213	5.598977	2.3662157
7.4629052511572525	5.475158	2.3399055
7.480469320850524	5.438794	2.3321223
7.498033566536948	5.356766	2.3144689
7.5155979886344735	5.327404	2.308117
7.5331625875610975	5.2849073	2.2988927
7.550727363734844	5.2674813	2.2950995
7.568292317573788	5.2613444	2.293762
7.585857449496025	5.2330804	2.2875926
7.603422759919705	5.237999	2.2886674
7.620988249263007	5.2145925	2.283548
7.638553917944147	5.176706	2.2752376
7.656119766381391	5.246268	2.2904732
7.673685794993023	5.2821565	2.2982943
7.691252004197388	5.28911	2.2998066
7.70881839441285	5.266317	2.2948458
7.726384966057826	5.225461	2.2859268
7.743951719550762	5.2346277	2.287931
7.761518655310149	5.259724	2.2934089
7.779085773754511	5.307307	2.3037593
7.796653075302419	5.3115096	2.3046713
7.814220560372475	5.3620496	2.31561
7.831788229383323	5.325563	2.307718
7.8493560827536495	5.37373	2.3181307
7.866924120902174	5.367628	2.3168142
7.884492344247663	5.4086127	2.3256423
7.9020607532089135	5.4276834	2.3297389
7.919629348204771	5.4772515	2.3403528
7.937198129654115	5.4702454	2.3388555
7.954767097975865	5.436578	2.331647
7.972336253588986	5.391659	2.3219945
7.989905596912472	5.378394	2.3191366
8.007475128365371	5.423183	2.3287728
8.025044848366756	5.47121	2.3390617
8.042614757335754	5.625441	2.3718011
8.060184855691523	5.7076597	2.389071
8.07775514385327	5.876152	2.4240775
8.095325622240228	5.875469	2.4239366
8.112896291271687	5.9092364	2.430892
8.130467151366968	5.926144	2.4343672
8.148038202945436	5.967391	2.4428244
8.165609446426497	5.969415	2.4432387
8.183180882229594	5.9673586	2.4428177
8.200752510774217	5.9716268	2.4436913
8.218324332479893	6.0335975	2.4563382
8.235896347766193	6.071285	2.4639976
8.253468557052724	6.0811224	2.4659932
8.27104096075914	6.030191	2.4556446
8.288613559305137	6.0618014	2.4620726
8.306186353110448	6.088281	2.4674442
8.32375934259485	6.1997705	2.4899337
8.341332528178162	6.258216	2.5016427
8.358905910280246	6.3028684	2.5105515
8.376479489321003	6.3397393	2.517884
8.394053265720377	6.438225	2.5373657
8.411627239898356	6.455867	2.5408397
8.42920141227497	6.4477367	2.5392394
8.44677578327029	6.3812804	2.5261197
8.464350353304427	6.368456	2.52358
8.48192512279754	6.321896	2.514338
8.499500092169827	6.2904544	2.5080779
8.51707526184153	6.2475686	2.4995136
8.534650632232934	6.235911	2.4971807
8.552226203764365	6.2172084	2.493433
8.569801976856192	6.285454	2.5070808
8.587377951928834	6.349489	2.5198193
8.60495412940274	6.406602	2.5311265
8.622530509698416	6.423174	2.534398
8.6401070932364	6.500166	2.5495422
8.657683880437283	6.542504	2.5578318
8.675260871721695	6.70003	2.5884416
8.692838067510303	6.879903	2.622957
8.710415468223834	7.071386	2.6592078
8.727993074283043	7.192247	2.6818364
8.745570886108737	7.231728	2.6891873
8.763148904121765	7.2738705	2.6970115
8.78072712874302	7.3571057	2.7123985
8.798305560393441	7.606622	2.7580106
8.815884199494006	7.7246566	2.7793267
8.833463046465745	7.857628	2.8031461
8.851042101729728	7.9641304	2.8220792
8.86862136570707	8.307137	2.8822103
8.886200838818924	8.4451475	2.9060535
8.903780521486505	8.492722	2.9142275
8.921360414131055	8.597272	2.9321105
8.938940517173874	8.800683	2.9665945
8.956520831036297	8.986463	2.997743
8.97410135613971	9.238527	3.0394945
8.99168209290554	9.276863	3.0457942
9.009263041755265	9.556392	3.0913415
9.026844203110405	9.765266	3.1249425
9.044425577392525	9.950185	3.1543913
9.062007165023239	10.094484	3.1771817
9.079588966424197	10.28736	3.2073915
9.097170982017108	10.366629	3.219725
9.11475321222372	11.255376	3.3549032
9.132335657465825	12.1292715	3.4827104
9.149918318165264	12.294246	3.5063152
9.167501194743924	12.867691	3.5871563
9.18508428762374	12.567979	3.5451345
9.202667597226693	12.608378	3.5508277
9.220251123974803	12.260802	3.5015428
9.237834868290143	12.001361	3.464298
9.255418830594836	11.856941	3.4433908
9.273003011311046	11.3503	3.3690207
9.290587410860985	11.038893	3.3224828
9.308172029666911	10.401045	3.225065
9.32575686815113	10.209591	3.195245
9.343341926735997	8.918854	2.986445
9.360927205843916	8.66478	2.9435997
9.378512705897327	8.462874	2.909102
9.396098427318728	8.3097105	2.8826568
9.413684370530664	8.259863	2.8739977
9.431270535955722	8.066092	2.8400865
9.448856924016539	7.9260435	2.8153229
9.466443535135806	7.775226	2.7884092
9.484030369736251	7.7906384	2.7911716
9.501617428240658	7.8854556	2.8081052
9.519204711071852	7.900803	2.8108368
9.536792218652714	7.882163	2.807519
9.55437995140617	7.9185905	2.813999
9.571967909755191	7.943255	2.818378
9.589556094122802	7.9537687	2.8202426
9.60714450493207	7.946703	2.8189898
9.624733142606116	7.940378	2.8178678
9.642322007568108	8.082253	2.8429303
9.659911100241267	8.160235	2.8566127
9.677500421048851	8.165284	2.857496
9.695089970414175	8.110421	2.8478801
9.712679748760609	8.111267	2.8480287
9.730269756511557	8.162469	2.8570035
9.747859994090492	8.302626	2.8814278
9.765450461920915	8.361464	2.8916194
9.78304116042639	8.383654	2.895454
9.800632090030527	8.397691	2.897877
9.81822325115699	8.383806	2.8954804
9.835814644229481	8.38152	2.8950856
9.853406269671762	8.389331	2.896434
9.870998127907646	8.418653	2.9014914
9.888590219360985	8.411283	2.900221
9.906182544455698	8.430449	2.9035234
9.923775103615734	8.377238	2.894346
9.941367897265108	8.409871	2.8999777
9.958960925827878	8.387985	2.8962018
9.97655418972816	8.451277	2.907108
9.994147689390106	8.453295	2.907455
10.011741425237934	8.560696	2.9258666
10.029335397695904	8.570921	2.9276135
10.04692960718833	8.493343	2.914334
10.06452405413958	8.441636	2.9054494
10.082118738974064	8.3665695	2.8925023
10.099713662116246	8.349247	2.8895063
10.117308823990651	8.281153	2.8776991
10.134904225021844	8.272541	2.8762026
10.152499865634445	8.2540045	2.8729782
10.170095746253125	8.359825	2.8913362
10.18769186730261	8.341386	2.8881457
10.205288229207675	8.339971	2.8879008
10.222884832393145	8.268595	2.8755164
10.2404816772839	8.217494	2.8666172
10.258078764304868	8.173268	2.858893
10.275676093881035	8.13752	2.852634
10.293273666437438	8.115465	2.8487656
10.310871482399158	8.207717	2.8649113
10.32846954219134	8.195824	2.862835
10.346067846239173	8.249812	2.8722486
10.363666394967908	8.246401	2.8716547
10.38126518880283	8.3027725	2.8814533
10.398864228169298	8.349803	2.8896027
10.416463513492713	8.32603	2.8854861
10.434063045198531	8.266375	2.8751304
10.451662823712262	8.276711	2.8769274
10.469262849459467	8.270034	2.8757668
10.486863122865758	8.205592	2.8645406
10.504463644356806	8.099541	2.8459692
10.522064414358338	8.05471	2.838082
10.539665433296118	7.952513	2.82002
10.557266701595987	7.882314	2.807546
10.574868219683818	7.8056207	2.793854
10.592469987985552	7.7548194	2.7847476
10.610072006927185	7.6427107	2.7645452
10.627674276934751	7.4882646	2.7364693
10.64527679843435	7.3775277	2.7161605
10.662879571852143	7.3092365	2.7035599
10.680482597614331	7.240294	2.6907794
10.698085876147173	7.1428566	2.6726124
10.715689407876988	7.0257263	2.6506088
10.733293193230146	6.9031086	2.6273768
10.750897232633072	6.866522	2.620405
10.76850152651225	6.827271	2.6129048
10.786106075294207	6.7752533	2.6029317
10.803710879405534	6.6740217	2.583413
10.821315939272877	6.544663	2.558254
10.83892125532294	6.4076886	2.5313413
10.856526827982472	6.3285913	2.515669
10.874132657678285	6.289211	2.50783
10.891738744837243	6.3094034	2.5118525
10.909345089886271	6.3013096	2.510241
10.926951693252343	6.2071176	2.4914088
10.944558555362494	6.1329875	2.476487
10.96216567664381	6.0327697	2.4561696
10.979773057523436	6.008102	2.451143
10.997380698428573	5.9718566	2.4437382
11.014988599786477	5.9319825	2.4355662
11.032596762024461	5.8627834	2.4213185
11.050205185569892	5.7916217	2.4065788
11.067813870850198	5.6969147	2.386821
11.085422818292859	5.6574	2.378529
11.10303202832541	5.576255	2.3614094
11.120641501375454	5.496676	2.344499
11.138251237870636	5.395523	2.3228266
11.155861238238671	5.3212776	2.3067894
11.173471502907317	5.297799	2.3016949
11.191082032304402	5.2707214	2.2958052
11.208692826857805	5.22105	2.2849617
11.226303886995465	5.0997777	2.2582688
11.243915213145371	5.0319705	2.2432053
11.261526805735578	4.9846973	2.2326436
11.279138665194196	4.926141	2.219491
11.296750791949393	4.862213	2.2050426
11.314363186429393	4.7813163	2.1866221
11.331975849062479	4.7329574	2.1755362
11.34958878027699	4.723289	2.173313
11.36720198050133	4.7489033	2.1791978
11.384815450163948	4.7347007	2.1759367
11.402429189693366	4.663752	2.1595721
11.420043199518153	4.570866	2.1379583
11.437657480066942	63.46308	7.966372
11.455272031768422	85.16065	9.228253
11.472886855051353	107.586365	10.372385
11.490501950344528	99.18688	9.959261
11.508117318076819	84.54481	9.194825
11.52573295867715	45.87764	6.7733035
11.543348872574514	4.1515393	2.0375326
11.560965060197946	4.128796	2.031944
11.57858152197655	4.11875	2.0294704
11.59619825833949	4.173264	2.042857
11.613815269715985	4.1281466	2.031784
11.631432556535323	38.597027	6.212651
11.649050119226837	83.06114	9.113789
11.666667958219929	93.48875	9.668958
11.68428607394406	107.76249	10.380872
11.701904466828756	82.59158	9.087991
11.719523137303586	65.42241	8.088412
11.737142085798196	4.662155	2.1592023
11.754761312742286	3.7870896	1.9460446
11.772380818565619	3.7076478	1.9255253
11.790000603698015	3.6454103	1.9092958
11.80762066856935	3.6421487	1.9084414
11.825241013609572	3.629165	1.9050367
11.842861639248683	3.6101317	1.9000347
11.860482545916748	3.5359063	1.8804005
11.878103734043883	3.4798849	1.8654449
11.895725204060282	3.4789093	1.8651835
11.91334695639619	3.4287164	1.8516793
11.930968991481919	3.4411132	1.8550237
11.948591309747824	3.4163225	1.8483297
11.966213911624347	3.3932862	1.8420875
11.98383679754198	3.3266087	1.8238993
12.001459967931268	3.2822502	1.8116982
12.019083423222835	3.2627935	1.8063204
12.036707163847352	3.2873578	1.8131073
12.05433119023556	3.3189886	1.8218092
12.071955502818259	3.2782335	1.8105893
12.089580102026313	3.2405472	1.800152
12.107204988290643	3.2075262	1.7909567
12.12483016204224	3.1867702	1.7851527
12.142455623712152	3.1638663	1.778726
12.16008137373149	3.1359816	1.7708703
12.177707412531431	3.119787	1.7662919
12.19533374054321	3.10434	1.7619138
12.212960358198126	3.0699077	1.7521152
12.230587265927545	3.0755794	1.753733
12.248214464162889	3.0436242	1.7445986
12.265841953335649	3.0678797	1.7515364
12.283469733877375	3.0329883	1.7415477
12.301097806219685	2.9881437	1.7286248
12.31872617079425	2.9385934	1.7142326
12.336354828032825	2.9416258	1.7151169
12.353983778367205	2.9684186	1.7229099
12.371613022229262	2.973469	1.724375
12.389242560050928	2.9751499	1.7248622
12.406872392264201	2.9564729	1.7194397
12.424502519301143	2.9351451	1.7132266
12.442132941593874	2.8953435	1.7015709
12.459763659574586	2.8734226	1.6951172
12.477394673675532	2.8573968	1.6903837
12.49502598432903	2.8671925	1.6932787
12.51265759196746	2.8657856	1.6928631
12.530289497023267	2.8473852	1.6874197
12.547921699928967	2.8068721	1.6753722
12.565554201117134	2.7987053	1.6729331
12.583187001020404	2.8001754	1.6733725
12.600820100071486	2.8216336	1.6797719
12.618453498703152	2.8441515	1.6864612
12.636087197348235	2.8391922	1.6849903
12.65372119643964	2.8609824	1.6914439
12.671355496410326	2.84976	1.6881232
12.68899009769333	2.893507	1.7010312
12.706625000721749	2.8941064	1.7012073
12.724260205928752	2.994151	1.7303616
12.741895713747551	3.0125275	1.7356634
12.759531524611454	3.0374699	1.7428339
12.777167638953818	3.0244098	1.739083
12.794804057208072	3.059822	1.7492347
12.812440779807702	3.094451	1.7591052
12.830077807186271	3.2614129	1.8059382
12.847715139777405	3.2715137	1.8087326
12.865352778014795	3.4614005	1.860484
12.882990722332197	3.5566053	1.8858964
12.90062897316344	3.6650927	1.9144431
12.918267530942412	3.7899632	1.9467828
12.935906396103071	3.6845787	1.9195256
12.953545569079449	3.8553963	1.9635164
12.971185050305628	3.6659865	1.9146767
12.988824840215775	3.677373	1.9176477
13.006464939244115	3.6379848	1.9073502
13.024105347824943	3.459435	1.8599557
13.041746066392617	3.5547106	1.885394
13.05938709538157	3.3797188	1.8384012
13.077028435226296	3.4381242	1.8542179
13.094670086361363	3.3479068	1.8297286
13.112312049221401	3.264851	1.8068899
13.129954324241112	3.1669602	1.7795955
13.147596911855258	2.9782777	1.7257687
13.165239812498685	2.9348602	1.7131433
13.182883026606293	2.8443332	1.6865151
13.200526554613058	2.7704058	1.6644536
13.218170396954017	2.7461104	1.6571392
13.235814554064284	2.766027	1.6631377
13.253459026379034	2.759372	1.6611358
13.271103814333523	2.7347686	1.6537136
13.288748918363058	2.7188802	1.6489028
13.306394338903031	2.7110994	1.6465416
13.32404007638889	2.693199	1.6410968
13.341686131256164	2.7126284	1.6470059
13.359332503940449	2.6660688	1.6328101
13.376979194877402	2.659026	1.630652
13.394626204502751	2.694059	1.6413589
13.412273533252307	2.7306602	1.652471
13.429921181561937	2.733452	1.6533154
13.447569149867581	2.756596	1.6603
13.465217438605247	2.7753727	1.665945
13.482866048211022	2.722607	1.6500324
13.500514979121052	2.7353976	1.6539037
13.518164231771568	2.6977296	1.6424767
13.535813806598844	2.6903162	1.6402184
13.553463704039254	2.6833718	1.6381
13.571113924529229	2.7172322	1.6484029
13.588764468505275	2.7450426	1.656817
13.606415336403956	2.7784464	1.6668673
13.624066528661917	2.8369908	1.6843369
13.641718045715882	2.8830924	1.6979672
13.659369888002635	2.9294143	1.7115532
13.67702205595903	2.958638	1.7200692
13.694674550021993	3.003537	1.7330716
13.712327370628532	3.0390348	1.7432828
13.729980518215713	3.1168127	1.7654498
13.747633993220681	3.2081146	1.791121
13.765287796080647	3.2762215	1.8100336
13.7829419272329	3.3370419	1.8267572
13.800596387114801	3.3444242	1.8287767
13.818251176163775	3.3501332	1.8303369
13.835906294817324	3.3261492	1.8237734
13.853561743513023	3.3137953	1.8203833
13.871217522688525	3.3756464	1.8372933
13.888873632781538	3.440956	1.8549814
13.906530074229858	3.5207174	1.8763574
13.92418684747135	3.55529	1.8855476
13.941843952943948	3.5516992	1.8845953
13.959501391085665	3.5372307	1.8807527
13.977159162334578	3.4930782	1.8689779
13.994817267128846	3.4335518	1.8529845
14.012475705906693	3.3133316	1.8202559
14.030134479106424	3.240384	1.8001066
14.047793587166414	3.1729026	1.7812643
14.065453030525108	3.09349	1.758832
14.083112809621026	3.0350292	1.7421335
14.100772924892766	2.99353	1.730182
14.118433376778997	2.9992409	1.7318317
14.136094165718458	2.9410458	1.7149477
14.153755292149969	2.8832939	1.6980264
14.171416756512416	2.7545042	1.6596699
14.189078559244768	2.669132	1.6337478
14.20674070078606	2.5977333	1.6117485
14.224403181575408	2.5360837	1.5925087
14.242066002051999	2.5062304	1.5831078
14.259729162655093	2.4684494	1.5711299
14.277392663824022	2.442785	1.5629412
14.295056505998208	2.44532	1.5637518
14.312720689617128	2.4707868	1.5718737
14.330385215120348	2.4795985	1.5746741
14.348050082947497	2.4821892	1.5754964
14.3657152935383	2.4721537	1.5723084
14.383380847332528	2.46644	1.5704904
14.401046744770051	2.4593642	1.568236
14.418712986290798	2.4627705	1.5693216
14.436379572334793	2.4474611	1.5644363
14.454046503342123	2.4251022	1.557274
14.471713779752946	2.4140768	1.55373
14.489381402007504	2.391906	1.5465788
14.507049370546113	2.347501	1.5321556
14.524717685809168	2.3573577	1.5353689
14.542386348237134	2.334502	1.5279077
14.560055358270553	2.3355842	1.5282618
14.577724716350051	2.380982	1.543043
14.595394422916325	2.43732	1.5611918
14.61306447841015	2.4802256	1.5748732
14.63073488327237	2.4794035	1.5746121
14.648405637943917	2.5145056	1.5857192
14.6660767428658	2.4797974	1.5747372
14.683748198479094	2.490632	1.5781736
14.701420005224954	2.5407841	1.5939838
14.719092163544628	2.6221197	1.6192961
14.73676467387942	2.7006073	1.6433525
14.754437536670727	2.7267423	1.651285
14.772110752360014	2.7836437	1.6684256
14.78978432138882	2.75966	1.6612225
14.807458244198777	2.7427554	1.6561266
14.82513252123159	2.692762	1.6409637
14.842807152929028	2.7466915	1.6573145
14.860482139732962	2.7495615	1.6581802
14.87815748208531	2.7328053	1.6531198
14.8958331804281	2.7110906	1.646539
14.91350923520342	2.701716	1.6436898
14.931185646853438	2.71464	1.6476164
14.948862415820408	2.670282	1.6340997
14.966539542546656	2.6768994	1.6361233
14.98421702747459	2.6720698	1.6346467
15.001894871046696	2.7120464	1.6468292
15.019573073705542	2.740031	1.655304
15.037251635893766	2.7016776	1.6436781
15.054930558054092	2.695285	1.6417323
15.072609840629323	2.7685785	1.6639045
15.090289484062351	2.9174402	1.7080516
15.107969488796124	3.220088	1.7944604
15.125649855273691	3.601204	1.8976839
15.14333058393817	4.1266904	2.0314257
15.161011675232768	5.1230435	2.2634141
15.17869312960076	6.48895	2.5473418
15.196374947485506	8.318441	2.8841708
15.214057129330447	11.398174	3.3761182
15.231739675579114	16.078165	4.009759
15.249422586675102	21.007618	4.583407
15.267105863062092	24.026382	4.9016714
15.284789505183847	24.19497	4.918838
15.302473513484218	22.063313	4.6971602
15.320157888407127	18.43917	4.2940855
15.337842630396578	14.2841625	3.7794394
15.355527739896656	11.164841	3.341383
15.37321321735153	8.759782	2.959693
15.39089906320545	6.4421825	2.5381455
15.408585277902748	4.8523064	2.202795
15.42627186188783	3.7704422	1.9417627
15.443958815605198	3.3140268	1.8204468
15.461646139499424	3.0309803	1.7409711
15.479333834015168	2.894992	1.7014676
15.497021899597165	2.7978497	1.6726774
15.514710336690234	2.7290041	1.6519698
15.53239914573928	2.6438997	1.6260073
15.550088327189297	2.5616362	1.6005112
15.567777881485336	2.5102842	1.5843877
15.58546780907256	2.4575288	1.5676508
15.6031581103962	2.4197903	1.5555675
15.620848785901568	2.4414718	1.562521
15.638539836034063	2.4715562	1.5721184
15.656231261239173	2.483194	1.5758154
15.673923061962451	2.4523118	1.5659859
15.691615238649552	2.4309125	1.5591384
15.709307791746202	2.4093451	1.5522065
15.727000721698221	2.4226768	1.5564951
15.744694028951498	2.4273117	1.5579832
15.76238771395202	2.4441805	1.5633875
15.780081777145844	2.416155	1.5543987
15.797776218979125	2.3999026	1.5491619
15.815471039898094	2.4042177	1.550554
15.833166240349064	2.4023046	1.549937
15.850861820778437	2.4013522	1.5496297
15.868557781632699	2.4124098	1.5531934
15.886254123358412	2.3963792	1.5480243
15.903950846402232	2.375785	1.5413582
15.921647951210897	2.3510656	1.5333185
15.939345438231225	2.3847675	1.5442692
15.957043307910133	2.3860407	1.5446814
15.974741560694602	2.432408	1.5596179
15.992440197031714	2.433847	1.5600791
16.01013921736862	2.4414868	1.5625257
16.02783862215259	2.400406	1.5493243
16.045538411830933	2.3944166	1.5473902
16.06323858685107	2.4163194	1.5544515
16.080939147660512	2.4495723	1.5651109
16.09864009470684	2.479995	1.5748
16.11634142843774	2.4564092	1.5672936
16.134043149300954	2.4527209	1.5661165
16.15174525774433	2.4419148	1.5626627
16.169447754215817	2.4035199	1.550329
16.18715063916342	2.4047267	1.5507182
16.204853913035244	2.4340272	1.5601369
16.222557576279478	2.4615772	1.5689415
16.240261629344403	22.468008	4.740043
16.257966072678386	42.997738	6.557266
16.275670906729868	38.11734	6.173924
16.293376131947387	2.5163648	1.5863054
16.31108174877957	2.5058208	1.5829785
16.328787757675133	2.5125904	1.5851153
16.34649415908287	2.5344834	1.5920061
16.364200953451657	2.589812	1.6092893
16.38190814123048	2.6006308	1.6126472
16.39961572286839	2.663677	1.6320775
16.41732369881455	2.7114267	1.646641
16.43503206951817	2.7722611	1.6650108
16.45274083542859	2.8061874	1.6751679
16.47044999699522	2.7989256	1.672999
16.488159554667558	2.8787417	1.6966856
16.505869508895184	2.9106085	1.7060505
16.523579860127786	2.9252424	1.7103341
16.541290608815117	2.9086268	1.7054697
16.559001755407035	2.9584281	1.7200081
16.57671330035348	3.0923047	1.758495
16.59442524410448	3.1932583	1.7869691
16.61213758711015	3.2623246	1.8061906
16.629850329820705	3.2703736	1.8084174
16.647563472686436	3.2999034	1.8165636
16.665277016157724	3.3893049	1.8410065
16.682990960685053	3.446767	1.8565471
16.70070530671898	3.48885	1.8678464
16.718420054710155	3.4897735	1.8680935
16.736135205109335	3.5460613	1.8830988
16.753850758367335	3.6083934	1.8995771
16.771566714935087	3.644411	1.909034
16.789283075263597	3.7249644	1.9300166
16.80699983980398	3.8017447	1.9498063
16.82471700900741	3.8776474	1.9691743
16.84243458332518	3.8926055	1.9729687
16.860152563208665	3.946537	1.9865893
16.87787094910932	4.006165	2.0015407
16.89558974147871	4.1425166	2.0353174
16.913308940768466	4.2366047	2.0583014
16.931028547430333	4.324507	2.079545
16.94874856191613	4.3826733	2.0934834
16.966468984677785	4.3879795	2.0947504
16.98418981616729	4.4101753	2.1000416
17.00191105683676	4.4443965	2.1081738
17.019632707138374	4.483519	2.117432
17.03735476752442	4.529397	2.128238
17.05507723844728	4.5640154	2.1363556
17.072800120359403	4.617185	2.1487637
17.090523413713353	4.664589	2.159766
17.108247118961785	4.70167	2.1683335
17.125971236557437	4.7123475	2.1707942
17.143695766953133	4.687446	2.165051
17.161420710601806	4.702515	2.1685283
17.179146067956477	4.7223496	2.173097
17.19687183947025	4.6752563	2.162234
17.21459802559634	4.6351852	2.1529481
17.232324626788028	4.638664	2.1537557
17.25005164349871	4.6757555	2.1623495
17.267779076181863	4.6749163	2.1621554
17.285506925291074	4.6641855	2.1596725
17.30323519127999	4.659734	2.1586416
17.320963874602384	4.6293015	2.1515813
17.33869297571211	4.5477757	2.1325514
17.356422495063114	4.5071874	2.1230137
17.37415243310944	4.493083	2.1196895
17.391882790305218	4.537057	2.1300368
17.40961356710468	4.5466027	2.1322765
17.42734476396215	4.52487	2.1271741
17.445076381332044	4.542231	2.131251
17.462808419668868	4.639791	2.1540174
17.48054087942723	4.795546	2.1898735
17.498273761061835	5.0861745	2.2552547
17.51600706502747	5.5389256	2.3534923
17.533740791779024	6.273158	2.5046272
17.551474941771485	7.632815	2.762755
17.56920951545993	8.725206	2.953846
17.586944513299528	10.791665	3.285067
17.60467993574556	12.356212	3.5151403
17.622415783253373	13.967139	3.7372637
17.64015205627843	15.281604	3.9091692
17.657888755276293	16.27833	4.0346413
17.675625880702604	16.750446	4.092731
17.69336343301311	16.69678	4.0861692
17.71110141266366	16.014223	4.0017776
17.728839820110178	15.13615	3.8905206
17.746578655808705	14.254863	3.7755613
17.764317920215372	12.969771	3.601357
17.7820576137864	11.543436	3.3975632
17.79979773697811	9.586547	3.096215
17.81753829024692	7.634288	2.7630215
17.835279274049356	5.9372478	2.436647
17.85302068884201	4.928913	2.2201157
17.870762535081607	4.299565	2.0735393
17.888504813224934	4.000551	2.0001378
17.90624752372891	3.7288637	1.9310266
17.923990667050536	3.6120808	1.9005475
17.941734243646895	3.5431435	1.882324
17.959478253975185	3.5540018	1.885206
17.9772226984927	3.504651	1.8720714
17.994967577656833	3.4478135	1.8568289
18.01271289192506	3.4386506	1.8543599
18.030458641754965	3.403958	1.8449819
18.04820482760425	3.3805923	1.8386387
18.06595144993067	3.3241904	1.8232362
18.083698509192125	3.3172104	1.821321
18.101446005846576	3.2653654	1.8070322
18.119193940352105	3.262073	1.806121
18.136942313166887	3.2949498	1.8151996
18.1546911247492	3.3173501	1.8213594
18.1724403755574	3.2751281	1.8097315
18.19019006604997	3.1842456	1.7844454
18.207940196685467	3.126991	1.76833
18.225690767922575	3.0756555	1.7537546
18.243441780220046	3.0545506	1.7477273
18.261193234036764	3.0600715	1.749306
18.278945129831676	3.0996747	1.7605894
18.29669746806386	3.1495628	1.7747008
18.314450249192483	3.1634085	1.7785974
18.3322034736768	3.140509	1.7721481
18.349957141976184	3.095953	1.7595321
18.3677112545501	3.0753736	1.7536743
18.385465811858108	3.0878422	1.7572258
18.403220814359884	3.0924685	1.7585416
18.420976262515172	3.1323195	1.769836
18.43873215678387	3.187546	1.78537
18.456488497625923	3.2265193	1.7962514
18.474245285501407	3.2582927	1.8050741
18.492002520870486	3.291408	1.8142238
18.50976020419343	3.336818	1.8266959
18.527518335930615	3.6544151	1.9116524
18.545276916542516	4.2111864	2.0521176
18.563035946489688	4.4347734	2.1058903
18.580795426232832	4.929109	2.2201598
18.598555356232698	4.85127	2.20256
18.616315736950185	5.2043304	2.2813
18.63407656884626	4.8591375	2.2043452
18.65183785238201	5.0761256	2.2530258
18.669599588018617	4.7690244	2.1838095
18.68736177621737	4.7213607	2.1728692
18.705124417439652	4.711502	2.1705995
18.72288751214696	4.5402994	2.1307979
18.740651060800886	4.7056174	2.1692436
18.758415063863115	4.3745313	2.091538
18.77617952179546	4.5518355	2.1335032
18.793944435059814	4.26415	2.064982
18.811709804118184	4.2909155	2.0714526
18.829475629432675	4.2605352	2.0641065
18.8472419114655	4.0723753	2.0180128
18.86500865067897	4.1701674	2.0420988
18.88277584753551	3.825852	1.9559785
18.90054350249763	3.8639412	1.965691
18.918311616027957	3.5085523	1.873113
18.936080188589226	3.4252021	1.8507302
18.953849220644265	3.131894	1.7697158
18.971618712656007	2.933479	1.7127402
18.9893886650875	2.8641832	1.6923897
19.007159078401887	8.010142	2.8302195
19.024929953062408	32.911736	5.736875
19.042701289532435	32.80599	5.727651
19.060473088275405	25.355097	5.0353847
19.07824534975489	2.6158504	1.617359
19.096018074434568	2.6127946	1.6164141
19.113791262778197	2.610362	1.6156615
19.13156491524966	2.64417	1.6260904
19.149339032312945	2.6222267	1.6193291
19.167113614432136	2.5560496	1.598765
19.184888662071433	2.5170102	1.5865089
19.202664175695123	2.5379782	1.5931033
19.220440155767623	2.5906608	1.609553
19.238216602753447	2.5966353	1.6114079
19.2559935171172	2.5728788	1.6040196
19.27377089932361	2.5182083	1.5868863
19.291548749837514	2.4938817	1.5792029
19.309327069123835	2.49952	1.5809871
19.32710585764763	2.5094867	1.5841359
19.344885115874032	2.5432813	1.5947669
19.362664844268313	2.5713792	1.6035521
19.380445043295822	2.5613592	1.6004246
19.39822571342203	2.5426357	1.5945644
19.41600685511252	2.4928184	1.5788661
19.43378846883297	2.4500756	1.5652717
19.451570555049173	2.4413016	1.5624665
19.469353114227037	2.4715405	1.5721134
19.48713614683254	2.48727	1.5771081
19.50491965333182	2.4965265	1.58004
19.52270363419109	2.513454	1.5853876
19.540488089876686	2.517867	1.5867789
19.55827302085503	2.511152	1.5846615
19.576058427592674	2.533911	1.5918263
19.593844310556282	2.531705	1.5911332
19.611630670212598	2.5483456	1.5963539
19.629417507028506	2.5443606	1.5951052
19.64720482147098	2.5403035	1.593833
19.6649926140071	2.5325572	1.591401
19.682780885104084	2.5207639	1.5876913
19.70056963522921	2.5138638	1.5855169
19.718358864849908	2.5116425	1.5848162
19.7361485744337	2.5415368	1.5942198
19.753938764448215	2.562056	1.6006424
19.771729435361202	2.5664134	1.602003
19.789520587640506	2.5688355	1.6027588
19.807312221754092	2.5298612	1.5905538
19.825104338170043	2.5038986	1.5823712
19.842896937356517	2.505275	1.5828061
19.860690019781824	2.5219145	1.5880537
19.87848358591436	2.585969	1.6080948
19.896277636222635	2.5587838	1.5996199
19.914072171175278	2.517744	1.58674
19.931867191241015	2.4876106	1.577216
19.94966269688869	2.5208132	1.5877069
19.967458688587264	2.5306132	1.5907902
19.985255166805807	2.5175397	1.5866756
20.00305213201348	2.493272	1.5790099
20.020849584679578	2.4569113	1.5674537
20.038647525273507	2.470299	1.5717185
20.05644595426477	2.4706037	1.5718154
20.07424487212299	2.5066996	1.583256
20.092044279317903	2.469726	1.5715362
20.109844176319353	2.4184983	1.5551522
20.127644563597304	2.3871274	1.5450331
20.145445441621817	2.399966	1.5491824
20.16324681086307	2.4148328	1.5539732
20.181048671791373	2.406129	1.5511701
20.198851024877122	2.379485	1.542558
20.216653870590836	2.3754907	1.5412626
20.234457209403146	2.4059691	1.5511187
20.252261041784802	2.3960955	1.5479326
20.270065368206662	2.3633144	1.5373075
20.287870189139685	2.3541758	1.5343324
20.305675505054968	2.371936	1.5401092
20.323481316423702	2.4048371	1.5507537
20.341287623717207	2.4130464	1.5533984
20.359094427406884	2.405017	1.5508116
20.376901727964288	2.3594503	1.5360502
20.39470952586107	2.350879	1.5332576
20.41251782156899	2.3316398	1.5269707
20.430326615559935	2.344857	1.5312926
20.448135908305886	2.3483396	1.5324293
20.465945700278965	2.3968503	1.5481764
20.483755991951384	2.4068046	1.5513879
20.50156678379548	2.4025407	1.5500131
20.519378076283708	2.3539312	1.5342526
20.537189869888635	2.356506	1.5350915
20.55500216508294	2.386051	1.5446848
20.572814962339415	2.386608	1.544865
20.59062826213098	2.3532484	1.5340301
20.60844206493066	2.3288064	1.5260427
20.626256371211593	2.3541849	1.5343354
20.644071181447032	2.369088	1.5391842
20.66188649611036	2.3712666	1.5398917
20.67970231567506	2.3375466	1.5289037
20.697518640614742	2.3054745	1.5183789
20.715335471403122	2.3014398	1.5170497
20.73315280851404	2.3047557	1.5181422
20.750970652421447	2.3398626	1.5296609
20.768789003599412	2.3366125	1.5285982
20.786607862522136	2.3518085	1.5335608
20.8044272296639	2.3532557	1.5340325
20.82224710549913	2.3322883	1.527183
20.84006749050237	2.299941	1.5165557
20.857888385148268	3.8607423	1.9648771
20.8757097899116	45.958736	6.7792873
20.893531705267254	64.823715	8.051317
20.911354131690224	83.852715	9.157113
20.92917706965566	69.118614	8.313761
20.94700051963877	50.17831	7.083665
20.96482448211493	29.422863	5.4242845
20.982648957559622	4.1412497	2.035006
21.00047394644843	2.2640827	1.504687
21.01829944925707	2.2737136	1.5078838
21.036125466461375	2.2773342	1.5090839
21.053951998537297	2.2600741	1.5033543
21.071779045960906	2.2563195	1.502105
21.089606609208378	2.2776546	1.5091901
21.10743468875603	2.2706504	1.5068678
21.12526328508028	2.2409155	1.4969687
21.143092398657675	2.2251935	1.4917083
21.16092202996488	2.2541468	1.5013816
21.17875217947867	2.2791967	1.5097009
21.19658284767596	2.2298052	1.4932532
21.21441403503377	2.2036433	1.4844674
21.232245742029225	2.212448	1.48743
21.2500779691396	2.213459	1.4877698
21.26791071684227	2.2061608	1.4853151
21.28574398561475	2.179267	1.4762341
21.30357777593465	2.1466513	1.4651455
21.321412088279704	2.102992	1.4501697
21.339246923127792	2.1251755	1.4577981
21.357082280956888	2.186921	1.4788241
21.3749181622451	2.213876	1.4879099
21.392754567470647	2.1859965	1.4785116
21.41059149711187	2.156757	1.4685901
21.42842895164726	2.1480424	1.4656202
21.446266931555378	2.1418056	1.463491
21.464105437314945	2.125822	1.45802
21.481944469404798	2.1210785	1.4563923
21.49978402830388	2.1390646	1.4625541
21.51762411449127	2.1639163	1.4710256
21.53546472844617	2.1845226	1.478013
21.553305870647876	2.1407826	1.4631413
21.571147541575865	2.097815	1.4483836
21.58898974170967	2.071977	1.4394363
21.60683247152899	2.079015	1.441879
21.62467573151363	2.0515854	1.4323356
21.642519522143523	2.0723138	1.4395534
21.660363843898722	2.121073	1.4563904
21.6782086972594	2.118232	1.4554148
21.696054082705864	2.0633755	1.4364455
21.713900000718535	2.055592	1.4337336
21.73174645177795	2.072496	1.4396166
21.749593436364794	2.0639536	1.4366467
21.767440954959845	2.0615325	1.4358038
21.785289008044032	2.0602994	1.4353743
21.803137596098388	2.01711	1.42025
21.820986719604086	2.024105	1.4227104
21.838836379042412	2.045659	1.4302654
21.85668657489478	2.0534868	1.4329993
21.87453730764273	2.0688555	1.4383516
21.892388577767914	2.0737581	1.4400549
21.91024038575213	2.0430667	1.4293588
21.928092732077285	2.0299287	1.4247557
21.945945617225426	1.9929173	1.4117073
21.963799041678694	1.9934144	1.4118832
21.981653005919398	31.300362	5.5946727
21.999507510429943	78.08955	8.836829
22.01736255569286	73.055115	8.547229
22.035218142190818	4.1490097	2.0369117
22.05307427040661	1.971375	1.4040567
22.07093094082315	1.9639763	1.4014194
22.088788153923474	1.9608054	1.4002876
22.106645910190746	1.9840561	1.4085653
22.12450421010827	1.9651906	1.4018526
22.142363054159464	1.9439402	1.3942525
22.16022244282787	1.9508314	1.3967217
22.178082376597164	1.9721599	1.4043361
22.195942855951145	2.0318856	1.4254422
22.213803881373742	2.0511985	1.4322006
22.231665453349002	2.0596423	1.4351454
22.24952757236111	2.0095468	1.4175848
22.26739023889438	1.9816173	1.4076993
22.28525345343323	1.9912289	1.4111091
22.30311721646225	2.0003476	1.4143364
22.320981528466113	1.9987254	1.4137628
22.33884638992964	1.9732066	1.4047087
22.356711801337788	1.9761564	1.4057583
22.37457776317561	1.9888631	1.4102706
22.392444275928337	1.9921002	1.4114178
22.410311340081282	1.9928825	1.4116949
22.428178956119904	1.9997944	1.4141408
22.446047124529805	1.9977639	1.4134227
22.46391584579669	1.9989302	1.4138353
22.481785120406414	2.016397	1.4199989
22.49965494884496	2.0476432	1.4309589
22.51752533159841	2.0339515	1.4261668
22.53539626915302	2.0092525	1.4174811
22.553267761995137	1.9635477	1.4012665
22.571139810611264	1.9494579	1.3962299
22.589012415488025	1.9029258	1.3794658
22.60688557711216	1.8837444	1.3724957
22.624759295970566	1.9139497	1.3834558
22.642633572550263	1.9962779	1.412897
22.660508407338362	2.058813	1.4348564
22.67838380082217	2.055115	1.4335672
22.696259753489077	2.0262659	1.4234697
22.714136265826614	1.9921199	1.4114248
22.73201333832246	1.974085	1.4050213
22.74989097146439	1.9356092	1.3912617
22.76776916574035	1.9137727	1.3833917
22.785647921638393	1.921938	1.3863398
22.803527239646712	1.9353094	1.3911539
22.82140712025363	1.9291664	1.3889444
22.839287563947593	1.9301146	1.3892857
22.85716857121719	1.9311808	1.3896693
22.875050142551135	1.9134426	1.3832724
22.892932278438277	1.8975157	1.3775034
22.910814979367604	1.916842	1.3845006
22.928698245828222	1.9356389	1.3912724
22.946582078309387	1.9278482	1.3884697
22.96446647730047	1.9394813	1.3926526
22.98235144329098	1.9350897	1.391075
23.000236976770562	1.9248252	1.3873807
23.018123078229	1.8885531	1.3742464
23.03600974815619	1.9186286	1.3851457
23.053896987042194	1.9300237	1.3892529
23.071784795377173	1.9305155	1.3894299
23.08967317365145	1.9568046	1.3988583
23.10756212235546	1.961076	1.4003842
23.125451641979787	1.9561446	1.3986224
23.143341733015134	1.9155662	1.3840398
23.161232395952357	1.9044938	1.380034
23.179123631282426	1.9384443	1.3922802
23.197015439496468	1.9917263	1.4112853
23.214907821085717	2.0217857	1.4218951
23.23280077654157	2.025816	1.4233116
23.250694306355538	1.9725282	1.4044672
23.268588411019277	1.9436518	1.3941492
23.28648309102458	1.9217278	1.386264
23.304378346863356	1.9003065	1.3785161
23.322274179027676	1.9420968	1.3935913
23.340170588009723	1.973761	1.404906
23.358067574301852	1.9828286	1.4081295
23.37596513839651	1.9715974	1.4041358
23.39386328078629	1.9622731	1.4008116
23.411762001963947	1.9374479	1.3919224
23.429661302422353	1.9224154	1.3865119
23.4475611826545	1.9114243	1.3825427
23.46546164315356	1.8970308	1.3773274
23.48336268441279	1.8960289	1.3769636
23.501264306925638	1.913204	1.3831861
23.51916651118564	1.9310514	1.3896227
23.537069297686497	1.9430146	1.3939205
23.554972666922037	1.9527774	1.3974181
23.57287661938623	1.9716564	1.4041568
23.59078115557318	1.9921314	1.4114288
23.608686275977128	1.971888	1.4042393
23.62659198109246	1.945442	1.394791
23.6444982714137	1.9405608	1.3930402
23.66240514743549	1.9576342	1.3991548
23.68031260965263	1.9573301	1.3990462
23.698220658560068	1.9540951	1.3978895
23.716129294652845	1.9586728	1.3995259
23.7340385184262	1.9699857	1.4035618
23.75194833037546	1.9514381	1.3969388
23.769858730996123	1.9287658	1.3888001
23.78776972078382	1.9374988	1.3919407
23.80568130023431	1.9340706	1.3907087
23.823593469843495	1.9247708	1.387361
23.841506230107424	1.8852506	1.3730443
23.859419581522275	1.8877121	1.3739403
23.87733352458438	1.9016893	1.3790175
23.89524805979019	1.9011558	1.3788241
23.913163187636318	1.9097841	1.3819494
23.931078908619508	1.9652146	1.4018611
23.948995223236633	1.9903556	1.4107996
23.966912131984735	1.9724034	1.4044228
23.98482963536096	2.0015273	1.4147534
24.002747733862616	1.9924157	1.4115295
24.020666427987155	2.013468	1.4189672
24.038585718232156	2.0567012	1.4341203
24.056505605095353	2.0852203	1.4440292
24.074426089074617	2.1012392	1.4495652
24.092347170667946	2.1207805	1.45629
24.110268850373515	2.0916338	1.4462482
24.128191128689586	2.0324907	1.4256545
24.146114006114626	1.9760848	1.4057329
24.164037483147187	2.0162132	1.4199343
24.181961560286005	2.0996475	1.4490161
24.199886238029926	2.1188974	1.4556433
24.21781151687797	2.1433048	1.464003
24.235737397329274	2.1134276	1.4537632
24.253663879883135	2.0799325	1.4421971
24.271590965038975	2.0425742	1.4291866
24.289518653296376	2.023167	1.4223807
24.30744694515505	2.0010207	1.4145744
24.32537584111486	2.0130305	1.4188131
24.34330534167581	2.045441	1.4301891
24.361235447338046	2.052029	1.4324905
24.379166158601876	2.026876	1.423684
24.39709747596772	2.0582297	1.4346532
24.41502939993615	2.0649178	1.4369822
24.432961931007917	2.0503724	1.4319122
24.450895069683856	2.01561	1.4197218
24.468828816465	2.008391	1.4171771
24.4867631718525	2.0009942	1.414565
24.504698136347656	1.9915553	1.4112247
24.52263371045192	1.9993504	1.413984
24.540569894666874	2.0039413	1.4156064
24.558506689494266	2.0083675	1.4171689
24.57644409543597	1.9975107	1.4133332
24.594382112994012	1.9904877	1.4108465
24.61232074267057	2.0078878	1.4169996
24.630259984967953	2.0149024	1.4194726
24.64819984038863	1.9866098	1.4094715
24.66614030943522	1.9731002	1.4046708
24.684081392610462	1.9553635	1.3983431
24.702023090417274	1.9702138	1.403643
24.7199654033587	1.9485276	1.3958967
24.737908331937927	1.9453937	1.3947737
24.755851876658305	2.012026	1.418459
24.773796038023324	2.0541523	1.4332314
24.79174081653661	2.041897	1.4289496
24.809686212701962	2.0561492	1.4339279
24.827632227023294	2.0567393	1.4341336
24.8455788600047	2.0792468	1.4419594
24.8635261121504	2.1137688	1.4538805
24.88147398396475	2.0811334	1.4426134
24.899422475952303	2.0889494	1.4453199
24.917371588617698	2.0867212	1.4445487
24.935321322465768	2.153887	1.4676127
24.953271678001478	2.2747762	1.5082362
24.97122265572994	2.4773662	1.5739651
24.989174256156414	2.7704434	1.664465
25.00712647978632	3.1819131	1.7837918
25.02507932712521	3.7166889	1.9278716
25.043032798678798	4.2010727	2.0496519
25.060986894952933	4.7987204	2.1905982
25.078941616453637	5.5422087	2.3541896
25.096896963687055	6.564934	2.5622127
25.114852937159508	7.7417965	2.7824085
25.132809537377444	8.223245	2.86762
25.150766764847468	8.2406845	2.8706594
25.168724620076347	7.778006	2.7889078
25.186683103570985	6.8109055	2.6097713
25.204642215838426	5.697643	2.3869736
25.222601957385894	4.367906	2.0899537
25.24056232872074	3.3306167	1.8249978
25.25852333035048	2.684069	1.6383128
25.276484962782778	2.257675	1.5025561
25.294447226525435	2.0256033	1.423237
25.312410122086423	1.9539872	1.397851
25.330373649973843	1.8964573	1.3771192
25.348337810695988	1.8569236	1.3626899
25.366302604761245	1.8775697	1.3702444
25.384268032678207	1.9277061	1.3884186
25.40223409495558	1.9742584	1.4050831
25.420200792102257	1.9735168	1.4048191
25.438168124627246	1.9087646	1.3815805
25.45613609303974	1.9081433	1.3813556
25.474104697849057	1.9275608	1.3883662
25.492073939564698	1.8687252	1.3670132
25.510043818696285	1.8583537	1.3632145
25.528014335753614	1.9018768	1.3790855
25.54598549124664	1.9174255	1.3847114
25.56395728568544	1.8681633	1.3668077
25.58192971958028	1.8378043	1.3556564
25.59990279344156	1.8038627	1.3430796
25.617876507779833	1.7790018	1.3337923
25.635850863105826	1.8070452	1.3442638
25.653825859930386	1.8985275	1.3778707
25.671801498764548	1.9528672	1.3974502
25.68977778011949	1.9349116	1.391011
25.707754704506524	1.9073794	1.3810791
25.725732272437153	1.8897543	1.3746834
25.743710484423012	1.8907543	1.3750471
25.761689340975888	1.8979907	1.3776759
25.77966884260774	1.8776078	1.3702583
25.797648989830662	1.8348976	1.354584
25.815629783156922	1.8179947	1.3483304
25.83361122309895	1.832204	1.3535893
25.85159331016929	1.8604393	1.3639792
25.869576044880695	1.8428597	1.3575197
25.887559427746034	1.8204448	1.3492386
25.90554345927836	1.8186291	1.3485656
25.92352813999086	1.8048987	1.3434652
25.94151347039689	1.8318468	1.3534573
25.959499451009965	1.8244517	1.3507227
25.97748608234374	1.8204647	1.349246
25.995473364912062	1.813658	1.3467212
26.013461299228904	1.8269091	1.351632
26.03144988580839	1.8525617	1.3610884
26.04943912516483	1.8783468	1.370528
26.067429017812675	1.8810017	1.3714962
26.085419564266537	1.8537138	1.3615116
26.103410765041186	1.8581586	1.363143
26.12140262065155	1.8550811	1.3620136
26.139395131612723	1.8339376	1.3542296
26.157388298439948	1.8396732	1.3563455
26.17538212164861	1.831587	1.3533614
26.193376601754295	1.863707	1.3651766
26.211371739272714	1.8336718	1.3541313
26.229367534719746	1.8097495	1.3452693
26.247363988611433	1.7941775	1.3394691
26.26536110146397	1.8023047	1.3424995
26.283358873793727	1.802788	1.3426794
26.301357306117204	1.8045018	1.3433175
26.319356398951104	1.8375404	1.3555591
26.33735615281224	1.8553619	1.3621167
26.35535656821762	1.8142073	1.3469251
26.373357645684404	1.798569	1.3411074
26.39135938572991	1.8133163	1.3465943
26.409361788871614	1.8269634	1.3516521
26.427364855627165	1.8140543	1.3468683
26.445368586514352	1.8083383	1.3447447
26.46337298205115	1.7998235	1.341575
26.48137804275568	1.8292247	1.3524883
26.499383769146217	1.8277864	1.3519565
26.517390161741215	1.8357106	1.354884
26.53539722105928	1.8276414	1.3519028
26.553404947619182	1.8212913	1.3495523
26.571413341939856	1.8209078	1.3494102
26.589422404540397	1.8009486	1.3419943
26.60743213594006	1.8267266	1.3515645
26.62544253665827	1.86338	1.3650568
26.64345360721459	1.8636576	1.3651584
26.66146534812879	1.8218942	1.3497756
26.679477759920758	1.78144	1.334706
26.69749084311057	1.7850657	1.3360635
26.71550459821847	1.8366	1.3552121
26.733519025764842	1.827155	1.351723
26.751534126270258	1.7993506	1.3413987
26.769549900255434	1.7976383	1.3407604
26.787566348241267	1.8029431	1.3427372
26.80558347074881	1.7647574	1.3284417
26.823601268299267	1.7771889	1.3331125
26.841619741414036	1.8496498	1.3600183
26.85963889061465	1.8822045	1.3719347
26.877658716422832	1.8752861	1.3694109
26.89567921936045	1.8429528	1.357554
26.913700399949544	1.8027781	1.3426757
26.93172225871233	1.750245	1.3229682
26.949744796171174	1.7324834	1.3162384
26.967768012848605	1.7516581	1.3235022
26.98579190926733	1.767572	1.3295007
27.003816485950225	1.7769058	1.3330063
27.021841743420318	1.7784488	1.3335849
27.039867682200814	1.7988124	1.3411981
27.057894302815072	1.8205144	1.3492644
27.07592160578664	1.847678	1.3592932
27.0939495916392	1.8758	1.3695985
27.111978260896635	1.8881874	1.3741133
27.13000761408296	1.8442203	1.3580207
27.148037651722397	1.8435429	1.3577713
27.166068374339304	1.8614919	1.364365
27.184099782458215	1.8584708	1.3632574
27.20213187660384	1.8096541	1.3452338
27.22016465730105	1.8208277	1.3493805
27.23819812507487	1.8376089	1.3555844
27.256232280450533	1.8475939	1.3592622
27.274267123953383	1.8465544	1.3588798
27.292302656108987	1.8550403	1.3619987
27.31033887744306	1.8287591	1.3523161
27.32837578848146	1.8810365	1.3715088
27.34641338975026	1.912091	1.3827838
27.364451681775673	1.9062544	1.3806717
27.382490665084074	1.8480502	1.3594301
27.400530340202046	1.7720988	1.331202
27.41857070765629	1.7970439	1.3405386
27.436611767973726	1.8747123	1.3692013
27.454653521681404	1.9301764	1.3893079
27.472695969306564	1.8815342	1.3716903
27.490739111376627	1.8179849	1.3483267
27.508782948419153	1.8156987	1.3474786
27.526827480961902	1.8213943	1.3495904
27.54487270953279	1.7906649	1.3381573
27.562918634659898	1.8058245	1.3438097
27.580965256871508	1.8556519	1.3622231
27.599012576696026	1.8726771	1.3684579
27.617060594662068	1.8451564	1.3583653
27.63510931129842	1.8467848	1.3589646
27.65315872713401	1.8668567	1.3663297
27.67120884269797	1.8957958	1.376879
27.68925965851958	1.8861259	1.373363
27.707311175128307	1.867618	1.3666081
27.725363393053787	1.8908994	1.3750998
27.74341631282583	1.8855501	1.3731533
27.7614699349744	1.8427896	1.3574939
27.77952426002968	2.0422554	1.429075
27.797579288521973	2.1420538	1.4635757
27.815635020981784	2.6386876	1.6244037
27.83369145793979	2.7564974	1.6602703
27.85174859992682	2.5548239	1.5983816
27.869806447473923	2.3814054	1.5431802
27.887865001112267	2.0796077	1.4420846
27.905924261373233	1.9380631	1.3921434
27.92398422878836	1.8514756	1.3606894
27.94204490388936	1.8407676	1.3567489
27.96010628720813	1.845494	1.3584896
27.978168379276728	1.8159733	1.3475806
27.9962311806274	1.8042406	1.3432202
28.014294691792568	1.8408546	1.356781
28.0323589133048	1.8310946	1.3531795
28.050423845696887	1.8239937	1.3505532
28.068489489501758	1.8739876	1.3689367
28.086555845252523	1.9133341	1.3832332
28.104622913482487	1.9341546	1.3907388
28.122690694725115	1.8858297	1.3732551
28.14075918951405	1.8481789	1.3594774
28.15882839838312	1.8676573	1.3666226
28.176898321866304	1.8936043	1.3760829
28.1949689604978	1.8805187	1.37132
28.213040314811945	1.8579811	1.3630778
28.23111238534327	1.8352199	1.3547028
28.249185172626493	1.8768135	1.3699684
28.267258677196473	1.8910342	1.3751488
28.285332899588294	1.8886583	1.3742846
28.303407840337172	1.9036788	1.3797387
28.321483499978545	1.9521295	1.3971863
28.33955987904799	2.0078907	1.4170007
28.357636978081285	2.0247505	1.4229373
28.37571479761439	1.9429795	1.393908
28.393793338183425	1.9361079	1.391441
28.41187260032469	1.9836953	1.4084371
28.429952584574686	2.0084023	1.4171811
28.448033291470065	1.9858012	1.4091846
28.46611472154769	1.9626788	1.4009564
28.484196875344566	1.9677052	1.4027492
28.502279753397914	1.982626	1.4080576
28.52036335624511	1.9656428	1.4020139
28.538447684423716	2.0249257	1.4229988
28.556532738471482	2.0515401	1.4323199
28.574618518926325	2.0595243	1.4351043
28.59270502632635	2.043558	1.4295306
28.61079226120985	2.0413969	1.4287746
28.628880224115274	2.045216	1.4301106
28.646968915581287	2.0025713	1.4151224
28.66505833614671	1.9854755	1.4090691
28.68314848635055	1.9953817	1.4125798
28.701239366732004	2.0561237	1.433919
28.71933097783044	2.1141696	1.4540185
28.737423320185403	2.1067812	1.4514755
28.75551639433665	2.0880644	1.4450136
28.773610200824074	2.052832	1.4327707
28.791704740187793	2.1091685	1.4522977
28.80980001296809	2.1885676	1.4793808
28.827896019705413	2.2074795	1.4857589
28.845992760940433	2.1575804	1.4688704
28.86409023721397	2.186303	1.4786152
28.88218844906704	2.1842167	1.4779096
28.900287397040845	2.1867473	1.4787655
28.918387081676755	2.1501994	1.4663558
28.936487503516343	2.2247467	1.4915584
28.954588663101365	2.3208842	1.5234449
28.97269056097374	2.3114464	1.5203441
28.990793197675597	2.323803	1.5244025
29.00889657374923	2.3030717	1.5175874
29.027000689737125	2.2912767	1.5136963
29.04510554618196	2.3123088	1.5206277
29.06321114362659	2.4094403	1.5522372
29.08131748261405	2.484673	1.5762845
29.099424563687567	2.5541916	1.5981839
29.11753238739057	2.5627918	1.6008722
29.13564095426663	2.5945084	1.6107478
29.15375026485954	2.6202996	1.618734
29.171860319713275	2.6128998	1.6164466
29.18997111937199	2.6226864	1.6194711
29.20808266438002	2.6888123	1.6397598
29.226194955281898	2.807746	1.675633
29.244307992622335	2.8828003	1.6978811
29.26242177694624	2.8674986	1.693369
29.2805363087987	2.866275	1.6930077
29.29865158872498	2.9268482	1.7108034
29.316767617270557	2.964349	1.7217284
29.334884394981064	3.0296016	1.7405751
29.353001922402367	3.0580726	1.7487346
29.37112020008047	3.0771313	1.7541754
29.389239228561596	3.1761563	1.7821774
29.407359008392152	3.4136355	1.8476026
29.42547954011872	3.7923841	1.9474045
29.44360082428809	4.3893757	2.0950837
29.46172286144722	5.3705645	2.317448
29.479845652143283	6.8968725	2.6261897
29.497969196923606	8.915786	2.9859314
29.516093496335728	11.215802	3.3490002
29.5342185509274	13.855479	3.7222948
29.55234436124651	16.11833	4.014764
29.570470927841175	17.501429	4.1834707
29.588598251259686	17.125372	4.1382813
29.60672633205055	15.829281	3.978603
29.624855170762405	13.8431	3.7206316
29.642984767944146	11.330072	3.3660173
29.66111512414481	8.687174	2.9474013
29.67924623991366	6.4303894	2.5358212
29.697378115800138	4.944752	2.2236798
29.71551075235387	4.1390057	2.0344546
29.733644150124675	3.7900403	1.9468026
29.751778309662576	3.5557334	1.8856653
29.769913231517766	3.4780202	1.864945
29.78804891624066	3.427364	1.8513142
29.806185364381818	3.4018688	1.8444155
29.82432257649206	3.4138117	1.8476503
29.842460553122333	3.3375041	1.8268837
29.86059929482382	3.2583323	1.8050851
29.878738802147872	3.2510016	1.8030534
29.896879075646048	3.2124856	1.7923408
29.915020115870114	3.2749186	1.8096735
29.933161923371976	3.3741782	1.8368937
29.951304498703777	3.3769324	1.8376431
29.969447842417857	3.2766159	1.8101425
29.987591955066733	3.2223463	1.7950895
30.005736837203123	3.177032	1.782423
30.023882489379943	3.1493058	1.7746284
30.04202891215028	3.168427	1.7800076
30.060176106067455	3.158583	1.7772403
30.078324071684946	3.221498	1.7948532
30.09647280955646	3.2377737	1.7993815
30.114622320235863	3.238867	1.7996852
30.132772604277257	3.226315	1.7961946
30.1509236622349	3.1896412	1.7859566
30.16907549466328	3.1681237	1.7799224
30.18722810211705	3.0940917	1.759003
30.205381485151097	3.0926912	1.7586049
30.22353564432045	3.076374	1.7539595
30.241690580180403	3.021725	1.7383109
30.25984629328638	3.026718	1.7397465
30.278002784194037	3.0843983	1.7562455
30.296160053459246	3.0406988	1.74376
30.314318101638033	2.9748967	1.7247889
30.332476929286646	2.9713683	1.7237657
30.35063653696153	2.967154	1.7225429
30.368796925219307	2.9458132	1.7163371
30.386958094616844	2.9043343	1.7042108
30.40512004571115	2.8281019	1.6816962
30.423282779059463	2.89332	1.7009763
30.441446295219233	2.933683	1.7127998
30.459610594748067	2.8860958	1.6988513
30.47777567820382	2.8547285	1.6895941
30.495941546144504	2.8987072	1.702559
30.51410819912835	2.8918588	1.7005466
30.532275637713795	2.828429	1.6817933
30.55044386245946	2.8222282	1.6799488
30.56861287392416	2.839719	1.6851466
30.586782672666956	2.9111347	1.7062048
30.604953259247047	2.91218	1.706511
30.623124634223885	2.808722	1.6759242
30.641296798157075	2.7294257	1.6520973
30.659469751606462	2.7578664	1.6606826
30.677643495132074	2.7501142	1.6583468
30.695818029294152	2.6932907	1.6411248
30.713993354653116	2.6997788	1.6431004
30.73216947176962	2.747512	1.6575621
30.75034638120448	2.6763985	1.6359702
30.768524083518756	2.6680064	1.6334033
30.786702579273673	2.68366	1.638188
30.80488186903069	2.7572806	1.6605061
30.82306195335144	2.8995721	1.702813
30.841242832797782	3.135017	1.7705979
30.85942450793176	3.3818169	1.8389717
30.877606979315637	3.711966	1.9266464
30.895790247511883	4.078633	2.0195625
30.913974313083134	4.510709	2.123843
30.932159176592283	4.8611264	2.2047963
30.95034483860237	4.784265	2.1872964
30.968531299676698	4.532365	2.128935
30.98671856037873	4.3030295	2.0743744
31.00490662127215	3.9601974	1.9900244
31.023095482920848	3.473075	1.8636187
31.04128514588892	3.0366218	1.7425905
31.059475610740662	2.7203825	1.6493582
31.07766687804056	2.561148	1.6003587
31.09585894835335	2.4409535	1.5623552
31.11405182224393	2.4428957	1.5629765
31.132245500277417	2.4722216	1.57233
31.15043998301914	2.4327512	1.5597279
31.168635271034628	2.3475778	1.5321808
31.18683136488964	2.3227968	1.5240724
31.20502826515008	2.3539937	1.534273
31.223225972382135	2.3573263	1.5353587
31.241424487152155	2.3867679	1.5449167
31.259623810026692	2.4213324	1.556063
31.27782394157253	2.4394596	1.5618769
31.296024882356644	2.437624	1.5612892
31.314226632946237	2.4359784	1.5607622
31.332429193908684	2.3676457	1.5387156
31.350632565811598	2.391893	1.5465746
31.368836749222787	2.4363294	1.5608746
31.387041744710295	2.502893	1.5820534
31.40524755284232	2.5018802	1.5817332
31.423454174187317	2.5573454	1.5991702
31.441661609313922	2.5054657	1.5828663
31.459869858791002	2.4976563	1.5803975
31.478078923187628	2.458037	1.5678128
31.496288803073064	2.3448093	1.5312771
31.514499499016807	2.33758	1.5289147
31.532711011588546	2.365827	1.5381246
31.550923341358178	2.3271961	1.5255151
31.56913648889584	2.3810437	1.543063
31.587350454771844	2.4835212	1.5759192
31.605565239556732	2.4975352	1.5803592
31.62378084382127	2.4094996	1.5522563
31.641997268136382	2.3816328	1.543254
31.660214513073274	2.3396053	1.5295769
31.67843257920331	2.3071554	1.5189323
31.6966514670981	2.297163	1.5156394
31.71487117732944	2.2699945	1.5066501
31.733091710469346	2.27801	1.5093077
31.751313067090052	2.2607045	1.5035639
31.769535247764008	2.2575388	1.5025108
31.787758253063878	2.2462475	1.4987487
31.805982083562526	2.1939182	1.481188
31.824206739833024	2.2320147	1.4939928
31.84243222244869	2.3155074	1.5216792
31.860658531983013	2.385223	1.5444167
31.878885669009737	2.3851197	1.5443833
31.897113634102784	2.393107	1.546967
31.91534242783632	2.365685	1.5380783
31.933572050784694	2.2879038	1.5125818
31.951802503522508	2.252428	1.5008092
31.970033786624548	2.241431	1.4971409
31.988265900665834	2.1614885	1.4702002
32.006498846221575	2.1530044	1.467312
32.02473262386724	2.1685412	1.4725968
32.04296723417845	2.201421	1.4837186
32.0612026777311	2.1603749	1.4698213
32.07943895510129	2.1152499	1.4543898
32.097676066865304	2.115146	1.4543542
32.115914013599685	2.1637094	1.4709553
32.13415279588115	2.130142	1.4595006
32.152392414286666	2.1138864	1.4539211
32.1706328693934	2.1181498	1.4553865
32.18887416177875	2.1201327	1.4560676
32.20711629202032	2.1924815	1.480703
32.225359260695924	2.2218106	1.4905739
32.243603068383614	2.1943443	1.481332
32.26184771566166	2.1509376	1.4666075
32.28009320310852	2.0966375	1.4479771
32.2983395313029	2.093753	1.4469807
32.31658670082372	2.1638167	1.4709917
32.33483471225012	2.1991634	1.4829577
32.35308356616143	2.1291814	1.4591714
32.371333263137245	2.1558053	1.4682661
32.38958380375734	2.1725612	1.473961
32.407835188601744	2.1553836	1.4681225
32.42608741825067	2.1426265	1.4637713
32.444340493284585	2.1558328	1.4682754
32.46259441428416	2.1498618	1.4662408
32.48084918183028	2.2235973	1.4911731
32.49910479650405	2.2092001	1.4863378
32.51736125888683	2.0788734	1.4418299
32.53561856956014	2.061526	1.4358015
32.5538767291058	2.1291437	1.4591585
32.572135738105764	2.142837	1.4638432
32.59039559714228	2.0737176	1.4400408
32.608656306797776	2.0603304	1.4353851
32.62691786765491	2.06258	1.4361686
32.645180280296586	2.0614645	1.4357802
32.663443545305896	1.9730486	1.4046525
32.68170766326619	1.9411727	1.3932598
32.69997263476099	1.960264	1.4000943
32.7182384603741	2.0359526	1.4268681
32.7365051406895	2.1201663	1.4560791
32.75477267629144	2.100326	1.4492502
32.77304106776434	2.0476253	1.4309525
32.79131031569289	1.9547436	1.3981215
32.809580420661966	1.9788264	1.4067076
32.827851383256714	2.0388024	1.4278663
32.84612320406245	2.03483	1.4264747
32.86439588366476	1.9776855	1.4063021
32.88266942264945	1.9378953	1.392083
32.9009438216025	1.8816034	1.3717154
32.9192190811102	1.904207	1.37993
32.937495201758985	1.9737517	1.4049027
32.95577218413556	2.0304236	1.4249294
32.974050028826866	2.07741	1.4413223
32.992328736420035	2.0335758	1.4260349
33.010608307502444	2.0326958	1.4257264
33.02888874266169	1.9470786	1.3953776
33.047170042485604	1.903584	1.3797044
33.06545220756225	1.9780775	1.4064415
33.083735238479896	1.9690115	1.4032147
33.10201913582707	2.0243347	1.4227911
33.12030390019248	2.0829	1.4432256
33.138589532165135	2.1270847	1.4584528
33.15687603233419	2.0703545	1.4388727
33.17516340128909	2.059367	1.4350494
33.19345163961947	2.0313241	1.4252453
33.211740747915215	2.0012145	1.4146429
33.23003072676643	1.9872497	1.4096985
33.248321576763466	1.9823878	1.4079729
33.266613298496885	2.024077	1.4227005
33.28490589255747	2.0295858	1.4246353
33.30319935953626	1.9628085	1.4010026
33.32149370002451	1.9410212	1.3932054
33.339788914613706	1.9576321	1.3991541
33.358085003895575	2.0117066	1.4183464
33.376381968462034	2.0455303	1.4302204
33.39467980890529	2.0031796	1.4153372
33.41297852581774	1.944151	1.3943281
33.43127811979204	1.8890369	1.3744224
33.44957859142105	1.9284555	1.3886884
33.467879941297866	1.9832741	1.4082876
33.486182170015844	1.9416667	1.393437
33.50448527816853	1.877906	1.370367
33.522789266349754	1.9452646	1.3947275
33.541094135153514	1.9559637	1.3985578
33.55939988517411	1.8639147	1.3652526
33.57770651700602	1.8897547	1.3746835
33.59601403124398	1.997046	1.4131688
33.61432242848296	2.017522	1.420395
33.632631709318154	2.049389	1.4315686
33.650941874344994	1.9450102	1.3946363
33.66925292415916	1.8568988	1.3626808
33.68756485935654	1.8858949	1.3732789
33.70587768053328	1.9059306	1.3805544
33.724191388285746	1.969725	1.403469
33.74250598321054	2.0234158	1.4224682
33.760821465904506	2.0489674	1.4314214
33.77913783696474	1.9382738	1.3922191
33.79745509698852	1.8213965	1.3495913
33.815773246573414	1.8249103	1.3508924
33.8340922863172	1.8143893	1.3469927
33.852412216817896	1.7069219	1.3064922
33.87073303867377	1.7245567	1.3132237
33.889054752483304	1.8844459	1.3727512
33.907377358845245	1.9668887	1.4024581
33.92570085835853	1.881207	1.371571
33.94402525162239	1.8742981	1.36905
33.96235053923627	1.9833878	1.408328
33.980676721799824	1.9320747	1.3899909
33.999003799912984	1.939618	1.3927017
34.01733177417592	1.920507	1.3858236
34.03566064518901	1.8615396	1.3643825
34.0539904135529	1.8452891	1.3584142
34.07232107986846	1.9531174	1.3975397
34.090652644736785	2.0792177	1.4419492
34.108985108759235	1.9977576	1.4134206
34.12731847253742	1.9835202	1.408375
34.14565273667313	2.0045102	1.4158072
34.16398790176847	1.9911383	1.411077
34.18232396842574	1.9767911	1.405984
34.20066093724749	1.9900069	1.410676
34.21899880883651	1.9300414	1.3892593
34.23733758379583	1.8308986	1.353107
34.25567726272874	1.7387711	1.3186247
34.27401784623872	1.8144985	1.3470333
34.29235933492957	1.8663421	1.3661413
34.31070172940526	1.8628316	1.3648559
34.32904503027003	1.7991072	1.341308
34.347389238128386	1.8678157	1.3666805
34.36573435358502	1.9994475	1.4140182
34.38408037724492	2.0353696	1.4266638
34.402427309713296	2.1064699	1.4513683
34.42077515159559	2.1691728	1.4728112
34.43912390349752	2.0471094	1.4307723
34.45747356602499	1.9116809	1.3826355
34.47582413978423	1.8993361	1.378164
34.49417562538163	2.0205936	1.4214759
34.51252802342388	2.0647902	1.4369378
34.53088133451789	2.045677	1.4302716
34.54923555927084	2.1340313	1.4608324
34.567590698290104	2.1597927	1.4696233
34.58594675218336	1.9620064	1.4007164
34.6043037215585	1.8556828	1.3622345
34.62266160702365	1.9649005	1.4017491
34.641020409187234	2.1198387	1.4559666
34.65938012865785	1.9980968	1.4135405
34.677740766044394	1.9874233	1.40976
34.69610232195598	2.0214694	1.4217838
34.714464797002016	2.0546105	1.4333912
34.73282819179208	2.0285325	1.4242656
34.751192506936064	1.9885786	1.4101697
34.76955774304408	2.0126493	1.4186788
34.7879239007265	2.1304953	1.4596217
34.80629098059391	2.1413462	1.463334
34.824658983257194	2.129148	1.4591601
34.843027909327446	2.1272175	1.4584984
34.86139775941603	2.0524154	1.4326253
34.879768534134534	1.8531891	1.361319
34.89814023409483	1.7609406	1.3270043
34.91651285990901	2.092036	1.4463872
34.93488641218944	2.379066	1.5424222
34.95326089154871	2.3510454	1.5333118
34.97163629859967	2.193782	1.4811422
34.99001263395542	1.9963945	1.4129382
35.00838989822934	1.9714425	1.4040806
35.02676809203499	2.102509	1.4500031
35.04514721598624	2.0332243	1.4259118
35.063527270697215	2.054814	1.4334623
35.081908256782256	2.0763397	1.440951
35.10029017485597	2.118405	1.4554741
35.11867302553321	2.4727335	1.5724927
35.137056809429104	2.398633	1.5487521
35.155441527159006	2.0441532	1.4297389
35.173827179338524	1.9532578	1.39759
35.19221376658354	2.0010524	1.4145856
35.21060128951017	1.9991263	1.4139047
35.2289897487348	1.9830108	1.4081942
35.24737914487405	1.7060088	1.3061427
35.26576947854479	1.4287809	1.1953162
35.28416075036418	1.5049441	1.2267616
35.30255296094958	1.8220298	1.3498259
35.32094611091867	1.8479683	1.3594
35.33934020088932	1.9103246	1.3821449
35.35773523147969	2.0162854	1.4199597
35.3761312033082	1.966849	1.4024439
35.394528116993506	1.9542966	1.3979616
35.41292597315452	2.1202588	1.4561108
35.431324772410434	2.159003	1.4693546
35.449724515380666	2.3482208	1.5323906
35.46812520268491	2.669732	1.6339315
35.486526834943106	2.1582623	1.4691025
35.504929412775454	1.777261	1.3331395
35.52333293680242	2.0140808	1.4191831
35.54173740764471	2.398161	1.5485997
35.560142825923286	2.669289	1.633796
35.5785491922594	2.5142453	1.5856372
35.59695650727454	2.1519337	1.4669471
35.61536477159042	1.3578206	1.1652557
