0.008763373481513119	0.3822274	0.6182454
0.026290120649546365	0.3681276	0.6067352
0.043816868432600686	0.25180787	0.5018046
0.06134361724069026	0.16947915	0.41167846
0.07887036748382949	0.10350483	0.32172167
0.0963971195720331	0.1343594	0.36655068
0.11392387391531617	0.13664342	0.3696531
0.1314506309236943	0.13152896	0.3626692
0.1489773910071836	0.09077533	0.30128944
0.16650415457580078	0.06245525	0.24991049
0.18403092203956356	0.05031366	0.22430706
0.20155769380849	0.059414808	0.24375153
0.2190844702925996	0.1090283	0.33019435
0.2366112519019124	0.13478282	0.3671278
0.2541380390464497	0.10518066	0.32431567
0.27166483213623416	0.06374735	0.25248235
0.28919163158128947	0.05193235	0.2278867
0.3067184377916406	0.06277939	0.25055817
0.324245251177314	0.09317465	0.30524522
0.34177207214833777	0.12838084	0.3583027
0.3592989011147415	0.14625707	0.3824357
0.37682573848655654	0.14134063	0.37595296
0.39435258467381573	0.13261099	0.36415792
0.41187944008655414	0.12644367	0.35558918
0.42940630513480854	0.15311868	0.39130384
0.446933180228618	0.13182926	0.363083
0.4644600657780234	0.14617357	0.3823265
0.48198696219306775	0.14489031	0.3806446
0.49951386988379676	0.15824635	0.3978019
0.5170407892602581	0.16725278	0.4089655
0.5345677207325025	0.18068546	0.42507112
0.5520946647105822	0.15529506	0.39407495
0.5696216216045534	0.14272107	0.37778443
0.5871485918244737	0.13095963	0.36188346
0.6046755757804043	0.14074568	0.37516087
0.6222025738824094	0.16043457	0.40054286
0.6397295865405557	0.16431096	0.4053529
0.6572566141649129	0.14846878	0.38531646
0.6747836571655547	0.14498214	0.3807652
0.6923107159525568	0.1615919	0.40198496
0.7098377909359992	0.17037837	0.41276914
0.7273648825259653	0.16537169	0.4066592
0.7448919911325411	0.1789068	0.42297375
0.762419117165817	0.15935893	0.39919788
0.7799462610358868	0.13686001	0.36994597
0.7974734231528482	0.13288458	0.36453336
0.8150006039268024	0.1404462	0.37476152
0.8325278037678551	0.16629067	0.40778753
0.8500550230861152	0.18890709	0.43463442
0.8675822622916969	0.22859754	0.47811875
0.8851095217947171	0.2609395	0.51082236
0.9026368020052984	0.27314126	0.5226292
0.9201641033335665	0.26244852	0.5122973
0.9376914261896523	0.23998629	0.48988396
0.9552187709836915	0.25304273	0.5030335
0.9727461381258234	0.2872213	0.53593034
0.990273528026193	0.2748667	0.5242773
1.0078009410949496	0.28152317	0.53058755
1.0253283777422473	0.2784257	0.5276606
1.0428558383782454	0.2840692	0.53298146
1.0603833234131086	0.29841825	0.54627675
1.0779108332570058	0.32765552	0.572412
1.0954383683201119	0.32418814	0.5693752
1.112965929012607	0.39838538	0.6311778
1.1304935157446763	0.52895004	0.7272895
1.1480211289265108	0.5651299	0.7517512
1.1655487689683062	1.4308162	1.1961672
1.1830764362802655	1.7135074	1.3090101
1.200604131272596	2.095963	1.4477441
1.2181318543555117	2.5054536	1.5828625
1.235659605939232	2.4962506	1.5799527
1.253187386433982	3.8983626	1.9744272
1.270715196249994	6.2488766	2.4997754
1.2882430357975057	11.6780815	3.4173207
1.3057709054867608	16.546412	4.067728
1.3232988057280106	21.965649	4.6867523
1.3408267369315112	26.491087	5.1469493
1.358354699507526	30.24355	5.4994135
1.3758826938663256	34.274998	5.854485
1.3934107204181858	36.132217	6.011008
1.410938779573391	36.365494	6.0303807
1.4284668717422309	37.269753	6.1048956
1.4459949973350033	37.165512	6.0963526
1.4635231567620117	37.402897	6.115791
1.4810513504335687	36.03897	6.003247
1.4985795787599925	35.280937	5.939776
1.5161078421516088	34.701305	5.8907814
1.5336361410187505	34.130898	5.8421655
1.5511644757717598	33.80681	5.814362
1.5686928468209842	34.62097	5.883959
1.58622125457678	35.383907	5.948437
1.6037496994495108	36.70167	6.0581903
1.621278181849548	36.3583	6.029784
1.6388067021872719	37.26989	6.104907
1.6563352608730693	36.727314	6.0603065
1.673863858317336	35.803436	5.9835973
1.6913924949304753	34.686428	5.8895183
1.7089211711228998	33.467068	5.785073
1.7264498873050296	32.86744	5.733013
1.7439786438872935	32.13115	5.6684346
1.7615074412801288	31.363075	5.6002746
1.779036279893981	30.40556	5.5141234
1.796565160139305	29.297976	5.4127603
1.814094082426564	28.725336	5.3596025
1.8316230471662298	28.144812	5.305168
1.849152054768784	27.390877	5.233629
1.8666811056447168	26.880363	5.1846275
1.8842102002045273	26.437971	5.1417866
1.901739338858724	25.832314	5.08255
1.9192685220178245	25.224403	5.0223904
1.9367977500923557	24.326962	4.932237
1.9543270234928547	23.742493	4.872627
1.971856342629867	23.196224	4.816246
1.9893857079139496	22.473658	4.7406387
2.006915119755667	22.070145	4.6978874
2.0244445785655945	21.464323	4.6329603
2.0419740847543175	21.506834	4.637546
2.0595036387324317	21.224571	4.607013
2.0770332409105414	20.85912	4.5671787
2.094562891699263	20.371628	4.513494
2.1120925915092217	19.952671	4.466841
2.129622340751053	19.618505	4.4292784
2.1471521398354043	187.65082	13.69857
2.1646819891729323	443.94003	21.069885
2.182211889174303	440.27356	20.982697
2.1997418402501974	452.64975	21.275566
2.2172718428113023	432.5789	20.79853
2.234801897268317	320.56454	17.904316
2.2523320040319548	17.1631	4.142837
2.269862163512935	16.80599	4.099511
2.287392376121992	16.304502	4.0378833
2.304922642269869	16.107014	4.0133543
2.322452962367322	15.913806	3.989211
2.3399833368251164	15.790114	3.9736776
2.357513766054032	15.300128	3.911538
2.3750442504648586	14.941715	3.8654516
2.3925747904683963	14.439	3.7998683
2.410105386475459	14.181896	3.7658858
2.4276360388968707	13.787265	3.7131207
2.445166748143469	13.541422	3.679867
2.4626975146261025	13.340346	3.652444
2.4802283387556323	13.207705	3.6342406
2.4977592209429305	13.113229	3.6212192
2.5152901615988825	12.835748	3.5827012
2.5328211611343865	12.840458	3.5833585
2.5503522199603523	12.569801	3.5453916
2.5678833384877024	12.335653	3.512215
2.5854145171273712	12.05112	3.4714723
2.6029457562903064	12.024565	3.4676454
2.620477056387469	11.980115	3.4612303
2.6380084178298326	11.850535	3.4424608
2.655539841028383	11.506654	3.3921459
2.673071326394119	11.163608	3.3411984
2.6906028743380523	10.839006	3.2922647
2.708134485271211	10.712189	3.272948
2.7256661596046325	10.66396	3.265572
2.743197897749369	10.489518	3.2387526
2.760729700116486	10.501061	3.240534
2.778261567117063	10.31496	3.2116911
2.795793499162193	10.154381	3.186594
2.8133254966629817	9.87399	3.1422906
2.830857560030551	9.738952	3.1207294
2.8483896896760337	9.582203	3.0955133
2.865921886010578	9.422358	3.0695858
2.883454149445347	9.403445	3.0665038
2.9009864803915177	9.275098	3.0455046
2.91851887926028	9.233388	3.038649
2.9360513464628384	9.162734	3.027001
2.953583882410413	9.025822	3.0043006
2.9711164875142373	8.961729	2.9936147
2.9886491621855606	8.781643	2.9633837
3.0061819068356455	8.691127	2.9480717
3.023714721875769	8.480355	2.9121048
3.041247607717225	8.23924	2.8704076
3.0587805647713213	8.1407585	2.8532014
3.0763135934493806	8.07416	2.8415065
3.0938466941627407	8.061616	2.8392985
3.1113798673227544	8.04311	2.8360376
3.1289131133407904	7.9492	2.8194325
3.1464464326282315	7.887746	2.8085132
3.1639798255964786	7.676052	2.7705688
3.1815132926569443	7.440321	2.7276952
3.1990468342210603	7.4278173	2.725402
3.216580450700272	7.3866167	2.717833
3.2341141425060416	7.431447	2.726068
3.251647910049847	7.365701	2.7139826
3.2691817537431813	7.3164535	2.7048943
3.286715673997555	7.1132927	2.6670756
3.3042496712244938	6.866288	2.6203604
3.32178374583554	6.6999073	2.588418
3.339317898242251	6.734603	2.5951114
3.3568521288562034	6.8582277	2.6188219
3.3743864380889876	6.8170304	2.6109443
3.3919208263522127	6.699409	2.5883217
3.4094552940575023	6.5429254	2.5579143
3.4269898416164972	6.5251703	2.5544412
3.444524469440858	6.5421844	2.5577693
3.4620591779422587	6.4944067	2.5484126
3.479593967532391	6.426114	2.5349782
3.4971288386229658	6.2844887	2.5068882
3.5146637916257086	6.295216	2.509027
3.5321988269523628	6.300574	2.5100944
3.5497339450146903	6.371954	2.524273
3.5672691462244708	6.407531	2.53131
3.5848044309934988	6.30985	2.5119414
3.60233979973359	6.2781477	2.505623
3.619875252856575	6.2038746	2.490758
3.6374107907743034	6.1957607	2.4891286
3.6549464138986427	6.1168957	2.4732358
3.6724821226414788	6.0990133	2.469618
3.690017917414714	6.0684347	2.4634192
3.7075537986302702	6.0319915	2.4560113
3.7250897667000857	6.0278955	2.4551773
3.7426258220361235	6.167091	2.483363
3.7601619650503553	6.5654535	2.562314
3.777698196154779	7.169323	2.6775591
3.7952345157614067	8.237661	2.8701327
3.8127709242822716	9.0519495	3.0086458
3.830307422129425	11.3303385	3.366057
3.847844009714936	12.760383	3.5721679
3.8653806874508954	16.258705	4.0322084
3.882917455749409	15.702711	3.9626646
3.900454315022606	15.744778	3.967969
3.917991265682631	12.588404	3.5480142
3.9355283081416506	10.699159	3.2709568
3.9530654428118495	8.532905	2.9211135
3.970602670105433	7.282825	2.6986709
3.9881399904346244	6.539821	2.5573075
4.005677404211669	6.4884896	2.5472515
4.023214911848827	6.43139	2.5360186
4.0407525137583855	6.3866377	2.5271797
4.058290210352644	6.328431	2.5156374
4.075828002043927	6.2353425	2.4970667
4.0933658892445814	6.107553	2.4713464
4.110903872366966	6.0547523	2.4606407
4.128441951823468	6.093894	2.4685814
4.145980128026488	6.1479135	2.4794986
4.163518401388452	6.268798	2.5037568
4.181056772321807	6.198226	2.4896235
4.1985952412390155	6.10212	2.470247
4.216133808552567	6.119293	2.4737206
4.233672474674966	6.149067	2.4797313
4.251211240018741	6.426575	2.535069
4.268750104996445	6.645192	2.577827
4.286289070020643	7.589855	2.7549691
4.303828135503928	9.30453	3.0503328
4.3213673018589125	29.56019	5.4369283
4.3389065694982305	90.71373	9.524376
4.356445938834537	165.84364	12.87803
4.3739854102805085	171.16988	13.083191
4.391524984248844	171.90651	13.111312
4.409064661152262	135.95052	11.659782
4.426604441403504	96.31093	9.813813
4.444144325415337	75.586296	8.694038
4.461684313600543	21.640352	4.6519194
4.47922440637193	22.114637	4.70262
4.496764604142329	20.411865	4.517949
4.5143049073245916	18.516794	4.3031144
4.531845316331589	16.372398	4.046282
4.5493858315762195	13.422071	3.6636145
4.566926453471405	11.162977	3.3411043
4.584467182430081	9.125107	3.0207791
4.602008018865218	8.084836	2.8433845
4.619548963189798	7.3249955	2.7064729
4.637090015816834	6.788353	2.6054468
4.654631177159353	6.4839206	2.5463543
4.672172447630417	6.221001	2.4941936
4.689713827643102	6.1653733	2.483017
4.7072553176105085	5.9810343	2.4456153
4.724796917945764	5.8622413	2.4212065
4.742338629062015	5.798029	2.4079096
4.759880451372434	5.7333393	2.3944392
4.777422385290215	5.775749	2.4032788
4.794964431228581	5.733266	2.394424
4.812506589600768	5.687441	2.3848357
4.830048860820047	5.709378	2.3894305
4.847591245299709	5.69596	2.386621
4.8651337434530655	5.64216	2.375323
4.882676355693457	5.485565	2.3421283
4.900219082434242	5.350021	2.3130112
4.917761924088813	5.3090563	2.304139
4.935304881070575	5.3849707	2.320554
4.952847953792969	5.507433	2.346792
4.970391142669449	5.4607844	2.336832
4.9879344481135055	5.4432335	2.3330739
5.005477870538642	5.368501	2.3170025
5.023021410358394	5.346435	2.3122358
5.040565067986324	5.2984905	2.301845
5.05810884383601	5.227202	2.2863076
5.075652738321066	5.2234197	2.2854803
5.09319675185512	5.234821	2.2879732
5.110740884851836	5.327424	2.3081214
5.128285137724894	5.3559155	2.314285
5.145829510888007	5.373246	2.3180263
5.163374004754908	5.383132	2.3201578
5.1809186197393595	5.405206	2.32491
5.198463356255145	5.3779635	2.3190436
5.216008214716077	5.3259773	2.307808
5.233553195535998	5.338843	2.3105936
5.251098299128764	5.344572	2.3118331
5.268643525908272	5.272535	2.2962
5.286188876288432	5.1534457	2.2701201
5.3037343506831895	5.098218	2.2579234
5.32127994950651	5.105231	2.2594757
5.3388256731723915	5.1795588	2.2758644
5.356371522094851	5.203757	2.2811744
5.373917496687938	5.206999	2.281885
5.391463597365729	5.236026	2.2882364
5.40900982454232	5.217807	2.284252
5.426556178631843	5.2053857	2.2815313
5.444102660048449	5.1152787	2.2616982
5.4616492692063225	5.0554876	2.2484412
5.479196006519669	5.1208553	2.2629306
5.496742872402727	5.111822	2.2609339
5.514289867269756	5.155457	2.2705631
5.531836991535049	5.071105	2.2519114
5.549384245612924	5.026154	2.2419086
5.566931629917724	5.0039845	2.2369587
5.584479144863822	5.0808206	2.2540677
5.6020267908656205	5.150805	2.2695384
5.619574568337545	5.145727	2.2684195
5.637122477694054	5.081971	2.2543228
5.654670519349629	5.045219	2.2461565
5.672218693718784	5.0402007	2.2450392
5.689767001216059	5.0587454	2.2491655
5.707315442256021	5.0994625	2.258199
5.724864017253266	5.165054	2.2726755
5.7424127266224225	5.2122607	2.2830377
5.75996157077814	5.198616	2.2800474
5.777510550135105	5.08669	2.2553692
5.795059665108022	5.106363	2.2597263
5.812608916111639	5.117683	2.2622297
5.830158303560715	5.246455	2.2905142
5.847707827870055	5.3132796	2.3050551
5.86525748945448	5.343147	2.3115249
5.8828072887288485	5.425319	2.3292315
5.900357226108044	5.4672465	2.3382144
5.917907302006979	5.4728317	2.3394084
5.9354575168406	6.073583	2.464464
5.9530078710238765	6.561611	2.5615642
5.970558364971812	7.0662985	2.658251
5.988108999099438	7.4279213	2.7254212
6.005659773821818	8.022184	2.8323462
6.023210689554039	7.8960395	2.8099892
6.040761746711227	8.324472	2.8852162
6.058312945708531	7.7389755	2.7819014
6.075864286961132	7.258545	2.6941688
6.093415770884244	6.6032224	2.5696735
6.1109673978931065	6.122112	2.4742901
6.128519168402993	5.557529	2.3574412
6.146071082829204	5.349862	2.3129768
6.163623141587075	5.1532536	2.270078
6.181175345091969	5.0817995	2.2542846
6.198727693759281	5.065674	2.2507052
6.216280188004435	5.0918593	2.2565148
6.233832828242885	5.113308	2.2612624
6.251385614890126	5.111084	2.2607706
6.268938548361669	5.1680894	2.2733433
6.286491629073067	5.1148143	2.2615955
6.304044857439898	5.0492373	2.2470508
6.321598233877777	4.9523377	2.225385
6.339151758802344	4.8745346	2.2078347
6.356705432629277	4.9235334	2.2189035
6.37425925577428	4.917271	2.217492
6.391813228653095	4.917308	2.2175004
6.409367351681486	4.9115095	2.2161925
6.426921625275259	4.85531	2.203477
6.44447604985025	4.9498696	2.2248302
6.46203062582232	4.970023	2.2293549
6.47958535360737	5.0464897	2.2464395
6.497140233621328	5.0229464	2.241193
6.514695266280161	4.9243546	2.2190888
6.532250451999859	4.943649	2.2234318
6.549805791196454	4.980937	2.2318013
6.567361284286002	4.9719973	2.2297976
6.584916931684597	4.9449472	2.2237236
6.602472733808367	4.8910527	2.2115724
6.6200286910734665	4.890727	2.2114987
6.637584803896092	4.917482	2.2175395
6.655141072692462	4.8839626	2.2099688
6.672697497878842	4.8819323	2.2095096
6.690254079871514	4.886476	2.2105374
6.707810819086808	4.921455	2.2184353
6.725367715941078	4.972864	2.229992
6.742924770850719	4.9304266	2.2204564
6.760481984232151	4.8843837	2.2100642
6.778039356501836	4.9061704	2.2149878
6.795596888076266	4.975359	2.2305512
6.813154579371963	4.9811735	2.2318542
6.830712430805492	4.983905	2.232466
6.84827044279344	4.924856	2.2192018
6.865828615752445	4.9593477	2.2269592
6.883386950099159	4.940224	2.2226615
6.900945446250287	4.9531045	2.225557
6.918504104622553	4.969544	2.2292473
6.936062925632727	5.002768	2.236687
6.953621909697607	4.980014	2.2315946
6.971181057234028	5.0870795	2.2554555
6.988740368658859	5.122988	2.263402
7.006299844389007	5.2141085	2.2834423
7.023859484841407	5.2672653	2.2950523
7.041419290433036	5.321758	2.3068936
7.058979261580902	5.473405	2.339531
7.0765393987020495	5.6399393	2.3748558
7.094099702213559	6.0036407	2.4502327
7.111660172532549	6.3095083	2.5118735
7.129220810076164	6.646178	2.5780182
7.146781615261595	7.21	2.6851444
7.16434258850606	7.4384446	2.7273512
7.181903730226821	7.972291	2.8235245
7.1994650408411704	8.115892	2.8488405
7.217026520766437	8.263772	2.8746777
7.234588170419983	8.399786	2.8982384
7.252149990219215	8.275496	2.8767161
7.269711980581568	8.206318	2.8646672
7.2872741419245175	8.063329	2.8396
7.304836474665574	7.6710086	2.7696586
7.322398979222286	7.3099823	2.703698
7.339961656012233	7.0325346	2.6518927
7.357524505453039	6.683565	2.5852592
7.375087527962357	6.4582024	2.5412993
7.392650723957886	6.202691	2.4905202
7.410214093857353	5.8943777	2.427834
7.427777638078528	5.721564	2.391979
7.445341357039213	5.580004	2.3622034
7.4629052511572525	5.37019	2.317367
7.480469320850524	5.1811194	2.2762072
7.498033566536948	5.0752144	2.2528236
7.5155979886344735	5.035651	2.2440257
7.5331625875610975	5.0692058	2.2514896
7.550727363734844	5.1253533	2.2639244
7.568292317573788	5.0853896	2.255081
7.585857449496025	5.1617103	2.2719398
7.603422759919705	5.1415315	2.2674944
7.620988249263007	5.1401787	2.2671962
7.638553917944147	5.038165	2.2445858
7.656119766381391	4.982872	2.2322347
7.673685794993023	5.0175695	2.239993
7.691252004197388	5.063721	2.2502713
7.70881839441285	5.1135798	2.2613225
7.726384966057826	5.137193	2.2665377
7.743951719550762	5.118539	2.2624187
7.761518655310149	5.1205254	2.2628577
7.779085773754511	5.116074	2.261874
7.796653075302419	5.1215515	2.2630844
7.814220560372475	5.1491265	2.2691686
7.831788229383323	5.165756	2.27283
7.8493560827536495	5.1901617	2.2781928
7.866924120902174	5.2066336	2.2818048
7.884492344247663	5.1985555	2.280034
7.9020607532089135	5.2281523	2.2865152
7.919629348204771	5.2277565	2.2864287
7.937198129654115	5.3479652	2.3125668
7.954767097975865	5.403284	2.3244965
7.972336253588986	5.371658	2.3176837
7.989905596912472	5.299105	2.3019786
8.007475128365371	5.308324	2.30398
8.025044848366756	5.4110126	2.3261583
8.042614757335754	5.6010485	2.3666534
8.060184855691523	5.6210804	2.3708818
8.07775514385327	5.759129	2.3998187
8.095325622240228	5.7924204	2.4067447
8.112896291271687	5.8174763	2.4119444
8.130467151366968	5.8732376	2.4234765
8.148038202945436	5.8837795	2.4256504
8.165609446426497	5.9057455	2.4301739
8.183180882229594	5.9040074	2.4298162
8.200752510774217	5.921804	2.4334757
8.218324332479893	5.9469905	2.4386451
8.235896347766193	5.931473	2.4354615
8.253468557052724	5.8774004	2.424335
8.27104096075914	5.7965956	2.407612
8.288613559305137	5.8337417	2.415314
8.306186353110448	5.918925	2.432884
8.32375934259485	6.0310836	2.4558265
8.341332528178162	6.0217757	2.4539306
8.358905910280246	6.107522	2.4713402
8.376479489321003	6.152343	2.4803917
8.394053265720377	6.247362	2.4994724
8.411627239898356	6.244523	2.4989045
8.42920141227497	6.1935062	2.4886756
8.44677578327029	6.187238	2.487416
8.464350353304427	6.138595	2.477619
8.48192512279754	6.1705723	2.4840636
8.499500092169827	6.1092434	2.4716883
8.51707526184153	6.1391277	2.4777262
8.534650632232934	6.068103	2.463352
8.552226203764365	6.0741634	2.4645817
8.569801976856192	6.101962	2.470215
8.587377951928834	6.1634426	2.482628
8.60495412940274	6.2081876	2.4916234
8.622530509698416	6.2641644	2.5028312
8.6401070932364	6.402123	2.5302417
8.657683880437283	6.505068	2.5505035
8.675260871721695	6.5830607	2.5657475
8.692838067510303	6.7106733	2.5904968
8.710415468223834	6.927325	2.6319811
8.727993074283043	7.114157	2.6672378
8.745570886108737	7.1099524	2.6664493
8.763148904121765	7.0899014	2.6626868
8.78072712874302	7.1043983	2.6654077
8.798305560393441	7.318313	2.705238
8.815884199494006	7.4681225	2.7327867
8.833463046465745	7.5762477	2.7524984
8.851042101729728	7.7023315	2.7753074
8.86862136570707	8.022055	2.832323
8.886200838818924	8.175546	2.859291
8.903780521486505	8.240381	2.8706064
8.921360414131055	8.329514	2.8860896
8.938940517173874	8.4962435	2.9148316
8.956520831036297	8.598842	2.932378
8.97410135613971	8.870316	2.9783075
8.99168209290554	8.959262	2.9932027
9.009263041755265	9.259369	3.042921
9.026844203110405	9.501916	3.0825179
9.044425577392525	9.722218	3.118047
9.062007165023239	9.813838	3.1327045
9.079588966424197	10.098669	3.1778402
9.097170982017108	10.189182	3.1920497
9.11475321222372	11.096439	3.331132
9.132335657465825	11.959698	3.4582796
9.149918318165264	12.035581	3.4692335
9.167501194743924	12.617607	3.5521271
9.18508428762374	12.4200735	3.5242124
9.202667597226693	12.433728	3.5261493
9.220251123974803	12.084236	3.4762387
9.237834868290143	11.768769	3.430564
9.255418830594836	11.589308	3.4043071
9.273003011311046	11.066143	3.3265812
9.290587410860985	10.843807	3.2929935
9.308172029666911	10.137587	3.1839576
9.32575686815113	9.863264	3.1405835
9.343341926735997	8.588696	2.9306476
9.360927205843916	8.387909	2.8961887
9.378512705897327	8.289577	2.8791625
9.396098427318728	8.0666895	2.8401918
9.413684370530664	7.962014	2.8217041
9.431270535955722	7.8510904	2.8019798
9.448856924016539	7.784139	2.790007
9.466443535135806	7.6902804	2.7731354
9.484030369736251	7.6692696	2.7693446
9.501617428240658	7.59371	2.7556686
9.519204711071852	7.5207543	2.7423995
9.536792218652714	7.5550127	2.7486384
9.55437995140617	7.601198	2.7570271
9.571967909755191	7.6418796	2.764395
9.589556094122802	7.7290573	2.7801182
9.60714450493207	7.8027253	2.793336
9.624733142606116	7.799531	2.792764
9.642322007568108	7.8767533	2.8065555
9.659911100241267	7.8640847	2.8042974
9.677500421048851	7.861757	2.8038824
9.695089970414175	7.888618	2.8086684
9.712679748760609	7.9797783	2.82485
9.730269756511557	8.040906	2.835649
9.747859994090492	8.050875	2.8374064
9.765450461920915	8.056239	2.8383515
9.78304116042639	8.092926	2.844807
9.800632090030527	8.175048	2.859204
9.81822325115699	8.2217655	2.867362
9.835814644229481	8.262475	2.874452
9.853406269671762	8.218753	2.8668368
9.870998127907646	8.1403885	2.8531365
9.888590219360985	8.140394	2.8531375
9.906182544455698	8.212824	2.8658025
9.923775103615734	8.229311	2.8686776
9.941367897265108	8.23496	2.869662
9.958960925827878	8.210555	2.8654065
9.97655418972816	8.155513	2.8557858
9.994147689390106	8.154997	2.8556955
10.011741425237934	8.201517	2.8638291
10.029335397695904	8.21438	2.866074
10.04692960718833	8.210788	2.8654473
10.06452405413958	8.199593	2.863493
10.082118738974064	8.187951	2.8614595
10.099713662116246	8.143729	2.853722
10.117308823990651	8.143752	2.853726
10.134904225021844	8.1793995	2.8599648
10.152499865634445	8.262472	2.8744516
10.170095746253125	8.284971	2.8783627
10.18769186730261	8.221982	2.8674
10.205288229207675	8.097897	2.8456802
10.222884832393145	8.014371	2.8309665
10.2404816772839	7.962594	2.821807
10.258078764304868	7.9226303	2.8147168
10.275676093881035	7.942054	2.818165
10.293273666437438	7.957102	2.8208334
10.310871482399158	8.053756	2.837914
10.32846954219134	8.067014	2.8402488
10.346067846239173	8.0892315	2.8441575
10.363666394967908	8.060609	2.839121
10.38126518880283	7.9908357	2.8268065
10.398864228169298	8.037954	2.8351285
10.416463513492713	8.067072	2.840259
10.434063045198531	8.092733	2.844773
10.451662823712262	8.098174	2.845729
10.469262849459467	8.101316	2.846281
10.486863122865758	8.003839	2.8291056
10.504463644356806	7.947347	2.819104
10.522064414358338	7.9170127	2.8137186
10.539665433296118	7.923414	2.814856
10.557266701595987	7.897873	2.8103154
10.574868219683818	7.7919087	2.791399
10.592469987985552	7.633183	2.7628217
10.610072006927185	7.5274997	2.743629
10.627674276934751	7.451432	2.729731
10.64527679843435	7.331974	2.7077618
10.662879571852143	7.22728	2.6883602
10.680482597614331	7.0944734	2.6635454
10.698085876147173	6.9700966	2.640094
10.715689407876988	6.9293833	2.6323721
10.733293193230146	6.9227796	2.6311176
10.750897232633072	6.8619375	2.61953
10.76850152651225	6.7381787	2.5958002
10.786106075294207	6.5507445	2.5594423
10.803710879405534	6.4451847	2.5387368
10.821315939272877	6.368411	2.523571
10.83892125532294	6.274842	2.5049634
10.856526827982472	6.1833205	2.4866283
10.874132657678285	6.144025	2.4787145
10.891738744837243	6.166369	2.4832175
10.909345089886271	6.1206374	2.473992
10.926951693252343	6.0674987	2.4632294
10.944558555362494	5.9747996	2.4443402
10.96216567664381	5.8770633	2.4242656
10.979773057523436	5.814059	2.411236
10.997380698428573	5.753291	2.398602
11.014988599786477	5.701955	2.3878767
11.032596762024461	5.6573668	2.378522
11.050205185569892	5.616316	2.3698769
11.067813870850198	5.5685425	2.359776
11.085422818292859	5.5223866	2.3499758
11.10303202832541	5.442421	2.3328996
11.120641501375454	5.3537254	2.3138118
11.138251237870636	5.261098	2.2937083
11.155861238238671	5.190997	2.278376
11.173471502907317	5.1399293	2.267141
11.191082032304402	5.1129875	2.2611916
11.208692826857805	5.066822	2.2509604
11.226303886995465	4.9989276	2.2358282
11.243915213145371	4.9109282	2.2160614
11.261526805735578	4.8924866	2.2118967
11.279138665194196	4.8686814	2.2065089
11.296750791949393	4.849287	2.2021096
11.314363186429393	4.7932944	2.1893594
11.331975849062479	4.697268	2.167318
11.34958878027699	4.639602	2.1539736
11.36720198050133	4.5971155	2.1440885
11.384815450163948	4.581599	2.1404672
11.402429189693366	4.5106034	2.1238182
11.420043199518153	4.390772	2.0954168
11.437657480066942	63.374702	7.960823
11.455272031768422	85.13185	9.226692
11.472886855051353	107.5663	10.371417
11.490501950344528	99.13814	9.956814
11.508117318076819	84.43087	9.188627
11.52573295867715	45.806965	6.768084
11.543348872574514	4.119241	2.0295913
11.560965060197946	4.123939	2.0307484
11.57858152197655	4.11336	2.028142
11.59619825833949	4.063397	2.015787
11.613815269715985	3.961389	1.9903239
11.631432556535323	38.45191	6.20096
11.649050119226837	82.969284	9.1087475
11.666667958219929	93.3765	9.663152
11.68428607394406	107.62577	10.374284
11.701904466828756	82.46324	9.080927
11.719523137303586	65.28992	8.080217
11.737142085798196	4.529026	2.128151
11.754761312742286	3.6330607	1.9060589
11.772380818565619	3.590463	1.8948517
11.790000603698015	3.5431156	1.8823166
11.80762066856935	3.5652158	1.8881779
11.825241013609572	3.5634594	1.8877127
11.842861639248683	3.5552378	1.8855338
11.860482545916748	3.4918394	1.8686464
11.878103734043883	3.462674	1.8608261
11.895725204060282	3.4250913	1.8507003
11.91334695639619	3.409891	1.846589
11.930968991481919	3.3835754	1.8394498
11.948591309747824	3.3485918	1.8299158
11.966213911624347	3.3342175	1.825984
11.98383679754198	3.2705524	1.8084669
12.001459967931268	3.235345	1.7987064
12.019083423222835	3.2141857	1.792815
12.036707163847352	3.2078183	1.7910383
12.05433119023556	3.2162225	1.793383
12.071955502818259	3.1912844	1.7864166
12.089580102026313	3.1719542	1.7809981
12.107204988290643	3.1225622	1.7670773
12.12483016204224	3.0991027	1.7604269
12.142455623712152	3.059961	1.7492745
12.16008137373149	3.03657	1.7425756
12.177707412531431	3.016582	1.7368311
12.19533374054321	3.015306	1.7364637
12.212960358198126	2.994726	1.7305276
12.230587265927545	2.999477	1.7318997
12.248214464162889	2.997262	1.7312602
12.265841953335649	2.9874146	1.7284139
12.283469733877375	2.924634	1.7101561
12.301097806219685	2.923776	1.7099053
12.31872617079425	2.955909	1.7192757
12.336354828032825	3.0114858	1.7353634
12.353983778367205	3.0005355	1.7322054
12.371613022229262	2.92051	1.70895
12.389242560050928	2.8555212	1.6898288
12.406872392264201	2.8139946	1.6774966
12.424502519301143	2.8282604	1.6817433
12.442132941593874	2.8152642	1.6778749
12.459763659574586	2.8277843	1.6816018
12.477394673675532	2.8423934	1.6859399
12.49502598432903	2.8711996	1.6944615
12.51265759196746	2.8200061	1.6792874
12.530289497023267	2.75713	1.6604607
12.547921699928967	2.6964471	1.6420863
12.565554201117134	2.7271085	1.6513959
12.583187001020404	2.7523465	1.6590197
12.600820100071486	2.7749572	1.6658202
12.618453498703152	2.773494	1.6653811
12.636087197348235	2.8024154	1.6740416
12.65372119643964	2.8130662	1.6772197
12.671355496410326	2.804627	1.674702
12.68899009769333	2.8099527	1.6762913
12.706625000721749	2.795024	1.6718326
12.724260205928752	2.8373795	1.6844523
12.741895713747551	2.8520784	1.6888098
12.759531524611454	2.8530185	1.6890881
12.777167638953818	2.8549302	1.6896539
12.794804057208072	2.9082644	1.7053634
12.812440779807702	3.0035055	1.7330625
12.830077807186271	3.2219794	1.7949873
12.847715139777405	3.2330015	1.7980549
12.865352778014795	3.4322026	1.8526205
12.882990722332197	3.5406594	1.881664
12.90062897316344	3.6334157	1.906152
12.918267530942412	3.7139616	1.9271641
12.935906396103071	3.5660937	1.8884103
12.953545569079449	3.6792839	1.9181459
12.971185050305628	3.4589548	1.8598266
12.988824840215775	3.4587996	1.8597848
13.006464939244115	3.4943678	1.8693228
13.024105347824943	3.3652825	1.8344706
13.041746066392617	3.416997	1.848512
13.05938709538157	3.197886	1.7882634
13.077028435226296	3.2231896	1.7953243
13.094670086361363	3.1480727	1.7742809
13.112312049221401	3.0875962	1.7571557
13.129954324241112	2.9971035	1.7312144
13.147596911855258	2.8673959	1.6933386
13.165239812498685	2.8763356	1.6959763
13.182883026606293	2.8411946	1.6855843
13.200526554613058	2.8194342	1.6791171
13.218170396954017	2.7637212	1.6624444
13.235814554064284	2.73124	1.6526464
13.253459026379034	2.7150455	1.6477395
13.271103814333523	2.6977649	1.6424874
13.288748918363058	2.664039	1.6321883
13.306394338903031	2.6306465	1.6219268
13.32404007638889	2.6356137	1.6234573
13.341686131256164	2.6866522	1.639101
13.359332503940449	2.665017	1.6324879
13.376979194877402	2.6491888	1.6276329
13.394626204502751	2.689029	1.6398259
13.412273533252307	2.6882608	1.6395917
13.429921181561937	2.669967	1.6340034
13.447569149867581	2.6425111	1.6255802
13.465217438605247	2.6325617	1.6225171
13.482866048211022	2.6260443	1.6205074
13.500514979121052	2.6428728	1.6256915
13.518164231771568	2.6408749	1.6250769
13.535813806598844	2.6745512	1.6354055
13.553463704039254	2.6329284	1.6226301
13.571113924529229	2.6048717	1.6139615
13.588764468505275	2.596818	1.6114645
13.606415336403956	2.6364179	1.623705
13.624066528661917	2.6789763	1.6367579
13.641718045715882	2.721052	1.6495612
13.659369888002635	2.7725065	1.6650845
13.67702205595903	2.86614	1.6929678
13.694674550021993	2.9505222	1.7177085
13.712327370628532	2.9947875	1.7305454
13.729980518215713	3.0374517	1.7428286
13.747633993220681	3.069863	1.7521025
13.765287796080647	3.171482	1.7808656
13.7829419272329	3.2314863	1.7976335
13.800596387114801	3.229571	1.7971008
13.818251176163775	3.2218757	1.7949584
13.835906294817324	3.2905047	1.8139749
13.853561743513023	3.3706841	1.8359423
13.871217522688525	3.4179153	1.8487605
13.888873632781538	3.4369814	1.8539097
13.906530074229858	3.4774482	1.8647918
13.92418684747135	3.5234163	1.8770765
13.941843952943948	3.49671	1.8699492
13.959501391085665	3.4373727	1.8540152
13.977159162334578	3.4083197	1.8461635
13.994817267128846	3.37853	1.8380778
14.012475705906693	3.2723932	1.8089757
14.030134479106424	3.141653	1.7724708
14.047793587166414	3.0412083	1.743906
14.065453030525108	2.99771	1.7313896
14.083112809621026	2.9883282	1.7286782
14.100772924892766	2.9693265	1.7231734
14.118433376778997	2.9204347	1.708928
14.136094165718458	2.822904	1.68015
14.153755292149969	2.7371905	1.6544456
14.171416756512416	2.6915615	1.6405979
14.189078559244768	2.6471028	1.626992
14.20674070078606	2.5858774	1.6080663
14.224403181575408	2.5052829	1.5828085
14.242066002051999	2.4513047	1.5656643
14.259729162655093	2.4313512	1.5592791
14.277392663824022	2.4253561	1.5573555
14.295056505998208	2.443862	1.5632856
14.312720689617128	2.4272628	1.5579675
14.330385215120348	2.3882515	1.5453969
14.348050082947497	2.3475287	1.5321647
14.3657152935383	2.3498795	1.5329317
14.383380847332528	2.3589966	1.5359025
14.401046744770051	2.3879535	1.5453005
14.418712986290798	2.3676667	1.5387224
14.436379572334793	2.3642151	1.5376004
14.454046503342123	2.3625536	1.53706
14.471713779752946	2.3536296	1.5341544
14.489381402007504	2.3592458	1.5359837
14.507049370546113	2.371818	1.5400708
14.524717685809168	2.4016926	1.5497395
14.542386348237134	2.4154541	1.5541731
14.560055358270553	2.397453	1.5483711
14.577724716350051	2.3936203	1.547133
14.595394422916325	2.3720798	1.5401558
14.61306447841015	2.414784	1.5539575
14.63073488327237	2.3987176	1.5487794
14.648405637943917	2.4253557	1.5573554
14.6660767428658	2.4027622	1.5500846
14.683748198479094	2.4657984	1.570286
14.701420005224954	2.5400846	1.5937643
14.719092163544628	2.6344354	1.6230944
14.73676467387942	2.6901903	1.64018
14.754437536670727	2.6860723	1.6389241
14.772110752360014	2.6705985	1.6341966
14.78978432138882	2.6675444	1.6332619
14.807458244198777	2.6601303	1.6309906
14.82513252123159	2.6218321	1.6192073
14.842807152929028	2.60812	1.6149675
14.860482139732962	2.6046896	1.6139051
14.87815748208531	2.612084	1.6161942
14.8958331804281	2.6171825	1.6177708
14.91350923520342	2.5748873	1.6046455
14.931185646853438	2.5869505	1.6084
14.948862415820408	2.6050236	1.6140085
14.966539542546656	2.6590881	1.630671
14.98421702747459	2.6390796	1.6245244
15.001894871046696	2.64962	1.6277653
15.019573073705542	2.610322	1.6156491
15.037251635893766	2.6022534	1.6131501
15.054930558054092	2.622813	1.61951
15.072609840629323	2.6719546	1.6346115
15.090289484062351	2.77723	1.6665024
15.107969488796124	2.9355583	1.7133471
15.125649855273691	3.1158304	1.7651715
15.14333058393817	3.47536	1.8642317
15.161011675232768	4.064311	2.0160136
15.17869312960076	4.722445	2.1731188
15.196374947485506	5.4138865	2.326776
15.214057129330447	6.7302413	2.594271
15.231739675579114	8.842859	2.9736946
15.249422586675102	13.457443	3.668439
15.267105863062092	18.108326	4.255388
15.284789505183847	25.396406	5.0394845
15.302473513484218	30.19924	5.4953833
15.320157888407127	34.23689	5.8512297
15.337842630396578	32.881073	5.734202
15.355527739896656	29.956905	5.47329
15.37321321735153	23.351212	4.8323092
15.39089906320545	15.909258	3.988641
15.408585277902748	10.237455	3.1996024
15.42627186188783	6.3493376	2.5197892
15.443958815605198	4.6005964	2.1449
15.461646139499424	3.80336	1.9502205
15.479333834015168	3.391995	1.8417369
15.497021899597165	3.1048183	1.7620494
15.514710336690234	2.8679736	1.6935092
15.53239914573928	2.674113	1.6352715
15.550088327189297	2.5610504	1.6003282
15.567777881485336	2.5055597	1.582896
15.58546780907256	2.4881494	1.5773869
15.6031581103962	2.4639993	1.5697131
15.620848785901568	2.4569325	1.5674605
15.638539836034063	2.439411	1.5618614
15.656231261239173	2.4523032	1.5659832
15.673923061962451	2.437144	1.5611355
15.691615238649552	2.4686885	1.5712061
15.709307791746202	2.4521143	1.5659229
15.727000721698221	2.455128	1.5668848
15.744694028951498	2.4092975	1.5521911
15.76238771395202	2.406781	1.5513804
15.780081777145844	2.3718371	1.540077
15.797776218979125	2.361727	1.5367911
15.815471039898094	2.3643882	1.5376568
15.833166240349064	2.4188352	1.5552605
15.850861820778437	2.4269702	1.5578736
15.868557781632699	2.4627216	1.5693061
15.886254123358412	2.4735591	1.5727552
15.903950846402232	2.4825225	1.5756023
15.921647951210897	2.4457734	1.5638969
15.939345438231225	2.476163	1.5735828
15.957043307910133	2.492586	1.5787926
15.974741560694602	2.5467885	1.5958661
15.992440197031714	2.526401	1.5894656
16.01013921736862	2.5242918	1.588802
16.02783862215259	2.5028057	1.5820258
16.045538411830933	2.4630024	1.5693955
16.06323858685107	2.4538496	1.5664768
16.080939147660512	2.4470022	1.5642897
16.09864009470684	2.447392	1.5644143
16.11634142843774	2.451885	1.5658497
16.134043149300954	2.4374306	1.5612273
16.15174525774433	2.3844295	1.5441598
16.169447754215817	2.352822	1.5338912
16.18715063916342	2.3487778	1.5325723
16.204853913035244	2.403938	1.5504638
16.222557576279478	2.4531977	1.5662687
16.240261629344403	22.469334	4.740183
16.257966072678386	43.009808	6.5581865
16.275670906729868	38.12588	6.174616
16.293376131947387	2.5474434	1.5960712
16.31108174877957	2.5742993	1.6044623
16.328787757675133	2.5674574	1.6023288
16.34649415908287	2.6159241	1.6173819
16.364200953451657	2.6304398	1.621863
16.38190814123048	2.606597	1.6144959
16.39961572286839	2.5813172	1.6066478
16.41732369881455	2.6060705	1.6143328
16.43503206951817	2.6781433	1.6365033
16.45274083542859	2.727329	1.6514627
16.47044999699522	2.7562165	1.6601857
16.488159554667558	2.8210504	1.6795983
16.505869508895184	2.8689065	1.6937847
16.523579860127786	2.9096086	1.7057575
16.541290608815117	2.9599802	1.7204593
16.559001755407035	3.0733025	1.7530837
16.57671330035348	3.1854491	1.7847826
16.59442524410448	3.3053842	1.8180716
16.61213758711015	3.4264243	1.8510603
16.629850329820705	3.460642	1.8602802
16.647563472686436	3.4913728	1.8685216
16.665277016157724	3.4384885	1.8543162
16.682990960685053	3.435808	1.8535932
16.70070530671898	3.4578629	1.859533
16.718420054710155	3.5080671	1.8729835
16.736135205109335	3.5671542	1.8886911
16.753850758367335	3.6026423	1.8980628
16.771566714935087	3.6937087	1.9219023
16.789283075263597	3.749628	1.9363956
16.80699983980398	3.8378475	1.9590424
16.82471700900741	3.8537889	1.963107
16.84243458332518	3.9209108	1.980129
16.860152563208665	3.9705162	1.9926155
16.87787094910932	4.027576	2.0068822
16.89558974147871	4.052286	2.013029
16.913308940768466	4.0751777	2.018707
16.931028547430333	4.161641	2.04001
16.94874856191613	4.2393136	2.0589592
16.966468984677785	4.2834563	2.0696514
16.98418981616729	4.2800145	2.0688195
17.00191105683676	4.317231	2.0777948
17.019632707138374	4.375896	2.0918643
17.03735476752442	4.40683	2.099245
17.05507723844728	4.4493604	2.1093507
17.072800120359403	4.5074	2.1230638
17.090523413713353	4.577295	2.1394613
17.108247118961785	4.6146646	2.1481771
17.125971236557437	4.6413116	2.1543703
17.143695766953133	4.618667	2.1491084
17.161420710601806	4.6020665	2.1452427
17.179146067956477	4.6268854	2.1510196
17.19687183947025	4.645018	2.1552305
17.21459802559634	4.593578	2.1432633
17.232324626788028	4.562054	2.1358967
17.25005164349871	4.535657	2.1297083
17.267779076181863	4.5649834	2.1365821
17.285506925291074	4.6031156	2.1454873
17.30323519127999	4.661934	2.1591513
17.320963874602384	4.6388865	2.1538074
17.33869297571211	4.5906296	2.1425755
17.356422495063114	4.5116215	2.1240578
17.37415243310944	4.504632	2.1224117
17.391882790305218	4.498314	2.1209228
17.40961356710468	4.487561	2.1183865
17.42734476396215	4.5073137	2.1230435
17.445076381332044	4.5672946	2.1371229
17.462808419668868	4.631126	2.1520052
17.48054087942723	4.737891	2.1766698
17.498273761061835	4.865422	2.20577
17.51600706502747	5.2198563	2.2847004
17.533740791779024	5.8570423	2.4201326
17.551474941771485	6.7436094	2.596846
17.56920951545993	8.638661	2.9391599
17.586944513299528	9.888446	3.14459
17.60467993574556	12.669719	3.559455
17.622415783253373	15.365305	3.9198604
17.64015205627843	18.118362	4.256567
17.657888755276293	20.498661	4.5275445
17.675625880702604	21.921507	4.6820407
17.69336343301311	20.371845	4.513518
17.71110141266366	18.255188	4.272609
17.728839820110178	15.562591	3.9449449
17.746578655808705	12.5165825	3.5378783
17.764317920215372	10.349501	3.217064
17.7820576137864	8.64519	2.9402704
17.79979773697811	7.2581096	2.694088
17.81753829024692	5.990797	2.4476104
17.835279274049356	5.240622	2.2892406
17.85302068884201	4.543217	2.1314824
17.870762535081607	4.0811725	2.0201912
17.888504813224934	3.78715	1.9460601
17.90624752372891	3.6167588	1.9017779
17.923990667050536	3.5607178	1.8869865
17.941734243646895	3.5017748	1.871303
17.959478253975185	3.4703119	1.8628774
17.9772226984927	3.4521194	1.857988
17.994967577656833	3.4433248	1.8556198
18.01271289192506	3.4259374	1.8509288
18.030458641754965	3.3630655	1.8338662
18.04820482760425	3.282561	1.8117839
18.06595144993067	3.2518873	1.8032991
18.083698509192125	3.240118	1.8000327
18.101446005846576	3.2194567	1.7942845
18.119193940352105	3.203968	1.7899631
18.136942313166887	3.132246	1.7698152
18.1546911247492	3.1652777	1.7791227
18.1724403755574	3.186421	1.7850549
18.19019006604997	3.1839187	1.7843539
18.207940196685467	3.1292126	1.7689581
18.225690767922575	3.0603669	1.7493905
18.243441780220046	3.067554	1.7514434
18.261193234036764	3.0504816	1.7465628
18.278945129831676	3.0400882	1.7435849
18.29669746806386	3.0119386	1.7354938
18.314450249192483	2.9856234	1.7278956
18.3322034736768	2.993894	1.7302873
18.349957141976184	2.9973793	1.7312942
18.3677112545501	2.992919	1.7300055
18.385465811858108	2.975576	1.7249857
18.403220814359884	2.9478776	1.7169385
18.420976262515172	2.9739833	1.724524
18.43873215678387	3.0660849	1.7510239
18.456488497625923	3.12591	1.7680243
18.474245285501407	3.227636	1.7965623
18.492002520870486	3.2968204	1.8157148
18.50976020419343	3.3607163	1.8332256
18.527518335930615	3.6645176	1.9142929
18.545276916542516	4.1949563	2.0481594
18.563035946489688	4.3284883	2.080502
18.580795426232832	4.7170486	2.1718767
18.598555356232698	4.635718	2.1530716
18.616315736950185	4.987231	2.2332108
18.63407656884626	4.6990094	2.1677198
18.65183785238201	4.8431573	2.2007174
18.669599588018617	4.5492105	2.1328878
18.68736177621737	4.5773273	2.139469
18.705124417439652	4.6416726	2.1544542
18.72288751214696	4.4612236	2.112161
18.740651060800886	4.5860467	2.1415057
18.758415063863115	4.315143	2.0772922
18.77617952179546	4.4558854	2.1108968
18.793944435059814	4.20572	2.0507853
18.811709804118184	4.210205	2.0518785
18.829475629432675	4.1343613	2.0333128
18.8472419114655	3.913368	1.9782234
18.86500865067897	3.9814436	1.9953555
18.88277584753551	3.7255058	1.930157
18.90054350249763	3.7484114	1.9360814
18.918311616027957	3.517008	1.8753688
18.936080188589226	3.4043643	1.8450919
18.953849220644265	3.0520008	1.7469976
18.971618712656007	2.8262143	1.6811348
18.9893886650875	2.7597232	1.6612414
19.007159078401887	7.922795	2.814746
19.024929953062408	32.78926	5.7261906
19.042701289532435	32.76309	5.723905
19.060473088275405	25.38795	5.0386457
19.07824534975489	2.6659813	1.6327833
19.096018074434568	2.6090171	1.6152452
19.113791262778197	2.5542214	1.5981932
19.13156491524966	2.5806017	1.6064252
19.149339032312945	2.5949128	1.6108733
19.167113614432136	2.6030395	1.6133938
19.184888662071433	2.556563	1.5989256
19.202664175695123	2.5195246	1.587301
19.220440155767623	2.509088	1.5840101
19.238216602753447	2.5082593	1.5837485
19.2559935171172	2.5253038	1.5891205
19.27377089932361	2.5146534	1.5857658
19.291548749837514	2.5023448	1.5818802
19.309327069123835	2.5068352	1.5832988
19.32710585764763	2.5184953	1.5869768
19.344885115874032	2.5310113	1.5909152
19.362664844268313	2.5201788	1.5875071
19.380445043295822	2.4953227	1.5796591
19.39822571342203	2.4654946	1.5701894
19.41600685511252	2.453355	1.566319
19.43378846883297	2.4696105	1.5714995
19.451570555049173	2.4879155	1.5773127
19.469353114227037	2.4781656	1.5742191
19.48713614683254	2.4672127	1.5707364
19.50491965333182	2.4525793	1.5660713
19.52270363419109	2.4530065	1.5662076
19.540488089876686	2.4455867	1.5638372
19.55827302085503	2.4498966	1.5652145
19.576058427592674	2.4543967	1.5666515
19.593844310556282	2.4852803	1.5764772
19.611630670212598	2.470595	1.5718126
19.629417507028506	2.4623249	1.5691797
19.64720482147098	2.4604557	1.568584
19.6649926140071	2.4998064	1.5810776
19.682780885104084	2.5299916	1.5905948
19.70056963522921	2.5268278	1.5895998
19.718358864849908	2.524417	1.5888413
19.7361485744337	2.5239227	1.5886859
19.753938764448215	2.5231886	1.5884547
19.771729435361202	2.4912353	1.5783647
19.789520587640506	2.5100846	1.5843247
19.807312221754092	2.5217793	1.5880111
19.825104338170043	2.4747496	1.5731337
19.842896937356517	2.4462745	1.5640571
19.860690019781824	2.445838	1.5639175
19.87848358591436	2.5077739	1.5835953
19.896277636222635	2.5147462	1.5857952
19.914072171175278	2.49248	1.5787591
19.931867191241015	2.4706266	1.5718226
19.94966269688869	2.4754405	1.5733533
19.967458688587264	2.497847	1.5804579
19.985255166805807	2.4871562	1.577072
20.00305213201348	2.4937563	1.5791632
20.020849584679578	2.457061	1.5675015
20.038647525273507	2.427071	1.557906
20.05644595426477	2.3928468	1.546883
20.07424487212299	2.3792875	1.5424939
20.092044279317903	2.406181	1.551187
20.109844176319353	2.4230988	1.5566306
20.127644563597304	2.4319854	1.5594825
20.145445441621817	2.4570951	1.5675124
20.16324681086307	2.4600787	1.5684638
20.181048671791373	2.4153173	1.5541291
20.198851024877122	2.3426447	1.53057
20.216653870590836	2.3510044	1.5332985
20.234457209403146	2.3919225	1.5465841
20.252261041784802	2.41683	1.5546157
20.270065368206662	2.38081	1.5429873
20.287870189139685	2.3756626	1.5413184
20.305675505054968	2.3357983	1.5283319
20.323481316423702	2.318789	1.522757
20.341287623717207	2.3068511	1.5188322
20.359094427406884	2.3317697	1.5270133
20.376901727964288	2.3546362	1.5344824
20.39470952586107	2.3453126	1.5314413
20.41251782156899	2.3432133	1.5307558
20.430326615559935	2.3394947	1.5295407
20.448135908305886	2.348458	1.532468
20.465945700278965	2.3637717	1.5374563
20.483755991951384	2.3374884	1.5288846
20.50156678379548	2.2971716	1.5156423
20.519378076283708	2.299066	1.5162672
20.537189869888635	2.3079631	1.5191982
20.55500216508294	2.29908	1.5162717
20.572814962339415	2.3042648	1.5179805
20.59062826213098	2.3359385	1.5283778
20.60844206493066	2.3143573	1.5213012
20.626256371211593	2.299015	1.5162504
20.644071181447032	2.2925587	1.5141197
20.66188649611036	2.2994983	1.5164096
20.67970231567506	2.2828279	1.510903
20.697518640614742	2.3092632	1.519626
20.715335471403122	2.3248487	1.5247455
20.73315280851404	2.3306396	1.5266433
20.750970652421447	2.2965577	1.5154397
20.768789003599412	2.2817616	1.5105501
20.786607862522136	2.2705965	1.5068499
20.8044272296639	2.2937775	1.5145222
20.82224710549913	2.2815828	1.5104909
20.84006749050237	2.282338	1.5107409
20.857888385148268	3.852388	1.9627501
20.8757097899116	45.952854	6.7788534
20.893531705267254	64.798416	8.0497465
20.911354131690224	83.79967	9.154216
20.92917706965566	69.09106	8.312103
20.94700051963877	50.17106	7.0831532
20.96482448211493	29.427204	5.4246845
20.982648957559622	4.1362514	2.0337777
21.00047394644843	2.2373538	1.4957787
21.01829944925707	2.2322218	1.4940622
21.036125466461375	2.2554924	1.5018297
21.053951998537297	2.2382417	1.4960754
21.071779045960906	2.2435718	1.4978557
21.089606609208378	2.237735	1.4959061
21.10743468875603	2.2490094	1.4996698
21.12526328508028	2.234961	1.4949785
21.143092398657675	2.2189167	1.4896028
21.16092202996488	2.208483	1.4860965
21.17875217947867	2.2062664	1.4853506
21.19658284767596	2.1932101	1.480949
21.21441403503377	2.174613	1.4746569
21.232245742029225	2.1657503	1.4716488
21.2500779691396	2.1640131	1.4710585
21.26791071684227	2.2017076	1.4838152
21.28574398561475	2.19693	1.4822044
21.30357777593465	2.1692734	1.4728453
21.321412088279704	2.1413395	1.4633317
21.339246923127792	2.1194258	1.4558247
21.357082280956888	2.1210186	1.4563718
21.3749181622451	2.1024616	1.4499867
21.392754567470647	2.0853338	1.4440686
21.41059149711187	2.075324	1.4405985
21.42842895164726	2.085529	1.4441361
21.446266931555378	2.093729	1.4469724
21.464105437314945	2.0811932	1.4426341
21.481944469404798	2.0806022	1.4424293
21.49978402830388	2.0690627	1.4384236
21.51762411449127	2.0917284	1.446281
21.53546472844617	2.106062	1.4512278
21.553305870647876	2.1358027	1.4614385
21.571147541575865	2.116934	1.4549687
21.58898974170967	2.080059	1.442241
21.60683247152899	2.0675519	1.4378984
21.62467573151363	2.0864725	1.4444627
21.642519522143523	2.124985	1.4577328
21.660363843898722	2.099844	1.4490838
21.6782086972594	2.0639849	1.4366575
21.696054082705864	2.0487363	1.4313407
21.713900000718535	2.0735345	1.4399773
21.73174645177795	2.10044	1.4492894
21.749593436364794	2.0917575	1.446291
21.767440954959845	2.0574613	1.4343853
21.785289008044032	2.0335026	1.4260093
21.803137596098388	1.9951144	1.4124852
21.820986719604086	1.9972941	1.4132565
21.838836379042412	1.9915812	1.4112339
21.85668657489478	1.9862	1.4093261
21.87453730764273	2.003231	1.4153554
21.892388577767914	2.0094993	1.4175681
21.91024038575213	1.9997066	1.4141098
21.928092732077285	2.011743	1.4183593
21.945945617225426	2.0181117	1.4206026
21.963799041678694	2.0314658	1.425295
21.981653005919398	31.333485	5.597632
21.999507510429943	78.09446	8.837107
22.01736255569286	73.026306	8.545543
22.035218142190818	4.1692734	2.04188
22.05307427040661	2.0274029	1.423869
22.07093094082315	2.055595	1.4337347
22.088788153923474	2.0413878	1.4287714
22.106645910190746	1.9873421	1.4097313
22.12450421010827	1.9601357	1.4000485
22.142363054159464	1.9629674	1.4010594
22.16022244282787	1.98176	1.40775
22.178082376597164	1.9816384	1.4077069
22.195942855951145	1.9552354	1.3982973
22.213803881373742	1.9618801	1.4006712
22.231665453349002	1.9975439	1.413345
22.24952757236111	2.0189874	1.4209107
22.26739023889438	2.0057874	1.4162582
22.28525345343323	1.9754301	1.4054999
22.30311721646225	1.9365065	1.3915842
22.320981528466113	1.8883059	1.3741565
22.33884638992964	1.8748068	1.3692359
22.356711801337788	1.8988321	1.3779812
22.37457776317561	1.9248129	1.3873763
22.392444275928337	1.9575063	1.3991091
22.410311340081282	1.960084	1.40003
22.428178956119904	1.9607733	1.4002762
22.446047124529805	1.9423878	1.3936957
22.46391584579669	1.9419142	1.3935258
22.481785120406414	1.9055481	1.3804159
22.49965494884496	1.9138973	1.3834368
22.51752533159841	1.944055	1.3942937
22.53539626915302	1.9630706	1.4010962
22.553267761995137	1.9359374	1.3913797
22.571139810611264	1.9161406	1.3842473
22.589012415488025	1.9522836	1.3972415
22.60688557711216	1.9586929	1.3995332
22.624759295970566	1.954313	1.3979675
22.642633572550263	1.934765	1.3909583
22.660508407338362	1.941536	1.39339
22.67838380082217	1.967557	1.4026964
22.696259753489077	1.9447086	1.394528
22.714136265826614	1.9474394	1.3955069
22.73201333832246	1.9436483	1.3941479
22.74989097146439	1.9452705	1.3947296
22.76776916574035	1.9353824	1.3911802
22.785647921638393	1.9306195	1.3894674
22.803527239646712	1.9216236	1.3862264
22.82140712025363	1.9146911	1.3837236
22.839287563947593	1.9063287	1.3806986
22.85716857121719	1.9032718	1.3795912
22.875050142551135	1.8618367	1.3644913
22.892932278438277	1.8645054	1.365469
22.910814979367604	1.8780675	1.370426
22.928698245828222	1.906663	1.3808197
22.946582078309387	1.9164217	1.3843489
22.96446647730047	1.9307892	1.3895284
22.98235144329098	1.9256258	1.3876692
23.000236976770562	1.8779509	1.3703835
23.018123078229	1.8620241	1.36456
23.03600974815619	1.8673854	1.3665231
23.053896987042194	1.8905869	1.3749862
23.071784795377173	1.9176881	1.3848062
23.08967317365145	1.9228058	1.3866527
23.10756212235546	1.885809	1.3732476
23.125451641979787	1.8463864	1.358818
23.143341733015134	1.841631	1.3570671
23.161232395952357	1.8732939	1.3686832
23.179123631282426	1.9024552	1.3792952
23.197015439496468	1.9019369	1.3791072
23.214907821085717	1.90936	1.381796
23.23280077654157	1.9248723	1.3873976
23.250694306355538	1.9046986	1.3801082
23.268588411019277	1.8934599	1.3760304
23.28648309102458	1.8929223	1.3758352
23.304378346863356	1.9189643	1.3852669
23.322274179027676	1.9080166	1.3813097
23.340170588009723	1.8751447	1.3693593
23.358067574301852	1.84744	1.3592056
23.37596513839651	1.8462065	1.3587519
23.39386328078629	1.8731568	1.3686332
23.411762001963947	1.8824762	1.3720336
23.429661302422353	1.871203	1.3679192
23.4475611826545	1.8874375	1.3738405
23.46546164315356	1.8724986	1.3683927
23.48336268441279	1.8748662	1.3692576
23.501264306925638	1.928333	1.3886443
23.51916651118564	1.992778	1.4116579
23.537069297686497	1.9877671	1.409882
23.554972666922037	1.9062984	1.3806877
23.57287661938623	1.8527426	1.3611549
23.59078115557318	1.8706589	1.3677204
23.608686275977128	1.9118398	1.3826929
23.62659198109246	1.9240977	1.3871185
23.6444982714137	1.9450033	1.3946338
23.66240514743549	1.9665774	1.4023471
23.68031260965263	1.943389	1.3940549
23.698220658560068	1.9123137	1.3828644
23.716129294652845	1.9230878	1.3867544
23.7340385184262	1.914309	1.3835856
23.75194833037546	1.8958231	1.3768889
23.769858730996123	1.901047	1.3787847
23.78776972078382	1.9391252	1.3925247
23.80568130023431	1.949713	1.3963212
23.823593469843495	1.9070566	1.3809621
23.841506230107424	1.8329709	1.3538725
23.859419581522275	1.8447493	1.3582155
23.87733352458438	1.9206954	1.3858916
23.89524805979019	1.9360205	1.3914095
23.913163187636318	1.9099737	1.382018
23.931078908619508	1.9221579	1.386419
23.948995223236633	1.992564	1.4115821
23.966912131984735	2.0107691	1.418016
23.98482963536096	2.0153234	1.4196209
24.002747733862616	2.0288794	1.4243873
24.020666427987155	2.0431428	1.4293854
24.038585718232156	2.0324929	1.4256552
24.056505605095353	2.0188792	1.4208727
24.074426089074617	2.0965586	1.4479498
24.092347170667946	2.1039631	1.4505044
24.110268850373515	2.0860736	1.4443246
24.128191128689586	2.0701742	1.43881
24.146114006114626	2.0773518	1.4413022
24.164037483147187	2.081577	1.4427671
24.181961560286005	2.062658	1.4361957
24.199886238029926	2.0194237	1.4210643
24.21781151687797	2.0394459	1.4280916
24.235737397329274	2.0409682	1.4286246
24.253663879883135	2.0548851	1.433487
24.271590965038975	2.0059118	1.4163022
24.289518653296376	1.9469831	1.3953433
24.30744694515505	1.9683474	1.4029781
24.32537584111486	2.0340803	1.4262118
24.34330534167581	2.0861354	1.444346
24.361235447338046	2.0567894	1.434151
24.379166158601876	1.9899701	1.410663
24.39709747596772	1.9365791	1.3916103
24.41502939993615	1.9400227	1.392847
24.432961931007917	1.9227494	1.3866324
24.450895069683856	1.9314167	1.3897542
24.468828816465	1.9485044	1.3958884
24.4867631718525	1.9793257	1.4068851
24.504698136347656	1.9688667	1.4031631
24.52263371045192	1.980411	1.4072708
24.540569894666874	1.9823682	1.407966
24.558506689494266	2.0153015	1.4196131
24.57644409543597	2.0130508	1.4188203
24.594382112994012	1.9830563	1.4082103
24.61232074267057	1.9638051	1.4013582
24.630259984967953	1.9122506	1.3828415
24.64819984038863	1.9362719	1.3914999
24.66614030943522	1.9551365	1.398262
24.684081392610462	1.9872959	1.4097148
24.702023090417274	1.9753953	1.4054875
24.7199654033587	2.001886	1.4148802
24.737908331937927	2.0484228	1.4312313
24.755851876658305	2.0859249	1.4442731
24.773796038023324	2.0873532	1.4447676
24.79174081653661	2.0941894	1.4471314
24.809686212701962	2.0983632	1.4485728
24.827632227023294	2.1240141	1.4573998
24.8455788600047	2.1001253	1.449181
24.8635261121504	2.1128953	1.4535801
24.88147398396475	2.094028	1.4470757
24.899422475952303	2.0757222	1.4407367
24.917371588617698	2.0762868	1.4409326
24.935321322465768	2.1040804	1.4505448
24.953271678001478	2.2331414	1.4943699
24.97122265572994	2.4264743	1.5577145
24.989174256156414	2.8001604	1.673368
25.00712647978632	3.4386852	1.8543692
25.02507932712521	4.43698	2.1064138
25.043032798678798	5.979889	2.4453812
25.060986894952933	7.6584306	2.767387
25.078941616453637	9.088092	3.0146463
25.096896963687055	9.83175	3.1355622
25.114852937159508	10.52253	3.243845
25.132809537377444	10.440503	3.2311769
25.150766764847468	9.90272	3.146859
25.168724620076347	8.57297	2.9279635
25.186683103570985	7.2557335	2.693647
25.204642215838426	5.7482743	2.3975558
25.222601957385894	4.5914593	2.142769
25.24056232872074	3.5688846	1.8891492
25.25852333035048	2.8627648	1.6919707
25.276484962782778	2.416075	1.5543729
25.294447226525435	2.1906106	1.4800712
25.312410122086423	2.0637944	1.4365913
25.330373649973843	2.007979	1.4170318
25.348337810695988	1.9646202	1.4016491
25.366302604761245	1.9987696	1.4137785
25.384268032678207	2.002693	1.4151653
25.40223409495558	1.9702314	1.4036493
25.420200792102257	1.8914813	1.3753114
25.438168124627246	1.8959167	1.376923
25.45613609303974	1.9034462	1.3796544
25.474104697849057	1.9073397	1.3810647
25.492073939564698	1.9056574	1.3804555
25.510043818696285	1.8853074	1.373065
25.528014335753614	1.8404799	1.3566428
25.54598549124664	1.79807	1.3409213
25.56395728568544	1.8329036	1.3538477
25.58192971958028	1.8683058	1.3668598
25.59990279344156	1.8682287	1.3668317
25.617876507779833	1.818975	1.3486938
25.635850863105826	1.8055209	1.3436967
25.653825859930386	1.8854556	1.3731189
25.671801498764548	1.8994774	1.3782153
25.68977778011949	1.8774889	1.3702149
25.707754704506524	1.862063	1.3645743
25.725732272437153	1.8584363	1.3632448
25.743710484423012	1.8565423	1.3625499
25.761689340975888	1.8589711	1.3634409
25.77966884260774	1.8491777	1.3598447
25.797648989830662	1.8759147	1.3696404
25.815629783156922	1.8909737	1.3751268
25.83361122309895	1.8688589	1.3670622
25.85159331016929	1.8852001	1.3730259
25.869576044880695	1.8807449	1.3714025
25.887559427746034	1.8925087	1.3756849
25.90554345927836	1.8210447	1.3494608
25.92352813999086	1.7835978	1.3355141
25.94151347039689	1.8115246	1.3459289
25.959499451009965	1.8288234	1.35234
25.97748608234374	1.8338147	1.3541842
25.995473364912062	1.8477083	1.3593043
26.013461299228904	1.8623592	1.3646828
26.03144988580839	1.8303095	1.3528893
26.04943912516483	1.7958707	1.340101
26.067429017812675	1.7496711	1.3227513
26.085419564266537	1.7734442	1.3317072
26.103410765041186	1.8037201	1.3430265
26.12140262065155	1.865329	1.3657705
26.139395131612723	1.8549609	1.3619695
26.157388298439948	1.8552452	1.3620739
26.17538212164861	1.8596772	1.3636998
26.193376601754295	1.8252102	1.3510034
26.211371739272714	1.8162303	1.3476759
26.229367534719746	1.8527434	1.3611552
26.247363988611433	1.8674418	1.3665438
26.26536110146397	1.8212553	1.3495389
26.283358873793727	1.793527	1.3392262
26.301357306117204	1.7940867	1.3394352
26.319356398951104	1.801979	1.3423781
26.33735615281224	1.7572248	1.3256036
26.35535656821762	1.7659749	1.3288999
26.373357645684404	1.7963972	1.3402975
26.39135938572991	1.82734	1.3517914
26.409361788871614	1.7582366	1.3259852
26.427364855627165	1.744644	1.3208498
26.445368586514352	1.7258407	1.3137126
26.46337298205115	1.7477385	1.3220206
26.48137804275568	1.7755079	1.3324819
26.499383769146217	1.8064593	1.3440459
26.517390161741215	1.8036075	1.3429846
26.53539722105928	1.7710718	1.3308163
26.553404947619182	1.7973946	1.3406695
26.571413341939856	1.8365463	1.3551923
26.589422404540397	1.839917	1.3564354
26.60743213594006	1.8079534	1.3446015
26.62544253665827	1.7865969	1.3366364
26.64345360721459	1.7876062	1.337014
26.66146534812879	1.7859802	1.3364058
26.679477759920758	1.7714485	1.3309578
26.69749084311057	1.7971551	1.3405801
26.71550459821847	1.7970608	1.3405449
26.733519025764842	1.7856966	1.3362997
26.751534126270258	1.8318976	1.3534762
26.769549900255434	1.8508242	1.36045
26.787566348241267	1.8508688	1.3604664
26.80558347074881	1.8587897	1.3633744
26.823601268299267	1.8369724	1.3553495
26.841619741414036	1.7862065	1.3364904
26.85963889061465	1.7858464	1.3363556
26.877658716422832	1.7871084	1.3368278
26.89567921936045	1.7760966	1.3327028
26.913700399949544	1.7602112	1.3267295
26.93172225871233	1.7901293	1.3379571
26.949744796171174	1.8289635	1.3523917
26.967768012848605	1.8396765	1.3563467
26.98579190926733	1.8467804	1.358963
27.003816485950225	1.8274943	1.3518485
27.021841743420318	1.8223417	1.3499414
27.039867682200814	1.8356334	1.3548555
27.057894302815072	1.8573011	1.3628284
27.07592160578664	1.8450536	1.3583275
27.0939495916392	1.8289361	1.3523816
27.111978260896635	1.7871462	1.3368418
27.13000761408296	1.7590989	1.3263103
27.148037651722397	1.7835091	1.3354808
27.166068374339304	1.8294085	1.3525563
27.184099782458215	1.7864403	1.3365778
27.20213187660384	1.7643948	1.3283052
27.22016465730105	1.765548	1.3287393
27.23819812507487	1.7731669	1.3316032
27.256232280450533	1.8152099	1.3472972
27.274267123953383	1.8279338	1.352011
27.292302656108987	1.8180354	1.3483454
27.31033887744306	1.7786095	1.3336452
27.32837578848146	1.7722509	1.3312591
27.34641338975026	1.8232809	1.3502892
27.364451681775673	1.8333396	1.3540087
27.382490665084074	1.7899961	1.3379074
27.400530340202046	1.8043486	1.3432604
27.41857070765629	1.8555222	1.3621755
27.436611767973726	1.8670454	1.3663987
27.454653521681404	1.8054008	1.343652
27.472695969306564	1.7515987	1.3234798
27.490739111376627	1.7674555	1.3294568
27.508782948419153	1.8177413	1.3482363
27.526827480961902	1.8425586	1.3574088
27.54487270953279	1.8641639	1.3653438
27.562918634659898	1.8981154	1.3777211
27.580965256871508	1.9487972	1.3959932
27.599012576696026	1.9035766	1.3797016
27.617060594662068	1.8262025	1.3513706
27.63510931129842	1.7729504	1.3315219
27.65315872713401	1.8425702	1.357413
27.67120884269797	1.8576006	1.3629382
27.68925965851958	1.8549738	1.3619742
27.707311175128307	1.8483801	1.3595514
27.725363393053787	1.9048537	1.3801644
27.74341631282583	1.9462302	1.3950735
27.7614699349744	1.9481269	1.3957531
27.77952426002968	2.147119	1.4653051
27.797579288521973	2.2098827	1.4865674
27.815635020981784	2.6041539	1.6137391
27.83369145793979	2.6431642	1.625781
27.85174859992682	2.5268457	1.5896056
27.869806447473923	2.4082408	1.5518508
27.887865001112267	2.0978577	1.4483984
27.905924261373233	1.9403619	1.3929688
27.92398422878836	1.851772	1.3607982
27.94204490388936	1.8369766	1.3553511
27.96010628720813	1.8302782	1.3528777
27.978168379276728	1.814765	1.3471321
27.9962311806274	1.8067915	1.3441695
28.014294691792568	1.7888068	1.3374628
28.0323589133048	1.803865	1.3430804
28.050423845696887	1.8722385	1.3682977
28.068489489501758	1.9250482	1.3874611
28.086555845252523	1.8874263	1.3738363
28.104622913482487	1.8328257	1.3538189
28.122690694725115	1.8555839	1.3621982
28.14075918951405	1.9315506	1.3898023
28.15882839838312	1.9457855	1.3949142
28.176898321866304	1.9492068	1.39614
28.1949689604978	1.9015555	1.378969
28.213040314811945	1.844658	1.3581818
28.23111238534327	1.8663228	1.3661343
28.249185172626493	1.9301167	1.3892864
28.267258677196473	2.0077477	1.4169501
28.285332899588294	2.020279	1.4213651
28.303407840337172	2.0008445	1.4145122
28.321483499978545	1.9909312	1.4110036
28.33955987904799	2.0001411	1.4142635
28.357636978081285	1.9962676	1.4128933
28.37571479761439	2.017239	1.4202955
28.393793338183425	2.0532346	1.4329113
28.41187260032469	2.0600514	1.435288
28.429952584574686	2.0365498	1.4270774
28.448033291470065	2.0489366	1.4314107
28.46611472154769	2.0682569	1.4381435
28.484196875344566	2.0638194	1.4366
28.502279753397914	2.0030527	1.4152925
28.52036335624511	1.9745753	1.4051958
28.538447684423716	1.979761	1.4070398
28.556532738471482	2.0198565	1.4212165
28.574618518926325	2.0429332	1.4293121
28.59270502632635	2.0508957	1.4320948
28.61079226120985	2.0137527	1.4190675
28.628880224115274	1.9709876	1.4039186
28.646968915581287	1.9453412	1.3947549
28.66505833614671	2.016595	1.4200686
28.68314848635055	2.1049476	1.4508437
28.701239366732004	2.11242	1.4534167
28.71933097783044	2.0994983	1.4489646
28.737423320185403	2.12746	1.4585814
28.75551639433665	2.0841846	1.4436705
28.773610200824074	2.0742002	1.4402083
28.791704740187793	2.1793766	1.4762712
28.80980001296809	2.1888769	1.4794854
28.827896019705413	2.1208267	1.4563059
28.845992760940433	2.1178832	1.4552948
28.86409023721397	2.155959	1.4683183
28.88218844906704	2.152829	1.4672521
28.900287397040845	2.183187	1.4775611
28.918387081676755	2.1907415	1.4801154
28.936487503516343	2.2118568	1.4872313
28.954588663101365	2.2593336	1.503108
28.97269056097374	2.2677855	1.5059168
28.990793197675597	2.2748466	1.5082594
29.00889657374923	2.3003716	1.5166976
29.027000689737125	2.3152366	1.5215901
29.04510554618196	2.3421495	1.5304083
29.06321114362659	2.379447	1.5425457
29.08131748261405	2.4421396	1.5627346
29.099424563687567	2.5319047	1.591196
29.11753238739057	2.6108072	1.6157992
29.13564095426663	2.6098118	1.6154912
29.15375026485954	2.6498978	1.6278507
29.171860319713275	2.6673806	1.6332117
29.18997111937199	2.6658597	1.6327461
29.20808266438002	2.71874	1.6488602
29.226194955281898	2.8168633	1.6783514
29.244307992622335	2.8477993	1.6875424
29.26242177694624	2.8461096	1.6870416
29.2805363087987	2.8125932	1.6770787
29.29865158872498	2.8054843	1.674958
29.316767617270557	2.8394408	1.6850641
29.334884394981064	2.9161224	1.7076658
29.353001922402367	2.9652715	1.7219963
29.37112020008047	2.9989517	1.7317481
29.389239228561596	3.1515074	1.7752485
29.407359008392152	3.3860703	1.8401278
29.42547954011872	3.6290236	1.9049996
29.44360082428809	4.0805984	2.020049
29.46172286144722	4.9417763	2.2230105
29.479845652143283	6.6487393	2.578515
29.497969196923606	9.479435	3.078869
29.516093496335728	13.299024	3.6467826
29.5342185509274	17.035332	4.127388
29.55234436124651	20.198626	4.494288
29.570470927841175	21.586641	4.6461425
29.588598251259686	21.256653	4.6104937
29.60672633205055	19.397005	4.404203
29.624855170762405	16.276033	4.0343566
29.642984767944146	12.866073	3.5869308
29.66111512414481	9.581985	3.0954783
29.67924623991366	7.064205	2.6578572
29.697378115800138	5.2275043	2.2863736
29.71551075235387	4.2739234	2.067347
29.733644150124675	3.8157823	1.9534028
29.751778309662576	3.605307	1.8987646
29.769913231517766	3.5307734	1.8790352
29.78804891624066	3.4849975	1.8668149
29.806185364381818	3.4578238	1.8595225
29.82432257649206	3.3763595	1.8374872
29.842460553122333	3.3290372	1.8245649
29.86059929482382	3.3119698	1.8198818
29.878738802147872	3.2772493	1.8103175
29.896879075646048	3.225222	1.7958903
29.915020115870114	3.225924	1.7960857
29.933161923371976	3.2407184	1.8001995
29.951304498703777	3.1944335	1.7872978
29.969447842417857	3.2393057	1.7998072
29.987591955066733	3.2159257	1.7933003
30.005736837203123	3.23142	1.797615
30.023882489379943	3.2577372	1.8049203
30.04202891215028	3.2339947	1.7983311
30.060176106067455	3.1950085	1.7874587
30.078324071684946	3.1820414	1.7838278
30.09647280955646	3.207676	1.7909986
30.114622320235863	3.278682	1.8107132
30.132772604277257	3.3408763	1.8278065
30.1509236622349	3.2827191	1.8118275
30.16907549466328	3.174364	1.7816745
30.18722810211705	3.086358	1.7568034
30.205381485151097	3.073366	1.7531018
30.22353564432045	3.0638647	1.7503898
30.241690580180403	3.0456467	1.7451781
30.25984629328638	3.0431478	1.744462
30.278002784194037	3.0159428	1.736647
30.296160053459246	2.9842901	1.7275099
30.314318101638033	2.9796515	1.7261667
30.332476929286646	2.985924	1.7279826
30.35063653696153	2.924482	1.7101117
30.368796925219307	2.8722162	1.6947614
30.386958094616844	2.9250972	1.7102915
30.40512004571115	2.918098	1.7082441
30.423282779059463	2.8389485	1.6849179
30.441446295219233	2.8701503	1.6941518
30.459610594748067	2.88857	1.6995794
30.47777567820382	2.9115546	1.7063278
30.495941546144504	2.951889	1.7181063
30.51410819912835	2.9597673	1.7203975
30.532275637713795	2.9003358	1.7030373
30.55044386245946	2.823537	1.6803384
30.56861287392416	2.841264	1.6856049
30.586782672666956	2.8537836	1.6893145
30.604953259247047	2.7878323	1.6696802
30.623124634223885	2.7818437	1.667886
30.641296798157075	2.770104	1.6643629
30.659469751606462	2.7560828	1.6601454
30.677643495132074	2.7204766	1.6493868
30.695818029294152	2.6533024	1.6288961
30.713993354653116	2.6862867	1.6389896
30.73216947176962	2.7285426	1.6518301
30.75034638120448	2.7216787	1.6497511
30.768524083518756	2.7755044	1.6659845
30.786702579273673	2.85489	1.689642
30.80488186903069	2.9128766	1.7067151
30.82306195335144	3.0668106	1.7512312
30.841242832797782	3.320684	1.8222744
30.85942450793176	3.6829665	1.9191056
30.877606979315637	4.029969	2.0074782
30.895790247511883	4.3438406	2.0841882
30.913974313083134	4.740734	2.1773226
30.932159176592283	5.2152157	2.2836847
30.95034483860237	5.509678	2.3472703
30.968531299676698	5.51231	2.347831
30.98671856037873	5.3019514	2.3025966
31.00490662127215	4.9453006	2.2238033
31.023095482920848	4.3881416	2.0947893
31.04128514588892	3.799383	1.9492006
31.059475610740662	3.2747915	1.8096385
31.07766687804056	2.8610823	1.6914734
31.09585894835335	2.7050376	1.6446998
31.11405182224393	2.63729	1.6239735
31.132245500277417	2.6033974	1.6135046
31.15043998301914	2.5475063	1.5960909
31.168635271034628	2.422867	1.5565561
31.18683136488964	2.3871486	1.54504
31.20502826515008	2.4255927	1.5574315
31.223225972382135	2.4342568	1.5602105
31.241424487152155	2.439389	1.5618544
31.259623810026692	2.3917177	1.546518
31.27782394157253	2.3947556	1.5474998
31.296024882356644	2.4258707	1.5575206
31.314226632946237	2.4762337	1.5736053
31.332429193908684	2.4518757	1.5658467
31.350632565811598	2.4631817	1.5694526
31.368836749222787	2.515682	1.5860902
31.387041744710295	2.5811334	1.6065906
31.40524755284232	2.6183538	1.6181328
31.423454174187317	2.6357737	1.6235065
31.441661609313922	2.645797	1.6265906
31.459869858791002	2.5901742	1.6094018
31.478078923187628	2.4508445	1.5655173
31.496288803073064	2.3095448	1.5197186
31.514499499016807	2.303234	1.517641
31.532711011588546	2.3698297	1.5394251
31.550923341358178	2.3480265	1.5323272
31.56913648889584	2.3017986	1.5171679
31.587350454771844	2.329038	1.5261185
31.605565239556732	2.3697445	1.5393975
31.62378084382127	2.2890754	1.512969
31.641997268136382	2.2516766	1.5005587
31.660214513073274	2.260555	1.5035142
31.67843257920331	2.3577585	1.5354995
31.6966514670981	2.4191763	1.5553702
31.71487117732944	2.400449	1.5493382
31.733091710469346	2.3295567	1.5262885
31.751313067090052	2.3115702	1.5203849
31.769535247764008	2.280092	1.5099974
31.787758253063878	2.195933	1.4818681
31.805982083562526	2.1863015	1.4786147
31.824206739833024	2.2097409	1.4865197
31.84243222244869	2.2232485	1.4910562
31.860658531983013	2.2044148	1.4847271
31.878885669009737	2.2722652	1.5074035
31.897113634102784	2.346634	1.5318726
31.91534242783632	2.4263647	1.5576793
31.933572050784694	2.3629086	1.5371755
31.951802503522508	2.2839592	1.5112773
31.970033786624548	2.2377927	1.4959254
31.988265900665834	2.2482727	1.4994241
32.006498846221575	2.3120682	1.5205487
32.02473262386724	2.2479823	1.4993273
32.04296723417845	2.1485069	1.4657786
32.0612026777311	2.169857	1.4730434
32.07943895510129	2.2159312	1.4886004
32.097676066865304	2.264941	1.5049721
32.115914013599685	2.2132907	1.4877132
32.13415279588115	2.1511145	1.4666678
32.152392414286666	2.1595905	1.4695545
32.1706328693934	2.18062	1.4766922
32.18887416177875	2.1469507	1.4652476
32.20711629202032	2.1330292	1.4604894
32.225359260695924	2.1588662	1.469308
32.243603068383614	2.189536	1.4797081
32.26184771566166	2.2518926	1.5006307
32.28009320310852	2.247106	1.499035
32.2983395313029	2.1980844	1.4825938
32.31658670082372	2.127937	1.458745
32.33483471225012	2.1378577	1.4621415
32.35308356616143	2.1880538	1.4792072
32.371333263137245	2.1926339	1.4807545
32.38958380375734	2.1649165	1.4713656
32.407835188601744	2.0535417	1.4330183
32.42608741825067	1.9561162	1.3986123
32.444340493284585	1.9164164	1.384347
32.46259441428416	1.983446	1.4083487
32.48084918183028	2.067558	1.4379005
32.49910479650405	2.1715298	1.4736111
32.51736125888683	2.1205432	1.4562085
32.53561856956014	2.0312533	1.4252205
32.5538767291058	2.0082996	1.4171449
32.572135738105764	2.0866416	1.4445212
32.59039559714228	2.1079476	1.4518772
32.608656306797776	2.0623965	1.4361047
32.62691786765491	2.054151	1.433231
32.645180280296586	2.0768998	1.4411453
32.663443545305896	2.0698066	1.4386822
32.68170766326619	2.0704615	1.4389099
32.69997263476099	2.0131342	1.4188496
32.7182384603741	1.9702426	1.4036533
32.7365051406895	1.9885441	1.4101574
32.75477267629144	2.0537226	1.4330815
32.77304106776434	2.0521958	1.4325488
32.79131031569289	2.0309684	1.4251205
32.809580420661966	1.9770066	1.4060607
32.827851383256714	1.9483595	1.3958365
32.84612320406245	1.9970183	1.413159
32.86439588366476	1.993481	1.4119068
32.88266942264945	1.9816474	1.40771
32.9009438216025	2.1102712	1.4526772
32.9192190811102	2.143533	1.4640809
32.937495201758985	1.9553127	1.398325
32.95577218413556	1.8851622	1.3730121
32.974050028826866	1.9329646	1.390311
32.992328736420035	1.8969142	1.3772851
33.010608307502444	1.965072	1.4018103
33.02888874266169	2.0629375	1.436293
33.047170042485604	2.077737	1.4414358
33.06545220756225	1.9373277	1.3918792
33.083735238479896	1.9058031	1.3805083
33.10201913582707	1.9568976	1.3988916
33.12030390019248	1.9587992	1.3995711
33.138589532165135	1.9045197	1.3800434
33.15687603233419	1.8737185	1.3688384
33.17516340128909	1.9226637	1.3866014
33.19345163961947	1.9699622	1.4035535
33.211740747915215	1.9802966	1.4072301
33.23003072676643	1.9639354	1.4014047
33.248321576763466	2.0180984	1.4205979
33.266613298496885	1.9677873	1.4027784
33.28490589255747	1.8642633	1.3653803
33.30319935953626	1.9018494	1.3790755
33.32149370002451	1.965835	1.4020823
33.339788914613706	1.8373803	1.3555
33.358085003895575	1.8047373	1.3434051
33.376381968462034	1.9192591	1.3853732
33.39467980890529	2.0034704	1.41544
33.41297852581774	2.0519145	1.4324505
33.43127811979204	1.9534533	1.3976599
33.44957859142105	1.9233046	1.3868326
33.467879941297866	1.9747125	1.4052446
33.486182170015844	1.9746938	1.405238
33.50448527816853	1.9122907	1.382856
33.522789266349754	1.9587181	1.3995421
33.541094135153514	1.988819	1.410255
33.55939988517411	1.9393457	1.392604
33.57770651700602	1.9179919	1.3849158
33.59601403124398	1.9320542	1.3899835
33.61432242848296	1.9654379	1.4019407
33.632631709318154	1.9674748	1.402667
33.650941874344994	1.9933962	1.4118768
33.66925292415916	1.9446689	1.3945138
33.68756485935654	1.9294469	1.3890454
33.70587768053328	1.8410375	1.3568484
33.724191388285746	1.759166	1.3263355
33.74250598321054	1.861972	1.3645409
33.760821465904506	1.9527576	1.397411
33.77913783696474	1.9515227	1.3969691
33.79745509698852	1.944592	1.3944863
33.815773246573414	1.9199239	1.3856132
33.8340922863172	2.0460098	1.430388
33.852412216817896	2.1503065	1.4663923
33.87073303867377	2.0104527	1.4179044
33.889054752483304	1.9153911	1.3839766
33.907377358845245	2.0692492	1.4384885
33.92570085835853	2.0618134	1.4359016
33.94402525162239	2.0304017	1.4249216
33.96235053923627	2.045836	1.4303272
33.980676721799824	1.921346	1.3861263
33.999003799912984	1.7960533	1.3401691
34.01733177417592	1.8817917	1.3717841
34.03566064518901	1.9409802	1.3931906
34.0539904135529	1.8954613	1.3767575
34.07232107986846	1.8186959	1.3485904
34.090652644736785	1.8279346	1.3520113
34.108985108759235	2.025539	1.4232143
34.12731847253742	2.0562348	1.4339577
34.14565273667313	1.9613912	1.4004967
34.16398790176847	1.854602	1.3618377
34.18232396842574	1.8328941	1.3538442
34.20066093724749	1.9102949	1.3821342
34.21899880883651	1.8969604	1.3773018
34.23733758379583	1.9537569	1.3977685
34.25567726272874	2.0012836	1.4146674
34.27401784623872	1.9434333	1.3940707
34.29235933492957	1.8218045	1.3497424
34.31070172940526	1.8094229	1.3451478
34.32904503027003	1.8549991	1.3619835
34.347389238128386	2.0233352	1.4224399
34.36573435358502	1.9922204	1.4114604
34.38408037724492	1.9406505	1.3930724
34.402427309713296	2.0041113	1.4156663
34.42077515159559	2.0516033	1.4323419
34.43912390349752	2.2041044	1.4846226
34.45747356602499	2.2321594	1.4940413
34.47582413978423	2.0687196	1.4383044
34.49417562538163	1.9434513	1.3940772
34.51252802342388	1.8609778	1.3641766
34.53088133451789	1.8574786	1.3628935
34.54923555927084	1.8645579	1.3654882
34.567590698290104	1.8341901	1.3543228
34.58594675218336	1.90659	1.3807932
34.6043037215585	1.9816107	1.407697
34.62266160702365	2.039989	1.4282818
34.641020409187234	2.1091688	1.4522978
34.65938012865785	2.1863515	1.4786316
34.677740766044394	2.079881	1.4421792
34.69610232195598	1.9449005	1.3945969
34.714464797002016	2.0900273	1.4456927
34.73282819179208	2.2631433	1.5043747
34.751192506936064	2.112943	1.4535966
34.76955774304408	1.941441	1.3933561
34.7879239007265	1.8606132	1.364043
34.80629098059391	1.9915072	1.4112077
34.824658983257194	1.9975288	1.4133396
34.843027909327446	1.9127476	1.3830212
34.86139775941603	1.7506549	1.3231232
34.879768534134534	1.7014104	1.3043813
34.89814023409483	1.6304084	1.2768744
34.91651285990901	1.6574738	1.2874291
34.93488641218944	1.917715	1.3848158
34.95326089154871	2.116242	1.4547309
34.97163629859967	2.0337968	1.4261125
34.99001263395542	1.7856776	1.3362925
35.00838989822934	1.8551271	1.3620305
35.02676809203499	2.056052	1.433894
35.04514721598624	2.0479445	1.4310641
35.063527270697215	1.9681505	1.4029078
35.081908256782256	1.9748055	1.4052777
35.10029017485597	1.9801382	1.4071739
35.11867302553321	2.1087968	1.4521697
35.137056809429104	2.1411314	1.4632605
35.155441527159006	2.0263643	1.4235042
35.173827179338524	2.0520263	1.4324895
35.19221376658354	1.9752924	1.4054509
35.21060128951017	1.9395344	1.3926717
35.2289897487348	1.9221141	1.3864033
35.24737914487405	1.9102023	1.3821007
35.26576947854479	2.0022051	1.4149929
35.28416075036418	2.1876311	1.4790642
35.30255296094958	2.234605	1.4948596
35.32094611091867	2.1457396	1.4648343
35.33934020088932	2.217549	1.4891437
35.35773523147969	2.225837	1.4919239
35.3761312033082	2.0991068	1.4488294
35.394528116993506	2.2044191	1.4847287
35.41292597315452	2.3256202	1.5249984
35.431324772410434	2.0533607	1.4329553
35.449724515380666	2.0345652	1.4263818
35.46812520268491	2.3774457	1.5418968
35.486526834943106	2.3591342	1.5359473
35.504929412775454	1.924465	1.3872509
35.52333293680242	2.0333428	1.4259533
35.54173740764471	1.9988191	1.413796
35.560142825923286	1.5857321	1.2592585
35.5785491922594	1.5263748	1.2354654
35.59695650727454	2.0920815	1.446403
35.61536477159042	2.705336	1.6447906
