0.008763373481513119	0.0	0.0
0.026290120649546365	0.11242709	0.3353015
0.043816868432600686	0.121336736	0.34833422
0.06134361724069026	0.08375415	0.2894031
0.07887036748382949	0.104934245	0.32393557
0.0963971195720331	0.08218386	0.28667727
0.11392387391531617	0.11007092	0.33176938
0.1314506309236943	0.17107725	0.41361487
0.1489773910071836	0.18864691	0.43433502
0.16650415457580078	0.16374034	0.40464842
0.18403092203956356	0.17217372	0.4149382
0.20155769380849	0.13056594	0.3613391
0.2190844702925996	0.16675754	0.40835956
0.2366112519019124	0.18117139	0.4256423
0.2541380390464497	0.13850465	0.37216213
0.27166483213623416	0.12757607	0.3571779
0.28919163158128947	0.072667755	0.26956958
0.3067184377916406	0.11907008	0.34506533
0.324245251177314	0.10485368	0.32381117
0.34177207214833777	0.12136963	0.34838143
0.3592989011147415	0.10617515	0.32584527
0.37682573848655654	0.08116266	0.28489062
0.39435258467381573	0.11165203	0.33414373
0.41187944008655414	0.13834962	0.3719538
0.42940630513480854	0.18171257	0.42627758
0.446933180228618	0.18856427	0.43423986
0.4644600657780234	0.19076787	0.4367698
0.48198696219306775	0.20497176	0.45273808
0.49951386988379676	0.24748313	0.49747676
0.5170407892602581	0.26580834	0.51556605
0.5345677207325025	0.2444981	0.4944675
0.5520946647105822	0.22389999	0.4731807
0.5696216216045534	0.18554725	0.43075195
0.5871485918244737	0.17463592	0.41789463
0.6046755757804043	0.18752049	0.43303636
0.6222025738824094	0.19029616	0.43622947
0.6397295865405557	0.21209645	0.4605393
0.6572566141649129	0.19802098	0.4449955
0.6747836571655547	0.2053992	0.45320988
0.6923107159525568	0.18846263	0.43412283
0.7098377909359992	0.15989213	0.39986515
0.7273648825259653	0.17791936	0.42180488
0.7448919911325411	0.16507925	0.40629947
0.762419117165817	0.18767527	0.43321502
0.7799462610358868	0.15112697	0.38875052
0.7974734231528482	0.14477333	0.3804909
0.8150006039268024	0.15138489	0.3890821
0.8325278037678551	0.17470533	0.41797766
0.8500550230861152	0.19815792	0.44514933
0.8675822622916969	0.18351455	0.42838597
0.8851095217947171	0.18463224	0.42968854
0.9026368020052984	0.17768216	0.42152363
0.9201641033335665	0.20969902	0.45792904
0.9376914261896523	0.20289814	0.45044217
0.9552187709836915	0.20499007	0.45275828
0.9727461381258234	0.24484996	0.49482316
0.990273528026193	0.2759166	0.5252777
1.0078009410949496	0.31665164	0.5627181
1.0253283777422473	0.3186999	0.56453514
1.0428558383782454	0.3318563	0.5760697
1.0603833234131086	0.30472896	0.5520226
1.0779108332570058	0.3061276	0.553288
1.0954383683201119	0.32360077	0.56885916
1.112965929012607	0.37062046	0.60878605
1.1304935157446763	0.5124499	0.7158561
1.1480211289265108	0.5926013	0.769806
1.1655487689683062	1.4644544	1.2101464
1.1830764362802655	1.7814752	1.3347192
1.200604131272596	2.1378243	1.4621301
1.2181318543555117	2.28132	1.510404
1.235659605939232	2.2940226	1.5146031
1.253187386433982	3.6922457	1.9215217
1.270715196249994	6.0715227	2.464046
1.2882430357975057	11.455787	3.3846397
1.3057709054867608	16.207314	4.0258307
1.3232988057280106	22.21216	4.712978
1.3408267369315112	26.858011	5.1824718
1.358354699507526	30.267992	5.5016356
1.3758826938663256	34.372932	5.8628435
1.3934107204181858	36.674618	6.0559573
1.410938779573391	37.20668	6.099728
1.4284668717422309	37.782444	6.1467423
1.4459949973350033	37.518894	6.125267
1.4635231567620117	37.230198	6.1016555
1.4810513504335687	36.020855	6.0017376
1.4985795787599925	35.45842	5.954697
1.5161078421516088	35.015697	5.917406
1.5336361410187505	34.597534	5.881967
1.5511644757717598	34.83494	5.9021134
1.5686928468209842	35.303185	5.9416485
1.58622125457678	35.78754	5.982269
1.6037496994495108	36.53917	6.0447636
1.621278181849548	36.330177	6.027452
1.6388067021872719	37.12307	6.09287
1.6563352608730693	36.588013	6.0488024
1.673863858317336	35.94873	5.995726
1.6913924949304753	35.164036	5.9299273
1.7089211711228998	34.319077	5.8582487
1.7264498873050296	33.864716	5.8193398
1.7439786438872935	32.95916	5.741007
1.7615074412801288	31.831638	5.6419535
1.779036279893981	31.135317	5.579903
1.796565160139305	30.35793	5.509803
1.814094082426564	29.857603	5.464211
1.8316230471662298	29.202274	5.403913
1.849152054768784	28.25534	5.315575
1.8666811056447168	27.568958	5.250615
1.8842102002045273	26.94678	5.1910286
1.901739338858724	26.27114	5.125538
1.9192685220178245	25.71993	5.071482
1.9367977500923557	24.759846	4.9759264
1.9543270234928547	24.158894	4.9151697
1.971856342629867	23.284767	4.8254294
1.9893857079139496	22.806017	4.7755647
2.006915119755667	22.332111	4.7256866
2.0244445785655945	21.824598	4.6716805
2.0419740847543175	21.569431	4.64429
2.0595036387324317	21.327147	4.6181326
2.0770332409105414	21.021559	4.5849276
2.094562891699263	20.790379	4.5596466
2.1120925915092217	20.375473	4.51392
2.129622340751053	20.05562	4.47835
2.1471521398354043	188.30843	13.722551
2.1646819891729323	444.58682	21.085228
2.182211889174303	440.53128	20.988836
2.1997418402501974	452.7755	21.278522
2.2172718428113023	432.57657	20.798475
2.234801897268317	320.55447	17.904036
2.2523320040319548	16.896183	4.1104965
2.269862163512935	16.645554	4.0798965
2.287392376121992	16.359419	4.0446777
2.304922642269869	15.975598	3.9969487
2.322452962367322	15.826007	3.9781914
2.3399833368251164	15.529211	3.940712
2.357513766054032	15.378715	3.9215705
2.3750442504648586	14.920392	3.8626924
2.3925747904683963	14.665704	3.8295827
2.410105386475459	14.458937	3.802491
2.4276360388968707	14.227838	3.7719805
2.445166748143469	14.089233	3.7535627
2.4626975146261025	13.644962	3.693909
2.4802283387556323	13.521922	3.6772165
2.4977592209429305	13.354153	3.6543334
2.5152901615988825	12.992149	3.6044624
2.5328211611343865	12.842693	3.5836704
2.5503522199603523	12.518328	3.5381248
2.5678833384877024	12.345863	3.513668
2.5854145171273712	12.120033	3.4813838
2.6029457562903064	11.952126	3.4571846
2.620477056387469	11.823279	3.4384997
2.6380084178298326	11.554749	3.3992276
2.655539841028383	11.359474	3.3703818
2.673071326394119	11.330438	3.3660715
2.6906028743380523	11.126725	3.3356745
2.708134485271211	11.026135	3.3205626
2.7256661596046325	10.950402	3.3091393
2.743197897749369	10.767953	3.281456
2.760729700116486	10.614413	3.2579768
2.778261567117063	10.291276	3.2080019
2.795793499162193	10.080569	3.1749911
2.8133254966629817	9.844637	3.1376164
2.830857560030551	9.791716	3.1291716
2.8483896896760337	9.8588	3.1398726
2.865921886010578	9.776324	3.1267114
2.883454149445347	9.666365	3.1090777
2.9009864803915177	9.49502	3.081399
2.91851887926028	9.381549	3.0629315
2.9360513464628384	9.294895	3.048753
2.953583882410413	9.057652	3.0095935
2.9711164875142373	8.904057	2.9839666
2.9886491621855606	8.785566	2.9640455
3.0061819068356455	8.620509	2.9360704
3.023714721875769	8.499272	2.9153512
3.041247607717225	8.285355	2.8784292
3.0587805647713213	8.016943	2.8314207
3.0763135934493806	7.986981	2.8261247
3.0938466941627407	7.938864	2.817599
3.1113798673227544	7.977137	2.8243825
3.1289131133407904	7.8759995	2.806421
3.1464464326282315	7.810717	2.794766
3.1639798255964786	7.752649	2.7843578
3.1815132926569443	7.7191386	2.778334
3.1990468342210603	7.557338	2.7490613
3.216580450700272	7.4276	2.7253623
3.2341141425060416	7.2677703	2.6958802
3.251647910049847	7.256891	2.6938617
3.2691817537431813	7.2293243	2.6887403
3.286715673997555	7.1475015	2.6734812
3.3042496712244938	7.1235404	2.668996
3.32178374583554	6.9891615	2.6437023
3.339317898242251	6.8218513	2.6118674
3.3568521288562034	6.787176	2.605221
3.3743864380889876	6.715546	2.591437
3.3919208263522127	6.778663	2.6035867
3.4094552940575023	6.8449845	2.6162922
3.4269898416164972	6.7804794	2.6039355
3.444524469440858	6.710764	2.5905142
3.4620591779422587	6.529495	2.5552876
3.479593967532391	6.481944	2.5459661
3.4971288386229658	6.4327397	2.5362847
3.5146637916257086	6.4221725	2.5342007
3.5321988269523628	6.376272	2.5251281
3.5497339450146903	6.375788	2.5250323
3.5672691462244708	6.316158	2.5131967
3.5848044309934988	6.137916	2.4774818
3.60233979973359	6.1052513	2.4708807
3.619875252856575	6.0806055	2.4658883
3.6374107907743034	6.1117177	2.472189
3.6549464138986427	6.259785	2.5019562
3.6724821226414788	6.273374	2.5046704
3.690017917414714	6.327317	2.515416
3.7075537986302702	6.318643	2.5136912
3.7250897667000857	6.275268	2.5050485
3.7426258220361235	6.440264	2.5377676
3.7601619650503553	6.762113	2.6004064
3.777698196154779	7.4729805	2.7336752
3.7952345157614067	8.569639	2.9273946
3.8127709242822716	9.470287	3.0773833
3.830307422129425	11.697542	3.420167
3.847844009714936	30.538443	5.52616
3.8653806874508954	97.87316	9.893086
3.882917455749409	97.10578	9.854226
3.900454315022606	96.831055	9.840277
3.917991265682631	41.39256	6.433705
3.9355283081416506	10.941489	3.3077922
3.9530654428118495	8.701489	2.9498286
3.970602670105433	7.4596066	2.731228
3.9881399904346244	6.549412	2.559182
4.005677404211669	6.5244126	2.554293
4.023214911848827	6.471006	2.5438173
4.0407525137583855	6.3765745	2.525188
4.058290210352644	6.2942095	2.5088263
4.075828002043927	6.127839	2.4754472
4.0933658892445814	6.1363707	2.47717
4.110903872366966	6.1213946	2.4741452
4.128441951823468	6.0887303	2.4675353
4.145980128026488	6.0993533	2.469687
4.163518401388452	6.069967	2.4637303
4.181056772321807	6.142353	2.478377
4.1985952412390155	6.13532	2.4769578
4.216133808552567	6.217306	2.4934525
4.233672474674966	6.2500033	2.5000007
4.251211240018741	6.356781	2.5212657
4.268750104996445	6.5595903	2.5611696
4.286289070020643	7.46196	2.7316587
4.303828135503928	9.146927	3.0243888
4.3213673018589125	29.397486	5.4219446
4.3389065694982305	90.59079	9.51792
4.356445938834537	165.80507	12.876532
4.3739854102805085	171.03024	13.077853
4.391524984248844	171.83292	13.108505
4.409064661152262	135.93176	11.6589775
4.426604441403504	96.18912	9.807605
4.444144325415337	75.413124	8.684073
4.461684313600543	21.420588	4.628238
4.47922440637193	21.987074	4.689038
4.496764604142329	20.391153	4.5156565
4.5143049073245916	18.67271	4.321193
4.531845316331589	16.662226	4.0819387
4.5493858315762195	13.66281	3.6963239
4.566926453471405	11.25759	3.3552332
4.584467182430081	9.098426	3.0163598
4.602008018865218	7.970345	2.82318
4.619548963189798	7.332863	2.707926
4.637090015816834	6.865617	2.620232
4.654631177159353	6.656301	2.5799809
4.672172447630417	6.447248	2.539143
4.689713827643102	6.2437377	2.498747
4.7072553176105085	6.026033	2.454798
4.724796917945764	5.8266616	2.413848
4.742338629062015	5.829554	2.414447
4.759880451372434	5.8117285	2.4107528
4.777422385290215	5.7501364	2.3979442
4.794964431228581	5.7326803	2.3943017
4.812506589600768	5.637258	2.3742912
4.830048860820047	5.6680717	2.3807712
4.847591245299709	5.6494555	2.3768582
4.8651337434530655	5.646191	2.3761716
4.882676355693457	5.638669	2.3745883
4.900219082434242	5.648732	2.3767061
4.917761924088813	5.6984825	2.3871496
4.935304881070575	5.6478558	2.3765218
4.952847953792969	5.486566	2.342342
4.970391142669449	5.407733	2.3254533
4.9879344481135055	5.4061866	2.3251207
5.005477870538642	5.4428287	2.332987
5.023021410358394	5.4156623	2.3271575
5.040565067986324	5.397815	2.32332
5.05810884383601	5.411115	2.3261805
5.075652738321066	5.425936	2.3293638
5.09319675185512	5.495013	2.3441443
5.110740884851836	5.4588957	2.336428
5.128285137724894	5.432826	2.3308423
5.145829510888007	5.3164506	2.305743
5.163374004754908	5.2507477	2.291451
5.1809186197393595	5.2298837	2.2868938
5.198463356255145	5.1790395	2.2757504
5.216008214716077	5.23052	2.287033
5.233553195535998	5.268263	2.2952697
5.251098299128764	5.28648	2.2992346
5.268643525908272	5.2552624	2.292436
5.286188876288432	5.1666613	2.273029
5.3037343506831895	5.182395	2.2764874
5.32127994950651	5.229476	2.2868047
5.3388256731723915	5.2482	2.290895
5.356371522094851	5.260955	2.293677
5.373917496687938	5.236838	2.2884138
5.391463597365729	5.202312	2.2808578
5.40900982454232	5.1234136	2.263496
5.426556178631843	5.099041	2.2581055
5.444102660048449	5.1205406	2.2628613
5.4616492692063225	5.123059	2.2634175
5.479196006519669	5.153812	2.270201
5.496742872402727	5.159275	2.2714038
5.514289867269756	5.128242	2.2645621
5.531836991535049	5.095063	2.2572246
5.549384245612924	5.0941396	2.25702
5.566931629917724	5.097407	2.2577438
5.584479144863822	5.094626	2.2571278
5.6020267908656205	5.065616	2.2506924
5.619574568337545	5.0362644	2.2441623
5.637122477694054	4.9471045	2.2242088
5.654670519349629	4.962678	2.227707
5.672218693718784	5.034003	2.2436583
5.689767001216059	5.0538726	2.248082
5.707315442256021	5.053043	2.2478974
5.724864017253266	5.0432262	2.2457128
5.7424127266224225	5.041252	2.2452734
5.75996157077814	5.0463386	2.2464056
5.777510550135105	5.1070194	2.2598715
5.795059665108022	5.181409	2.2762709
5.812608916111639	5.193086	2.2788343
5.830158303560715	5.20943	2.2824175
5.847707827870055	5.150304	2.269428
5.86525748945448	5.258032	2.2930398
5.8828072887288485	5.3941455	2.32253
5.900357226108044	5.5209317	2.3496664
5.917907302006979	5.6588774	2.3788395
5.9354575168406	6.308222	2.5116174
5.9530078710238765	7.0020146	2.646132
5.970558364971812	7.615698	2.7596555
5.988108999099438	7.8781614	2.8068063
6.005659773821818	8.376777	2.8942661
6.023210689554039	8.0231905	2.8325236
6.040761746711227	8.439217	2.9050329
6.058312945708531	7.831713	2.7985198
6.075864286961132	7.3877854	2.718048
6.093415770884244	6.7030697	2.5890286
6.1109673978931065	6.1515603	2.480234
6.128519168402993	5.613513	2.3692853
6.146071082829204	5.497651	2.344707
6.163623141587075	5.368385	2.3169775
6.181175345091969	5.2234387	2.2854843
6.198727693759281	5.1589637	2.2713351
6.216280188004435	5.1115975	2.2608843
6.233832828242885	5.0423565	2.2455192
6.251385614890126	5.041666	2.2453654
6.268938548361669	5.048128	2.246804
6.286491629073067	5.0615625	2.2497916
6.304044857439898	5.111526	2.2608683
6.321598233877777	5.0375223	2.2444425
6.339151758802344	5.004625	2.2371018
6.356705432629277	4.981935	2.232025
6.37425925577428	4.9357133	2.2216465
6.391813228653095	4.999264	2.2359033
6.409367351681486	5.0768466	2.253186
6.426921625275259	5.0807467	2.2540512
6.44447604985025	5.008929	2.2380636
6.46203062582232	4.975748	2.2306385
6.47958535360737	5.001035	2.2362995
6.497140233621328	5.027135	2.2421274
6.514695266280161	5.064543	2.250454
6.532250451999859	5.032779	2.2433856
6.549805791196454	5.102099	2.2587826
6.567361284286002	5.0767665	2.253168
6.584916931684597	5.0886865	2.2558117
6.602472733808367	5.033379	2.2435193
6.6200286910734665	5.048135	2.2468054
6.637584803896092	5.0354533	2.2439816
6.655141072692462	4.982057	2.2320523
6.672697497878842	4.945841	2.2239246
6.690254079871514	4.9190173	2.2178857
6.707810819086808	4.912467	2.2164085
6.725367715941078	4.9819026	2.2320175
6.742924770850719	4.9783397	2.2312193
6.760481984232151	4.9645915	2.2281363
6.778039356501836	4.9682612	2.2289596
6.795596888076266	4.9780526	2.231155
6.813154579371963	5.0067706	2.2375815
6.830712430805492	4.9913855	2.2341409
6.84827044279344	4.993776	2.234676
6.865828615752445	4.9407086	2.2227705
6.883386950099159	4.9201303	2.2181365
6.900945446250287	4.86006	2.2045543
6.918504104622553	4.8425255	2.200574
6.936062925632727	4.9072113	2.2152226
6.953621909697607	4.9313574	2.220666
6.971181057234028	5.0073705	2.2377155
6.988740368658859	5.0167494	2.2398102
7.006299844389007	5.062363	2.2499695
7.023859484841407	5.1045895	2.2593338
7.041419290433036	5.200094	2.2803714
7.058979261580902	5.4281178	2.329832
7.0765393987020495	5.6732802	2.3818648
7.094099702213559	6.044153	2.4584858
7.111660172532549	6.339273	2.5177913
7.129220810076164	6.6273384	2.5743618
7.146781615261595	7.2078857	2.6847506
7.16434258850606	7.507855	2.7400465
7.181903730226821	7.9098444	2.8124444
7.1994650408411704	8.074023	2.8414826
7.217026520766437	8.227393	2.8683434
7.234588170419983	8.44167	2.9054554
7.252149990219215	8.437466	2.9047315
7.269711980581568	8.328681	2.8859453
7.2872741419245175	8.142064	2.8534303
7.304836474665574	7.720105	2.7785077
7.322398979222286	7.361631	2.7132325
7.339961656012233	7.046089	2.654447
7.357524505453039	6.736245	2.5954278
7.375087527962357	6.4846525	2.546498
7.392650723957886	6.222407	2.4944754
7.410214093857353	5.872316	2.4232862
7.427777638078528	5.6634474	2.3797998
7.445341357039213	5.4899516	2.3430645
7.4629052511572525	5.358959	2.3149426
7.480469320850524	5.2667866	2.294948
7.498033566536948	5.196737	2.2796352
7.5155979886344735	5.1758027	2.275039
7.5331625875610975	5.182276	2.2764611
7.550727363734844	5.2127786	2.283151
7.568292317573788	5.1560383	2.2706912
7.585857449496025	5.125955	2.2640572
7.603422759919705	5.0806584	2.2540317
7.620988249263007	5.1308627	2.2651408
7.638553917944147	5.124939	2.2638328
7.656119766381391	5.0747905	2.2527297
7.673685794993023	5.063693	2.2502651
7.691252004197388	5.0839396	2.2547593
7.70881839441285	5.147057	2.2687128
7.726384966057826	5.217116	2.2841008
7.743951719550762	5.236125	2.288258
7.761518655310149	5.2007804	2.2805219
7.779085773754511	5.24491	2.2901769
7.796653075302419	5.2622504	2.2939596
7.814220560372475	5.319931	2.3064976
7.831788229383323	5.2988386	2.3019207
7.8493560827536495	5.317647	2.3060024
7.866924120902174	5.3927064	2.32222
7.884492344247663	5.422383	2.3286011
7.9020607532089135	5.423181	2.3287725
7.919629348204771	5.382078	2.3199306
7.937198129654115	5.3601346	2.3151965
7.954767097975865	5.379718	2.3194218
7.972336253588986	5.376614	2.3187528
7.989905596912472	5.3816614	2.319841
8.007475128365371	5.397898	2.3233378
8.025044848366756	5.4027615	2.3243842
8.042614757335754	5.517049	2.34884
8.060184855691523	5.5748367	2.3611093
8.07775514385327	5.719241	2.3914936
8.095325622240228	5.76554	2.4011538
8.112896291271687	5.7857513	2.4053588
8.130467151366968	5.8166976	2.411783
8.148038202945436	5.8168135	2.411807
8.165609446426497	5.799993	2.4083176
8.183180882229594	5.8189917	2.4122586
8.200752510774217	5.771016	2.402294
8.218324332479893	5.780259	2.404217
8.235896347766193	5.79879	2.4080677
8.253468557052724	5.922093	2.433535
8.27104096075914	5.9760365	2.4445934
8.288613559305137	6.0034976	2.4502037
8.306186353110448	6.0669923	2.4631264
8.32375934259485	6.1719346	2.4843378
8.341332528178162	6.214853	2.4929607
8.358905910280246	6.2255096	2.4950972
8.376479489321003	6.2559743	2.5011945
8.394053265720377	6.3061576	2.5112064
8.411627239898356	6.300307	2.5100412
8.42920141227497	6.2610164	2.5022023
8.44677578327029	6.2474647	2.499493
8.464350353304427	6.229595	2.4959157
8.48192512279754	6.179699	2.4859
8.499500092169827	6.0912805	2.468052
8.51707526184153	6.038803	2.4573977
8.534650632232934	6.0529337	2.4602711
8.552226203764365	6.130655	2.4760158
8.569801976856192	6.1811357	2.486189
8.587377951928834	6.240511	2.4981015
8.60495412940274	6.3137646	2.5127206
8.622530509698416	6.294437	2.5088716
8.6401070932364	6.4097977	2.5317578
8.657683880437283	6.471177	2.543851
8.675260871721695	6.6241336	2.5737393
8.692838067510303	6.7500834	2.5980923
8.710415468223834	6.8718023	2.6214123
8.727993074283043	7.000138	2.6457775
8.745570886108737	7.0322294	2.6518352
8.763148904121765	7.085837	2.6619236
8.78072712874302	7.1803036	2.6796088
8.798305560393441	7.4276514	2.7253718
8.815884199494006	7.552815	2.7482386
8.833463046465745	7.6752377	2.770422
8.851042101729728	7.7891974	2.7909133
8.86862136570707	8.043106	2.836037
8.886200838818924	8.242397	2.8709576
8.903780521486505	8.335359	2.8871021
8.921360414131055	8.38228	2.8952167
8.938940517173874	8.477169	2.911558
8.956520831036297	8.615398	2.9352
8.97410135613971	8.894466	2.9823592
8.99168209290554	9.090997	3.015128
9.009263041755265	9.370154	3.0610707
9.026844203110405	9.623715	3.1022115
9.044425577392525	9.832358	3.1356592
9.062007165023239	9.959057	3.1557972
9.079588966424197	10.232884	3.198888
9.097170982017108	10.318534	3.2122474
9.11475321222372	11.378546	3.37321
9.132335657465825	12.385148	3.519254
9.149918318165264	12.50129	3.5357163
9.167501194743924	13.189361	3.631716
9.18508428762374	12.821611	3.5807278
9.202667597226693	12.8197365	3.580466
9.220251123974803	12.524135	3.5389454
9.237834868290143	12.128378	3.482582
9.255418830594836	11.91847	3.4523137
9.273003011311046	11.352196	3.369302
9.290587410860985	11.080808	3.3287847
9.308172029666911	10.442827	3.2315364
9.32575686815113	10.160981	3.1876295
9.343341926735997	8.802928	2.9669728
9.360927205843916	8.546242	2.9233956
9.378512705897327	8.322087	2.8848028
9.396098427318728	8.101555	2.846323
9.413684370530664	7.97308	2.8236644
9.431270535955722	7.8488917	2.8015873
9.448856924016539	7.783878	2.7899601
9.466443535135806	7.6940494	2.773815
9.484030369736251	7.7224607	2.7789316
9.501617428240658	7.6552553	2.7668133
9.519204711071852	7.62188	2.7607753
9.536792218652714	7.595967	2.7560782
9.55437995140617	7.618458	2.7601554
9.571967909755191	7.675197	2.7704146
9.589556094122802	7.7793846	2.7891548
9.60714450493207	7.943395	2.818403
9.624733142606116	8.029451	2.8336287
9.642322007568108	8.076084	2.8418453
9.659911100241267	7.9988375	2.8282216
9.677500421048851	7.977995	2.8245344
9.695089970414175	8.013934	2.8308892
9.712679748760609	8.06076	2.8391476
9.730269756511557	8.160997	2.856746
9.747859994090492	8.163133	2.8571196
9.765450461920915	8.129091	2.8511562
9.78304116042639	8.113015	2.8483355
9.800632090030527	8.109815	2.8477736
9.81822325115699	8.194556	2.8626134
9.835814644229481	8.237298	2.8700693
9.853406269671762	8.240789	2.8706775
9.870998127907646	8.318238	2.8841357
9.888590219360985	8.345588	2.888873
9.906182544455698	8.352954	2.8901477
9.923775103615734	8.333965	2.8868608
9.941367897265108	8.335676	2.8871572
9.958960925827878	8.393647	2.8971791
9.97655418972816	8.390206	2.8965852
9.994147689390106	8.3755	2.8940456
10.011741425237934	8.287901	2.8788714
10.029335397695904	8.24655	2.8716807
10.04692960718833	8.228939	2.8686128
10.06452405413958	8.209346	2.8651955
10.082118738974064	8.17398	2.8590174
10.099713662116246	8.149566	2.8547444
10.117308823990651	8.184011	2.8607712
10.134904225021844	8.218118	2.866726
10.152499865634445	8.187905	2.8614516
10.170095746253125	8.160032	2.856577
10.18769186730261	8.096381	2.8454142
10.205288229207675	8.123519	2.8501787
10.222884832393145	8.108527	2.8475475
10.2404816772839	8.176686	2.8594906
10.258078764304868	8.158556	2.8563187
10.275676093881035	8.113365	2.848397
10.293273666437438	8.008435	2.829918
10.310871482399158	8.033979	2.8344276
10.32846954219134	8.070172	2.8408048
10.346067846239173	8.120793	2.8497007
10.363666394967908	8.138038	2.8527246
10.38126518880283	8.15753	2.856139
10.398864228169298	8.209872	2.8652875
10.416463513492713	8.258574	2.8737733
10.434063045198531	8.245189	2.8714437
10.451662823712262	8.226762	2.8682332
10.469262849459467	8.22354	2.8676715
10.486863122865758	8.133859	2.8519921
10.504463644356806	8.107083	2.847294
10.522064414358338	8.063505	2.839631
10.539665433296118	7.9814167	2.8251402
10.557266701595987	7.846675	2.8011918
10.574868219683818	7.732461	2.7807302
10.592469987985552	7.6173334	2.7599516
10.610072006927185	7.5151944	2.7413855
10.627674276934751	7.42852	2.725531
10.64527679843435	7.3282056	2.7070658
10.662879571852143	7.3067074	2.703092
10.680482597614331	7.195046	2.6823583
10.698085876147173	7.1546297	2.674814
10.715689407876988	6.9938645	2.6445916
10.733293193230146	6.869551	2.620983
10.750897232633072	6.753244	2.5987005
10.76850152651225	6.5937753	2.5678349
10.786106075294207	6.5564446	2.5605555
10.803710879405534	6.4661293	2.5428586
10.821315939272877	6.4439116	2.538486
10.83892125532294	6.3942347	2.5286825
10.856526827982472	6.3008065	2.5101407
10.874132657678285	6.254649	2.5009296
10.891738744837243	6.2371497	2.4974287
10.909345089886271	6.2243114	2.494857
10.926951693252343	6.1112466	2.4720936
10.944558555362494	6.0233283	2.454247
10.96216567664381	5.906791	2.4303892
10.979773057523436	5.869091	2.4226208
10.997380698428573	5.7682004	2.401708
11.014988599786477	5.735908	2.3949757
11.032596762024461	5.711689	2.389914
11.050205185569892	5.702484	2.3879874
11.067813870850198	5.709031	2.3893578
11.085422818292859	5.6488023	2.376721
11.10303202832541	5.539075	2.353524
11.120641501375454	5.412114	2.326395
11.138251237870636	5.2821474	2.2982924
11.155861238238671	5.2226033	2.2853017
11.173471502907317	5.17778	2.2754736
11.191082032304402	5.179117	2.2757673
11.208692826857805	5.140457	2.2672577
11.226303886995465	5.0159492	2.2396314
11.243915213145371	4.9593253	2.2269542
11.261526805735578	4.9304876	2.2204702
11.279138665194196	4.9266157	2.219598
11.296750791949393	4.856581	2.2037652
11.314363186429393	4.7563634	2.180909
11.331975849062479	4.6952777	2.166859
11.34958878027699	4.636947	2.1533573
11.36720198050133	4.590137	2.1424606
11.384815450163948	4.528204	2.1279576
11.402429189693366	4.4829183	2.1172903
11.420043199518153	4.4443007	2.108151
11.437657480066942	63.37893	7.9610887
11.455272031768422	85.109116	9.22546
11.472886855051353	107.52163	10.369264
11.490501950344528	99.118904	9.955848
11.508117318076819	84.4731	9.190925
11.52573295867715	45.889137	6.7741523
11.543348872574514	4.230629	2.0568492
11.560965060197946	4.191165	2.0472336
11.57858152197655	4.152461	2.0377588
11.59619825833949	4.1043453	2.0259185
11.613815269715985	4.0691915	2.0172236
11.631432556535323	38.53766	6.2078705
11.649050119226837	83.02197	9.111639
11.666667958219929	93.40823	9.664794
11.68428607394406	107.64922	10.375414
11.701904466828756	82.482864	9.082007
11.719523137303586	65.321335	8.082162
11.737142085798196	4.5536976	2.1339395
11.754761312742286	3.674324	1.9168526
11.772380818565619	3.6670556	1.9149557
11.790000603698015	3.6679285	1.9151837
11.80762066856935	3.6140397	1.9010627
11.825241013609572	3.559452	1.886651
11.842861639248683	3.4983253	1.8703811
11.860482545916748	3.4941792	1.8692724
11.878103734043883	3.449043	1.85716
11.895725204060282	3.3920372	1.8417484
11.91334695639619	3.367988	1.8352079
11.930968991481919	3.3455188	1.8290759
11.948591309747824	3.3422778	1.8281897
11.966213911624347	3.3255742	1.8236157
11.98383679754198	3.3064106	1.8183538
12.001459967931268	3.315149	1.8207551
12.019083423222835	3.2659774	1.8072015
12.036707163847352	3.2093263	1.7914592
12.05433119023556	3.172366	1.7811136
12.071955502818259	3.1724746	1.7811441
12.089580102026313	3.198204	1.7883524
12.107204988290643	3.1626847	1.7783939
12.12483016204224	3.1173935	1.7656142
12.142455623712152	3.0858667	1.7566636
12.16008137373149	3.080338	1.7550892
12.177707412531431	3.0831025	1.7558765
12.19533374054321	3.0745528	1.7534403
12.212960358198126	3.066824	1.751235
12.230587265927545	3.0278437	1.74007
12.248214464162889	3.017087	1.7369764
12.265841953335649	2.9861255	1.7280409
12.283469733877375	2.9738145	1.7244751
12.301097806219685	2.9633777	1.7214464
12.31872617079425	2.98093	1.726537
12.336354828032825	2.9699156	1.7233443
12.353983778367205	2.9118369	1.7064105
12.371613022229262	2.8414328	1.685655
12.389242560050928	2.8457031	1.6869212
12.406872392264201	2.8312366	1.6826279
12.424502519301143	2.8330193	1.6831576
12.442132941593874	2.8152184	1.6778612
12.459763659574586	2.8305864	1.6824347
12.477394673675532	2.8572755	1.6903478
12.49502598432903	2.87843	1.6965936
12.51265759196746	2.8463476	1.6871122
12.530289497023267	2.818372	1.6788008
12.547921699928967	2.7964137	1.6722481
12.565554201117134	2.8008506	1.6735742
12.583187001020404	2.7858028	1.6690725
12.600820100071486	2.7512245	1.6586815
12.618453498703152	2.7452083	1.656867
12.636087197348235	2.752167	1.6589656
12.65372119643964	2.7426467	1.6560938
12.671355496410326	2.758499	1.6608729
12.68899009769333	2.8017452	1.6738415
12.706625000721749	2.8377633	1.6845663
12.724260205928752	2.9056547	1.7045981
12.741895713747551	2.9181945	1.7082723
12.759531524611454	2.9504974	1.7177012
12.777167638953818	2.9387221	1.7142701
12.794804057208072	2.9218457	1.7093407
12.812440779807702	2.9898841	1.7291281
12.830077807186271	3.2140257	1.7927704
12.847715139777405	3.2587297	1.8051952
12.865352778014795	3.446506	1.8564768
12.882990722332197	3.520575	1.8763195
12.90062897316344	3.6305037	1.9053881
12.918267530942412	3.7322555	1.9319047
12.935906396103071	3.616364	1.901674
12.953545569079449	3.7432725	1.9347539
12.971185050305628	3.5678794	1.8888831
12.988824840215775	3.592771	1.8954606
13.006464939244115	3.654941	1.91179
13.024105347824943	3.4923136	1.8687733
13.041746066392617	3.5435407	1.8824295
13.05938709538157	3.3175044	1.8214017
13.077028435226296	3.3581955	1.832538
13.094670086361363	3.3145974	1.8206036
13.112312049221401	3.2257376	1.7960339
13.129954324241112	3.1420257	1.772576
13.147596911855258	2.8918998	1.7005587
13.165239812498685	2.8747346	1.6955042
13.182883026606293	2.7640123	1.6625319
13.200526554613058	2.7641776	1.6625816
13.218170396954017	2.7483387	1.6578114
13.235814554064284	2.7490346	1.6580213
13.253459026379034	2.70897	1.6458949
13.271103814333523	2.6420999	1.6254537
13.288748918363058	2.6003532	1.6125611
13.306394338903031	2.610336	1.6156534
13.32404007638889	2.6440606	1.6260568
13.341686131256164	2.703053	1.6440964
13.359332503940449	2.6848645	1.6385556
13.376979194877402	2.644124	1.6260762
13.394626204502751	2.6461635	1.6267033
13.412273533252307	2.679228	1.6368347
13.429921181561937	2.6800375	1.637082
13.447569149867581	2.67212	1.634662
13.465217438605247	2.6864727	1.6390463
13.482866048211022	2.6805077	1.6372256
13.500514979121052	2.7163224	1.648127
13.518164231771568	2.6457167	1.6265659
13.535813806598844	2.6409748	1.6251076
13.553463704039254	2.6223629	1.6193712
13.571113924529229	2.6424718	1.6255682
13.588764468505275	2.6930735	1.6410587
13.606415336403956	2.6876442	1.6394036
13.624066528661917	2.7029173	1.6440551
13.641718045715882	2.773287	1.6653188
13.659369888002635	2.8758018	1.6958189
13.67702205595903	2.944809	1.7160445
13.694674550021993	2.9767926	1.7253383
13.712327370628532	3.0073707	1.7341772
13.729980518215713	3.1009994	1.7609655
13.747633993220681	3.1864123	1.7850524
13.765287796080647	3.2368176	1.7991158
13.7829419272329	3.2759984	1.8099719
13.800596387114801	3.3025453	1.8172907
13.818251176163775	3.341822	1.828065
13.835906294817324	3.3811214	1.8387825
13.853561743513023	3.372612	1.8364673
13.871217522688525	3.4097793	1.8465588
13.888873632781538	3.4438064	1.8557496
13.906530074229858	3.5081167	1.8729967
13.92418684747135	3.501967	1.8713543
13.941843952943948	3.4866235	1.8672502
13.959501391085665	3.433746	1.853037
13.977159162334578	3.3619218	1.8335544
13.994817267128846	3.3417358	1.8280416
14.012475705906693	3.275083	1.8097191
14.030134479106424	3.211945	1.7921901
14.047793587166414	3.143199	1.7729069
14.065453030525108	3.0818887	1.7555308
14.083112809621026	2.9937477	1.730245
14.100772924892766	2.9280043	1.7111412
14.118433376778997	2.8793058	1.6968517
14.136094165718458	2.8114078	1.6767253
14.153755292149969	2.7756937	1.6660413
14.171416756512416	2.7221255	1.6498865
14.189078559244768	2.6661122	1.6328233
14.20674070078606	2.5787816	1.6058586
14.224403181575408	2.4981222	1.580545
14.242066002051999	2.4682398	1.5710633
14.259729162655093	2.460738	1.568674
14.277392663824022	2.4309363	1.559146
14.295056505998208	2.3993762	1.548992
14.312720689617128	2.4051049	1.55084
14.330385215120348	2.4219103	1.5562488
14.348050082947497	2.4183478	1.5551038
14.3657152935383	2.4267874	1.557815
14.383380847332528	2.3744266	1.5409174
14.401046744770051	2.3791764	1.5424579
14.418712986290798	2.3940208	1.5472623
14.436379572334793	2.4092367	1.5521716
14.454046503342123	2.3802478	1.5428052
14.471713779752946	2.362268	1.5369672
14.489381402007504	2.338823	1.5293211
14.507049370546113	2.3526444	1.5338333
14.524717685809168	2.3287685	1.5260303
14.542386348237134	2.323061	1.5241591
14.560055358270553	2.3265262	1.5252954
14.577724716350051	2.3856602	1.5445583
14.595394422916325	2.4242816	1.5570104
14.61306447841015	2.520409	1.5875796
14.63073488327237	2.525921	1.5893147
14.648405637943917	2.524931	1.5890031
14.6660767428658	2.4948382	1.5795057
14.683748198479094	2.5328014	1.5914778
14.701420005224954	2.5545435	1.5982939
14.719092163544628	2.6408825	1.6250793
14.73676467387942	2.6475344	1.6271245
14.754437536670727	2.6773903	1.6362733
14.772110752360014	2.6791673	1.6368161
14.78978432138882	2.689155	1.6398643
14.807458244198777	2.6950085	1.641648
14.82513252123159	2.6460786	1.6266772
14.842807152929028	2.7119172	1.6467899
14.860482139732962	2.7018013	1.6437157
14.87815748208531	2.6807353	1.6372951
14.8958331804281	2.664623	1.6323673
14.91350923520342	2.6141424	1.616831
14.931185646853438	2.6762416	1.6359223
14.948862415820408	2.6663265	1.632889
14.966539542546656	2.6843078	1.6383858
14.98421702747459	2.6450114	1.6263491
15.001894871046696	2.6348782	1.6232308
15.019573073705542	2.6509736	1.6281811
15.037251635893766	2.6680806	1.6334261
15.054930558054092	2.6721249	1.6346636
15.072609840629323	2.7144237	1.6475508
15.090289484062351	2.791405	1.6707498
15.107969488796124	3.0460749	1.7453008
15.125649855273691	3.4439595	1.8557909
15.14333058393817	3.961077	1.9902455
15.161011675232768	4.937559	2.2220619
15.17869312960076	6.295763	2.509136
15.196374947485506	8.22338	2.8676436
15.214057129330447	11.388404	3.374671
15.231739675579114	16.251047	4.0312586
15.249422586675102	21.512634	4.6381717
15.267105863062092	24.82535	4.9825044
15.284789505183847	25.194927	5.019455
15.302473513484218	23.197685	4.8163977
15.320157888407127	19.53736	4.4201083
15.337842630396578	15.258497	3.9062126
15.355527739896656	11.83069	3.439577
15.37321321735153	9.081219	3.013506
15.39089906320545	6.474807	2.5445642
15.408585277902748	4.8032846	2.1916397
15.42627186188783	3.698492	1.9231464
15.443958815605198	3.1821737	1.7838649
15.461646139499424	2.905692	1.704609
15.479333834015168	2.7754772	1.6659763
15.497021899597165	2.680507	1.6372254
15.514710336690234	2.6207895	1.6188853
15.53239914573928	2.564479	1.6013991
15.550088327189297	2.5047505	1.5826404
15.567777881485336	2.452107	1.5659205
15.58546780907256	2.457647	1.5676885
15.6031581103962	2.4609876	1.5687535
15.620848785901568	2.470722	1.571853
15.638539836034063	2.458258	1.5678833
15.656231261239173	2.450714	1.5654757
15.673923061962451	2.4715447	1.5721147
15.691615238649552	2.4587283	1.5680332
15.709307791746202	2.434802	1.5603852
15.727000721698221	2.4189851	1.5553087
15.744694028951498	2.425621	1.5574405
15.76238771395202	2.406399	1.5512573
15.780081777145844	2.3691585	1.5392071
15.797776218979125	2.329718	1.5263414
15.815471039898094	2.323825	1.5244097
15.833166240349064	2.3386364	1.52926
15.850861820778437	2.3694928	1.5393157
15.868557781632699	2.4112258	1.5528122
15.886254123358412	2.447165	1.5643417
15.903950846402232	2.4516473	1.5657737
15.921647951210897	2.4325173	1.5596529
15.939345438231225	2.4016364	1.5497214
15.957043307910133	2.384951	1.5443287
15.974741560694602	2.342416	1.5304954
15.992440197031714	2.333688	1.5276413
16.01013921736862	2.323019	1.5241454
16.02783862215259	2.3485389	1.5324943
16.045538411830933	2.3719273	1.5401063
16.06323858685107	2.3668852	1.5384685
16.080939147660512	2.3562756	1.5350164
16.09864009470684	2.3384643	1.5292038
16.11634142843774	2.3746524	1.5409907
16.134043149300954	2.4147494	1.5539464
16.15174525774433	2.4264638	1.5577111
16.169447754215817	2.4224496	1.556422
16.18715063916342	2.427372	1.5580026
16.204853913035244	2.4706206	1.5718209
16.222557576279478	2.481831	1.5753828
16.240261629344403	22.39978	4.7328405
16.257966072678386	42.926052	6.5517974
16.275670906729868	38.030697	6.1669035
16.293376131947387	2.484493	1.5762274
16.31108174877957	2.4859166	1.576679
16.328787757675133	2.5235703	1.5885749
16.34649415908287	2.5516255	1.5973809
16.364200953451657	2.5868003	1.6083533
16.38190814123048	2.629743	1.6216483
16.39961572286839	2.6616762	1.6314645
16.41732369881455	2.6728952	1.6348991
16.43503206951817	2.6636708	1.6320755
16.45274083542859	2.676606	1.6360337
16.47044999699522	2.726109	1.6510932
16.488159554667558	2.8164854	1.6782387
16.505869508895184	2.887942	1.6993946
16.523579860127786	2.9298103	1.7116688
16.541290608815117	2.9288044	1.711375
16.559001755407035	2.941794	1.7151659
16.57671330035348	2.9953341	1.7307034
16.59442524410448	3.0929816	1.7586875
16.61213758711015	3.186745	1.7851456
16.629850329820705	3.2705016	1.8084528
16.647563472686436	3.3563275	1.8320283
16.665277016157724	3.3922536	1.8418071
16.682990960685053	3.4319694	1.8525575
16.70070530671898	3.448815	1.8570986
16.718420054710155	3.4979534	1.8702817
16.736135205109335	3.5977216	1.8967661
16.753850758367335	3.6323626	1.9058758
16.771566714935087	3.6511168	1.9107896
16.789283075263597	3.6445992	1.9090834
16.80699983980398	3.7273355	1.9306308
16.82471700900741	3.8011804	1.9496616
16.84243458332518	3.8947332	1.9735079
16.860152563208665	3.9344957	1.9835563
16.87787094910932	3.9991276	1.9997818
16.89558974147871	4.085456	2.021251
16.913308940768466	4.205632	2.0507638
16.931028547430333	4.2552505	2.062826
16.94874856191613	4.2665606	2.0655653
16.966468984677785	4.278331	2.0684125
16.98418981616729	4.3439474	2.084214
17.00191105683676	4.4111137	2.1002653
17.019632707138374	4.4733834	2.1150374
17.03735476752442	4.4366508	2.1063359
17.05507723844728	4.4474716	2.108903
17.072800120359403	4.4753423	2.1155005
17.090523413713353	4.5799847	2.14009
17.108247118961785	4.624459	2.1504555
17.125971236557437	4.6029453	2.1454475
17.143695766953133	4.583752	2.14097
17.161420710601806	4.5876265	2.1418746
17.179146067956477	4.597853	2.1442604
17.19687183947025	4.6296034	2.1516514
17.21459802559634	4.653933	2.1572976
17.232324626788028	4.6801534	2.1633663
17.25005164349871	4.686026	2.1647232
17.267779076181863	4.6491666	2.1561925
17.285506925291074	4.578704	2.1397905
17.30323519127999	4.5310483	2.1286259
17.320963874602384	4.5391994	2.1305397
17.33869297571211	4.5770493	2.139404
17.356422495063114	4.56191	2.1358628
17.37415243310944	4.5196667	2.1259508
17.391882790305218	4.51009	2.1236973
17.40961356710468	4.52511	2.1272306
17.42734476396215	4.538467	2.1303678
17.445076381332044	4.526892	2.1276495
17.462808419668868	4.5912695	2.1427248
17.48054087942723	4.682491	2.1639063
17.498273761061835	4.973523	2.2301397
17.51600706502747	5.4144344	2.3268938
17.533740791779024	6.1733317	2.4846191
17.551474941771485	7.73129	2.7805197
17.56920951545993	8.960015	2.9933286
17.586944513299528	11.289189	3.3599389
17.60467993574556	13.060761	3.6139677
17.622415783253373	14.976339	3.8699276
17.64015205627843	16.475021	4.0589433
17.657888755276293	17.579731	4.192819
17.675625880702604	18.017998	4.244761
17.69336343301311	17.809546	4.2201357
17.71110141266366	16.927807	4.1143417
17.728839820110178	16.06747	4.0084248
17.746578655808705	15.106378	3.8866923
17.764317920215372	13.379712	3.6578288
17.7820576137864	11.607446	3.4069703
17.79979773697811	9.390202	3.0643437
17.81753829024692	7.374885	2.715674
17.835279274049356	5.653225	2.3776512
17.85302068884201	4.67567	2.16233
17.870762535081607	4.130624	2.0323937
17.888504813224934	3.830936	1.9572777
17.90624752372891	3.6437676	1.9088656
17.923990667050536	3.5527782	1.8848815
17.941734243646895	3.5077803	1.8729069
17.959478253975185	3.4427834	1.8554739
17.9772226984927	3.378918	1.8381833
17.994967577656833	3.3514147	1.8306869
18.01271289192506	3.3486068	1.8299199
18.030458641754965	3.3648891	1.8343635
18.04820482760425	3.354549	1.8315427
18.06595144993067	3.3204625	1.8222136
18.083698509192125	3.2880647	1.8133022
18.101446005846576	3.2623045	1.8061851
18.119193940352105	3.2311065	1.7975279
18.136942313166887	3.2067163	1.7907307
18.1546911247492	3.2051342	1.7902888
18.1724403755574	3.1852767	1.7847344
18.19019006604997	3.1824064	1.7839301
18.207940196685467	3.166687	1.7795187
18.225690767922575	3.1367757	1.7710946
18.243441780220046	3.1098897	1.7634879
18.261193234036764	3.0602937	1.7493695
18.278945129831676	3.060266	1.7493616
18.29669746806386	3.0620909	1.749883
18.314450249192483	3.0586455	1.7488984
18.3322034736768	3.053522	1.747433
18.349957141976184	3.0359745	1.7424048
18.3677112545501	3.055262	1.7479308
18.385465811858108	3.058654	1.7489008
18.403220814359884	3.0594046	1.7491153
18.420976262515172	3.08052	1.755141
18.43873215678387	3.1496956	1.7747382
18.456488497625923	3.1867108	1.7851361
18.474245285501407	3.2664633	1.807336
18.492002520870486	3.3066683	1.8184247
18.50976020419343	3.3835204	1.8394347
18.527518335930615	3.6530786	1.9113028
18.545276916542516	4.226552	2.055858
18.563035946489688	4.369195	2.090262
18.580795426232832	4.746219	2.178582
18.598555356232698	4.63325	2.1524987
18.616315736950185	4.9619017	2.2275326
18.63407656884626	4.6417418	2.1544702
18.65183785238201	4.8380814	2.199564
18.669599588018617	4.6826878	2.1639519
18.68736177621737	4.7028723	2.1686106
18.705124417439652	4.708494	2.1699064
18.72288751214696	4.495303	2.120213
18.740651060800886	4.5977063	2.1442263
18.758415063863115	4.2475934	2.060969
18.77617952179546	4.3848286	2.0939982
18.793944435059814	4.1680613	2.041583
18.811709804118184	4.191628	2.0473466
18.829475629432675	4.17177	2.0424912
18.8472419114655	3.9866471	1.996659
18.86500865067897	4.076372	2.0190027
18.88277584753551	3.734429	1.9324671
18.90054350249763	3.7397878	1.9338531
18.918311616027957	3.4232035	1.8501902
18.936080188589226	3.3064098	1.8183537
18.953849220644265	3.0075662	1.7342336
18.971618712656007	2.8818479	1.6976006
18.9893886650875	2.818695	1.678897
19.007159078401887	7.9811435	2.8250918
19.024929953062408	32.827847	5.729559
19.042701289532435	32.760483	5.723677
19.060473088275405	25.33195	5.0330853
19.07824534975489	2.6185763	1.6182016
19.096018074434568	2.6327674	1.6225805
19.113791262778197	2.631669	1.622242
19.13156491524966	2.594774	1.6108302
19.149339032312945	2.5602272	1.600071
19.167113614432136	2.5708487	1.6033866
19.184888662071433	2.5832496	1.607249
19.202664175695123	2.5554721	1.5985844
19.220440155767623	2.5559149	1.5987229
19.238216602753447	2.5460792	1.5956438
19.2559935171172	2.5339172	1.5918282
19.27377089932361	2.5294569	1.5904267
19.291548749837514	2.504482	1.5825555
19.309327069123835	2.459723	1.5683504
19.32710585764763	2.4365382	1.5609415
19.344885115874032	2.4465692	1.5641513
19.362664844268313	2.437425	1.5612254
19.380445043295822	2.4061043	1.5511622
19.39822571342203	2.4270942	1.5579134
19.41600685511252	2.4607146	1.5686665
19.43378846883297	2.4630404	1.5694077
19.451570555049173	2.4293332	1.5586319
19.469353114227037	2.443026	1.5630182
19.48713614683254	2.4682536	1.5710677
19.50491965333182	2.4719665	1.5722488
19.52270363419109	2.4364223	1.5609044
19.540488089876686	2.450947	1.5655501
19.55827302085503	2.4901354	1.5780163
19.576058427592674	2.4876602	1.5772318
19.593844310556282	2.448646	1.564815
19.611630670212598	2.4250152	1.5572461
19.629417507028506	2.441111	1.5624056
19.64720482147098	2.491493	1.5784464
19.6649926140071	2.5196772	1.587349
19.682780885104084	2.5033765	1.5822062
19.70056963522921	2.4655125	1.5701951
19.718358864849908	2.461567	1.5689381
19.7361485744337	2.4694047	1.571434
19.753938764448215	2.4549441	1.5668261
19.771729435361202	2.4611528	1.5688062
19.789520587640506	2.5154648	1.5860217
19.807312221754092	2.545237	1.59538
19.825104338170043	2.5278392	1.589918
19.842896937356517	2.517256	1.5865862
19.860690019781824	2.5122674	1.5850134
19.87848358591436	2.5141375	1.5856032
19.896277636222635	2.5212584	1.5878471
19.914072171175278	2.537534	1.5929639
19.931867191241015	2.5273645	1.5897686
19.94966269688869	2.4970717	1.5802126
19.967458688587264	2.4780545	1.5741838
19.985255166805807	2.4813237	1.5752218
20.00305213201348	2.457675	1.5676974
20.020849584679578	2.4359906	1.560766
20.038647525273507	2.4219623	1.5562655
20.05644595426477	2.4089353	1.5520746
20.07424487212299	2.415887	1.5543125
20.092044279317903	2.3811157	1.5430864
20.109844176319353	2.3907518	1.5462056
20.127644563597304	2.3959672	1.5478913
20.145445441621817	2.4017951	1.5497726
20.16324681086307	2.377911	1.5420477
20.181048671791373	2.378311	1.5421773
20.198851024877122	2.3685467	1.5390084
20.216653870590836	2.3618782	1.5368403
20.234457209403146	2.350785	1.533227
20.252261041784802	2.3398118	1.5296444
20.270065368206662	2.3412423	1.5301119
20.287870189139685	2.337389	1.5288522
20.305675505054968	2.3396008	1.5295753
20.323481316423702	2.3313596	1.5268791
20.341287623717207	2.332044	1.5271031
20.359094427406884	2.3578851	1.5355407
20.376901727964288	2.346322	1.531771
20.39470952586107	2.3465285	1.5318383
20.41251782156899	2.3393407	1.5294904
20.430326615559935	2.3315685	1.5269474
20.448135908305886	2.3386233	1.5292557
20.465945700278965	2.346874	1.5319511
20.483755991951384	2.3292358	1.5261834
20.50156678379548	2.322238	1.5238891
20.519378076283708	2.2984326	1.5160582
20.537189869888635	2.2897003	1.5131756
20.55500216508294	2.2894878	1.5131054
20.572814962339415	2.304549	1.5180742
20.59062826213098	2.3104973	1.520032
20.60844206493066	2.3103595	1.5199866
20.626256371211593	2.3231082	1.5241746
20.644071181447032	2.3268619	1.5254055
20.66188649611036	2.3306947	1.5266613
20.67970231567506	2.33586	1.528352
20.697518640614742	2.3289974	1.5261053
20.715335471403122	2.354643	1.5344846
20.73315280851404	2.367574	1.5386922
20.750970652421447	2.3652103	1.537924
20.768789003599412	2.3082566	1.5192947
20.786607862522136	2.2862172	1.5120242
20.8044272296639	2.2647448	1.5049069
20.82224710549913	2.2954917	1.515088
20.84006749050237	2.3008852	1.5168669
20.857888385148268	3.850268	1.9622099
20.8757097899116	45.92946	6.7771277
20.893531705267254	64.78731	8.049056
20.911354131690224	83.82883	9.155808
20.92917706965566	69.118996	8.313784
20.94700051963877	50.223698	7.086868
20.96482448211493	29.485628	5.430067
20.982648957559622	4.1643224	2.040667
21.00047394644843	2.2181954	1.4893607
21.01829944925707	2.1645284	1.4712336
21.036125466461375	2.2056227	1.4851339
21.053951998537297	2.1938522	1.4811658
21.071779045960906	2.2133853	1.487745
21.089606609208378	2.1983862	1.4826956
21.10743468875603	2.2101154	1.4866457
21.12526328508028	2.2047694	1.4848466
21.143092398657675	2.2024841	1.4840769
21.16092202996488	2.204527	1.4847649
21.17875217947867	2.2123027	1.4873811
21.19658284767596	2.2095118	1.4864427
21.21441403503377	2.2106452	1.4868239
21.232245742029225	2.2038183	1.4845263
21.2500779691396	2.1969547	1.4822128
21.26791071684227	2.1669493	1.4720562
21.28574398561475	2.116032	1.4546586
21.30357777593465	2.093131	1.4467658
21.321412088279704	2.1224606	1.4568667
21.339246923127792	2.111956	1.453257
21.357082280956888	2.0952919	1.4475123
21.3749181622451	2.1227863	1.4569784
21.392754567470647	2.1194937	1.4558481
21.41059149711187	2.100261	1.4492277
21.42842895164726	2.0687752	1.4383237
21.446266931555378	2.0553155	1.4336371
21.464105437314945	2.0652666	1.4371035
21.481944469404798	2.0846305	1.443825
21.49978402830388	2.0996227	1.4490075
21.51762411449127	2.06009	1.4353014
21.53546472844617	2.0502505	1.4318696
21.553305870647876	2.0922873	1.4464741
21.571147541575865	2.1313703	1.4599214
21.58898974170967	2.113154	1.4536691
21.60683247152899	2.091683	1.4462651
21.62467573151363	2.0843494	1.4437276
21.642519522143523	2.047136	1.4307816
21.660363843898722	2.0208006	1.4215486
21.6782086972594	2.0419288	1.4289607
21.696054082705864	2.0710056	1.4390988
21.713900000718535	2.0842564	1.4436954
21.73174645177795	2.0804298	1.4423695
21.749593436364794	2.0412047	1.4287074
21.767440954959845	2.004219	1.4157045
21.785289008044032	1.9823717	1.4079672
21.803137596098388	1.980973	1.4074705
21.820986719604086	1.9871314	1.4096565
21.838836379042412	1.999729	1.4141178
21.85668657489478	2.024201	1.4227442
21.87453730764273	2.0497925	1.4317096
21.892388577767914	2.0094826	1.4175622
21.91024038575213	1.9939994	1.4120904
21.928092732077285	1.9607089	1.4002532
21.945945617225426	1.9921803	1.4114462
21.963799041678694	2.004039	1.4156408
21.981653005919398	31.309036	5.595448
21.999507510429943	78.08362	8.8364935
22.01736255569286	73.018974	8.5451145
22.035218142190818	4.127337	2.0315847
22.05307427040661	1.9702965	1.4036725
22.07093094082315	1.9996859	1.4141026
22.088788153923474	1.9809654	1.4074677
22.106645910190746	1.9557647	1.3984866
22.12450421010827	1.9418927	1.3935181
22.142363054159464	1.9656099	1.4020021
22.16022244282787	1.9825506	1.4080307
22.178082376597164	1.9811683	1.4075398
22.195942855951145	1.9518754	1.3970953
22.213803881373742	1.951008	1.3967849
22.231665453349002	1.9347885	1.3909668
22.24952757236111	1.9285594	1.3887259
22.26739023889438	1.9379938	1.3921185
22.28525345343323	1.9541347	1.3979037
22.30311721646225	1.976676	1.405943
22.320981528466113	1.965394	1.4019251
22.33884638992964	1.9508477	1.3967276
22.356711801337788	1.9360759	1.3914294
22.37457776317561	1.945093	1.394666
22.392444275928337	1.9360871	1.3914335
22.410311340081282	1.9383538	1.3922478
22.428178956119904	1.9517852	1.397063
22.446047124529805	1.9588841	1.3996015
22.46391584579669	1.9651242	1.4018289
22.481785120406414	1.9622766	1.4008129
22.49965494884496	1.9510453	1.3967983
22.51752533159841	1.9355698	1.3912475
22.53539626915302	1.9213377	1.3861233
22.553267761995137	1.9336783	1.3905677
22.571139810611264	1.9322437	1.3900517
22.589012415488025	1.945878	1.3949473
22.60688557711216	1.9636266	1.4012946
22.624759295970566	1.9977721	1.4134257
22.642633572550263	1.9680626	1.4028766
22.660508407338362	1.9274195	1.3883153
22.67838380082217	1.8999842	1.3783991
22.696259753489077	1.905204	1.3802913
22.714136265826614	1.9310689	1.389629
22.73201333832246	1.9110357	1.3824022
22.74989097146439	1.9161892	1.3842648
22.76776916574035	1.9101875	1.3820953
22.785647921638393	1.9237616	1.3869973
22.803527239646712	1.948614	1.3959277
22.82140712025363	1.9940637	1.4121132
22.839287563947593	1.9608207	1.4002931
22.85716857121719	1.923223	1.3868032
22.875050142551135	1.8998637	1.3783554
22.892932278438277	1.9079498	1.3812855
22.910814979367604	1.9214445	1.3861618
22.928698245828222	1.8785127	1.3705884
22.946582078309387	1.8738894	1.3689008
22.96446647730047	1.8554138	1.3621358
22.98235144329098	1.8770932	1.3700705
23.000236976770562	1.8718832	1.3681678
23.018123078229	1.8991416	1.3780935
23.03600974815619	1.9096082	1.3818858
23.053896987042194	1.9607782	1.400278
23.071784795377173	1.9587733	1.3995618
23.08967317365145	1.9373053	1.3918712
23.10756212235546	1.8712944	1.3679526
23.125451641979787	1.9196265	1.3855058
23.143341733015134	1.9245809	1.3872926
23.161232395952357	1.943378	1.394051
23.179123631282426	1.9144775	1.3836465
23.197015439496468	1.8792338	1.3708515
23.214907821085717	1.887717	1.3739421
23.23280077654157	1.90066	1.3786442
23.250694306355538	1.9447175	1.3945312
23.268588411019277	1.9375511	1.3919594
23.28648309102458	1.9587086	1.3995388
23.304378346863356	1.9675442	1.4026917
23.322274179027676	2.000673	1.4144515
23.340170588009723	1.9575377	1.3991203
23.358067574301852	1.897444	1.3774774
23.37596513839651	1.8761717	1.3697342
23.39386328078629	1.8999925	1.3784021
23.411762001963947	1.9043562	1.3799841
23.429661302422353	1.9347051	1.3909367
23.4475611826545	1.8943232	1.3763442
23.46546164315356	1.8773913	1.3701793
23.48336268441279	1.873634	1.3688076
23.501264306925638	1.9056826	1.3804647
23.51916651118564	1.9229947	1.3867209
23.537069297686497	1.9117923	1.3826758
23.554972666922037	1.9349929	1.3910402
23.57287661938623	1.9699122	1.4035356
23.59078115557318	1.9676243	1.4027203
23.608686275977128	1.9321015	1.3900006
23.62659198109246	1.9473493	1.3954746
23.6444982714137	1.96861	1.4030716
23.66240514743549	1.9874694	1.4097763
23.68031260965263	1.9637114	1.4013249
23.698220658560068	1.908703	1.3815582
23.716129294652845	1.862276	1.3646523
23.7340385184262	1.8599633	1.3638047
23.75194833037546	1.9015684	1.3789737
23.769858730996123	1.9314249	1.3897572
23.78776972078382	1.9474341	1.395505
23.80568130023431	1.9644964	1.4016049
23.823593469843495	1.9407969	1.3931248
23.841506230107424	1.9522188	1.3972182
23.859419581522275	1.9440199	1.3942811
23.87733352458438	1.8933321	1.3759841
23.89524805979019	1.8406425	1.3567028
23.913163187636318	1.8509878	1.3605101
23.931078908619508	1.9038379	1.3797964
23.948995223236633	1.9067434	1.3808488
23.966912131984735	1.9630307	1.4010819
23.98482963536096	2.0200987	1.4213017
24.002747733862616	2.015621	1.4197257
24.020666427987155	2.0033228	1.4153879
24.038585718232156	2.0042508	1.4157157
24.056505605095353	2.0168207	1.4201481
24.074426089074617	2.049798	1.4317116
24.092347170667946	2.0626755	1.4362018
24.110268850373515	2.1142561	1.4540482
24.128191128689586	2.0857809	1.4442233
24.146114006114626	2.0700405	1.4387635
24.164037483147187	2.1067615	1.4514687
24.181961560286005	2.1354558	1.4613199
24.199886238029926	2.1070127	1.4515553
24.21781151687797	2.0564501	1.4340328
24.235737397329274	2.0379822	1.4275792
24.253663879883135	2.0528276	1.4327692
24.271590965038975	2.0534804	1.432997
24.289518653296376	2.0504797	1.4319496
24.30744694515505	2.089921	1.445656
24.32537584111486	2.063788	1.436589
24.34330534167581	2.011825	1.4183882
24.361235447338046	2.0053778	1.4161136
24.379166158601876	2.009501	1.4175687
24.39709747596772	2.0144901	1.4193274
24.41502939993615	1.9929268	1.4117106
24.432961931007917	1.9671718	1.402559
24.450895069683856	1.9721292	1.4043251
24.468828816465	1.9745938	1.4052024
24.4867631718525	1.9709429	1.4039028
24.504698136347656	1.9767874	1.4059827
24.52263371045192	1.9711797	1.403987
24.540569894666874	1.9625083	1.4008956
24.558506689494266	1.972209	1.4043536
24.57644409543597	1.9637345	1.4013331
24.594382112994012	1.946632	1.3952175
24.61232074267057	1.9581505	1.3993393
24.630259984967953	1.9399724	1.392829
24.64819984038863	1.9329954	1.3903221
24.66614030943522	1.9069782	1.3809339
24.684081392610462	1.944022	1.3942819
24.702023090417274	1.9538047	1.3977857
24.7199654033587	1.9704179	1.4037157
24.737908331937927	2.0080597	1.4170603
24.755851876658305	2.0734067	1.4399328
24.773796038023324	2.098194	1.4485143
24.79174081653661	2.1180048	1.4553367
24.809686212701962	2.1353366	1.4612792
24.827632227023294	2.1527474	1.4672244
24.8455788600047	2.107532	1.4517342
24.8635261121504	2.1000023	1.4491385
24.88147398396475	2.1168184	1.454929
24.899422475952303	2.1548407	1.4679376
24.917371588617698	2.149346	1.4660648
24.935321322465768	2.157843	1.4689599
24.953271678001478	2.3037095	1.5177976
24.97122265572994	2.55977	1.5999281
24.989174256156414	2.8934896	1.7010261
25.00712647978632	3.339609	1.8274597
25.02507932712521	3.8616533	1.965109
25.043032798678798	4.3939466	2.0961742
25.060986894952933	5.154623	2.2703795
25.078941616453637	6.0212626	2.4538262
25.096896963687055	7.1526914	2.6744516
25.114852937159508	8.232682	2.869265
25.132809537377444	8.625428	2.936908
25.150766764847468	8.4977455	2.9150894
25.168724620076347	7.8089495	2.7944498
25.186683103570985	6.660401	2.5807753
25.204642215838426	5.4943743	2.3440082
25.222601957385894	4.134748	2.033408
25.24056232872074	3.1580172	1.7770811
25.25852333035048	2.563539	1.6011056
25.276484962782778	2.2130384	1.4876285
25.294447226525435	2.0655022	1.4371855
25.312410122086423	1.9827801	1.4081123
25.330373649973843	1.9754509	1.4055073
25.348337810695988	1.9511517	1.3968363
25.366302604761245	1.9768506	1.4060051
25.384268032678207	2.0037942	1.4155544
25.40223409495558	2.0101414	1.4177946
25.420200792102257	2.016024	1.4198676
25.438168124627246	1.9989208	1.413832
25.45613609303974	1.9569345	1.3989047
25.474104697849057	1.9505061	1.3966053
25.492073939564698	1.9270312	1.3881755
25.510043818696285	1.929264	1.3889794
25.528014335753614	1.8982699	1.3777771
25.54598549124664	1.8565629	1.3625574
25.56395728568544	1.837631	1.3555925
25.58192971958028	1.8795507	1.370967
25.59990279344156	1.9205432	1.3858366
25.617876507779833	1.9111319	1.3824369
25.635850863105826	1.8971958	1.3773873
25.653825859930386	1.8968194	1.3772507
25.671801498764548	1.8910466	1.3751533
25.68977778011949	1.8547229	1.3618821
25.707754704506524	1.8444455	1.3581036
25.725732272437153	1.8300742	1.3528024
25.743710484423012	1.8466117	1.3589009
25.761689340975888	1.8572615	1.3628138
25.77966884260774	1.8995312	1.3782349
25.797648989830662	1.9187498	1.3851894
25.815629783156922	1.87945	1.3709303
25.83361122309895	1.852781	1.361169
25.85159331016929	1.8325287	1.3537092
25.869576044880695	1.826616	1.3515236
25.887559427746034	1.8287771	1.3523228
25.90554345927836	1.789391	1.3376812
25.92352813999086	1.812906	1.346442
25.94151347039689	1.826429	1.3514544
25.959499451009965	1.8626183	1.3647778
25.97748608234374	1.8413674	1.35697
25.995473364912062	1.7987016	1.3411568
26.013461299228904	1.8096955	1.3452492
26.03144988580839	1.8314737	1.3533195
26.04943912516483	1.8598443	1.3637611
26.067429017812675	1.8255018	1.3511113
26.085419564266537	1.7840039	1.3356661
26.103410765041186	1.7685716	1.3298765
26.12140262065155	1.8385603	1.3559352
26.139395131612723	1.8829683	1.3722129
26.157388298439948	1.8615482	1.3643856
26.17538212164861	1.7952952	1.3398863
26.193376601754295	1.7626579	1.3276513
26.211371739272714	1.7747253	1.3321881
26.229367534719746	1.8479072	1.3593775
26.247363988611433	1.8907489	1.3750451
26.26536110146397	1.8353457	1.3547493
26.283358873793727	1.7947245	1.3396733
26.301357306117204	1.7793505	1.333923
26.319356398951104	1.7968918	1.3404819
26.33735615281224	1.810823	1.3456682
26.35535656821762	1.8665688	1.3662243
26.373357645684404	1.8604425	1.3639804
26.39135938572991	1.8604763	1.3639928
26.409361788871614	1.8243008	1.3506668
26.427364855627165	1.811336	1.3458588
26.445368586514352	1.7944221	1.3395604
26.46337298205115	1.7623243	1.3275256
26.48137804275568	1.7586417	1.3261379
26.499383769146217	1.7722123	1.3312446
26.517390161741215	1.7845051	1.3358537
26.53539722105928	1.805676	1.3437544
26.553404947619182	1.818277	1.348435
26.571413341939856	1.7881464	1.3372159
26.589422404540397	1.7687052	1.3299267
26.60743213594006	1.762977	1.3277714
26.62544253665827	1.7734195	1.331698
26.64345360721459	1.7750224	1.3322997
26.66146534812879	1.7663023	1.3290231
26.679477759920758	1.7567631	1.3254294
26.69749084311057	1.7867496	1.3366935
26.71550459821847	1.7854755	1.3362168
26.733519025764842	1.7906599	1.3381554
26.751534126270258	1.772448	1.3313332
26.769549900255434	1.814875	1.347173
26.787566348241267	1.8083547	1.3447508
26.80558347074881	1.8026667	1.3426342
26.823601268299267	1.7745159	1.3321096
26.841619741414036	1.7714138	1.3309447
26.85963889061465	1.7627337	1.3276799
26.877658716422832	1.7985972	1.3411179
26.89567921936045	1.8454194	1.3584621
26.913700399949544	1.7845457	1.3358688
26.93172225871233	1.7309989	1.3156743
26.949744796171174	1.6919441	1.3007475
26.967768012848605	1.7425636	1.3200619
26.98579190926733	1.7689781	1.3300294
27.003816485950225	1.7922465	1.3387481
27.021841743420318	1.7868338	1.336725
27.039867682200814	1.8035877	1.3429772
27.057894302815072	1.7841936	1.3357371
27.07592160578664	1.7524899	1.3238164
27.0939495916392	1.7831762	1.3353562
27.111978260896635	1.8062881	1.3439822
27.13000761408296	1.813219	1.3465582
27.148037651722397	1.8157009	1.3474795
27.166068374339304	1.7946808	1.339657
27.184099782458215	1.7610409	1.3270422
27.20213187660384	1.7650883	1.3285663
27.22016465730105	1.8064375	1.3440378
27.23819812507487	1.8243837	1.3506975
27.256232280450533	1.8094766	1.3451679
27.274267123953383	1.8018801	1.3423413
27.292302656108987	1.8403895	1.3566096
27.31033887744306	1.798668	1.3411443
27.32837578848146	1.77014	1.3304662
27.34641338975026	1.7965208	1.3403436
27.364451681775673	1.8307308	1.353045
27.382490665084074	1.7934743	1.3392066
27.400530340202046	1.7844112	1.3358185
27.41857070765629	1.7822912	1.3350248
27.436611767973726	1.7734897	1.3317243
27.454653521681404	1.7862403	1.336503
27.472695969306564	1.8457601	1.3585875
27.490739111376627	1.8708924	1.3678057
27.508782948419153	1.8735595	1.3687803
27.526827480961902	1.8244603	1.3507259
27.54487270953279	1.8233914	1.3503301
27.562918634659898	1.8348697	1.3545736
27.580965256871508	1.877152	1.3700919
27.599012576696026	1.8368177	1.3552924
27.617060594662068	1.8540683	1.3616418
27.63510931129842	1.8820333	1.3718722
27.65315872713401	1.8628241	1.3648531
27.67120884269797	1.8243542	1.3506866
27.68925965851958	1.8594	1.3635982
27.707311175128307	1.8665427	1.3662148
27.725363393053787	1.8096108	1.3452178
27.74341631282583	1.8476504	1.3592831
27.7614699349744	1.8768677	1.3699882
27.77952426002968	2.0146782	1.4193937
27.797579288521973	2.0923393	1.4464921
27.815635020981784	2.4531803	1.5662632
27.83369145793979	2.5173748	1.5866237
27.85174859992682	2.4163294	1.5544547
27.869806447473923	2.2619665	1.5039835
27.887865001112267	1.954493	1.3980318
27.905924261373233	1.8730218	1.3685839
27.92398422878836	1.8841645	1.3726487
27.94204490388936	1.8765184	1.3698608
27.96010628720813	1.9017754	1.3790487
27.978168379276728	1.9246731	1.3873259
27.9962311806274	1.8741089	1.368981
28.014294691792568	1.8545532	1.3618199
28.0323589133048	1.8951633	1.3766493
28.050423845696887	1.9007636	1.3786819
28.068489489501758	1.8809736	1.371486
28.086555845252523	1.8646486	1.3655213
28.104622913482487	1.8618038	1.3644793
28.122690694725115	1.8878404	1.3739871
28.14075918951405	1.9611837	1.4004227
28.15882839838312	1.9907261	1.410931
28.176898321866304	1.9623067	1.4008236
28.1949689604978	1.9038998	1.3798188
28.213040314811945	1.860231	1.3639029
28.23111238534327	1.8399253	1.3564384
28.249185172626493	1.8565346	1.3625472
28.267258677196473	1.9231309	1.3867699
28.285332899588294	1.9676301	1.4027224
28.303407840337172	2.0202818	1.4213662
28.321483499978545	2.0677161	1.4379555
28.33955987904799	2.0385003	1.4277606
28.357636978081285	1.9760225	1.4057107
28.37571479761439	1.9638095	1.4013599
28.393793338183425	1.9115769	1.3825979
28.41187260032469	1.8801421	1.3711827
28.429952584574686	1.9074148	1.3810918
28.448033291470065	1.9033355	1.3796142
28.46611472154769	1.9676443	1.4027275
28.484196875344566	1.9959316	1.4127744
28.502279753397914	1.9487162	1.3959643
28.52036335624511	1.9565943	1.3987832
28.538447684423716	1.986407	1.4093995
28.556532738471482	2.0100904	1.4177766
28.574618518926325	2.050641	1.432006
28.59270502632635	2.0859945	1.4442972
28.61079226120985	2.077318	1.4412904
28.628880224115274	2.011437	1.4182514
28.646968915581287	2.0071833	1.416751
28.66505833614671	2.0430975	1.4293696
28.68314848635055	2.0664666	1.437521
28.701239366732004	2.0003126	1.414324
28.71933097783044	1.9672807	1.4025979
28.737423320185403	2.1210933	1.4563974
28.75551639433665	2.2082694	1.4860247
28.773610200824074	2.16178	1.4702994
28.791704740187793	2.0988686	1.4487473
28.80980001296809	2.0586517	1.4348003
28.827896019705413	2.0703387	1.4388672
28.845992760940433	2.142658	1.4637821
28.86409023721397	2.215365	1.4884102
28.88218844906704	2.2190852	1.4896594
28.900287397040845	2.2085466	1.486118
28.918387081676755	2.227437	1.49246
28.936487503516343	2.2341285	1.4947001
28.954588663101365	2.1881716	1.479247
28.97269056097374	2.2026386	1.484129
28.990793197675597	2.2711241	1.5070249
29.00889657374923	2.329091	1.526136
29.027000689737125	2.3622384	1.5369575
29.04510554618196	2.4090354	1.5521067
29.06321114362659	2.4351017	1.5604813
29.08131748261405	2.4416049	1.5625635
29.099424563687567	2.465511	1.5701946
29.11753238739057	2.4746802	1.5731117
29.13564095426663	2.5119085	1.5849001
29.15375026485954	2.534477	1.5920041
29.171860319713275	2.570366	1.6032361
29.18997111937199	2.6567352	1.6299495
29.20808266438002	2.7430534	1.6562166
29.226194955281898	2.744938	1.6567854
29.244307992622335	2.7818627	1.6678917
29.26242177694624	2.845674	1.6869125
29.2805363087987	2.8986926	1.7025547
29.29865158872498	2.931472	1.7121543
29.316767617270557	2.929848	1.7116798
29.334884394981064	2.8625088	1.691895
29.353001922402367	2.9609976	1.720755
29.37112020008047	3.1457596	1.773629
29.389239228561596	3.2739632	1.8094096
29.407359008392152	3.4528944	1.8581966
29.42547954011872	3.7338147	1.9323081
29.44360082428809	4.358191	2.0876281
29.46172286144722	5.499509	2.3451033
29.479845652143283	7.262106	2.6948295
29.497969196923606	9.544167	3.0893636
29.516093496335728	12.398336	3.5211272
29.5342185509274	15.438981	3.929247
29.55234436124651	17.725618	4.2101803
29.570470927841175	19.073961	4.3673744
29.588598251259686	18.816847	4.337839
29.60672633205055	17.401838	4.171551
29.624855170762405	14.901969	3.8603067
29.642984767944146	11.87291	3.4457088
29.66111512414481	8.926243	2.9876819
29.67924623991366	6.5155716	2.5525618
29.697378115800138	4.9475265	2.2243035
29.71551075235387	4.0298085	2.0074382
29.733644150124675	3.575311	1.8908492
29.751778309662576	3.43976	1.854659
29.769913231517766	3.408441	1.8461964
29.78804891624066	3.3501883	1.830352
29.806185364381818	3.277246	1.8103166
29.82432257649206	3.262266	1.8061744
29.842460553122333	3.2549233	1.8041406
29.86059929482382	3.2540383	1.8038954
29.878738802147872	3.267326	1.8075746
29.896879075646048	3.343247	1.8284549
29.915020115870114	3.3318176	1.8253267
29.933161923371976	3.3027103	1.8173361
29.951304498703777	3.2762072	1.8100296
29.969447842417857	3.2157288	1.7932453
29.987591955066733	3.1985958	1.7884618
30.005736837203123	3.2358005	1.7988331
30.023882489379943	3.2301905	1.797273
30.04202891215028	3.183053	1.7841113
30.060176106067455	3.2116268	1.7921013
30.078324071684946	3.207281	1.7908883
30.09647280955646	3.2213242	1.7948048
30.114622320235863	3.1454568	1.7735436
30.132772604277257	3.0312893	1.7410598
30.1509236622349	3.0222044	1.7384489
30.16907549466328	3.0233333	1.7387735
30.18722810211705	2.9524806	1.7182784
30.205381485151097	2.899006	1.7026467
30.22353564432045	2.946825	1.7166319
30.241690580180403	3.0319126	1.7412388
30.25984629328638	3.0897985	1.7577822
30.278002784194037	3.0396943	1.7434719
30.296160053459246	3.0009048	1.732312
30.314318101638033	2.932413	1.712429
30.332476929286646	2.9225953	1.7095599
30.35063653696153	2.9100142	1.7058764
30.368796925219307	2.901546	1.7033925
30.386958094616844	2.9737678	1.7244616
30.40512004571115	2.9358466	1.7134312
30.423282779059463	2.841426	1.685653
30.441446295219233	2.7986524	1.6729174
30.459610594748067	2.8250265	1.6807815
30.47777567820382	2.8141158	1.6775327
30.495941546144504	2.8105986	1.676484
30.51410819912835	2.7911673	1.6706787
30.532275637713795	2.7991285	1.6730596
30.55044386245946	2.7995982	1.6732
30.56861287392416	2.8175604	1.6785591
30.586782672666956	2.83053	1.6824179
30.604953259247047	2.8482137	1.6876651
30.623124634223885	2.8505106	1.6883456
30.641296798157075	2.8747747	1.6955161
30.659469751606462	2.823801	1.680417
30.677643495132074	2.7992728	1.6731027
30.695818029294152	2.7625294	1.6620859
30.713993354653116	2.7929554	1.6712137
30.73216947176962	2.7479422	1.6576918
30.75034638120448	2.6922379	1.640804
30.768524083518756	2.6314213	1.6221657
30.786702579273673	2.7233427	1.6502553
30.80488186903069	2.854643	1.6895689
30.82306195335144	3.0101502	1.7349784
30.841242832797782	3.1908839	1.7863045
30.85942450793176	3.5485182	1.883751
30.877606979315637	3.8752785	1.9685727
30.895790247511883	4.260267	2.0640414
30.913974313083134	4.6773477	2.1627176
30.932159176592283	4.8853693	2.210287
30.95034483860237	4.855502	2.2035203
30.968531299676698	4.5654483	2.1366909
30.98671856037873	4.315855	2.0774636
31.00490662127215	3.9284794	1.9820392
31.023095482920848	3.4347303	1.8533025
31.04128514588892	2.9867604	1.7282246
31.059475610740662	2.6409822	1.6251099
31.07766687804056	2.434344	1.5602385
31.09585894835335	2.426014	1.5575666
31.11405182224393	2.4638681	1.5696714
31.132245500277417	2.4888258	1.5776013
31.15043998301914	2.4932969	1.5790176
31.168635271034628	2.541502	1.5942088
31.18683136488964	2.5703049	1.603217
31.20502826515008	2.4058666	1.5510856
31.223225972382135	2.3685055	1.5389949
31.241424487152155	2.3765783	1.5416155
31.259623810026692	2.401257	1.549599
31.27782394157253	2.3701882	1.5395416
31.296024882356644	2.3613725	1.5366758
31.314226632946237	2.3991156	1.5489079
31.332429193908684	2.4350832	1.5604753
31.350632565811598	2.4890044	1.5776578
31.368836749222787	2.4296367	1.5587292
31.387041744710295	2.410605	1.5526123
31.40524755284232	2.486499	1.5768636
31.423454174187317	2.4875169	1.5771863
31.441661609313922	2.4294317	1.5586634
31.459869858791002	2.4228113	1.5565382
31.478078923187628	2.4818957	1.5754033
31.496288803073064	2.4126294	1.5532641
31.514499499016807	2.3692698	1.5392432
31.532711011588546	2.35619	1.5349886
31.550923341358178	2.3822324	1.5434482
31.56913648889584	2.3469675	1.5319816
31.587350454771844	2.3701172	1.5395185
31.605565239556732	2.3603325	1.5363374
31.62378084382127	2.3454294	1.5314795
31.641997268136382	2.3256838	1.5250193
31.660214513073274	2.2992866	1.5163399
31.67843257920331	2.2787075	1.5095389
31.6966514670981	2.3401716	1.5297619
31.71487117732944	2.3374782	1.5288813
31.733091710469346	2.2943375	1.5147071
31.751313067090052	2.2697878	1.5065815
31.769535247764008	2.2650867	1.5050205
31.787758253063878	2.2467825	1.4989271
31.805982083562526	2.224309	1.4914117
31.824206739833024	2.2614312	1.5038056
31.84243222244869	2.2206068	1.49017
31.860658531983013	2.1786132	1.4760126
31.878885669009737	2.1686761	1.4726425
31.897113634102784	2.201175	1.4836358
31.91534242783632	2.1798081	1.4764173
31.933572050784694	2.1602426	1.4697764
31.951802503522508	2.2272685	1.4924036
31.970033786624548	2.3524678	1.5337757
31.988265900665834	2.3535097	1.5341153
32.006498846221575	2.3079712	1.5192008
32.02473262386724	2.2647328	1.504903
32.04296723417845	2.1922753	1.4806334
32.0612026777311	2.080317	1.4423304
32.07943895510129	2.0318859	1.4254423
32.097676066865304	2.0748818	1.440445
32.115914013599685	2.1049786	1.4508544
32.13415279588115	2.1226594	1.4569349
32.152392414286666	2.1730602	1.4741303
32.1706328693934	2.1934752	1.4810386
32.18887416177875	2.1196792	1.4559118
32.20711629202032	2.1895564	1.479715
32.225359260695924	2.1740716	1.4744734
32.243603068383614	2.148364	1.4657298
32.26184771566166	2.0964031	1.4478961
32.28009320310852	2.0990963	1.4488258
32.2983395313029	2.063954	1.4366468
32.31658670082372	2.0925453	1.4465632
32.33483471225012	2.1340759	1.4608476
32.35308356616143	2.135929	1.4614818
32.371333263137245	2.1081502	1.4519471
32.38958380375734	2.1010954	1.4495156
32.407835188601744	2.053384	1.4329634
32.42608741825067	2.0793695	1.4420019
32.444340493284585	2.0862632	1.4443903
32.46259441428416	2.105829	1.4511474
32.48084918183028	2.2127426	1.487529
32.49910479650405	2.2490983	1.4996994
32.51736125888683	2.1455183	1.4647588
32.53561856956014	2.0294368	1.4245831
32.5538767291058	2.0093672	1.4175215
32.572135738105764	1.9516193	1.3970037
32.59039559714228	1.929719	1.3891432
32.608656306797776	1.910448	1.3821895
32.62691786765491	2.0068762	1.4166425
32.645180280296586	2.0044448	1.4157841
32.663443545305896	1.9613488	1.4004816
32.68170766326619	2.029249	1.424517
32.69997263476099	2.0913568	1.4461524
32.7182384603741	2.0428371	1.4292785
32.7365051406895	2.0820637	1.4429358
32.75477267629144	2.0126452	1.4186773
32.77304106776434	1.9636528	1.401304
32.79131031569289	1.8994616	1.3782096
32.809580420661966	1.925222	1.3875237
32.827851383256714	1.9365752	1.3916088
32.84612320406245	1.8823401	1.371984
32.86439588366476	1.9518958	1.3971027
32.88266942264945	2.026029	1.4233865
32.9009438216025	1.9498614	1.3963743
32.9192190811102	1.9136944	1.3833635
32.937495201758985	1.9375182	1.3919476
32.95577218413556	2.0022402	1.4150053
32.974050028826866	2.0691936	1.4384692
32.992328736420035	2.0791485	1.4419253
33.010608307502444	2.0127704	1.4187214
33.02888874266169	1.9939669	1.412079
33.047170042485604	2.0097172	1.417645
33.06545220756225	2.057137	1.4342723
33.083735238479896	2.0512853	1.4322308
33.10201913582707	2.0182076	1.4206363
33.12030390019248	2.0140123	1.419159
33.138589532165135	1.995218	1.4125218
33.15687603233419	1.9974957	1.4133278
33.17516340128909	1.9841475	1.4085977
33.19345163961947	1.8740712	1.3689672
33.211740747915215	1.8230532	1.350205
33.23003072676643	1.9260827	1.3878338
33.248321576763466	1.9048218	1.3801528
33.266613298496885	1.878984	1.3707603
33.28490589255747	1.8636391	1.3651516
33.30319935953626	1.8632139	1.364996
33.32149370002451	1.8817843	1.3717815
33.339788914613706	1.8996316	1.3782712
33.358085003895575	1.9952848	1.4125456
33.376381968462034	1.9980919	1.4135388
33.39467980890529	1.9639112	1.4013962
33.41297852581774	1.8660794	1.3660452
33.43127811979204	1.8250595	1.3509476
33.44957859142105	1.8925354	1.3756945
33.467879941297866	1.9586685	1.3995243
33.486182170015844	1.9862077	1.4093288
33.50448527816853	1.904902	1.3801819
33.522789266349754	1.8318015	1.3534406
33.541094135153514	1.855523	1.3621758
33.55939988517411	1.8849432	1.3729323
33.57770651700602	1.8769221	1.3700081
33.59601403124398	1.8566644	1.3625947
33.61432242848296	1.8862057	1.373392
33.632631709318154	1.9323794	1.3901005
33.650941874344994	1.9574709	1.3990965
33.66925292415916	1.9303702	1.3893776
33.68756485935654	1.8608887	1.364144
33.70587768053328	1.863629	1.365148
33.724191388285746	1.8923213	1.3756167
33.74250598321054	1.9439312	1.3942493
33.760821465904506	1.9654742	1.4019537
33.77913783696474	1.946978	1.3953415
33.79745509698852	2.0707464	1.4390088
33.815773246573414	2.1213987	1.4565022
33.8340922863172	2.1753337	1.4749013
33.852412216817896	2.0566502	1.4341025
33.87073303867377	2.0011272	1.414612
33.889054752483304	1.9400315	1.3928502
33.907377358845245	1.9584153	1.3994339
33.92570085835853	1.8543395	1.3617413
33.94402525162239	1.7953444	1.3399045
33.96235053923627	1.8587734	1.3633684
33.980676721799824	1.8322034	1.353589
33.999003799912984	1.9357934	1.391328
34.01733177417592	1.9936395	1.411963
34.03566064518901	1.98893	1.4102943
34.0539904135529	2.0335977	1.4260427
34.07232107986846	2.108174	1.4519553
34.090652644736785	2.0737305	1.4400454
34.108985108759235	1.9751481	1.4053996
34.12731847253742	1.839469	1.3562702
34.14565273667313	1.8761836	1.3697386
34.16398790176847	2.0728114	1.4397261
34.18232396842574	2.0994616	1.4489518
34.20066093724749	1.9994318	1.4140127
34.21899880883651	1.9516425	1.397012
34.23733758379583	2.027861	1.42403
34.25567726272874	2.0490723	1.4314581
34.27401784623872	2.0214093	1.4217627
34.29235933492957	1.9012231	1.3788484
34.31070172940526	1.8780692	1.3704267
34.32904503027003	1.782405	1.3350674
34.347389238128386	1.7626115	1.3276339
34.36573435358502	1.9334905	1.3905001
34.38408037724492	2.035539	1.4267231
34.402427309713296	1.9855626	1.4090999
34.42077515159559	1.9644766	1.4015979
34.43912390349752	2.0019615	1.4149069
34.45747356602499	2.067881	1.438013
34.47582413978423	2.0416307	1.4288565
34.49417562538163	1.991791	1.4113083
34.51252802342388	1.8752859	1.3694108
34.53088133451789	1.8468876	1.3590025
34.54923555927084	1.7702252	1.3304981
34.567590698290104	1.8542745	1.3617175
34.58594675218336	1.8965927	1.3771684
34.6043037215585	1.9768425	1.4060023
34.62266160702365	2.1264281	1.4582278
34.641020409187234	1.991918	1.4113532
34.65938012865785	1.6979489	1.3030537
34.677740766044394	1.7369646	1.3179395
34.69610232195598	1.8760675	1.3696961
34.714464797002016	2.010001	1.417745
34.73282819179208	2.0514216	1.4322785
34.751192506936064	2.1362267	1.4615836
34.76955774304408	2.1574929	1.4688406
34.7879239007265	2.1321015	1.4601717
34.80629098059391	1.996669	1.4130354
34.824658983257194	1.8414971	1.3570178
34.843027909327446	1.9135085	1.3832963
34.86139775941603	2.0551372	1.4335749
34.879768534134534	1.9685984	1.4030675
34.89814023409483	1.8725514	1.368412
34.91651285990901	1.820038	1.3490878
34.93488641218944	1.8973129	1.3774298
34.95326089154871	1.9223418	1.3864855
34.97163629859967	1.8779386	1.370379
34.99001263395542	1.7939326	1.3393776
35.00838989822934	1.9655399	1.4019772
35.02676809203499	1.863054	1.3649374
35.04514721598624	1.7842984	1.3357763
35.063527270697215	1.7570347	1.3255318
35.081908256782256	1.9457538	1.3949028
35.10029017485597	2.133854	1.4607717
35.11867302553321	2.2217722	1.490561
35.137056809429104	2.184698	1.4780724
35.155441527159006	2.1482606	1.4656945
35.173827179338524	2.1513226	1.4667388
35.19221376658354	2.0873077	1.4447517
35.21060128951017	1.8865831	1.3735294
35.2289897487348	1.7504709	1.3230536
35.24737914487405	1.5854999	1.2591664
35.26576947854479	1.8353006	1.3547326
35.28416075036418	2.111978	1.4532646
35.30255296094958	2.114579	1.4541591
35.32094611091867	2.2356188	1.4951986
35.33934020088932	2.1999614	1.4832267
35.35773523147969	2.003873	1.4155823
35.3761312033082	1.941517	1.3933833
35.394528116993506	2.2613316	1.5037725
35.41292597315452	2.3591232	1.5359437
35.431324772410434	2.233616	1.4945288
35.449724515380666	2.2765894	1.5088371
35.46812520268491	2.024207	1.4227463
35.486526834943106	1.8738029	1.3688692
35.504929412775454	2.1357844	1.4614323
35.52333293680242	1.7134514	1.3089887
35.54173740764471	1.5618759	1.2497504
35.560142825923286	2.01252	1.4186332
35.5785491922594	2.1836507	1.4777181
35.59695650727454	2.3774998	1.5419143
35.61536477159042	2.5998158	1.6123945
