0.008763373481513119	0.3822274	0.6182454
0.026290120649546365	0.19633481	0.44309685
0.043816868432600686	0.2634564	0.51328003
0.06134361724069026	0.18580216	0.43104774
0.07887036748382949	0.14289293	0.37801182
0.0963971195720331	0.14174475	0.37649003
0.11392387391531617	0.18406014	0.4290223
0.1314506309236943	0.21201162	0.4604472
0.1489773910071836	0.24520193	0.4951787
0.16650415457580078	0.24350321	0.49346045
0.18403092203956356	0.2351335	0.48490566
0.20155769380849	0.20321444	0.45079312
0.2190844702925996	0.19125775	0.43733025
0.2366112519019124	0.12634774	0.35545427
0.2541380390464497	0.12540844	0.35413054
0.27166483213623416	0.12582026	0.35471153
0.28919163158128947	0.13332695	0.36513963
0.3067184377916406	0.122452416	0.34993201
0.324245251177314	0.14592384	0.3819998
0.34177207214833777	0.13415895	0.36627716
0.3592989011147415	0.07156436	0.26751515
0.37682573848655654	0.055041663	0.2346096
0.39435258467381573	0.032647803	0.18068703
0.41187944008655414	0.099773936	0.31587014
0.42940630513480854	0.16713601	0.40882272
0.446933180228618	0.18540071	0.43058184
0.4644600657780234	0.14925152	0.38633084
0.48198696219306775	0.14098269	0.37547663
0.49951386988379676	0.124228485	0.35246062
0.5170407892602581	0.11605827	0.34067327
0.5345677207325025	0.1023894	0.31998345
0.5520946647105822	0.12912422	0.35933858
0.5696216216045534	0.1632054	0.40398687
0.5871485918244737	0.18260223	0.42731982
0.6046755757804043	0.17097954	0.41349673
0.6222025738824094	0.22121917	0.47033942
0.6397295865405557	0.23340033	0.48311523
0.6572566141649129	0.21000949	0.45826793
0.6747836571655547	0.15643993	0.3955249
0.6923107159525568	0.16927525	0.41143075
0.7098377909359992	0.16911907	0.4112409
0.7273648825259653	0.15531562	0.39410102
0.7448919911325411	0.14719434	0.38365915
0.762419117165817	0.15810095	0.3976191
0.7799462610358868	0.18757203	0.43309587
0.7974734231528482	0.20318167	0.4507568
0.8150006039268024	0.22114371	0.4702592
0.8325278037678551	0.23664671	0.4864635
0.8500550230861152	0.25038314	0.500383
0.8675822622916969	0.24984743	0.4998474
0.8851095217947171	0.22904792	0.4785895
0.9026368020052984	0.20880699	0.45695403
0.9201641033335665	0.20581932	0.45367315
0.9376914261896523	0.23212995	0.48179865
0.9552187709836915	0.27660728	0.5259347
0.9727461381258234	0.28622225	0.5349974
0.990273528026193	0.2737092	0.52317226
1.0078009410949496	0.24130462	0.49122766
1.0253283777422473	0.26802862	0.5177148
1.0428558383782454	0.2924292	0.54076725
1.0603833234131086	0.31926152	0.5650323
1.0779108332570058	0.33467457	0.57851064
1.0954383683201119	0.3187671	0.5645946
1.112965929012607	0.36796996	0.6066053
1.1304935157446763	0.4551144	0.67462164
1.1480211289265108	0.49608654	0.7043341
1.1655487689683062	1.3313428	1.1538383
1.1830764362802655	1.6415191	1.2812178
1.200604131272596	2.0468798	1.4306921
1.2181318543555117	2.321933	1.523789
1.235659605939232	2.3267977	1.5253844
1.253187386433982	3.9511247	1.9877436
1.270715196249994	6.350982	2.5201156
1.2882430357975057	11.8983135	3.4493933
1.3057709054867608	16.526922	4.065332
1.3232988057280106	22.26981	4.71909
1.3408267369315112	26.928862	5.1893024
1.358354699507526	30.727089	5.543202
1.3758826938663256	34.912956	5.9087186
1.3934107204181858	36.754025	6.0625095
1.410938779573391	37.298355	6.107238
1.4284668717422309	38.01144	6.165342
1.4459949973350033	37.894203	6.1558266
1.4635231567620117	38.025784	6.166505
1.4810513504335687	37.4738	6.121585
1.4985795787599925	36.52159	6.0433097
1.5161078421516088	35.65594	5.9712596
1.5336361410187505	35.09458	5.924068
1.5511644757717598	35.018402	5.917635
1.5686928468209842	35.71223	5.975971
1.58622125457678	36.33104	6.0275235
1.6037496994495108	37.541924	6.1271462
1.621278181849548	37.71542	6.1412883
1.6388067021872719	38.3971	6.1965394
1.6563352608730693	37.691204	6.139316
1.673863858317336	36.355762	6.029574
1.6913924949304753	35.419205	5.9514036
1.7089211711228998	34.121452	5.841357
1.7264498873050296	33.52926	5.7904453
1.7439786438872935	32.760635	5.7236905
1.7615074412801288	31.743793	5.634163
1.779036279893981	30.830223	5.552497
1.796565160139305	30.217424	5.497038
1.814094082426564	29.700047	5.4497747
1.8316230471662298	29.381298	5.4204516
1.849152054768784	28.573273	5.3453975
1.8666811056447168	28.449545	5.3338113
1.8842102002045273	27.778032	5.270487
1.901739338858724	26.850565	5.181753
1.9192685220178245	25.842777	5.083579
1.9367977500923557	24.791752	4.9791317
1.9543270234928547	24.062778	4.9053826
1.971856342629867	23.416529	4.8390627
1.9893857079139496	23.154778	4.811941
2.006915119755667	22.978664	4.7936068
2.0244445785655945	22.606627	4.7546425
2.0419740847543175	22.041294	4.6948156
2.0595036387324317	21.250517	4.6098285
2.0770332409105414	20.588545	4.5374603
2.094562891699263	20.224707	4.4971886
2.1120925915092217	19.962149	4.467902
2.129622340751053	19.856167	4.456026
2.1471521398354043	187.92372	13.708528
2.1646819891729323	444.1528	21.074932
2.182211889174303	440.24887	20.98211
2.1997418402501974	452.7403	21.277695
2.2172718428113023	432.82193	20.804373
2.234801897268317	320.51813	17.90302
2.2523320040319548	16.882097	4.108783
2.269862163512935	16.43674	4.054225
2.287392376121992	16.178347	4.0222316
2.304922642269869	16.074358	4.009284
2.322452962367322	15.696757	3.9619133
2.3399833368251164	15.423059	3.9272203
2.357513766054032	15.234569	3.9031487
2.3750442504648586	15.044905	3.878776
2.3925747904683963	14.995645	3.872421
2.410105386475459	14.640915	3.826345
2.4276360388968707	14.327992	3.7852335
2.445166748143469	14.048917	3.7481885
2.4626975146261025	13.866015	3.7237098
2.4802283387556323	13.618788	3.6903641
2.4977592209429305	13.442796	3.666442
2.5152901615988825	13.147437	3.6259394
2.5328211611343865	12.946606	3.5981393
2.5503522199603523	12.638429	3.5550568
2.5678833384877024	12.420679	3.5242984
2.5854145171273712	12.114445	3.480581
2.6029457562903064	11.883092	3.447186
2.620477056387469	11.600277	3.405918
2.6380084178298326	11.502516	3.391536
2.655539841028383	11.414245	3.3784974
2.673071326394119	11.291847	3.3603344
2.6906028743380523	11.075501	3.3279877
2.708134485271211	10.788383	3.2845674
2.7256661596046325	10.842788	3.2928388
2.743197897749369	10.877373	3.2980862
2.760729700116486	10.800395	3.2863955
2.778261567117063	10.428572	3.2293298
2.795793499162193	10.131173	3.1829505
2.8133254966629817	9.99443	3.1613967
2.830857560030551	9.717758	3.117332
2.8483896896760337	9.695236	3.1137173
2.865921886010578	9.5070095	3.083344
2.883454149445347	9.437404	3.0720358
2.9009864803915177	9.33174	3.0547898
2.91851887926028	9.163159	3.027071
2.9360513464628384	9.129133	3.0214455
2.953583882410413	9.064803	3.010781
2.9711164875142373	8.99575	2.9992917
2.9886491621855606	8.936615	2.989417
3.0061819068356455	8.766994	2.960911
3.023714721875769	8.644436	2.9401422
3.041247607717225	8.495334	2.9146755
3.0587805647713213	8.3765	2.8942184
3.0763135934493806	8.311255	2.8829248
3.0938466941627407	8.20131	2.863793
3.1113798673227544	8.016725	2.831382
3.1289131133407904	7.909075	2.8123078
3.1464464326282315	7.7726746	2.7879517
3.1639798255964786	7.738643	2.7818418
3.1815132926569443	7.7055025	2.7758787
3.1990468342210603	7.5757327	2.752405
3.216580450700272	7.4361815	2.7269363
3.2341141425060416	7.3120923	2.704088
3.251647910049847	7.1732845	2.6782987
3.2691817537431813	7.01885	2.6493113
3.286715673997555	6.865757	2.620259
3.3042496712244938	6.916235	2.6298735
3.32178374583554	6.978238	2.6416354
3.339317898242251	6.976383	2.6412845
3.3568521288562034	6.8374233	2.6148467
3.3743864380889876	6.7950883	2.606739
3.3919208263522127	6.7476525	2.5976243
3.4094552940575023	6.712103	2.5907726
3.4269898416164972	6.645142	2.5778172
3.444524469440858	6.5757194	2.5643165
3.4620591779422587	6.466615	2.542954
3.479593967532391	6.3960576	2.5290427
3.4971288386229658	6.412835	2.5323577
3.5146637916257086	6.422627	2.5342903
3.5321988269523628	6.4659886	2.542831
3.5497339450146903	6.3809342	2.526051
3.5672691462244708	6.2433033	2.4986603
3.5848044309934988	6.1869707	2.4873621
3.60233979973359	6.2402964	2.4980586
3.619875252856575	6.385852	2.5270243
3.6374107907743034	6.404259	2.5306637
3.6549464138986427	6.3220406	2.5143669
3.6724821226414788	6.2787223	2.5057378
3.690017917414714	6.3319645	2.5163395
3.7075537986302702	6.3786855	2.525606
3.7250897667000857	6.47063	2.5437434
3.7426258220361235	6.6533966	2.579418
3.7601619650503553	7.071482	2.659226
3.777698196154779	7.6310115	2.7624285
3.7952345157614067	8.823832	2.9704936
3.8127709242822716	9.709975	3.1160834
3.830307422129425	11.97803	3.4609292
3.847844009714936	30.71202	5.541843
3.8653806874508954	97.86972	9.892913
3.882917455749409	96.97047	9.847359
3.900454315022606	96.67688	9.83244
3.917991265682631	41.3434	6.4298835
3.9355283081416506	10.940787	3.307686
3.9530654428118495	8.749845	2.9580135
3.970602670105433	7.5038085	2.739308
3.9881399904346244	6.5158334	2.552613
4.005677404211669	6.4600554	2.541664
4.023214911848827	6.3563485	2.52118
4.0407525137583855	6.4407105	2.5378554
4.058290210352644	6.482276	2.5460315
4.075828002043927	6.5507655	2.5594463
4.0933658892445814	6.5149407	2.5524383
4.110903872366966	6.3729153	2.5244634
4.128441951823468	6.227317	2.4954593
4.145980128026488	6.2073097	2.4914472
4.163518401388452	6.1423635	2.4783792
4.181056772321807	6.234373	2.4968727
4.1985952412390155	6.086708	2.4671254
4.216133808552567	6.124754	2.474824
4.233672474674966	6.115268	2.4729068
4.251211240018741	6.2843766	2.506866
4.268750104996445	6.486015	2.5467656
4.286289070020643	7.474392	2.7339334
4.303828135503928	9.146676	3.0243473
4.3213673018589125	29.559103	5.4368286
4.3389065694982305	90.64411	9.5207205
4.356445938834537	165.82007	12.877114
4.3739854102805085	170.98457	13.076107
4.391524984248844	171.94269	13.112692
4.409064661152262	135.95876	11.660135
4.426604441403504	96.35802	9.816212
4.444144325415337	75.71144	8.701232
4.461684313600543	21.826958	4.671933
4.47922440637193	22.470291	4.740284
4.496764604142329	20.752518	4.5554934
4.5143049073245916	18.761988	4.331511
4.531845316331589	16.584867	4.072452
4.5493858315762195	13.495301	3.6735952
4.566926453471405	11.318501	3.364298
4.584467182430081	9.234684	3.0388622
4.602008018865218	8.143131	2.8536172
4.619548963189798	7.5489097	2.7475278
4.637090015816834	7.053512	2.655845
4.654631177159353	6.7870445	2.6051958
4.672172447630417	6.446015	2.5389004
4.689713827643102	6.24549	2.4990978
4.7072553176105085	5.954531	2.4401908
4.724796917945764	5.743231	2.396504
4.742338629062015	5.682707	2.383843
4.759880451372434	5.63557	2.3739355
4.777422385290215	5.635811	2.3739862
4.794964431228581	5.675614	2.3823547
4.812506589600768	5.6284494	2.3724353
4.830048860820047	5.63338	2.3734741
4.847591245299709	5.6281896	2.3723805
4.8651337434530655	5.62962	2.372682
4.882676355693457	5.5908375	2.3644953
4.900219082434242	5.4844313	2.3418863
4.917761924088813	5.407294	2.3253589
4.935304881070575	5.4159184	2.3272126
4.952847953792969	5.4831524	2.3416133
4.970391142669449	5.465327	2.3378038
4.9879344481135055	5.4667583	2.33811
5.005477870538642	5.5080724	2.3469284
5.023021410358394	5.5559483	2.357106
5.040565067986324	5.608697	2.3682687
5.05810884383601	5.564801	2.358983
5.075652738321066	5.494507	2.3440363
5.09319675185512	5.420787	2.3282583
5.110740884851836	5.4962497	2.3444083
5.128285137724894	5.5177507	2.3489892
5.145829510888007	5.4816456	2.3412914
5.163374004754908	5.4148498	2.326983
5.1809186197393595	5.3343167	2.309614
5.198463356255145	5.288388	2.2996495
5.216008214716077	5.2507415	2.2914495
5.233553195535998	5.183508	2.276732
5.251098299128764	5.1845694	2.276965
5.268643525908272	5.345647	2.3120656
5.286188876288432	5.37184	2.317723
5.3037343506831895	5.383741	2.320289
5.32127994950651	5.283333	2.2985501
5.3388256731723915	5.264555	2.2944617
5.356371522094851	5.204195	2.2812705
5.373917496687938	5.1729198	2.2744055
5.391463597365729	5.174301	2.274709
5.40900982454232	5.107676	2.260017
5.426556178631843	5.145911	2.26846
5.444102660048449	5.208472	2.2822077
5.4616492692063225	5.254156	2.2921946
5.479196006519669	5.322917	2.3071449
5.496742872402727	5.272704	2.296237
5.514289867269756	5.2479053	2.2908306
5.531836991535049	5.225696	2.285978
5.549384245612924	5.2096562	2.2824671
5.566931629917724	5.212804	2.2831566
5.584479144863822	5.154747	2.2704067
5.6020267908656205	5.0853624	2.2550747
5.619574568337545	5.035735	2.2440443
5.637122477694054	5.087612	2.2555735
5.654670519349629	5.1662107	2.27293
5.672218693718784	5.203189	2.28105
5.689767001216059	5.1867566	2.277445
5.707315442256021	5.1154847	2.2617438
5.724864017253266	5.0823503	2.254407
5.7424127266224225	5.0630727	2.2501273
5.75996157077814	5.007679	2.2377844
5.777510550135105	5.0454907	2.246217
5.795059665108022	5.026854	2.2420647
5.812608916111639	5.136801	2.2664511
5.830158303560715	5.2559347	2.2925825
5.847707827870055	5.31566	2.3055716
5.86525748945448	5.404498	2.3247576
5.8828072887288485	5.4952526	2.3441956
5.900357226108044	5.6322713	2.3732407
5.917907302006979	5.752791	2.3984976
5.9354575168406	6.362827	2.5224645
5.9530078710238765	7.0050273	2.646701
5.970558364971812	7.495091	2.7377164
5.988108999099438	7.8571873	2.8030674
6.005659773821818	8.407786	2.8996184
6.023210689554039	8.147714	2.85442
6.040761746711227	8.61667	2.9354165
6.058312945708531	7.954016	2.8202865
6.075864286961132	7.4312515	2.7260323
6.093415770884244	6.67273	2.5831628
6.1109673978931065	6.1325793	2.4764044
6.128519168402993	5.6063223	2.3677673
6.146071082829204	5.5195546	2.3493733
6.163623141587075	5.288886	2.2997577
6.181175345091969	5.1640315	2.2724504
6.198727693759281	5.106948	2.2598557
6.216280188004435	5.098076	2.257892
6.233832828242885	5.157341	2.270978
6.251385614890126	5.158206	2.2711685
6.268938548361669	5.193791	2.278989
6.286491629073067	5.157953	2.2711127
6.304044857439898	5.15531	2.2705307
6.321598233877777	5.038636	2.2446907
6.339151758802344	4.931345	2.220663
6.356705432629277	4.91434	2.216831
6.37425925577428	4.922076	2.2185752
6.391813228653095	4.943852	2.2234774
6.409367351681486	4.958618	2.2267954
6.426921625275259	4.9521	2.2253313
6.44447604985025	4.9786787	2.2312953
6.46203062582232	4.9807177	2.2317522
6.47958535360737	5.011686	2.2386794
6.497140233621328	5.029699	2.242699
6.514695266280161	4.980884	2.2317894
6.532250451999859	4.97318	2.2300627
6.549805791196454	4.923202	2.218829
6.567361284286002	4.949334	2.22471
6.584916931684597	5.0178685	2.2400599
6.602472733808367	5.0090714	2.2380955
6.6200286910734665	5.010722	2.2384644
6.637584803896092	5.0047665	2.2371335
6.655141072692462	4.98736	2.23324
6.672697497878842	4.9969225	2.2353797
6.690254079871514	4.988684	2.2335362
6.707810819086808	5.034922	2.243863
6.725367715941078	4.9522185	2.225358
6.742924770850719	4.914026	2.2167602
6.760481984232151	4.9011765	2.21386
6.778039356501836	4.8789763	2.2088406
6.795596888076266	4.9526834	2.2254624
6.813154579371963	4.9086986	2.2155583
6.830712430805492	4.9516616	2.2252328
6.84827044279344	4.9368377	2.2218995
6.865828615752445	5.0182347	2.2401416
6.883386950099159	5.073281	2.2523944
6.900945446250287	5.04935	2.2470758
6.918504104622553	5.02795	2.242309
6.936062925632727	5.005774	2.2373588
6.953621909697607	5.051479	2.2475495
6.971181057234028	5.1019087	2.2587404
6.988740368658859	5.1382704	2.2667754
7.006299844389007	5.241921	2.289524
7.023859484841407	5.246086	2.2904336
7.041419290433036	5.297576	2.3016465
7.058979261580902	5.370196	2.3173683
7.0765393987020495	5.54619	2.355035
7.094099702213559	5.9023886	2.4294832
7.111660172532549	6.2843604	2.5068626
7.129220810076164	6.6752353	2.5836477
7.146781615261595	7.229898	2.688847
7.16434258850606	7.437506	2.727179
7.181903730226821	7.8057165	2.7938712
7.1994650408411704	7.941357	2.8180413
7.217026520766437	8.111573	2.8480823
7.234588170419983	8.399159	2.8981304
7.252149990219215	8.473163	2.9108698
7.269711980581568	8.295964	2.8802717
7.2872741419245175	8.039725	2.8354409
7.304836474665574	7.6608663	2.767827
7.322398979222286	7.4155464	2.72315
7.339961656012233	7.202466	2.683741
7.357524505453039	6.8179345	2.6111176
7.375087527962357	6.507426	2.5509655
7.392650723957886	6.1620955	2.4823568
7.410214093857353	5.808067	2.4099932
7.427777638078528	5.5951595	2.365409
7.445341357039213	5.4773045	2.3403642
7.4629052511572525	5.411585	2.3262813
7.480469320850524	5.344532	2.3118243
7.498033566536948	5.2430453	2.2897696
7.5155979886344735	5.177855	2.27549
7.5331625875610975	5.144323	2.26811
7.550727363734844	5.168418	2.2734156
7.568292317573788	5.2449822	2.2901926
7.585857449496025	5.2752643	2.2967944
7.603422759919705	5.2177196	2.2842329
7.620988249263007	5.187557	2.277621
7.638553917944147	5.164344	2.2725194
7.656119766381391	5.1864543	2.2773788
7.673685794993023	5.1499577	2.2693517
7.691252004197388	5.1525245	2.2699172
7.70881839441285	5.133036	2.2656205
7.726384966057826	5.2010293	2.2805765
7.743951719550762	5.251001	2.2915063
7.761518655310149	5.298458	2.301838
7.779085773754511	5.27059	2.2957766
7.796653075302419	5.2237015	2.2855418
7.814220560372475	5.2024894	2.2808967
7.831788229383323	5.2509828	2.2915022
7.8493560827536495	5.3519745	2.3134334
7.866924120902174	5.385052	2.3205714
7.884492344247663	5.3925447	2.3221853
7.9020607532089135	5.3453913	2.3120103
7.919629348204771	5.3449607	2.311917
7.937198129654115	5.3703203	2.3173952
7.954767097975865	5.409624	2.3258598
7.972336253588986	5.4666195	2.3380804
7.989905596912472	5.515651	2.3485425
8.007475128365371	5.541331	2.3540032
8.025044848366756	5.5518365	2.3562336
8.042614757335754	5.664148	2.379947
8.060184855691523	5.6937604	2.3861601
8.07775514385327	5.7595587	2.399908
8.095325622240228	5.735133	2.3948138
8.112896291271687	5.70112	2.3877017
8.130467151366968	5.723541	2.3923922
8.148038202945436	5.775832	2.403296
8.165609446426497	5.794017	2.4070764
8.183180882229594	5.896902	2.4283538
8.200752510774217	5.9200125	2.4331076
8.218324332479893	5.960361	2.441385
8.235896347766193	5.9771247	2.4448159
8.253468557052724	5.984726	2.44637
8.27104096075914	5.9636116	2.4420507
8.288613559305137	6.0605173	2.4618118
8.306186353110448	6.133804	2.4766517
8.32375934259485	6.2281733	2.4956307
8.341332528178162	6.2306976	2.4961364
8.358905910280246	6.2996078	2.509902
8.376479489321003	6.2642894	2.5028563
8.394053265720377	6.285119	2.507014
8.411627239898356	6.269281	2.5038533
8.42920141227497	6.3027797	2.5105338
8.44677578327029	6.2868543	2.50736
8.464350353304427	6.249216	2.4998431
8.48192512279754	6.1614285	2.4822226
8.499500092169827	6.0607305	2.4618552
8.51707526184153	6.074838	2.4647186
8.534650632232934	6.044615	2.4585798
8.552226203764365	6.106482	2.4711297
8.569801976856192	6.1643853	2.4828181
8.587377951928834	6.3117247	2.5123146
8.60495412940274	6.3568125	2.521272
8.622530509698416	6.2599063	2.5019805
8.6401070932364	6.303742	2.5107255
8.657683880437283	6.4134073	2.5324707
8.675260871721695	6.654594	2.57965
8.692838067510303	6.8459544	2.6164775
8.710415468223834	6.967202	2.639546
8.727993074283043	7.0604496	2.6571507
8.745570886108737	7.0682063	2.6586099
8.763148904121765	7.12956	2.6701236
8.78072712874302	7.15016	2.6739783
8.798305560393441	7.337981	2.708871
8.815884199494006	7.524519	2.7430856
8.833463046465745	7.7028856	2.7754073
8.851042101729728	7.8695292	2.805268
8.86862136570707	8.148924	2.854632
8.886200838818924	8.3727665	2.8935733
8.903780521486505	8.425303	2.9026372
8.921360414131055	8.499293	2.9153547
8.938940517173874	8.585952	2.9301796
8.956520831036297	8.797092	2.9659894
8.97410135613971	9.020005	3.0033324
8.99168209290554	9.150173	3.0249252
9.009263041755265	9.351743	3.0580618
9.026844203110405	9.588836	3.0965846
9.044425577392525	9.811434	3.132321
9.062007165023239	9.918732	3.149402
9.079588966424197	10.229817	3.1984086
9.097170982017108	10.436241	3.2305171
9.11475321222372	11.570759	3.4015818
9.132335657465825	12.473725	3.5318162
9.149918318165264	12.571778	3.5456703
9.167501194743924	13.128572	3.6233373
9.18508428762374	12.714357	3.5657198
9.202667597226693	12.640395	3.5553334
9.220251123974803	12.315244	3.509308
9.237834868290143	12.069699	3.4741473
9.255418830594836	11.996263	3.463562
9.273003011311046	11.412423	3.3782277
9.290587410860985	11.058122	3.3253753
9.308172029666911	10.325352	3.2133086
9.32575686815113	10.087255	3.1760437
9.343341926735997	8.890334	2.9816663
9.360927205843916	8.699004	2.9494073
9.378512705897327	8.401043	2.8984554
9.396098427318728	8.188718	2.8615935
9.413684370530664	7.9745164	2.8239186
9.431270535955722	7.8458776	2.8010495
9.448856924016539	7.738269	2.7817745
9.466443535135806	7.7166967	2.7778943
9.484030369736251	7.756406	2.7850325
9.501617428240658	7.701301	2.775122
9.519204711071852	7.710749	2.7768235
9.536792218652714	7.768346	2.7871752
9.55437995140617	7.778146	2.7889328
9.571967909755191	7.855537	2.802773
9.589556094122802	7.89083	2.8090622
9.60714450493207	7.9480586	2.81923
9.624733142606116	7.947097	2.8190596
9.642322007568108	7.904541	2.8115015
9.659911100241267	7.9321313	2.8164039
9.677500421048851	7.9694953	2.8230295
9.695089970414175	8.024382	2.8327339
9.712679748760609	8.101823	2.8463702
9.730269756511557	8.149625	2.8547547
9.747859994090492	8.143015	2.853597
9.765450461920915	8.066966	2.8402405
9.78304116042639	8.138626	2.8528278
9.800632090030527	8.135166	2.8522213
9.81822325115699	8.261657	2.8743098
9.835814644229481	8.209391	2.8652034
9.853406269671762	8.184041	2.8607762
9.870998127907646	8.1796255	2.8600044
9.888590219360985	8.172252	2.858715
9.906182544455698	8.265976	2.875061
9.923775103615734	8.296937	2.8804405
9.941367897265108	8.284277	2.878242
9.958960925827878	8.273379	2.8763483
9.97655418972816	8.188061	2.8614788
9.994147689390106	8.245645	2.8715231
10.011741425237934	8.221962	2.8673964
10.029335397695904	8.297252	2.880495
10.04692960718833	8.278313	2.8772056
10.06452405413958	8.318874	2.8842459
10.082118738974064	8.354172	2.8903584
10.099713662116246	8.308857	2.8825088
10.117308823990651	8.311837	2.8830256
10.134904225021844	8.298064	2.880636
10.152499865634445	8.310039	2.8827138
10.170095746253125	8.269616	2.875694
10.18769186730261	8.246612	2.8716915
10.205288229207675	8.246619	2.8716927
10.222884832393145	8.276398	2.876873
10.2404816772839	8.202699	2.8640354
10.258078764304868	8.239494	2.870452
10.275676093881035	8.200258	2.8636093
10.293273666437438	8.182499	2.8605068
10.310871482399158	8.102722	2.846528
10.32846954219134	8.098334	2.8457572
10.346067846239173	8.153527	2.8554382
10.363666394967908	8.153885	2.8555007
10.38126518880283	8.118424	2.849285
10.398864228169298	8.070899	2.8409328
10.416463513492713	8.083965	2.8432314
10.434063045198531	8.075593	2.8417587
10.451662823712262	8.122652	2.8500266
10.469262849459467	8.12345	2.8501668
10.486863122865758	8.089825	2.8442616
10.504463644356806	8.0615015	2.8392785
10.522064414358338	8.044081	2.8362088
10.539665433296118	7.949893	2.8195555
10.557266701595987	7.9048944	2.8115644
10.574868219683818	7.787424	2.7905958
10.592469987985552	7.698791	2.7746696
10.610072006927185	7.6087766	2.7584012
10.627674276934751	7.5971184	2.756287
10.64527679843435	7.4463573	2.7288015
10.662879571852143	7.285309	2.699131
10.680482597614331	7.127895	2.6698117
10.698085876147173	7.0131226	2.64823
10.715689407876988	6.9195366	2.6305013
10.733293193230146	6.8052893	2.608695
10.750897232633072	6.683696	2.5852845
10.76850152651225	6.6235123	2.5736184
10.786106075294207	6.545419	2.5584016
10.803710879405534	6.4811454	2.5458093
10.821315939272877	6.4331713	2.5363698
10.83892125532294	6.2975373	2.5094895
10.856526827982472	6.2037997	2.490743
10.874132657678285	6.161096	2.4821556
10.891738744837243	6.1616154	2.4822602
10.909345089886271	6.1214294	2.4741523
10.926951693252343	6.0578003	2.4612598
10.944558555362494	6.0098886	2.4515073
10.96216567664381	5.9679756	2.442944
10.979773057523436	5.9282427	2.4347982
10.997380698428573	5.8187184	2.412202
11.014988599786477	5.691196	2.3856227
11.032596762024461	5.671491	2.3814893
11.050205185569892	5.6003795	2.366512
11.067813870850198	5.5413013	2.3539968
11.085422818292859	5.481945	2.3413553
11.10303202832541	5.400047	2.3238
11.120641501375454	5.3969636	2.3231366
11.138251237870636	5.356305	2.3143692
11.155861238238671	5.3654013	2.3163335
11.173471502907317	5.295123	2.3011134
11.191082032304402	5.1693215	2.2736142
11.208692826857805	5.0874114	2.2555292
11.226303886995465	5.037489	2.244435
11.243915213145371	5.0218773	2.2409546
11.261526805735578	4.992842	2.2344668
11.279138665194196	4.920524	2.2182255
11.296750791949393	4.8777847	2.2085707
11.314363186429393	4.7824917	2.1868908
11.331975849062479	4.771998	2.1844902
11.34958878027699	4.6722	2.1615274
11.36720198050133	4.648284	2.155988
11.384815450163948	4.5510697	2.1333237
11.402429189693366	4.484622	2.1176927
11.420043199518153	4.445376	2.108406
11.437657480066942	63.460636	7.9662185
11.455272031768422	85.21376	9.23113
11.472886855051353	107.58101	10.372127
11.490501950344528	99.11743	9.955773
11.508117318076819	84.42943	9.188549
11.52573295867715	45.79594	6.7672696
11.543348872574514	4.045352	2.011306
11.560965060197946	4.0119514	2.0029857
11.57858152197655	4.0442433	2.0110304
11.59619825833949	4.071054	2.0176854
11.613815269715985	4.057918	2.0144274
11.631432556535323	38.537888	6.207889
11.649050119226837	83.0309	9.112129
11.666667958219929	93.34944	9.661752
11.68428607394406	107.6195	10.373981
11.701904466828756	82.45145	9.080277
11.719523137303586	65.35244	8.084085
11.737142085798196	4.6176133	2.1488633
11.754761312742286	3.6939626	1.9219685
11.772380818565619	3.6422346	1.908464
11.790000603698015	3.629759	1.9051926
11.80762066856935	3.6130035	1.9007902
11.825241013609572	3.5692236	1.889239
11.842861639248683	3.529073	1.8785827
11.860482545916748	3.502904	1.8716047
11.878103734043883	3.4844403	1.8666656
11.895725204060282	3.482337	1.8661021
11.91334695639619	3.4342773	1.8531803
11.930968991481919	3.3949373	1.8425356
11.948591309747824	3.359711	1.8329514
11.966213911624347	3.3015642	1.8170207
11.98383679754198	3.273551	1.8092958
12.001459967931268	3.2800713	1.8110967
12.019083423222835	3.2951858	1.8152647
12.036707163847352	3.302155	1.8171833
12.05433119023556	3.246249	1.801735
12.071955502818259	3.2419672	1.8005464
12.089580102026313	3.2171886	1.7936523
12.107204988290643	3.1744862	1.7817087
12.12483016204224	3.1771903	1.7824675
12.142455623712152	3.1728446	1.7812481
12.16008137373149	3.1850362	1.784667
12.177707412531431	3.1460829	1.77372
12.19533374054321	3.0856035	1.7565886
12.212960358198126	3.0734127	1.7531152
12.230587265927545	3.0588741	1.7489637
12.248214464162889	3.0689862	1.7518522
12.265841953335649	3.0323465	1.7413634
12.283469733877375	2.9731605	1.7242855
12.301097806219685	2.9406495	1.7148322
12.31872617079425	2.9329214	1.7125775
12.336354828032825	2.966526	1.7223606
12.353983778367205	2.9782097	1.725749
12.371613022229262	3.0134354	1.735925
12.389242560050928	2.9788463	1.7259334
12.406872392264201	2.943042	1.7155297
12.424502519301143	2.9036965	1.7040236
12.442132941593874	2.8797941	1.6969956
12.459763659574586	2.860255	1.6912289
12.477394673675532	2.8370225	1.6843463
12.49502598432903	2.8640258	1.6923434
12.51265759196746	2.866722	1.6931397
12.530289497023267	2.8499334	1.6881746
12.547921699928967	2.821423	1.6797092
12.565554201117134	2.8191464	1.6790314
12.583187001020404	2.8386915	1.6848416
12.600820100071486	2.8421557	1.6858695
12.618453498703152	2.8292387	1.6820341
12.636087197348235	2.8007526	1.6735449
12.65372119643964	2.786656	1.669328
12.671355496410326	2.796191	1.6721815
12.68899009769333	2.8144732	1.6776391
12.706625000721749	2.822264	1.6799595
12.724260205928752	2.882674	1.6978439
12.741895713747551	2.8697612	1.694037
12.759531524611454	2.956487	1.7194438
12.777167638953818	2.967839	1.7227417
12.794804057208072	2.9894476	1.7290019
12.812440779807702	3.0570595	1.7484449
12.830077807186271	3.2223535	1.7950915
12.847715139777405	3.27332	1.8092319
12.865352778014795	3.484367	1.8666459
12.882990722332197	3.6123784	1.9006258
12.90062897316344	3.6992333	1.9233391
12.918267530942412	3.789531	1.9466717
12.935906396103071	3.6775405	1.9176915
12.953545569079449	3.8269484	1.9562588
12.971185050305628	3.6086528	1.8996454
12.988824840215775	3.650106	1.9105251
13.006464939244115	3.6419802	1.9083973
13.024105347824943	3.4964054	1.8698677
13.041746066392617	3.5346866	1.8800762
13.05938709538157	3.3291223	1.8245883
13.077028435226296	3.3190475	1.8218253
13.094670086361363	3.2501593	1.8028198
13.112312049221401	3.1488876	1.7745105
13.129954324241112	3.0433924	1.7445321
13.147596911855258	2.8472168	1.6873698
13.165239812498685	2.834936	1.6837268
13.182883026606293	2.7905223	1.6704856
13.200526554613058	2.7245872	1.6506324
13.218170396954017	2.666438	1.6329231
13.235814554064284	2.6676714	1.6333008
13.253459026379034	2.6688004	1.6336464
13.271103814333523	2.6561263	1.6297626
13.288748918363058	2.676253	1.6359258
13.306394338903031	2.7231474	1.6501962
13.32404007638889	2.7050078	1.6446908
13.341686131256164	2.6966243	1.6421402
13.359332503940449	2.6493876	1.6276939
13.376979194877402	2.6531396	1.628846
13.394626204502751	2.715511	1.6478808
13.412273533252307	2.7564867	1.660267
13.429921181561937	2.7605605	1.6614934
13.447569149867581	2.7667663	1.66336
13.465217438605247	2.732617	1.6530629
13.482866048211022	2.7042928	1.6444734
13.500514979121052	2.6682508	1.6334782
13.518164231771568	2.6374986	1.6240377
13.535813806598844	2.6749508	1.6355277
13.553463704039254	2.7143831	1.6475385
13.571113924529229	2.7357278	1.6540036
13.588764468505275	2.6792548	1.636843
13.606415336403956	2.6798944	1.6370384
13.624066528661917	2.720269	1.6493238
13.641718045715882	2.799029	1.6730299
13.659369888002635	2.8226705	1.6800805
13.67702205595903	2.8341646	1.6834978
13.694674550021993	2.900394	1.7030543
13.712327370628532	2.9842587	1.7275007
13.729980518215713	3.0815198	1.7554258
13.747633993220681	3.165904	1.7792988
13.765287796080647	3.2149096	1.7930169
13.7829419272329	3.2293625	1.7970427
13.800596387114801	3.2338514	1.7982912
13.818251176163775	3.2518208	1.8032806
13.835906294817324	3.3244004	1.8232938
13.853561743513023	3.3859806	1.8401034
13.871217522688525	3.492639	1.8688604
13.888873632781538	3.5147033	1.8747542
13.906530074229858	3.5256548	1.8776727
13.92418684747135	3.500422	1.8709415
13.941843952943948	3.4866354	1.8672534
13.959501391085665	3.4968247	1.8699799
13.977159162334578	3.4410343	1.8550025
13.994817267128846	3.4132967	1.8475109
14.012475705906693	3.3444197	1.8287755
14.030134479106424	3.248507	1.8023615
14.047793587166414	3.1540105	1.7759534
14.065453030525108	3.0726411	1.7528951
14.083112809621026	3.0199394	1.7377973
14.100772924892766	2.9383774	1.7141696
14.118433376778997	2.870124	1.694144
14.136094165718458	2.796189	1.6721809
14.153755292149969	2.7478914	1.6576765
14.171416756512416	2.704393	1.6445038
14.189078559244768	2.6452	1.6264071
14.20674070078606	2.5839992	1.6074822
14.224403181575408	2.5527074	1.5977194
14.242066002051999	2.5311928	1.5909723
14.259729162655093	2.498367	1.5806223
14.277392663824022	2.465569	1.5702131
14.295056505998208	2.4602516	1.5685189
14.312720689617128	2.430284	1.5589368
14.330385215120348	2.4143612	1.5538214
14.348050082947497	2.3831544	1.5437468
14.3657152935383	2.4266977	1.5577861
14.383380847332528	2.4695516	1.5714806
14.401046744770051	2.4734917	1.5727339
14.418712986290798	2.4061658	1.551182
14.436379572334793	2.3501163	1.5330089
14.454046503342123	2.3533406	1.5340601
14.471713779752946	2.3756354	1.5413096
14.489381402007504	2.3711073	1.53984
14.507049370546113	2.328469	1.5259322
14.524717685809168	2.338979	1.5293721
14.542386348237134	2.3490336	1.5326557
14.560055358270553	2.3862467	1.5447481
14.577724716350051	2.4539738	1.5665164
14.595394422916325	2.5341694	1.5919075
14.61306447841015	2.5845304	1.6076474
14.63073488327237	2.5568056	1.5990014
14.648405637943917	2.529387	1.5904046
14.6660767428658	2.4797318	1.5747164
14.683748198479094	2.4901736	1.5780284
14.701420005224954	2.5311766	1.5909672
14.719092163544628	2.6231122	1.6196024
14.73676467387942	2.6502047	1.627945
14.754437536670727	2.6443806	1.6261551
14.772110752360014	2.664952	1.6324681
14.78978432138882	2.6764364	1.6359818
14.807458244198777	2.7200665	1.6492624
14.82513252123159	2.6825888	1.637861
14.842807152929028	2.7087395	1.6458249
14.860482139732962	2.6825953	1.637863
14.87815748208531	2.690386	1.6402396
14.8958331804281	2.6872246	1.6392757
14.91350923520342	2.6690536	1.6337239
14.931185646853438	2.6934257	1.641166
14.948862415820408	2.6811917	1.6374345
14.966539542546656	2.7034507	1.6442174
14.98421702747459	2.653474	1.6289488
15.001894871046696	2.636868	1.6238436
15.019573073705542	2.6442227	1.6261066
15.037251635893766	2.6668622	1.6330531
15.054930558054092	2.689898	1.6400908
15.072609840629323	2.714662	1.6476232
15.090289484062351	2.830561	1.682427
15.107969488796124	3.1478872	1.7742286
15.125649855273691	3.5289605	1.8785528
15.14333058393817	3.9395564	1.9848316
15.161011675232768	4.8112674	2.1934602
15.17869312960076	6.1638794	2.482716
15.196374947485506	8.081963	2.8428793
15.214057129330447	11.219727	3.349586
15.231739675579114	15.976139	3.9970162
15.249422586675102	21.266405	4.6115513
15.267105863062092	24.565649	4.9563746
15.284789505183847	25.08878	5.00887
15.302473513484218	23.089851	4.80519
15.320157888407127	19.556505	4.4222736
15.337842630396578	15.27137	3.90786
15.355527739896656	11.87053	3.4453635
15.37321321735153	9.196557	3.0325825
15.39089906320545	6.6322155	2.5753088
15.408585277902748	4.909748	2.215795
15.42627186188783	3.7514334	1.9368618
15.443958815605198	3.2158105	1.7932681
15.461646139499424	2.9295394	1.7115897
15.479333834015168	2.7872765	1.6695138
15.497021899597165	2.7267597	1.6512903
15.514710336690234	2.6843665	1.6384037
15.53239914573928	2.6314998	1.6221898
15.550088327189297	2.5905092	1.6095059
15.567777881485336	2.5387423	1.5933431
15.58546780907256	2.4925332	1.5787759
15.6031581103962	2.474561	1.5730737
15.620848785901568	2.4219575	1.5562639
15.638539836034063	2.3958309	1.5478472
15.656231261239173	2.4113305	1.552846
15.673923061962451	2.4432127	1.5630779
15.691615238649552	2.436086	1.5607966
15.709307791746202	2.3942916	1.5473499
15.727000721698221	2.3887334	1.5455527
15.744694028951498	2.3871188	1.5450304
15.76238771395202	2.3752048	1.54117
15.780081777145844	2.3625681	1.5370648
15.797776218979125	2.3153963	1.5216427
15.815471039898094	2.368392	1.5389581
15.833166240349064	2.427677	1.5581005
15.850861820778437	2.4781978	1.5742292
15.868557781632699	2.4674673	1.5708174
15.886254123358412	2.4028857	1.5501244
15.903950846402232	2.3902476	1.5460426
15.921647951210897	2.4048655	1.5507629
15.939345438231225	2.4390094	1.5617329
15.957043307910133	2.4574893	1.5676382
15.974741560694602	2.471517	1.5721059
15.992440197031714	2.4728448	1.5725281
16.01013921736862	2.4802492	1.5748807
16.02783862215259	2.4803052	1.5748985
16.045538411830933	2.459602	1.5683118
16.06323858685107	2.4491482	1.5649755
16.080939147660512	2.4310265	1.5591749
16.09864009470684	2.407928	1.55175
16.11634142843774	2.3679938	1.5388287
16.134043149300954	2.3602996	1.5363266
16.15174525774433	2.374502	1.540942
16.169447754215817	2.385579	1.5445321
16.18715063916342	2.4163516	1.5544618
16.204853913035244	2.4472244	1.5643607
16.222557576279478	2.4709716	1.5719324
16.240261629344403	22.424623	4.7354646
16.257966072678386	42.934086	6.5524106
16.275670906729868	38.040737	6.1677175
16.293376131947387	2.453681	1.5664229
16.31108174877957	2.5022147	1.581839
16.328787757675133	2.531213	1.5909786
16.34649415908287	2.5626607	1.6008313
16.364200953451657	2.59345	1.6104193
16.38190814123048	2.6011145	1.6127971
16.39961572286839	2.6377392	1.6241118
16.41732369881455	2.6936738	1.6412416
16.43503206951817	2.7565005	1.6602712
16.45274083542859	2.80763	1.6755984
16.47044999699522	2.8437104	1.6863304
16.488159554667558	2.8647234	1.6925493
16.505869508895184	2.9043815	1.7042246
16.523579860127786	2.9330704	1.712621
16.541290608815117	2.9554296	1.7191362
16.559001755407035	2.9996836	1.7319595
16.57671330035348	3.0641634	1.7504752
16.59442524410448	3.0875945	1.7571552
16.61213758711015	3.0979116	1.7600886
16.629850329820705	3.1709204	1.7807078
16.647563472686436	3.291209	1.8141689
16.665277016157724	3.378423	1.8380487
16.682990960685053	3.431126	1.85233
16.70070530671898	3.460434	1.8602241
16.718420054710155	3.4929385	1.8689405
16.736135205109335	3.567331	1.8887379
16.753850758367335	3.6112537	1.90033
16.771566714935087	3.6618114	1.913586
16.789283075263597	3.7070043	1.9253582
16.80699983980398	3.7577572	1.9384935
16.82471700900741	3.8155406	1.9533409
16.84243458332518	3.9228513	1.980619
16.860152563208665	3.9847224	1.996177
16.87787094910932	4.0446315	2.011127
16.89558974147871	4.0828004	2.0205941
16.913308940768466	4.1206937	2.0299492
16.931028547430333	4.2239137	2.0552163
16.94874856191613	4.27232	2.0669591
16.966468984677785	4.364075	2.089037
16.98418981616729	4.436602	2.1063242
17.00191105683676	4.505338	2.1225781
17.019632707138374	4.530252	2.128439
17.03735476752442	4.5194206	2.1258929
17.05507723844728	4.5330653	2.1290996
17.072800120359403	4.571232	2.1380439
17.090523413713353	4.645476	2.1553366
17.108247118961785	4.6876726	2.1651034
17.125971236557437	4.67161	2.1613908
17.143695766953133	4.6753616	2.1622584
17.161420710601806	4.7164335	2.171735
17.179146067956477	4.726019	2.173941
17.19687183947025	4.7121243	2.1707428
17.21459802559634	4.7155623	2.1715345
17.232324626788028	4.732476	2.1754255
17.25005164349871	4.7332306	2.1755989
17.267779076181863	4.686953	2.1649373
17.285506925291074	4.657775	2.1581879
17.30323519127999	4.6309514	2.1519647
17.320963874602384	4.601784	2.145177
17.33869297571211	4.5013404	2.1216362
17.356422495063114	4.4727926	2.1148977
17.37415243310944	4.470476	2.11435
17.391882790305218	4.517486	2.125438
17.40961356710468	4.514419	2.1247163
17.42734476396215	4.5322766	2.1289144
17.445076381332044	4.54886	2.1328056
17.462808419668868	4.600017	2.1447651
17.48054087942723	4.685969	2.1647098
17.498273761061835	4.9551363	2.2260137
17.51600706502747	5.3955755	2.3228378
17.533740791779024	6.0840983	2.4665966
17.551474941771485	7.498327	2.7383072
17.56920951545993	8.70232	2.9499695
17.586944513299528	11.112944	3.3336082
17.60467993574556	12.837305	3.5829184
17.622415783253373	14.572418	3.8173838
17.64015205627843	16.074795	4.0093384
17.657888755276293	17.308287	4.1603227
17.675625880702604	17.881016	4.228595
17.69336343301311	17.69461	4.2064962
17.71110141266366	16.831814	4.102659
17.728839820110178	15.756182	3.9694057
17.746578655808705	14.677983	3.8311856
17.764317920215372	13.121578	3.622372
17.7820576137864	11.5327215	3.395986
17.79979773697811	9.493213	3.0811057
17.81753829024692	7.479907	2.734942
17.835279274049356	5.86639	2.422063
17.85302068884201	4.8514953	2.202611
17.870762535081607	4.2379003	2.0586162
17.888504813224934	3.9705493	1.9926237
17.90624752372891	3.790695	1.9469707
17.923990667050536	3.65584	1.9120251
17.941734243646895	3.5815942	1.89251
17.959478253975185	3.5105815	1.8736546
17.9772226984927	3.4741037	1.8638948
17.994967577656833	3.4100516	1.8466325
18.01271289192506	3.4200504	1.8493378
18.030458641754965	3.3946185	1.8424491
18.04820482760425	3.3754826	1.8372487
18.06595144993067	3.3250077	1.8234603
18.083698509192125	3.2987616	1.8162494
18.101446005846576	3.277981	1.8105196
18.119193940352105	3.2540724	1.8039048
18.136942313166887	3.2704635	1.8084422
18.1546911247492	3.230929	1.7974784
18.1724403755574	3.1979728	1.7882876
18.19019006604997	3.1386719	1.7716297
18.207940196685467	3.1307724	1.7693988
18.225690767922575	3.1047645	1.7620342
18.243441780220046	3.0712016	1.7524844
18.261193234036764	3.048995	1.7461371
18.278945129831676	3.0301328	1.7407277
18.29669746806386	3.0573525	1.7485287
18.314450249192483	3.07868	1.7546167
18.3322034736768	3.078947	1.7546929
18.349957141976184	3.031553	1.7411356
18.3677112545501	3.0077882	1.7342976
18.385465811858108	3.047025	1.7455729
18.403220814359884	3.0246425	1.7391499
18.420976262515172	3.0177681	1.7371725
18.43873215678387	3.0526023	1.7471699
18.456488497625923	3.1210954	1.7666622
18.474245285501407	3.2165031	1.7934612
18.492002520870486	3.2879438	1.8132688
18.50976020419343	3.4028134	1.8446716
18.527518335930615	3.7099493	1.9261229
18.545276916542516	4.2780113	2.0683353
18.563035946489688	4.447525	2.1089156
18.580795426232832	4.903999	2.2144973
18.598555356232698	4.7588162	2.181471
18.616315736950185	5.0623446	2.2499654
18.63407656884626	4.679798	2.163284
18.65183785238201	4.8915234	2.2116787
18.669599588018617	4.677546	2.1627636
18.68736177621737	4.693046	2.166344
18.705124417439652	4.669721	2.1609538
18.72288751214696	4.4797935	2.1165524
18.740651060800886	4.5961375	2.1438603
18.758415063863115	4.31183	2.0764947
18.77617952179546	4.4501696	2.1095426
18.793944435059814	4.2001524	2.0494273
18.811709804118184	4.2300224	2.056702
18.829475629432675	4.1257186	2.0311866
18.8472419114655	3.9104984	1.977498
18.86500865067897	3.9956691	1.998917
18.88277584753551	3.7237432	1.9297003
18.90054350249763	3.776287	1.9432671
18.918311616027957	3.441973	1.8552555
18.936080188589226	3.3533347	1.8312112
18.953849220644265	3.0372708	1.7427768
18.971618712656007	2.8817189	1.6975626
18.9893886650875	2.8206913	1.6794914
19.007159078401887	7.9952426	2.827586
19.024929953062408	32.86703	5.7329774
19.042701289532435	32.832478	5.7299633
19.060473088275405	25.401556	5.0399957
19.07824534975489	2.692735	1.6409554
19.096018074434568	2.6844602	1.6384323
19.113791262778197	2.626866	1.6207609
19.13156491524966	2.5879145	1.6086997
19.149339032312945	2.5441139	1.5950278
19.167113614432136	2.527465	1.5898004
19.184888662071433	2.5281112	1.5900035
19.202664175695123	2.5539615	1.5981119
19.220440155767623	2.581093	1.6065781
19.238216602753447	2.5600743	1.6000233
19.2559935171172	2.5396116	1.5936159
19.27377089932361	2.539129	1.5934645
19.291548749837514	2.5210657	1.5877864
19.309327069123835	2.5404918	1.593892
19.32710585764763	2.5289214	1.5902582
19.344885115874032	2.5342915	1.5919458
19.362664844268313	2.5333252	1.5916423
19.380445043295822	2.5185494	1.5869938
19.39822571342203	2.4608977	1.5687249
19.41600685511252	2.4455597	1.5638286
19.43378846883297	2.4593623	1.5682354
19.451570555049173	2.4825459	1.5756097
19.469353114227037	2.4726875	1.5724782
19.48713614683254	2.4867527	1.5769441
19.50491965333182	2.4962	1.5799367
19.52270363419109	2.5024242	1.5819052
19.540488089876686	2.4746158	1.5730911
19.55827302085503	2.4573061	1.5675797
19.576058427592674	2.4506085	1.565442
19.593844310556282	2.4474359	1.5644283
19.611630670212598	2.47331	1.5726761
19.629417507028506	2.4772964	1.5739429
19.64720482147098	2.493893	1.5792065
19.6649926140071	2.5120614	1.5849484
19.682780885104084	2.5471225	1.5959707
19.70056963522921	2.5475872	1.5961163
19.718358864849908	2.5535462	1.5979819
19.7361485744337	2.5653849	1.6016818
19.753938764448215	2.537198	1.5928584
19.771729435361202	2.5016015	1.5816451
19.789520587640506	2.4837277	1.5759847
19.807312221754092	2.523433	1.5885317
19.825104338170043	2.536961	1.592784
19.842896937356517	2.541814	1.5943068
19.860690019781824	2.5125458	1.5851012
19.87848358591436	2.5315115	1.5910724
19.896277636222635	2.5360262	1.5924906
19.914072171175278	2.5375435	1.5929669
19.931867191241015	2.5273263	1.5897567
19.94966269688869	2.557431	1.599197
19.967458688587264	2.5163991	1.5863162
19.985255166805807	2.5060785	1.5830599
20.00305213201348	2.4520054	1.565888
20.020849584679578	2.4535024	1.566366
20.038647525273507	2.4571567	1.5675321
20.05644595426477	2.4978912	1.5804719
20.07424487212299	2.5078037	1.5836047
20.092044279317903	2.4996736	1.5810356
20.109844176319353	2.4775112	1.5740112
20.127644563597304	2.4257712	1.5574888
20.145445441621817	2.4071496	1.5514991
20.16324681086307	2.4216459	1.5561638
20.181048671791373	2.4134047	1.5535136
20.198851024877122	2.3553212	1.5347055
20.216653870590836	2.353096	1.5339805
20.234457209403146	2.3768907	1.5417168
20.252261041784802	2.394018	1.5472615
20.270065368206662	2.387002	1.5449926
20.287870189139685	2.3554237	1.534739
20.305675505054968	2.3397148	1.5296127
20.323481316423702	2.3526022	1.5338194
20.341287623717207	2.3862684	1.5447551
20.359094427406884	2.3746135	1.5409781
20.376901727964288	2.357007	1.5352547
20.39470952586107	2.3265862	1.5253152
20.41251782156899	2.3105016	1.5200334
20.430326615559935	2.3359063	1.5283672
20.448135908305886	2.3525584	1.5338053
20.465945700278965	2.3487792	1.5325727
20.483755991951384	2.3184764	1.5226544
20.50156678379548	2.3403919	1.5298339
20.519378076283708	2.3558416	1.5348752
20.537189869888635	2.3566825	1.535149
20.55500216508294	2.3707774	1.5397329
20.572814962339415	2.362951	1.5371894
20.59062826213098	2.3536198	1.5341512
20.60844206493066	2.3536282	1.5341539
20.626256371211593	2.354912	1.5345722
20.644071181447032	2.383139	1.5437418
20.66188649611036	2.3423395	1.5304704
20.67970231567506	2.3057902	1.5184828
20.697518640614742	2.2693412	1.5064332
20.715335471403122	2.3023078	1.5173358
20.73315280851404	2.308773	1.5194647
20.750970652421447	2.2883043	1.5127143
20.768789003599412	2.265918	1.5052967
20.786607862522136	2.2812762	1.5103894
20.8044272296639	2.3058605	1.518506
20.82224710549913	2.2611892	1.5037252
20.84006749050237	2.232594	1.4941868
20.857888385148268	3.8062131	1.9509518
20.8757097899116	45.930492	6.777204
20.893531705267254	64.77367	8.048209
20.911354131690224	83.74184	9.151056
20.92917706965566	69.0077	8.307087
20.94700051963877	50.109932	7.078837
20.96482448211493	29.375774	5.4199424
20.982648957559622	4.097593	2.0242512
21.00047394644843	2.2290173	1.4929894
21.01829944925707	2.2212517	1.4903865
21.036125466461375	2.2313404	1.4937671
21.053951998537297	2.1989071	1.4828713
21.071779045960906	2.2098758	1.4865651
21.089606609208378	2.2179604	1.4892818
21.10743468875603	2.22966	1.4932046
21.12526328508028	2.2177415	1.4892083
21.143092398657675	2.2585094	1.5028338
21.16092202996488	2.271759	1.5072355
21.17875217947867	2.2201538	1.490018
21.19658284767596	2.1780944	1.4758369
21.21441403503377	2.160485	1.4698589
21.232245742029225	2.1840084	1.4778391
21.2500779691396	2.1841416	1.4778842
21.26791071684227	2.1902318	1.4799432
21.28574398561475	2.156221	1.4684076
21.30357777593465	2.170774	1.4733547
21.321412088279704	2.1811535	1.4768729
21.339246923127792	2.1656647	1.4716197
21.357082280956888	2.1431406	1.4639469
21.3749181622451	2.1669407	1.4720532
21.392754567470647	2.1822891	1.4772573
21.41059149711187	2.1903481	1.4799825
21.42842895164726	2.1602724	1.4697865
21.446266931555378	2.1463187	1.465032
21.464105437314945	2.1134548	1.4537727
21.481944469404798	2.0701838	1.4388133
21.49978402830388	2.0843418	1.443725
21.51762411449127	2.1198633	1.455975
21.53546472844617	2.1495028	1.4661182
21.553305870647876	2.1217258	1.4566145
21.571147541575865	2.0914865	1.4461973
21.58898974170967	2.0944438	1.4472194
21.60683247152899	2.106597	1.4514121
21.62467573151363	2.1005416	1.4493245
21.642519522143523	2.1004605	1.4492966
21.660363843898722	2.0909936	1.4460268
21.6782086972594	2.0636284	1.4365335
21.696054082705864	2.0455103	1.4302133
21.713900000718535	2.0284684	1.4242431
21.73174645177795	2.017032	1.4202225
21.749593436364794	2.0119464	1.4184309
21.767440954959845	2.018893	1.4208776
21.785289008044032	2.0229867	1.4223174
21.803137596098388	2.0434332	1.429487
21.820986719604086	2.054796	1.433456
21.838836379042412	2.05694	1.4342036
21.85668657489478	2.0617774	1.435889
21.87453730764273	2.0621328	1.4360129
21.892388577767914	2.0335016	1.4260089
21.91024038575213	2.007823	1.4169767
21.928092732077285	1.9958274	1.4127376
21.945945617225426	2.0223033	1.4220772
21.963799041678694	2.0137012	1.4190494
21.981653005919398	31.330858	5.5973973
21.999507510429943	78.122795	8.83871
22.01736255569286	73.07386	8.548325
22.035218142190818	4.1503067	2.0372303
22.05307427040661	2.0174587	1.4203727
22.07093094082315	2.0182176	1.4206399
22.088788153923474	2.015776	1.4197803
22.106645910190746	1.9953656	1.412574
22.12450421010827	1.9966141	1.413016
22.142363054159464	2.0036285	1.4154959
22.16022244282787	2.0161512	1.4199123
22.178082376597164	2.033731	1.4260894
22.195942855951145	2.0084972	1.4172146
22.213803881373742	1.9714389	1.4040793
22.231665453349002	1.9494615	1.3962312
22.24952757236111	1.9779212	1.4063859
22.26739023889438	1.9513756	1.3969165
22.28525345343323	1.9604429	1.4001582
22.30311721646225	1.960045	1.4000161
22.320981528466113	1.9590789	1.399671
22.33884638992964	1.9225197	1.3865496
22.356711801337788	1.9292715	1.3889822
22.37457776317561	1.9631681	1.401131
22.392444275928337	1.9677509	1.4027654
22.410311340081282	1.9883692	1.4100955
22.428178956119904	1.9692488	1.4032992
22.446047124529805	1.9257473	1.387713
22.46391584579669	1.9005094	1.3785896
22.481785120406414	1.8919015	1.3754641
22.49965494884496	1.9045388	1.3800503
22.51752533159841	1.9303666	1.3893764
22.53539626915302	1.9605083	1.4001815
22.553267761995137	1.9668618	1.4024485
22.571139810611264	1.9924958	1.4115579
22.589012415488025	1.9529474	1.3974789
22.60688557711216	1.9130449	1.3831286
22.624759295970566	1.9047054	1.3801106
22.642633572550263	1.9408482	1.3931433
22.660508407338362	1.9371958	1.3918318
22.67838380082217	1.9116665	1.3826302
22.696259753489077	1.943084	1.3939455
22.714136265826614	1.9762253	1.4057828
22.73201333832246	2.00098	1.41456
22.74989097146439	1.96838	1.4029896
22.76776916574035	1.9665312	1.4023306
22.785647921638393	1.9678887	1.4028146
22.803527239646712	1.9659048	1.4021072
22.82140712025363	1.9257742	1.3877227
22.839287563947593	1.9176382	1.3847882
22.85716857121719	1.9075041	1.3811243
22.875050142551135	1.9304909	1.3894211
22.892932278438277	1.9276943	1.3884143
22.910814979367604	1.9311656	1.3896638
22.928698245828222	1.8998961	1.3783672
22.946582078309387	1.8823432	1.3719851
22.96446647730047	1.8935752	1.3760724
22.98235144329098	1.932352	1.3900906
23.000236976770562	1.9312667	1.3897002
23.018123078229	1.8966007	1.3771713
23.03600974815619	1.9055043	1.3804001
23.053896987042194	1.9188472	1.3852246
23.071784795377173	1.9239564	1.3870676
23.08967317365145	1.9075701	1.3811481
23.10756212235546	1.8898504	1.3747183
23.125451641979787	1.8917456	1.3754075
23.143341733015134	1.9437077	1.3941692
23.161232395952357	1.985678	1.4091408
23.179123631282426	1.9888515	1.4102665
23.197015439496468	1.9727992	1.4045637
23.214907821085717	1.9831518	1.4082443
23.23280077654157	1.9683573	1.4029816
23.250694306355538	1.8983718	1.3778142
23.268588411019277	1.9005456	1.3786027
23.28648309102458	1.9504877	1.3965986
23.304378346863356	1.9929371	1.4117142
23.322274179027676	1.9495927	1.3962781
23.340170588009723	1.925879	1.3877604
23.358067574301852	1.9115152	1.3825756
23.37596513839651	1.9362178	1.3914804
23.39386328078629	1.9466685	1.3952307
23.411762001963947	1.9758486	1.4056488
23.429661302422353	2.006803	1.4166168
23.4475611826545	2.0236075	1.4225355
23.46546164315356	2.004717	1.4158803
23.48336268441279	1.9819256	1.4078088
23.501264306925638	2.0063226	1.4164472
23.51916651118564	1.9844639	1.40871
23.537069297686497	1.9574385	1.3990849
23.554972666922037	1.9024835	1.3793055
23.57287661938623	1.91273	1.3830148
23.59078115557318	1.9125354	1.3829445
23.608686275977128	1.9552524	1.3983034
23.62659198109246	1.9482929	1.3958126
23.6444982714137	1.9188695	1.3852327
23.66240514743549	1.8766445	1.3699068
23.68031260965263	1.8530767	1.3612776
23.698220658560068	1.8935928	1.3760788
23.716129294652845	1.8688557	1.367061
23.7340385184262	1.8858007	1.3732446
23.75194833037546	1.8724169	1.3683628
23.769858730996123	1.8740242	1.36895
23.78776972078382	1.8681765	1.3668125
23.80568130023431	1.9145794	1.3836833
23.823593469843495	1.9221638	1.3864212
23.841506230107424	1.9101413	1.3820786
23.859419581522275	1.8952551	1.3766826
23.87733352458438	1.9133811	1.3832502
23.89524805979019	1.9358133	1.3913351
23.913163187636318	1.9313883	1.3897439
23.931078908619508	1.916111	1.3842366
23.948995223236633	1.9815818	1.4076867
23.966912131984735	2.0071423	1.4167365
23.98482963536096	2.0449216	1.4300076
24.002747733862616	2.0468576	1.4306843
24.020666427987155	2.0236742	1.422559
24.038585718232156	2.039115	1.4279758
24.056505605095353	2.0567327	1.4341313
24.074426089074617	2.0710342	1.4391088
24.092347170667946	2.004865	1.4159325
24.110268850373515	2.01389	1.4191159
24.128191128689586	2.0825691	1.443111
24.146114006114626	2.0795414	1.4420615
24.164037483147187	2.0754292	1.440635
24.181961560286005	2.0630953	1.436348
24.199886238029926	2.052488	1.4326507
24.21781151687797	2.035047	1.4265507
24.235737397329274	2.0270693	1.4237518
24.253663879883135	2.0202665	1.4213609
24.271590965038975	2.010568	1.4179449
24.289518653296376	1.9981256	1.4135507
24.30744694515505	2.0198882	1.4212277
24.32537584111486	2.0277379	1.4239866
24.34330534167581	2.0647664	1.4369295
24.361235447338046	2.0929537	1.4467044
24.379166158601876	2.0753057	1.4405922
24.39709747596772	2.039871	1.4282405
24.41502939993615	2.0003805	1.4143481
24.432961931007917	1.9615102	1.4005393
24.450895069683856	1.9212556	1.3860936
24.468828816465	1.9045433	1.380052
24.4867631718525	1.9202181	1.3857193
24.504698136347656	1.9426486	1.3937893
24.52263371045192	1.9191728	1.3853421
24.540569894666874	1.9021238	1.3791751
24.558506689494266	1.9187852	1.3852022
24.57644409543597	1.9860226	1.4092631
24.594382112994012	1.9950213	1.4124522
24.61232074267057	1.9591924	1.3997115
24.630259984967953	1.9432757	1.3940142
24.64819984038863	1.8889892	1.374405
24.66614030943522	1.8837471	1.3724967
24.684081392610462	1.9251066	1.3874822
24.702023090417274	1.9804885	1.4072983
24.7199654033587	2.0214212	1.4217669
24.737908331937927	2.043219	1.4294121
24.755851876658305	2.0712385	1.4391798
24.773796038023324	2.0609393	1.4355972
24.79174081653661	2.065909	1.437327
24.809686212701962	2.0641766	1.4367243
24.827632227023294	2.0232627	1.4224144
24.8455788600047	2.0317852	1.425407
24.8635261121504	2.0721214	1.4394865
24.88147398396475	2.1249406	1.4577177
24.899422475952303	2.1077614	1.4518131
24.917371588617698	2.1209557	1.4563501
24.935321322465768	2.1884453	1.4793395
24.953271678001478	2.3082006	1.5192764
24.97122265572994	2.5261524	1.5893874
24.989174256156414	2.9200401	1.7088125
25.00712647978632	3.3791318	1.8382415
25.02507932712521	3.8577979	1.9641278
25.043032798678798	4.376973	2.0921216
25.060986894952933	5.0895667	2.2560067
25.078941616453637	5.8529243	2.4192817
25.096896963687055	6.701714	2.5887668
25.114852937159508	7.85552	2.80277
25.132809537377444	8.432361	2.9038527
25.150766764847468	8.512908	2.9176888
25.168724620076347	7.9829917	2.825419
25.186683103570985	6.894037	2.6256497
25.204642215838426	5.6443152	2.3757768
25.222601957385894	4.1972284	2.048714
25.24056232872074	3.1562996	1.7765977
25.25852333035048	2.5409076	1.5940225
25.276484962782778	2.1969213	1.4822016
25.294447226525435	2.1077633	1.4518138
25.312410122086423	2.0658875	1.4373195
25.330373649973843	2.0303235	1.4248942
25.348337810695988	2.0062227	1.4164119
25.366302604761245	1.9550043	1.3982147
25.384268032678207	1.9499679	1.3964125
25.40223409495558	1.9460973	1.3950258
25.420200792102257	1.9084282	1.3814588
25.438168124627246	1.8787824	1.3706869
25.45613609303974	1.8783567	1.3705316
25.474104697849057	1.9060482	1.380597
25.492073939564698	1.9059234	1.3805518
25.510043818696285	1.9001966	1.3784761
25.528014335753614	1.9336224	1.3905475
25.54598549124664	1.944328	1.3943917
25.56395728568544	1.9341824	1.3907489
25.58192971958028	1.8894101	1.3745582
25.59990279344156	1.8968753	1.3772709
25.617876507779833	1.9313635	1.389735
25.635850863105826	1.9464658	1.395158
25.653825859930386	1.8853914	1.3730955
25.671801498764548	1.8677367	1.3666517
25.68977778011949	1.9314003	1.3897483
25.707754704506524	1.9143705	1.3836077
25.725732272437153	1.8816004	1.3717144
25.743710484423012	1.7953655	1.3399125
25.761689340975888	1.7703335	1.3305389
25.77966884260774	1.810339	1.3454884
25.797648989830662	1.8397307	1.3563668
25.815629783156922	1.8428054	1.3574997
25.83361122309895	1.8649932	1.3656476
25.85159331016929	1.87045	1.367644
25.869576044880695	1.8591094	1.3634917
25.887559427746034	1.8508089	1.3604443
25.90554345927836	1.8329326	1.3538584
25.92352813999086	1.8490754	1.3598071
25.94151347039689	1.8409425	1.3568133
25.959499451009965	1.8104686	1.3455366
25.97748608234374	1.8200611	1.3490964
25.995473364912062	1.8242053	1.3506315
26.013461299228904	1.8127193	1.3463726
26.03144988580839	1.7841557	1.3357229
26.04943912516483	1.8285587	1.3522421
26.067429017812675	1.8660241	1.366025
26.085419564266537	1.8504316	1.3603057
26.103410765041186	1.8551005	1.3620207
26.12140262065155	1.8538103	1.361547
26.139395131612723	1.8360332	1.355003
26.157388298439948	1.7783791	1.3335588
26.17538212164861	1.7298961	1.3152552
26.193376601754295	1.8233545	1.3503164
26.211371739272714	1.8735542	1.3687783
26.229367534719746	1.846157	1.3587335
26.247363988611433	1.7928699	1.3389809
26.26536110146397	1.7445612	1.3208184
26.283358873793727	1.7477922	1.3220409
26.301357306117204	1.7967275	1.3404206
26.319356398951104	1.8433299	1.3576928
26.33735615281224	1.8727344	1.3684789
26.35535656821762	1.8880198	1.3740523
26.373357645684404	1.8312916	1.3532522
26.39135938572991	1.7586738	1.32615
26.409361788871614	1.763532	1.3279804
26.427364855627165	1.8276739	1.3519149
26.445368586514352	1.8650489	1.3656679
26.46337298205115	1.8379345	1.3557044
26.48137804275568	1.8532571	1.3613439
26.499383769146217	1.8835738	1.3724335
26.517390161741215	1.868244	1.3668373
26.53539722105928	1.8242887	1.3506624
26.553404947619182	1.8276038	1.351889
26.571413341939856	1.8487806	1.3596988
26.589422404540397	1.8152865	1.3473257
26.60743213594006	1.8195039	1.3488898
26.62544253665827	1.876975	1.3700274
26.64345360721459	1.8712078	1.367921
26.66146534812879	1.8218259	1.3497503
26.679477759920758	1.7941363	1.3394537
26.69749084311057	1.7677222	1.3295572
26.71550459821847	1.7843201	1.3357844
26.733519025764842	1.8059274	1.343848
26.751534126270258	1.8383939	1.3558738
26.769549900255434	1.850123	1.3601923
26.787566348241267	1.8126609	1.346351
26.80558347074881	1.8008034	1.3419402
26.823601268299267	1.8223742	1.3499534
26.841619741414036	1.8464849	1.3588543
26.85963889061465	1.8225926	1.3500344
26.877658716422832	1.8089479	1.3449713
26.89567921936045	1.8223026	1.3499268
26.913700399949544	1.8315895	1.3533623
26.93172225871233	1.7501619	1.3229369
26.949744796171174	1.7269244	1.314125
26.967768012848605	1.7856479	1.3362813
26.98579190926733	1.8068604	1.3441951
27.003816485950225	1.8241348	1.3506054
27.021841743420318	1.8000998	1.341678
27.039867682200814	1.8158586	1.347538
27.057894302815072	1.8508312	1.3604525
27.07592160578664	1.8657036	1.3659075
27.0939495916392	1.830908	1.3531104
27.111978260896635	1.8580782	1.3631134
27.13000761408296	1.804283	1.343236
27.148037651722397	1.7855126	1.3362308
27.166068374339304	1.7860315	1.336425
27.184099782458215	1.8453181	1.3584249
27.20213187660384	1.8579375	1.3630618
27.22016465730105	1.8488225	1.3597142
27.23819812507487	1.8032391	1.3428473
27.256232280450533	1.7676895	1.3295448
27.274267123953383	1.7917622	1.3385673
27.292302656108987	1.7976433	1.3407623
27.31033887744306	1.807168	1.3443094
27.32837578848146	1.7892728	1.3376371
27.34641338975026	1.7833202	1.3354101
27.364451681775673	1.8024787	1.3425642
27.382490665084074	1.845395	1.3584532
27.400530340202046	1.8298168	1.3527073
27.41857070765629	1.7929913	1.3390262
27.436611767973726	1.7592708	1.326375
27.454653521681404	1.7514561	1.3234259
27.472695969306564	1.758073	1.3259234
27.490739111376627	1.821329	1.3495662
27.508782948419153	1.8331835	1.3539511
27.526827480961902	1.8183826	1.3484741
27.54487270953279	1.8383231	1.3558477
27.562918634659898	1.8296373	1.3526409
27.580965256871508	1.8423215	1.3573215
27.599012576696026	1.891226	1.3752185
27.617060594662068	1.853987	1.361612
27.63510931129842	1.8380146	1.355734
27.65315872713401	1.8523145	1.3609976
27.67120884269797	1.8385029	1.355914
27.68925965851958	1.8409272	1.3568077
27.707311175128307	1.8741207	1.3689853
27.725363393053787	1.8852886	1.3730581
27.74341631282583	1.9270111	1.3881682
27.7614699349744	1.9408193	1.3931329
27.77952426002968	2.083112	1.443299
27.797579288521973	2.1195672	1.4558734
27.815635020981784	2.492267	1.5786915
27.83369145793979	2.5335448	1.5917113
27.85174859992682	2.4555314	1.5670135
27.869806447473923	2.3581495	1.5356268
27.887865001112267	2.063421	1.4364613
27.905924261373233	1.9196737	1.3855228
27.92398422878836	1.8503975	1.3602931
27.94204490388936	1.8354105	1.3547732
27.96010628720813	1.8758196	1.3696057
27.978168379276728	1.8941265	1.3762727
27.9962311806274	1.8732421	1.3686644
28.014294691792568	1.8932815	1.3759656
28.0323589133048	1.9367481	1.391671
28.050423845696887	1.8750018	1.369307
28.068489489501758	1.7750134	1.3322963
28.086555845252523	1.7928734	1.3389822
28.104622913482487	1.8497527	1.3600562
28.122690694725115	1.8987103	1.377937
28.14075918951405	1.9261261	1.3878495
28.15882839838312	1.9442952	1.3943799
28.176898321866304	1.934474	1.3908536
28.1949689604978	1.9334115	1.3904717
28.213040314811945	1.9419913	1.3935535
28.23111238534327	1.9266766	1.3880478
28.249185172626493	1.9496927	1.396314
28.267258677196473	1.9982693	1.4136015
28.285332899588294	1.9957395	1.4127064
28.303407840337172	1.9941661	1.4121494
28.321483499978545	1.9241935	1.387153
28.33955987904799	1.9078336	1.3812435
28.357636978081285	1.9040517	1.3798738
28.37571479761439	1.9226289	1.3865889
28.393793338183425	1.9372052	1.3918352
28.41187260032469	1.9708656	1.4038752
28.429952584574686	1.959123	1.3996868
28.448033291470065	1.97053	1.4037557
28.46611472154769	1.9639746	1.4014188
28.484196875344566	1.9517606	1.3970543
28.502279753397914	1.930022	1.3892523
28.52036335624511	1.9590192	1.3996496
28.538447684423716	1.9916762	1.4112676
28.556532738471482	2.0078366	1.4169815
28.574618518926325	2.0101166	1.4177858
28.59270502632635	1.9914412	1.4111843
28.61079226120985	1.978816	1.406704
28.628880224115274	2.0177758	1.4204843
28.646968915581287	2.0712698	1.4391906
28.66505833614671	2.0618718	1.4359219
28.68314848635055	2.0390182	1.4279419
28.701239366732004	2.0456264	1.430254
28.71933097783044	2.1082835	1.451993
28.737423320185403	2.1464505	1.4650769
28.75551639433665	2.10679	1.4514786
28.773610200824074	2.04504	1.430049
28.791704740187793	2.0692985	1.4385056
28.80980001296809	2.1438923	1.4642036
28.827896019705413	2.1412065	1.4632862
28.845992760940433	2.1109636	1.4529155
28.86409023721397	2.0826535	1.4431401
28.88218844906704	2.1424782	1.4637207
28.900287397040845	2.2198775	1.4899254
28.918387081676755	2.1884158	1.4793295
28.936487503516343	2.1454923	1.4647499
28.954588663101365	2.1806452	1.4767008
28.97269056097374	2.208519	1.4861087
28.990793197675597	2.2823365	1.5107404
29.00889657374923	2.3732927	1.5405495
29.027000689737125	2.4059916	1.5511259
29.04510554618196	2.3547785	1.5345287
29.06321114362659	2.3686626	1.539046
29.08131748261405	2.480026	1.5748098
29.099424563687567	2.508621	1.5838627
29.11753238739057	2.4999797	1.5811324
29.13564095426663	2.4803927	1.5749263
29.15375026485954	2.4792197	1.5745538
29.171860319713275	2.5749834	1.6046754
29.18997111937199	2.6242948	1.6199675
29.20808266438002	2.6634083	1.6319952
29.226194955281898	2.6964633	1.6420912
29.244307992622335	2.714483	1.6475688
29.26242177694624	2.7708073	1.6645741
29.2805363087987	2.8529022	1.6890537
29.29865158872498	2.9155583	1.7075006
29.316767617270557	2.9372046	1.7138275
29.334884394981064	2.9240077	1.709973
29.353001922402367	2.946152	1.7164358
29.37112020008047	2.999621	1.7319413
29.389239228561596	3.149223	1.774605
29.407359008392152	3.38116	1.838793
29.42547954011872	3.7533176	1.9373481
29.44360082428809	4.3962746	2.0967295
29.46172286144722	5.387481	2.3210948
29.479845652143283	6.956445	2.6375074
29.497969196923606	9.107174	3.0178094
29.516093496335728	11.717987	3.4231546
29.5342185509274	14.599028	3.8208673
29.55234436124651	17.302624	4.159642
29.570470927841175	18.964672	4.3548446
29.588598251259686	18.672709	4.3211927
29.60672633205055	17.192736	4.1464124
29.624855170762405	15.04417	3.8786814
29.642984767944146	12.18845	3.4911962
29.66111512414481	9.18471	3.0306287
29.67924623991366	6.7006907	2.5885692
29.697378115800138	5.0793314	2.2537372
29.71551075235387	4.242382	2.0597043
29.733644150124675	3.8344345	1.9581712
29.751778309662576	3.6234736	1.9035424
29.769913231517766	3.4482749	1.8569531
29.78804891624066	3.3205328	1.822233
29.806185364381818	3.3077044	1.8187096
29.82432257649206	3.3809044	1.8387235
29.842460553122333	3.3721848	1.8363509
29.86059929482382	3.3768294	1.8376151
29.878738802147872	3.3359659	1.8264626
29.896879075646048	3.3029222	1.8173944
29.915020115870114	3.269795	1.8082575
29.933161923371976	3.3154747	1.8208445
29.951304498703777	3.2952185	1.8152736
29.969447842417857	3.2007284	1.789058
29.987591955066733	3.1160767	1.7652413
30.005736837203123	3.1028223	1.761483
30.023882489379943	3.101591	1.7611334
30.04202891215028	3.2188168	1.7941061
30.060176106067455	3.2972	1.8158194
30.078324071684946	3.2351773	1.7986598
30.09647280955646	3.2164075	1.7934346
30.114622320235863	3.1789796	1.7829694
30.132772604277257	3.1533258	1.7757607
30.1509236622349	3.1561222	1.7765478
30.16907549466328	3.1457458	1.773625
30.18722810211705	3.166661	1.7795115
30.205381485151097	3.1468627	1.7739398
30.22353564432045	3.1534085	1.7757839
30.241690580180403	3.1765585	1.7822902
30.25984629328638	3.1579034	1.7770491
30.278002784194037	3.114777	1.7648731
30.296160053459246	3.0238369	1.7389183
30.314318101638033	2.9492333	1.7173332
30.332476929286646	2.9570847	1.7196176
30.35063653696153	2.9236655	1.709873
30.368796925219307	2.8505614	1.6883606
30.386958094616844	2.8174918	1.6785386
30.40512004571115	2.819262	1.6790658
30.423282779059463	2.8245184	1.6806303
30.441446295219233	2.8114104	1.6767261
30.459610594748067	2.787915	1.669705
30.47777567820382	2.7840004	1.6685324
30.495941546144504	2.809213	1.6760707
30.51410819912835	2.7911627	1.6706773
30.532275637713795	2.8061302	1.6751508
30.55044386245946	2.8748114	1.6955268
30.56861287392416	2.8806994	1.6972623
30.586782672666956	2.8462286	1.6870769
30.604953259247047	2.8051183	1.6748488
30.623124634223885	2.791324	1.6707256
30.641296798157075	2.8172655	1.6784712
30.659469751606462	2.8059263	1.67509
30.677643495132074	2.7642221	1.662595
30.695818029294152	2.7175472	1.6484984
30.713993354653116	2.735755	1.6540117
30.73216947176962	2.7658594	1.6630872
30.75034638120448	2.6863744	1.6390163
30.768524083518756	2.6730618	1.6349502
30.786702579273673	2.750915	1.6585883
30.80488186903069	2.7492092	1.6580739
30.82306195335144	2.7820966	1.6679618
30.841242832797782	2.986202	1.7280631
30.85942450793176	3.3495095	1.8301665
30.877606979315637	3.803242	1.9501902
30.895790247511883	4.2657037	2.065358
30.913974313083134	4.710344	2.1703327
30.932159176592283	4.9477143	2.224346
30.95034483860237	5.011903	2.238728
30.968531299676698	4.7904525	2.1887102
30.98671856037873	4.416464	2.1015384
31.00490662127215	3.9997668	1.9999417
31.023095482920848	3.639101	1.9076428
31.04128514588892	3.1636322	1.7786602
31.059475610740662	2.7373073	1.6544809
31.07766687804056	2.5376961	1.5930148
31.09585894835335	2.4372635	1.5611738
31.11405182224393	2.418418	1.5551263
31.132245500277417	2.4638054	1.5696514
31.15043998301914	2.4635649	1.5695747
31.168635271034628	2.4353516	1.5605613
31.18683136488964	2.534679	1.5920675
31.20502826515008	2.5108502	1.5845662
31.223225972382135	2.4150226	1.5540344
31.241424487152155	2.4093914	1.5522214
31.259623810026692	2.457875	1.5677612
31.27782394157253	2.4529312	1.5661837
31.296024882356644	2.4810462	1.5751337
31.314226632946237	2.4877079	1.5772469
31.332429193908684	2.510908	1.5845845
31.350632565811598	2.5111008	1.5846453
31.368836749222787	2.4926984	1.5788282
31.387041744710295	2.4883406	1.5774475
31.40524755284232	2.5120096	1.5849321
31.423454174187317	2.4617245	1.5689883
31.441661609313922	2.4235744	1.5567833
31.459869858791002	2.4218643	1.556234
31.478078923187628	2.387156	1.5450424
31.496288803073064	2.3523374	1.5337331
31.514499499016807	2.3458948	1.5316315
31.532711011588546	2.3488011	1.5325799
31.550923341358178	2.3219779	1.5238037
31.56913648889584	2.2871308	1.5123262
31.587350454771844	2.278452	1.5094541
31.605565239556732	2.3634999	1.5373678
31.62378084382127	2.4001029	1.5492265
31.641997268136382	2.3643036	1.5376292
31.660214513073274	2.3200147	1.5231595
31.67843257920331	2.315447	1.5216594
31.6966514670981	2.3656342	1.5380619
31.71487117732944	2.335642	1.5282807
31.733091710469346	2.2641845	1.5047207
31.751313067090052	2.25906	1.503017
31.769535247764008	2.2762425	1.5087222
31.787758253063878	2.2675433	1.5058364
31.805982083562526	2.2705708	1.5068413
31.824206739833024	2.2733772	1.5077722
31.84243222244869	2.2860966	1.5119843
31.860658531983013	2.2482479	1.4994159
31.878885669009737	2.2589538	1.5029817
31.897113634102784	2.2626626	1.504215
31.91534242783632	2.2651224	1.5050324
31.933572050784694	2.2243357	1.4914207
31.951802503522508	2.1972916	1.4823264
31.970033786624548	2.238218	1.4960675
31.988265900665834	2.2143548	1.4880708
32.006498846221575	2.2096632	1.4864936
32.02473262386724	2.2031732	1.484309
32.04296723417845	2.2001703	1.4832971
32.0612026777311	2.1915395	1.480385
32.07943895510129	2.1203141	1.4561298
32.097676066865304	2.0519118	1.4324496
32.115914013599685	2.0693774	1.4385331
32.13415279588115	2.0838249	1.4435459
32.152392414286666	2.129044	1.4591244
32.1706328693934	2.2374914	1.4958247
32.18887416177875	2.265202	1.5050588
32.20711629202032	2.2034402	1.484399
32.225359260695924	2.1883621	1.4793113
32.243603068383614	2.170607	1.4732981
32.26184771566166	2.178544	1.4759892
32.28009320310852	2.2404156	1.4968017
32.2983395313029	2.2237651	1.4912294
32.31658670082372	2.118691	1.4555724
32.33483471225012	2.0090637	1.4174144
32.35308356616143	2.0659418	1.4373385
32.371333263137245	2.185386	1.4783051
32.38958380375734	2.207941	1.4859142
32.407835188601744	2.1315598	1.4599862
32.42608741825067	2.1489918	1.465944
32.444340493284585	2.119449	1.4558327
32.46259441428416	2.0361092	1.426923
32.48084918183028	2.0191524	1.4209688
32.49910479650405	2.040839	1.4285793
32.51736125888683	2.0462844	1.4304839
32.53561856956014	2.0308301	1.425072
32.5538767291058	1.9941729	1.4121519
32.572135738105764	1.9926492	1.4116123
32.59039559714228	2.0407088	1.4285338
32.608656306797776	2.0325587	1.4256784
32.62691786765491	1.9992363	1.4139435
32.645180280296586	1.9417192	1.3934559
32.663443545305896	2.026787	1.4236528
32.68170766326619	2.0369866	1.4272304
32.69997263476099	1.9723065	1.4043883
32.7182384603741	1.912441	1.3829104
32.7365051406895	1.9891835	1.4103842
32.75477267629144	2.0595815	1.4351242
32.77304106776434	2.0117586	1.4183648
32.79131031569289	1.9591961	1.3997128
32.809580420661966	1.9387923	1.3924053
32.827851383256714	2.0045633	1.4158261
32.84612320406245	2.0347967	1.426463
32.86439588366476	1.9453214	1.3947479
32.88266942264945	1.8492653	1.359877
32.9009438216025	1.9611168	1.4003989
32.9192190811102	2.1261008	1.4581155
32.937495201758985	2.059028	1.4349313
32.95577218413556	1.9356803	1.3912873
32.974050028826866	1.8936675	1.3761059
32.992328736420035	1.9722581	1.404371
33.010608307502444	1.9902656	1.4107678
33.02888874266169	1.9839561	1.4085298
33.047170042485604	1.9567871	1.3988521
33.06545220756225	1.9604194	1.4001498
33.083735238479896	2.0109577	1.4180824
33.10201913582707	1.9842165	1.4086221
33.12030390019248	1.9269327	1.38814
33.138589532165135	1.9288415	1.3888273
33.15687603233419	1.9143349	1.3835949
33.17516340128909	1.9536395	1.3977265
33.19345163961947	1.9852973	1.4090058
33.211740747915215	2.0453167	1.4301457
33.23003072676643	2.0317786	1.4254047
33.248321576763466	1.957971	1.3992752
33.266613298496885	1.9610837	1.4003869
33.28490589255747	2.075669	1.4407183
33.30319935953626	2.0371275	1.4272797
33.32149370002451	1.9742805	1.4050909
33.339788914613706	1.885326	1.3730718
33.358085003895575	1.8537577	1.3615277
33.376381968462034	1.8877225	1.3739442
33.39467980890529	1.9982393	1.4135909
33.41297852581774	2.028495	1.4242525
33.43127811979204	1.9378438	1.3920646
33.44957859142105	1.875328	1.3694261
33.467879941297866	1.8414133	1.3569869
33.486182170015844	1.8172204	1.3480432
33.50448527816853	1.894194	1.3762972
33.522789266349754	1.9726077	1.4044956
33.541094135153514	1.9215022	1.3861827
33.55939988517411	1.7943666	1.3395396
33.57770651700602	1.8678247	1.3666838
33.59601403124398	1.9522073	1.3972142
33.61432242848296	1.9127486	1.3830216
33.632631709318154	1.8069627	1.3442332
33.650941874344994	1.8266019	1.3515184
33.66925292415916	1.9003159	1.3785194
33.68756485935654	1.9415408	1.3933918
33.70587768053328	1.9913925	1.411167
33.724191388285746	1.9991366	1.4139082
33.74250598321054	2.0592065	1.4349935
33.760821465904506	2.0588484	1.4348688
33.77913783696474	1.9838346	1.4084866
33.79745509698852	1.9412068	1.3932719
33.815773246573414	1.9717757	1.4041992
33.8340922863172	1.9704874	1.4037405
33.852412216817896	1.9746306	1.4052155
33.87073303867377	1.9969115	1.4131212
33.889054752483304	1.9676864	1.4027425
33.907377358845245	1.9844191	1.4086941
33.92570085835853	1.9686018	1.4030687
33.94402525162239	1.946744	1.3952577
33.96235053923627	1.9177606	1.3848324
33.980676721799824	1.9550611	1.398235
33.999003799912984	1.9530691	1.3975224
34.01733177417592	1.9675723	1.4027019
34.03566064518901	2.0055964	1.4161909
34.0539904135529	2.0561826	1.4339396
34.07232107986846	2.1028264	1.4501126
34.090652644736785	2.0537243	1.4330821
34.108985108759235	2.039966	1.4282738
34.12731847253742	2.037924	1.4275588
34.14565273667313	2.154801	1.467924
34.16398790176847	2.2324939	1.4941533
34.18232396842574	2.1414747	1.4633778
34.20066093724749	2.0349286	1.4265093
34.21899880883651	1.9173146	1.3846713
34.23733758379583	1.8872898	1.3737867
34.25567726272874	1.7519665	1.3236187
34.27401784623872	1.7133986	1.3089685
34.29235933492957	1.825212	1.3510041
34.31070172940526	1.94838	1.3958439
34.32904503027003	1.9452912	1.394737
34.347389238128386	1.9619683	1.4007028
34.36573435358502	1.9382075	1.3921952
34.38408037724492	1.8988328	1.3779814
34.402427309713296	1.9635621	1.4012716
34.42077515159559	2.1459196	1.4648957
34.43912390349752	2.1757739	1.4750504
34.45747356602499	2.1558003	1.4682643
34.47582413978423	2.0288262	1.4243687
34.49417562538163	1.9074177	1.3810929
34.51252802342388	1.8677367	1.3666517
34.53088133451789	1.9460456	1.3950074
34.54923555927084	1.9732696	1.4047312
34.567590698290104	1.8678747	1.3667022
34.58594675218336	1.7254685	1.3135709
34.6043037215585	2.0064437	1.41649
34.62266160702365	2.3106494	1.520082
34.641020409187234	2.3548632	1.5345564
34.65938012865785	2.1474802	1.4654284
34.677740766044394	2.0220003	1.4219706
34.69610232195598	2.0184722	1.4207295
34.714464797002016	2.0712101	1.43917
34.73282819179208	2.0834887	1.4434295
34.751192506936064	2.030866	1.4250845
34.76955774304408	2.0017242	1.414823
34.7879239007265	1.9904842	1.4108453
34.80629098059391	1.9027269	1.3793937
34.824658983257194	1.7903513	1.3380401
34.843027909327446	1.7923281	1.3387786
34.86139775941603	1.9294568	1.3890489
34.879768534134534	1.9533044	1.3976067
34.89814023409483	2.0431519	1.4293886
34.91651285990901	2.065625	1.4372282
34.93488641218944	2.3133967	1.5209855
34.95326089154871	2.3502269	1.5330449
34.97163629859967	2.1417668	1.4634776
34.99001263395542	2.0432336	1.4294173
35.00838989822934	1.92697	1.3881534
35.02676809203499	1.925056	1.3874638
35.04514721598624	1.9009043	1.3787328
35.063527270697215	1.769593	1.3302605
35.081908256782256	1.7117333	1.3083323
35.10029017485597	1.7494975	1.3226857
35.11867302553321	1.916381	1.3843341
35.137056809429104	2.1367173	1.4617515
35.155441527159006	2.0706935	1.4389905
35.173827179338524	1.9170358	1.3845706
35.19221376658354	1.7450161	1.3209906
35.21060128951017	1.8414854	1.3570135
35.2289897487348	1.9106501	1.3822627
35.24737914487405	2.0274918	1.4239002
35.26576947854479	2.2996242	1.5164512
35.28416075036418	2.3303063	1.5265341
35.30255296094958	2.225632	1.4918553
35.32094611091867	2.1775253	1.475644
35.33934020088932	1.9535387	1.3976904
35.35773523147969	1.7753118	1.3324083
35.3761312033082	1.8077579	1.3445289
35.394528116993506	2.108052	1.4519132
35.41292597315452	2.336176	1.5284554
35.431324772410434	2.2333376	1.4944355
35.449724515380666	2.0267456	1.4236381
35.46812520268491	1.8579574	1.363069
35.486526834943106	1.81753	1.348158
35.504929412775454	1.9807671	1.4073973
35.52333293680242	2.3445528	1.5311933
35.54173740764471	2.0513473	1.4322525
35.560142825923286	1.7185184	1.3109227
35.5785491922594	1.4355974	1.1981642
35.59695650727454	1.0679412	1.0334125
35.61536477159042	0.6149216	0.7841694
