0.008763373481513119	0.0	0.0
0.026290120649546365	0.0	0.0
0.043816868432600686	0.0	0.0
0.06134361724069026	0.0	0.0
0.07887036748382949	0.007654384	0.08748934
0.0963971195720331	0.108846486	0.32991892
0.11392387391531617	0.13616906	0.36901093
0.1314506309236943	0.13830434	0.3718929
0.1489773910071836	0.19973484	0.44691703
0.16650415457580078	0.22690314	0.4763435
0.18403092203956356	0.2547776	0.504755
0.20155769380849	0.24401376	0.4939775
0.2190844702925996	0.18003602	0.4243065
0.2366112519019124	0.15825453	0.3978122
0.2541380390464497	0.12922557	0.35947958
0.27166483213623416	0.09265625	0.3043949
0.28919163158128947	0.058223855	0.2412962
0.3067184377916406	0.063041106	0.2510799
0.324245251177314	0.081176	0.28491402
0.34177207214833777	0.13406576	0.36614993
0.3592989011147415	0.13966858	0.3737226
0.37682573848655654	0.15092093	0.38848543
0.39435258467381573	0.13283442	0.36446455
0.41187944008655414	0.16382225	0.4047496
0.42940630513480854	0.19080375	0.43681088
0.446933180228618	0.20098554	0.4483141
0.4644600657780234	0.24478345	0.49475595
0.48198696219306775	0.23954783	0.48943624
0.49951386988379676	0.19236472	0.43859404
0.5170407892602581	0.1600369	0.40004614
0.5345677207325025	0.14935951	0.3864706
0.5520946647105822	0.17888807	0.4229516
0.5696216216045534	0.20204118	0.44948992
0.5871485918244737	0.1765502	0.42017877
0.6046755757804043	0.18093112	0.42536
0.6222025738824094	0.17568447	0.4191473
0.6397295865405557	0.15426944	0.39277148
0.6572566141649129	0.14868003	0.3855905
0.6747836571655547	0.16610551	0.40756044
0.6923107159525568	0.19950815	0.44666335
0.7098377909359992	0.21795297	0.46685433
0.7273648825259653	0.2430484	0.4929994
0.7448919911325411	0.22255015	0.47175223
0.762419117165817	0.22672288	0.47615427
0.7799462610358868	0.20289448	0.45043808
0.7974734231528482	0.22061329	0.46969488
0.8150006039268024	0.20818096	0.45626852
0.8325278037678551	0.2028601	0.45039994
0.8500550230861152	0.16534564	0.40662715
0.8675822622916969	0.16638678	0.40790537
0.8851095217947171	0.19815962	0.44515124
0.9026368020052984	0.22968124	0.4792507
0.9201641033335665	0.2620767	0.5119343
0.9376914261896523	0.27893436	0.5281424
0.9552187709836915	0.26932138	0.51896185
0.9727461381258234	0.27759546	0.5268733
0.990273528026193	0.26056463	0.5104553
1.0078009410949496	0.26320258	0.51303273
1.0253283777422473	0.27761996	0.52689654
1.0428558383782454	0.29520592	0.5433286
1.0603833234131086	0.30948	0.5563093
1.0779108332570058	0.39648533	0.6296708
1.0954383683201119	0.3908102	0.6251481
1.112965929012607	0.39540854	0.6288152
1.1304935157446763	0.45838118	0.67703855
1.1480211289265108	0.500645	0.7075627
1.1655487689683062	1.3117398	1.1453121
1.1830764362802655	1.641756	1.2813103
1.200604131272596	2.1123323	1.4533865
1.2181318543555117	2.541086	1.5940784
1.235659605939232	2.5347881	1.5921018
1.253187386433982	3.9167979	1.9790902
1.270715196249994	6.1087203	2.4715827
1.2882430357975057	11.600619	3.4059682
1.3057709054867608	16.527079	4.065351
1.3232988057280106	22.56832	4.7506127
1.3408267369315112	27.295414	5.224501
1.358354699507526	30.533628	5.5257244
1.3758826938663256	34.11364	5.840688
1.3934107204181858	36.03523	6.002935
1.410938779573391	36.955963	6.0791416
1.4284668717422309	38.04119	6.167754
1.4459949973350033	37.535202	6.126598
1.4635231567620117	37.39449	6.1151032
1.4810513504335687	36.331673	6.027576
1.4985795787599925	35.392326	5.949145
1.5161078421516088	35.16919	5.9303617
1.5336361410187505	34.44031	5.868587
1.5511644757717598	34.448467	5.869282
1.5686928468209842	34.906494	5.9081717
1.58622125457678	35.398354	5.9496517
1.6037496994495108	36.363487	6.0302143
1.621278181849548	36.531944	6.044166
1.6388067021872719	37.399906	6.115546
1.6563352608730693	37.12182	6.0927677
1.673863858317336	36.367153	6.0305185
1.6913924949304753	35.465744	5.9553123
1.7089211711228998	34.200672	5.848134
1.7264498873050296	33.269623	5.7679825
1.7439786438872935	32.10853	5.6664386
1.7615074412801288	31.197086	5.5854354
1.779036279893981	30.51585	5.524115
1.796565160139305	29.777891	5.456912
1.814094082426564	29.30061	5.413004
1.8316230471662298	28.752958	5.3621783
1.849152054768784	28.003843	5.291866
1.8666811056447168	27.286034	5.2236037
1.8842102002045273	26.27522	5.125936
1.901739338858724	25.83638	5.08295
1.9192685220178245	25.237122	5.0236564
1.9367977500923557	24.653128	4.965192
1.9543270234928547	24.031712	4.902215
1.971856342629867	23.443132	4.8418107
1.9893857079139496	22.912544	4.786705
2.006915119755667	22.32345	4.72477
2.0244445785655945	21.582891	4.645739
2.0419740847543175	21.232645	4.6078897
2.0595036387324317	20.943125	4.576366
2.0770332409105414	20.595629	4.538241
2.094562891699263	20.444254	4.521532
2.1120925915092217	20.184208	4.492684
2.129622340751053	20.160608	4.4900565
2.1471521398354043	188.45624	13.727937
2.1646819891729323	444.72162	21.088425
2.182211889174303	440.76257	20.994347
2.1997418402501974	452.98633	21.283476
2.2172718428113023	432.85938	20.805273
2.234801897268317	320.57974	17.904741
2.2523320040319548	17.120178	4.137654
2.269862163512935	16.805977	4.0995092
2.287392376121992	16.481308	4.0597177
2.304922642269869	16.1316	4.016416
2.322452962367322	15.706033	3.9630837
2.3399833368251164	15.340756	3.9167278
2.357513766054032	15.100539	3.8859413
2.3750442504648586	14.962591	3.868151
2.3925747904683963	14.65224	3.8278244
2.410105386475459	14.365148	3.7901382
2.4276360388968707	14.090368	3.7537138
2.445166748143469	14.10954	3.7562668
2.4626975146261025	13.954594	3.7355847
2.4802283387556323	13.630945	3.6920109
2.4977592209429305	13.391883	3.6594923
2.5152901615988825	13.104127	3.6199622
2.5328211611343865	12.908652	3.5928614
2.5503522199603523	12.43659	3.526555
2.5678833384877024	12.139345	3.4841564
2.5854145171273712	11.910619	3.4511764
2.6029457562903064	11.843099	3.4413803
2.620477056387469	11.808862	3.4364026
2.6380084178298326	11.586417	3.4038827
2.655539841028383	11.247397	3.353714
2.673071326394119	11.0159235	3.3190246
2.6906028743380523	10.780847	3.2834198
2.708134485271211	10.810204	3.2878873
2.7256661596046325	10.778399	3.2830472
2.743197897749369	10.78886	3.28464
2.760729700116486	10.654266	3.2640874
2.778261567117063	10.340668	3.2156909
2.795793499162193	10.183654	3.1911838
2.8133254966629817	9.919187	3.149474
2.830857560030551	9.672462	3.1100583
2.8483896896760337	9.39221	3.0646713
2.865921886010578	9.25268	3.0418217
2.883454149445347	9.265876	3.0439901
2.9009864803915177	9.258603	3.0427952
2.91851887926028	9.080747	3.0134277
2.9360513464628384	8.921366	2.9868655
2.953583882410413	8.871369	2.9784844
2.9711164875142373	8.767374	2.9609752
2.9886491621855606	8.774957	2.9622552
3.0061819068356455	8.556838	2.9252074
3.023714721875769	8.533514	2.921218
3.041247607717225	8.2989025	2.8807817
3.0587805647713213	8.132276	2.8517146
3.0763135934493806	8.175207	2.859232
3.0938466941627407	8.173772	2.858981
3.1113798673227544	8.057481	2.83857
3.1289131133407904	7.899433	2.8105931
3.1464464326282315	7.681139	2.7714868
3.1639798255964786	7.573999	2.75209
3.1815132926569443	7.6520195	2.7662284
3.1990468342210603	7.591308	2.7552328
3.216580450700272	7.529595	2.7440107
3.2341141425060416	7.396867	2.7197182
3.251647910049847	7.2666574	2.6956737
3.2691817537431813	7.129027	2.6700237
3.286715673997555	7.049379	2.6550667
3.3042496712244938	6.9988947	2.6455424
3.32178374583554	6.9902096	2.6439004
3.339317898242251	7.0357156	2.6524923
3.3568521288562034	7.041352	2.6535544
3.3743864380889876	6.820326	2.6115754
3.3919208263522127	6.714319	2.5912004
3.4094552940575023	6.5735784	2.563899
3.4269898416164972	6.74376	2.596875
3.444524469440858	6.6162596	2.5722091
3.4620591779422587	6.6010084	2.5692427
3.479593967532391	6.463778	2.542396
3.4971288386229658	6.392225	2.528285
3.5146637916257086	6.377451	2.5253615
3.5321988269523628	6.326312	2.515216
3.5497339450146903	6.339694	2.517875
3.5672691462244708	6.2714834	2.504293
3.5848044309934988	6.306175	2.51121
3.60233979973359	6.199232	2.4898257
3.619875252856575	6.237156	2.4974298
3.6374107907743034	6.268663	2.5037298
3.6549464138986427	6.328035	2.5155585
3.6724821226414788	6.379117	2.5256915
3.690017917414714	6.3392105	2.5177789
3.7075537986302702	6.360468	2.5219967
3.7250897667000857	6.34092	2.5181184
3.7426258220361235	6.4622297	2.5420916
3.7601619650503553	6.714436	2.591223
3.777698196154779	7.3131366	2.704281
3.7952345157614067	8.399231	2.8981426
3.8127709242822716	9.208059	3.0344784
3.830307422129425	11.434501	3.3814938
3.847844009714936	30.176218	5.4932885
3.8653806874508954	97.68789	9.8837185
3.882917455749409	96.99006	9.848353
3.900454315022606	96.84378	9.840923
3.917991265682631	41.423088	6.436077
3.9355283081416506	11.162554	3.3410408
3.9530654428118495	8.789197	2.964658
3.970602670105433	7.4444427	2.7284505
3.9881399904346244	6.384526	2.526762
4.005677404211669	6.324938	2.514943
4.023214911848827	6.240424	2.498084
4.0407525137583855	6.261018	2.5022025
4.058290210352644	6.2469115	2.4993823
4.075828002043927	6.166742	2.4832926
4.0933658892445814	6.137182	2.4773338
4.110903872366966	6.088417	2.4674718
4.128441951823468	6.056072	2.460909
4.145980128026488	6.086767	2.4671373
4.163518401388452	6.0914397	2.4680843
4.181056772321807	6.102085	2.4702399
4.1985952412390155	6.071417	2.4640245
4.216133808552567	6.1159167	2.473038
4.233672474674966	6.2853174	2.5070536
4.251211240018741	6.507094	2.5509007
4.268750104996445	6.5970416	2.5684707
4.286289070020643	7.367439	2.7143025
4.303828135503928	8.904442	2.9840312
4.3213673018589125	29.277657	5.410883
4.3389065694982305	90.50835	9.513587
4.356445938834537	165.75441	12.874564
4.3739854102805085	171.04079	13.078257
4.391524984248844	172.0131	13.115376
4.409064661152262	136.11293	11.666744
4.426604441403504	96.32917	9.814742
4.444144325415337	75.51542	8.6899605
4.461684313600543	21.624786	4.6502457
4.47922440637193	22.274038	4.7195377
4.496764604142329	20.62381	4.5413446
4.5143049073245916	18.56277	4.3084536
4.531845316331589	16.281162	4.034992
4.5493858315762195	13.318793	3.6494923
4.566926453471405	11.117034	3.3342216
4.584467182430081	9.172951	3.028688
4.602008018865218	8.154323	2.8555775
4.619548963189798	7.483493	2.7355974
4.637090015816834	7.0487237	2.6549432
4.654631177159353	6.7880087	2.6053808
4.672172447630417	6.4574556	2.5411525
4.689713827643102	6.171792	2.4843092
4.7072553176105085	5.8776283	2.424382
4.724796917945764	5.8386445	2.4163287
4.742338629062015	5.8567953	2.4200816
4.759880451372434	5.8717628	2.423172
4.777422385290215	5.756751	2.399323
4.794964431228581	5.6822643	2.38375
4.812506589600768	5.6632614	2.3797607
4.830048860820047	5.6399417	2.3748562
4.847591245299709	5.666632	2.3804688
4.8651337434530655	5.6104474	2.3686383
4.882676355693457	5.5329747	2.3522277
4.900219082434242	5.4554653	2.3356938
4.917761924088813	5.411592	2.326283
4.935304881070575	5.4156156	2.3271475
4.952847953792969	5.454725	2.3355353
4.970391142669449	5.420676	2.3282347
4.9879344481135055	5.449551	2.3344274
5.005477870538642	5.4367433	2.3316824
5.023021410358394	5.4937496	2.343875
5.040565067986324	5.517531	2.3489425
5.05810884383601	5.5325413	2.3521354
5.075652738321066	5.4562445	2.3358605
5.09319675185512	5.4031854	2.3244753
5.110740884851836	5.3056746	2.303405
5.128285137724894	5.2253556	2.2859037
5.145829510888007	5.182598	2.276532
5.163374004754908	5.2076516	2.282028
5.1809186197393595	5.1942906	2.2790987
5.198463356255145	5.1798882	2.2759368
5.216008214716077	5.1997447	2.280295
5.233553195535998	5.141763	2.2675457
5.251098299128764	5.0919952	2.256545
5.268643525908272	5.119811	2.2626998
5.286188876288432	5.138813	2.266895
5.3037343506831895	5.226706	2.286199
5.32127994950651	5.167749	2.2732682
5.3388256731723915	5.1633964	2.2723107
5.356371522094851	5.1633244	2.272295
5.373917496687938	5.1552224	2.2705114
5.391463597365729	5.115706	2.2617927
5.40900982454232	5.0910516	2.256336
5.426556178631843	5.126875	2.2642603
5.444102660048449	5.202405	2.280878
5.4616492692063225	5.175258	2.2749193
5.479196006519669	5.0637035	2.2502675
5.496742872402727	5.0533447	2.2479646
5.514289867269756	5.155723	2.2706218
5.531836991535049	5.1646285	2.2725818
5.549384245612924	5.1808467	2.2761474
5.566931629917724	5.1491838	2.2691813
5.584479144863822	5.0855193	2.2551095
5.6020267908656205	5.0297456	2.2427094
5.619574568337545	5.013238	2.239026
5.637122477694054	4.9992394	2.235898
5.654670519349629	5.0483327	2.2468495
5.672218693718784	5.067853	2.2511892
5.689767001216059	5.045537	2.2462273
5.707315442256021	5.0611587	2.249702
5.724864017253266	5.031336	2.243064
5.7424127266224225	5.0661135	2.2508028
5.75996157077814	5.056292	2.24862
5.777510550135105	5.0640345	2.250341
5.795059665108022	5.076401	2.253087
5.812608916111639	5.1335845	2.2657416
5.830158303560715	5.214365	2.2834985
5.847707827870055	5.2169003	2.2840536
5.86525748945448	5.2446237	2.2901144
5.8828072887288485	5.348988	2.312788
5.900357226108044	5.3838987	2.320323
5.917907302006979	5.518947	2.3492439
5.9354575168406	6.247449	2.4994898
5.9530078710238765	6.92478	2.6314976
5.970558364971812	7.471948	2.7334864
5.988108999099438	7.7751684	2.788399
6.005659773821818	8.36984	2.8930676
6.023210689554039	8.152054	2.8551803
6.040761746711227	8.516702	2.9183388
6.058312945708531	7.737269	2.7815948
6.075864286961132	7.1262627	2.669506
6.093415770884244	6.49658	2.548839
6.1109673978931065	6.024074	2.4543989
6.128519168402993	5.5068603	2.3466702
6.146071082829204	5.3917456	2.3220131
6.163623141587075	5.299103	2.301978
6.181175345091969	5.17243	2.2742977
6.198727693759281	5.146807	2.2686577
6.216280188004435	5.092128	2.2565744
6.233832828242885	5.162207	2.2720492
6.251385614890126	5.1943483	2.2791114
6.268938548361669	5.210912	2.2827423
6.286491629073067	5.069116	2.2514699
6.304044857439898	5.0118136	2.238708
6.321598233877777	5.0114045	2.2386167
6.339151758802344	5.070123	2.2516935
6.356705432629277	5.0061755	2.2374485
6.37425925577428	4.958928	2.226865
6.391813228653095	4.8584423	2.2041874
6.409367351681486	4.9238334	2.2189713
6.426921625275259	4.980998	2.2318149
6.44447604985025	4.9407396	2.2227774
6.46203062582232	4.9498587	2.2248278
6.47958535360737	4.9021525	2.2140806
6.497140233621328	4.9625516	2.2276785
6.514695266280161	4.958452	2.2267582
6.532250451999859	5.02016	2.2405715
6.549805791196454	5.0054245	2.2372806
6.567361284286002	4.971539	2.2296948
6.584916931684597	4.930117	2.2203867
6.602472733808367	4.9563622	2.2262888
6.6200286910734665	4.9707685	2.229522
6.637584803896092	4.9691544	2.22916
6.655141072692462	4.9673004	2.228744
6.672697497878842	4.9367533	2.2218807
6.690254079871514	4.9689555	2.2291155
6.707810819086808	4.999609	2.2359805
6.725367715941078	5.0154295	2.2395155
6.742924770850719	4.924331	2.2190833
6.760481984232151	4.8465843	2.201496
6.778039356501836	4.8225403	2.1960282
6.795596888076266	4.8782234	2.2086701
6.813154579371963	4.98999	2.2338285
6.830712430805492	5.0068417	2.2375972
6.84827044279344	5.00132	2.2363632
6.865828615752445	4.933783	2.2212121
6.883386950099159	4.948661	2.2245586
6.900945446250287	4.9803705	2.2316744
6.918504104622553	5.003814	2.2369206
6.936062925632727	5.021545	2.2408805
6.953621909697607	5.076621	2.253136
6.971181057234028	5.119383	2.2626054
6.988740368658859	5.23069	2.2870703
7.006299844389007	5.1699543	2.2737534
7.023859484841407	5.1463304	2.2685525
7.041419290433036	5.16488	2.2726371
7.058979261580902	5.376938	2.3188226
7.0765393987020495	5.6063237	2.3677676
7.094099702213559	5.933042	2.4357836
7.111660172532549	6.2506213	2.5001242
7.129220810076164	6.5657744	2.5623767
7.146781615261595	7.1647143	2.6766984
7.16434258850606	7.3663387	2.7141
7.181903730226821	7.807511	2.7941923
7.1994650408411704	7.9699388	2.823108
7.217026520766437	8.057647	2.8385994
7.234588170419983	8.316199	2.8837821
7.252149990219215	8.381998	2.895168
7.269711980581568	8.286841	2.8786874
7.2872741419245175	8.152097	2.8551877
7.304836474665574	7.73669	2.7814906
7.322398979222286	7.413768	2.7228234
7.339961656012233	7.084849	2.661738
7.357524505453039	6.6538935	2.5795143
7.375087527962357	6.357633	2.5214348
7.392650723957886	6.1023088	2.4702852
7.410214093857353	5.8432827	2.4172883
7.427777638078528	5.6728997	2.381785
7.445341357039213	5.567576	2.3595712
7.4629052511572525	5.4126306	2.3265061
7.480469320850524	5.2902017	2.3000438
7.498033566536948	5.19246	2.278697
7.5155979886344735	5.151558	2.2697043
7.5331625875610975	5.098806	2.2580535
7.550727363734844	5.166204	2.2729285
7.568292317573788	5.1279783	2.264504
7.585857449496025	5.140051	2.267168
7.603422759919705	5.1676145	2.2732387
7.620988249263007	5.1457667	2.2684283
7.638553917944147	5.2009444	2.2805579
7.656119766381391	5.19932	2.2802017
7.673685794993023	5.1658044	2.2728405
7.691252004197388	5.1763325	2.2751555
7.70881839441285	5.0819616	2.2543206
7.726384966057826	5.1348763	2.2660265
7.743951719550762	5.1228127	2.2633631
7.761518655310149	5.219152	2.2845464
7.779085773754511	5.219767	2.2846808
7.796653075302419	5.238625	2.2888043
7.814220560372475	5.2305017	2.287029
7.831788229383323	5.201992	2.2807877
7.8493560827536495	5.2012134	2.280617
7.866924120902174	5.2665443	2.2948952
7.884492344247663	5.2912173	2.3002646
7.9020607532089135	5.3056116	2.3033912
7.919629348204771	5.2570367	2.2928228
7.937198129654115	5.285093	2.298933
7.954767097975865	5.2728724	2.2962737
7.972336253588986	5.311955	2.3047678
7.989905596912472	5.3495903	2.3129182
8.007475128365371	5.3571157	2.3145444
8.025044848366756	5.346347	2.3122168
8.042614757335754	5.4219403	2.328506
8.060184855691523	5.4519725	2.334946
8.07775514385327	5.598801	2.3661785
8.095325622240228	5.61306	2.3691897
8.112896291271687	5.6943645	2.3862867
8.130467151366968	5.774636	2.403047
8.148038202945436	5.8903785	2.4270103
8.165609446426497	5.8848643	2.425874
8.183180882229594	5.920048	2.433115
8.200752510774217	5.868699	2.4225397
8.218324332479893	5.8393784	2.4164805
8.235896347766193	5.808327	2.410047
8.253468557052724	5.850007	2.4186788
8.27104096075914	5.8831954	2.42553
8.288613559305137	5.956472	2.4405885
8.306186353110448	5.998448	2.449173
8.32375934259485	6.1586137	2.4816554
8.341332528178162	6.2143035	2.4928505
8.358905910280246	6.264863	2.502971
8.376479489321003	6.240443	2.498088
8.394053265720377	6.2484913	2.4996982
8.411627239898356	6.2717757	2.5043514
8.42920141227497	6.262191	2.5024369
8.44677578327029	6.271755	2.5043473
8.464350353304427	6.235403	2.497079
8.48192512279754	6.2646966	2.5029376
8.499500092169827	6.1836677	2.4866982
8.51707526184153	6.1774693	2.4854515
8.534650632232934	6.2009025	2.4901612
8.552226203764365	6.2030177	2.4905858
8.569801976856192	6.2294474	2.495886
8.587377951928834	6.1984587	2.4896703
8.60495412940274	6.2639027	2.502779
8.622530509698416	6.2733407	2.5046637
8.6401070932364	6.373692	2.5246172
8.657683880437283	6.4549756	2.5406644
8.675260871721695	6.6738486	2.5833793
8.692838067510303	6.8906794	2.6250103
8.710415468223834	7.067374	2.6584535
8.727993074283043	7.0631614	2.657661
8.745570886108737	7.014849	2.648556
8.763148904121765	7.033014	2.651983
8.78072712874302	7.151561	2.67424
8.798305560393441	7.4007587	2.7204335
8.815884199494006	7.503973	2.7393382
8.833463046465745	7.621077	2.76063
8.851042101729728	7.679315	2.7711577
8.86862136570707	7.9854584	2.8258553
8.886200838818924	8.2270975	2.8682919
8.903780521486505	8.352555	2.8900788
8.921360414131055	8.446027	2.906205
8.938940517173874	8.466759	2.9097695
8.956520831036297	8.500979	2.915644
8.97410135613971	8.77486	2.962239
8.99168209290554	8.961787	2.9936244
9.009263041755265	9.282213	3.0466726
9.026844203110405	9.540931	3.0888398
9.044425577392525	9.779833	3.1272724
9.062007165023239	9.853843	3.1390831
9.079588966424197	10.078041	3.174593
9.097170982017108	10.16765	3.1886754
9.11475321222372	11.194562	3.3458276
9.132335657465825	12.164244	3.4877276
9.149918318165264	12.342684	3.5132155
9.167501194743924	13.129693	3.6234918
9.18508428762374	12.802418	3.5780466
9.202667597226693	12.738118	3.56905
9.220251123974803	12.330733	3.5115144
9.237834868290143	11.930091	3.4539964
9.255418830594836	11.787236	3.4332545
9.273003011311046	11.254075	3.3547094
9.290587410860985	11.063782	3.3262262
9.308172029666911	10.420682	3.2281082
9.32575686815113	10.150058	3.1859155
9.343341926735997	8.760761	2.9598584
9.360927205843916	8.561041	2.9259257
9.378512705897327	8.345623	2.8888793
9.396098427318728	8.092666	2.8447611
9.413684370530664	7.985309	2.825829
9.431270535955722	7.8928514	2.8094218
9.448856924016539	7.9076033	2.812046
9.466443535135806	7.795973	2.792127
9.484030369736251	7.7957816	2.7920928
9.501617428240658	7.7384696	2.7818105
9.519204711071852	7.6750164	2.770382
9.536792218652714	7.6161733	2.7597415
9.55437995140617	7.621674	2.760738
9.571967909755191	7.729571	2.7802105
9.589556094122802	7.7799344	2.7892535
9.60714450493207	7.8211317	2.7966287
9.624733142606116	7.8455043	2.8009827
9.642322007568108	7.830813	2.798359
9.659911100241267	7.849337	2.8016667
9.677500421048851	7.878763	2.8069134
9.695089970414175	8.000831	2.828574
9.712679748760609	8.084582	2.84334
9.730269756511557	8.105255	2.846973
9.747859994090492	8.059752	2.8389704
9.765450461920915	8.06249	2.8394525
9.78304116042639	8.031609	2.8340092
9.800632090030527	8.064124	2.83974
9.81822325115699	8.081642	2.842823
9.835814644229481	8.088146	2.8439667
9.853406269671762	8.18712	2.8613145
9.870998127907646	8.3048115	2.881807
9.888590219360985	8.343189	2.888458
9.906182544455698	8.267113	2.8752587
9.923775103615734	8.132561	2.8517644
9.941367897265108	8.076094	2.841847
9.958960925827878	8.07541	2.8417265
9.97655418972816	8.180734	2.8601983
9.994147689390106	8.148089	2.8544858
10.011741425237934	8.223693	2.8676982
10.029335397695904	8.180866	2.8602214
10.04692960718833	8.2429695	2.8710573
10.06452405413958	8.247841	2.8719053
10.082118738974064	8.186763	2.861252
10.099713662116246	8.115225	2.8487234
10.117308823990651	8.121109	2.849756
10.134904225021844	8.162352	2.856983
10.152499865634445	8.220298	2.8671062
10.170095746253125	8.216563	2.8664548
10.18769186730261	8.207111	2.8648057
10.205288229207675	8.246218	2.8716228
10.222884832393145	8.154242	2.8555632
10.2404816772839	8.044913	2.8363557
10.258078764304868	7.980702	2.8250136
10.275676093881035	7.938866	2.8175993
10.293273666437438	7.9646597	2.8221729
10.310871482399158	7.9649067	2.8222165
10.32846954219134	8.054751	2.8380895
10.346067846239173	8.108051	2.847464
10.363666394967908	8.088814	2.844084
10.38126518880283	8.032379	2.8341453
10.398864228169298	8.109849	2.8477798
10.416463513492713	8.195043	2.8626986
10.434063045198531	8.239013	2.870368
10.451662823712262	8.213441	2.86591
10.469262849459467	8.182732	2.8605475
10.486863122865758	8.14097	2.8532386
10.504463644356806	8.094223	2.8450348
10.522064414358338	7.9360466	2.8170989
10.539665433296118	7.866299	2.8046923
10.557266701595987	7.7800884	2.789281
10.574868219683818	7.647182	2.765354
10.592469987985552	7.5724006	2.7517996
10.610072006927185	7.4983473	2.738311
10.627674276934751	7.5096903	2.7403815
10.64527679843435	7.428292	2.7254894
10.662879571852143	7.358368	2.7126312
10.680482597614331	7.195591	2.6824598
10.698085876147173	7.0017076	2.646074
10.715689407876988	6.802312	2.6081243
10.733293193230146	6.711926	2.5907385
10.750897232633072	6.661868	2.5810595
10.76850152651225	6.608575	2.570715
10.786106075294207	6.4993033	2.5493731
10.803710879405534	6.4811335	2.5458071
10.821315939272877	6.510838	2.5516343
10.83892125532294	6.5042524	2.5503435
10.856526827982472	6.3789372	2.5256557
10.874132657678285	6.2819667	2.506385
10.891738744837243	6.1878858	2.4875462
10.909345089886271	6.1200314	2.4738698
10.926951693252343	6.0705853	2.4638557
10.944558555362494	6.0366817	2.456966
10.96216567664381	5.9673514	2.4428163
10.979773057523436	5.8783326	2.4245274
10.997380698428573	5.774591	2.4030378
11.014988599786477	5.7559485	2.3991559
11.032596762024461	5.7096534	2.389488
11.050205185569892	5.677387	2.382727
11.067813870850198	5.5903955	2.3644018
11.085422818292859	5.480658	2.3410804
11.10303202832541	5.431164	2.3304858
11.120641501375454	5.3458595	2.3121114
11.138251237870636	5.247935	2.290837
11.155861238238671	5.2033744	2.2810905
11.173471502907317	5.1622653	2.2720618
11.191082032304402	5.1153274	2.261709
11.208692826857805	5.045062	2.2461216
11.226303886995465	5.019206	2.2403584
11.243915213145371	5.030844	2.2429543
11.261526805735578	4.9043674	2.2145805
11.279138665194196	4.858947	2.2043018
11.296750791949393	4.760758	2.181916
11.314363186429393	4.7403297	2.17723
11.331975849062479	4.6806006	2.1634696
11.34958878027699	4.641116	2.154325
11.36720198050133	4.557211	2.1347625
11.384815450163948	4.514127	2.1246474
11.402429189693366	4.482706	2.1172402
11.420043199518153	4.442549	2.1077356
11.437657480066942	63.428654	7.964211
11.455272031768422	85.15578	9.227989
11.472886855051353	107.584595	10.372299
11.490501950344528	99.20958	9.960401
11.508117318076819	84.53847	9.19448
11.52573295867715	45.907463	6.7755046
11.543348872574514	4.2187667	2.0539637
11.560965060197946	4.1196713	2.0296974
11.57858152197655	4.050309	2.012538
11.59619825833949	3.996653	1.9991632
11.613815269715985	3.9697006	1.9924108
11.631432556535323	38.494965	6.204431
11.649050119226837	83.01541	9.1112795
11.666667958219929	93.41576	9.665183
11.68428607394406	107.66176	10.376019
11.701904466828756	82.49229	9.082526
11.719523137303586	65.32256	8.082237
11.737142085798196	4.575433	2.1390262
11.754761312742286	3.6689534	1.9154513
11.772380818565619	3.6449976	1.9091877
11.790000603698015	3.6222098	1.9032104
11.80762066856935	3.5828726	1.8928478
11.825241013609572	3.5456707	1.8829951
11.842861639248683	3.5246682	1.8774099
11.860482545916748	3.4979587	1.870283
11.878103734043883	3.4860573	1.8670986
11.895725204060282	3.4493012	1.8572295
11.91334695639619	3.3577132	1.8324064
11.930968991481919	3.286987	1.813005
11.948591309747824	3.262682	1.8062896
11.966213911624347	3.2872522	1.813078
11.98383679754198	3.2846498	1.8123603
12.001459967931268	3.2556438	1.8043402
12.019083423222835	3.2003117	1.7889415
12.036707163847352	3.1326568	1.7699313
12.05433119023556	3.1516876	1.7752993
12.071955502818259	3.1599565	1.7776266
12.089580102026313	3.1658652	1.7792878
12.107204988290643	3.1368341	1.771111
12.12483016204224	3.1205006	1.7664939
12.142455623712152	3.0963259	1.759638
12.16008137373149	3.0780787	1.7544454
12.177707412531431	3.0673351	1.7513809
12.19533374054321	3.0623708	1.749963
12.212960358198126	3.0485384	1.7460064
12.230587265927545	3.0102239	1.7349997
12.248214464162889	2.9869182	1.7282703
12.265841953335649	3.0001743	1.7321011
12.283469733877375	3.0133812	1.7359093
12.301097806219685	2.9950027	1.7306076
12.31872617079425	2.992996	1.7300278
12.336354828032825	2.9489315	1.7172453
12.353983778367205	2.9355962	1.7133582
12.371613022229262	2.9151893	1.7073926
12.389242560050928	2.8982112	1.7024133
12.406872392264201	2.8616152	1.691631
12.424502519301143	2.8379664	1.6846265
12.442132941593874	2.8354032	1.6838655
12.459763659574586	2.7965384	1.6722853
12.477394673675532	2.8183067	1.6787813
12.49502598432903	2.8316474	1.68275
12.51265759196746	2.84918	1.6879514
12.530289497023267	2.8074422	1.6755424
12.547921699928967	2.8085895	1.6758847
12.565554201117134	2.8001955	1.6733785
12.583187001020404	2.813816	1.6774433
12.600820100071486	2.7538273	1.659466
12.618453498703152	2.7196999	1.6491512
12.636087197348235	2.6991482	1.6429085
12.65372119643964	2.701584	1.6436496
12.671355496410326	2.7406318	1.6554854
12.68899009769333	2.8097172	1.6762211
12.706625000721749	2.8536532	1.689276
12.724260205928752	2.8934472	1.7010136
12.741895713747551	2.8601491	1.6911975
12.759531524611454	2.8969202	1.7020341
12.777167638953818	2.9600995	1.7204939
12.794804057208072	3.0049362	1.7334752
12.812440779807702	3.0213497	1.738203
12.830077807186271	3.166323	1.7794164
12.847715139777405	3.2061262	1.7905658
12.865352778014795	3.4256732	1.8508574
12.882990722332197	3.570436	1.8895597
12.90062897316344	3.6982315	1.9230787
12.918267530942412	3.7946267	1.9479802
12.935906396103071	3.6443486	1.9090177
12.953545569079449	3.7956839	1.9482515
12.971185050305628	3.5968628	1.8965397
12.988824840215775	3.621836	1.9031122
13.006464939244115	3.6451306	1.9092225
13.024105347824943	3.4767933	1.8646162
13.041746066392617	3.5296428	1.8787344
13.05938709538157	3.3409333	1.827822
13.077028435226296	3.3884752	1.8407811
13.094670086361363	3.2954113	1.8153268
13.112312049221401	3.1825368	1.7839667
13.129954324241112	3.068848	1.7518127
13.147596911855258	2.8720846	1.6947225
13.165239812498685	2.865833	1.6928772
13.182883026606293	2.8258169	1.6810166
13.200526554613058	2.7583783	1.6608366
13.218170396954017	2.7438667	1.6564621
13.235814554064284	2.7223568	1.6499566
13.253459026379034	2.733112	1.6532127
13.271103814333523	2.6775877	1.6363336
13.288748918363058	2.645992	1.6266506
13.306394338903031	2.61766	1.6179184
13.32404007638889	2.6123106	1.6162645
13.341686131256164	2.66411	1.6322101
13.359332503940449	2.6622024	1.6316257
13.376979194877402	2.673582	1.6351092
13.394626204502751	2.7077036	1.6455101
13.412273533252307	2.7306392	1.6524646
13.429921181561937	2.7166893	1.6482383
13.447569149867581	2.7177663	1.6485649
13.465217438605247	2.7154927	1.6478752
13.482866048211022	2.6836984	1.6381998
13.500514979121052	2.6712692	1.6344018
13.518164231771568	2.6676397	1.6332911
13.535813806598844	2.657242	1.6301049
13.553463704039254	2.6521401	1.6285393
13.571113924529229	2.6542525	1.6291877
13.588764468505275	2.659374	1.6307588
13.606415336403956	2.6884925	1.6396623
13.624066528661917	2.7376404	1.6545817
13.641718045715882	2.790505	1.6704805
13.659369888002635	2.8293579	1.6820695
13.67702205595903	2.8419192	1.6857992
13.694674550021993	2.8833213	1.6980345
13.712327370628532	2.9469833	1.716678
13.729980518215713	3.0408733	1.7438099
13.747633993220681	3.1288857	1.7688657
13.765287796080647	3.1956315	1.787633
13.7829419272329	3.238793	1.7996646
13.800596387114801	3.2942376	1.8150035
13.818251176163775	3.326303	1.8238155
13.835906294817324	3.367807	1.8351586
13.853561743513023	3.437203	1.8539695
13.871217522688525	3.466363	1.8618171
13.888873632781538	3.4981654	1.8703383
13.906530074229858	3.5134037	1.8744075
13.92418684747135	3.5576274	1.8861674
13.941843952943948	3.5644393	1.8879722
13.959501391085665	3.533589	1.8797842
13.977159162334578	3.422224	1.8499254
13.994817267128846	3.3122792	1.8199668
14.012475705906693	3.2110345	1.7919359
14.030134479106424	3.197492	1.7881532
14.047793587166414	3.1584291	1.777197
14.065453030525108	3.0795865	1.7548751
14.083112809621026	2.9469593	1.716671
14.100772924892766	2.9343352	1.7129902
14.118433376778997	2.898341	1.7024515
14.136094165718458	2.8260586	1.6810886
14.153755292149969	2.76573	1.6630484
14.171416756512416	2.7172666	1.6484133
14.189078559244768	2.6419456	1.6254063
14.20674070078606	2.5607584	1.600237
14.224403181575408	2.4927838	1.5788552
14.242066002051999	2.4888506	1.5776092
14.259729162655093	2.460477	1.5685908
14.277392663824022	2.444751	1.5635699
14.295056505998208	2.4104974	1.5525776
14.312720689617128	2.4010892	1.5495448
14.330385215120348	2.3669853	1.538501
14.348050082947497	2.3647022	1.5377588
14.3657152935383	2.3423076	1.5304599
14.383380847332528	2.3194087	1.5229605
14.401046744770051	2.3242333	1.5245436
14.418712986290798	2.3382068	1.5291196
14.436379572334793	2.3525355	1.5337977
14.454046503342123	2.3595877	1.5360949
14.471713779752946	2.3473186	1.5320961
14.489381402007504	2.3231661	1.5241936
14.507049370546113	2.3265831	1.5253141
14.524717685809168	2.3407414	1.5299481
14.542386348237134	2.3709114	1.5397764
14.560055358270553	2.3932402	1.5470101
14.577724716350051	2.4336267	1.5600085
14.595394422916325	2.4030206	1.5501679
14.61306447841015	2.4126751	1.5532788
14.63073488327237	2.438986	1.5617254
14.648405637943917	2.4801908	1.5748621
14.6660767428658	2.526609	1.5895311
14.683748198479094	2.5013285	1.5815588
14.701420005224954	2.4988005	1.5807595
14.719092163544628	2.5610669	1.6003333
14.73676467387942	2.6363015	1.6236691
14.754437536670727	2.6748002	1.6354816
14.772110752360014	2.6692553	1.6337856
14.78978432138882	2.6611552	1.6313047
14.807458244198777	2.694425	1.6414704
14.82513252123159	2.6646323	1.6323701
14.842807152929028	2.661991	1.6315609
14.860482139732962	2.6274164	1.6209307
14.87815748208531	2.6089773	1.615233
14.8958331804281	2.6373734	1.6239992
14.91350923520342	2.6147363	1.6170146
14.931185646853438	2.664842	1.6324344
14.948862415820408	2.6621017	1.6315949
14.966539542546656	2.7034907	1.6442295
14.98421702747459	2.6573415	1.6301354
15.001894871046696	2.6488705	1.6275351
15.019573073705542	2.6297872	1.6216619
15.037251635893766	2.6353471	1.6233752
15.054930558054092	2.6725001	1.6347783
15.072609840629323	2.680748	1.637299
15.090289484062351	2.8361983	1.6841016
15.107969488796124	3.134886	1.770561
15.125649855273691	3.5765886	1.8911871
15.14333058393817	4.0130854	2.0032687
15.161011675232768	4.9009924	2.2138186
15.17869312960076	6.1995797	2.4898956
15.196374947485506	8.071591	2.8410547
15.214057129330447	11.091039	3.330321
15.231739675579114	15.895657	3.9869359
15.249422586675102	21.02387	4.5851793
15.267105863062092	24.38999	4.9386225
15.284789505183847	24.932945	4.99329
15.302473513484218	23.13877	4.8102775
15.320157888407127	19.547441	4.421249
15.337842630396578	15.139439	3.890943
15.355527739896656	11.653312	3.4136946
15.37321321735153	9.055752	3.0092776
15.39089906320545	6.5790563	2.5649672
15.408585277902748	4.8918347	2.2117493
15.42627186188783	3.7427936	1.93463
15.443958815605198	3.1744137	1.7816885
15.461646139499424	2.8591337	1.6908973
15.479333834015168	2.6851158	1.6386323
15.497021899597165	2.6253796	1.6203023
15.514710336690234	2.6318555	1.6222994
15.53239914573928	2.6054106	1.6141285
15.550088327189297	2.554646	1.598326
15.567777881485336	2.4737546	1.5728174
15.58546780907256	2.4711075	1.5719757
15.6031581103962	2.4871767	1.5770785
15.620848785901568	2.4898918	1.577939
15.638539836034063	2.4593797	1.568241
15.656231261239173	2.4204311	1.5557735
15.673923061962451	2.4318504	1.5594392
15.691615238649552	2.407682	1.5516707
15.709307791746202	2.4081447	1.5518198
15.727000721698221	2.399235	1.5489464
15.744694028951498	2.3637128	1.5374371
15.76238771395202	2.3313122	1.5268635
15.780081777145844	2.330402	1.5265654
15.797776218979125	2.385751	1.5445876
15.815471039898094	2.408991	1.5520924
15.833166240349064	2.369951	1.5394645
15.850861820778437	2.3439298	1.5309898
15.868557781632699	2.3372824	1.5288173
15.886254123358412	2.3733795	1.5405777
15.903950846402232	2.3627307	1.5371177
15.921647951210897	2.3653421	1.5379668
15.939345438231225	2.3421223	1.5303994
15.957043307910133	2.3449655	1.531328
15.974741560694602	2.3281581	1.5258303
15.992440197031714	2.3371506	1.5287743
16.01013921736862	2.340131	1.5297487
16.02783862215259	2.391057	1.5463043
16.045538411830933	2.3893971	1.5457675
16.06323858685107	2.4200974	1.5556662
16.080939147660512	2.3990707	1.5488933
16.09864009470684	2.4066155	1.551327
16.11634142843774	2.377113	1.5417889
16.134043149300954	2.3541055	1.5343094
16.15174525774433	2.3710327	1.5398158
16.169447754215817	2.3891761	1.545696
16.18715063916342	2.4337335	1.5600427
16.204853913035244	2.4234078	1.5567298
16.222557576279478	2.428706	1.5584306
16.240261629344403	22.394165	4.7322474
16.257966072678386	42.915413	6.550986
16.275670906729868	38.028965	6.166763
16.293376131947387	2.4671478	1.5707157
16.31108174877957	2.5133598	1.5853579
16.328787757675133	2.529878	1.590559
16.34649415908287	2.5514834	1.5973363
16.364200953451657	2.5499933	1.5968698
16.38190814123048	2.5734375	1.6041937
16.39961572286839	2.6069007	1.6145899
16.41732369881455	2.657523	1.6301911
16.43503206951817	2.7249537	1.6507434
16.45274083542859	2.769102	1.6640619
16.47044999699522	2.761196	1.6616846
16.488159554667558	2.7999833	1.673315
16.505869508895184	2.8666837	1.6931283
16.523579860127786	2.9239023	1.7099422
16.541290608815117	2.9485166	1.7171245
16.559001755407035	2.9690988	1.7231073
16.57671330035348	3.0551498	1.7478987
16.59442524410448	3.133396	1.77014
16.61213758711015	3.1777225	1.7826167
16.629850329820705	3.230341	1.7973149
16.647563472686436	3.2976105	1.8159324
16.665277016157724	3.4036834	1.8449074
16.682990960685053	3.4661171	1.8617511
16.70070530671898	3.5023286	1.8714509
16.718420054710155	3.4946618	1.8694015
16.736135205109335	3.4859824	1.8670785
16.753850758367335	3.5020869	1.8713864
16.771566714935087	3.5474217	1.88346
16.789283075263597	3.6460972	1.9094757
16.80699983980398	3.7471015	1.9357431
16.82471700900741	3.846694	1.9612991
16.84243458332518	3.874229	1.9683061
16.860152563208665	3.9019582	1.9753375
16.87787094910932	3.9121344	1.9779116
16.89558974147871	4.024423	2.0060966
16.913308940768466	4.1306067	2.0323894
16.931028547430333	4.2066846	2.0510204
16.94874856191613	4.270694	2.0665658
16.966468984677785	4.3258486	2.0798674
16.98418981616729	4.392544	2.0958397
17.00191105683676	4.3903236	2.09531
17.019632707138374	4.4466977	2.1087193
17.03735476752442	4.440711	2.1072996
17.05507723844728	4.4680777	2.113783
17.072800120359403	4.519774	2.125976
17.090523413713353	4.563255	2.1361775
17.108247118961785	4.5976667	2.144217
17.125971236557437	4.6042275	2.1457465
17.143695766953133	4.604155	2.1457295
17.161420710601806	4.6247153	2.150515
17.179146067956477	4.645046	2.155237
17.19687183947025	4.6786284	2.1630137
17.21459802559634	4.706315	2.1694043
17.232324626788028	4.6727767	2.1616607
17.25005164349871	4.643851	2.1549597
17.267779076181863	4.5640945	2.1363742
17.285506925291074	4.538437	2.1303608
17.30323519127999	4.515937	2.1250734
17.320963874602384	4.531146	2.128649
17.33869297571211	4.497768	2.120794
17.356422495063114	4.517095	2.125346
17.37415243310944	4.4555845	2.1108255
17.391882790305218	4.4528756	2.1101837
17.40961356710468	4.45624	2.1109807
17.42734476396215	4.491856	2.1194
17.445076381332044	4.4947376	2.1200795
17.462808419668868	4.5371146	2.1300504
17.48054087942723	4.603376	2.1455479
17.498273761061835	4.838129	2.1995747
17.51600706502747	5.344721	2.3118653
17.533740791779024	5.9476056	2.4387712
17.551474941771485	7.2977333	2.7014318
17.56920951545993	8.410552	2.9000952
17.586944513299528	10.77992	3.2832787
17.60467993574556	12.568219	3.5451684
17.622415783253373	14.369654	3.7907326
17.64015205627843	15.971588	3.9964468
17.657888755276293	17.22031	4.149736
17.675625880702604	17.83489	4.2231374
17.69336343301311	17.720606	4.209585
17.71110141266366	16.834772	4.1030197
17.728839820110178	15.795395	3.974342
17.746578655808705	14.748538	3.8403826
17.764317920215372	13.045448	3.6118484
17.7820576137864	11.402268	3.3767245
17.79979773697811	9.301302	3.0498035
17.81753829024692	7.434166	2.7265668
17.835279274049356	5.796603	2.4076135
17.85302068884201	4.7897577	2.1885514
17.870762535081607	4.1524673	2.0377603
17.888504813224934	3.8517368	1.9625843
17.90624752372891	3.7080379	1.9256266
17.923990667050536	3.6313705	1.9056156
17.941734243646895	3.5545797	1.8853593
17.959478253975185	3.4686735	1.8624375
17.9772226984927	3.4178221	1.8487353
17.994967577656833	3.3846257	1.8397353
18.01271289192506	3.3438513	1.8286201
18.030458641754965	3.3514724	1.8307027
18.04820482760425	3.3476977	1.8296715
18.06595144993067	3.3624754	1.8337054
18.083698509192125	3.3034892	1.8175503
18.101446005846576	3.2464058	1.8017786
18.119193940352105	3.1645517	1.7789187
18.136942313166887	3.187012	1.7852204
18.1546911247492	3.2012143	1.7891937
18.1724403755574	3.1648028	1.7789893
18.19019006604997	3.1201189	1.7663858
18.207940196685467	3.0742764	1.7533615
18.225690767922575	3.0497863	1.7463638
18.243441780220046	3.042808	1.7443646
18.261193234036764	3.0515873	1.7468793
18.278945129831676	3.0652914	1.7507974
18.29669746806386	3.0430036	1.7444206
18.314450249192483	3.0519583	1.7469856
18.3322034736768	3.0140104	1.7360905
18.349957141976184	3.0211782	1.7381537
18.3677112545501	3.007405	1.7341871
18.385465811858108	2.9977803	1.7314099
18.403220814359884	3.0107825	1.7351607
18.420976262515172	3.078894	1.7546778
18.43873215678387	3.1100643	1.7635374
18.456488497625923	3.1429281	1.7728305
18.474245285501407	3.2144494	1.7928885
18.492002520870486	3.250557	1.8029301
18.50976020419343	3.3449924	1.828932
18.527518335930615	3.645061	1.9092042
18.545276916542516	4.239187	2.0589285
18.563035946489688	4.351837	2.0861058
18.580795426232832	4.744883	2.1782753
18.598555356232698	4.645303	2.1552966
18.616315736950185	4.99652	2.2352898
18.63407656884626	4.7174335	2.1719654
18.65183785238201	4.877103	2.2084165
18.669599588018617	4.5987444	2.1444683
18.68736177621737	4.564529	2.1364758
18.705124417439652	4.5950947	2.1436172
18.72288751214696	4.4335985	2.105611
18.740651060800886	4.5717816	2.1381724
18.758415063863115	4.2748294	2.0675662
18.77617952179546	4.4174232	2.1017666
18.793944435059814	4.1882944	2.0465324
18.811709804118184	4.1944222	2.048029
18.829475629432675	4.115518	2.028674
18.8472419114655	3.8963187	1.9739095
18.86500865067897	4.0078936	2.0019724
18.88277584753551	3.722287	1.929323
18.90054350249763	3.7565613	1.9381851
18.918311616027957	3.406009	1.8455375
18.936080188589226	3.266501	1.8073463
18.953849220644265	2.9176846	1.7081231
18.971618712656007	2.8013735	1.6737304
18.9893886650875	2.8174415	1.6785235
19.007159078401887	8.023042	2.8324974
19.024929953062408	32.872093	5.733419
19.042701289532435	32.81811	5.728709
19.060473088275405	25.377846	5.037643
19.07824534975489	2.6210644	1.6189702
19.096018074434568	2.5873063	1.6085106
19.113791262778197	2.5934973	1.6104339
19.13156491524966	2.576377	1.6051096
19.149339032312945	2.5414033	1.594178
19.167113614432136	2.495813	1.5798142
19.184888662071433	2.5009031	1.5814244
19.202664175695123	2.4991686	1.5808759
19.220440155767623	2.5087202	1.583894
19.238216602753447	2.5128653	1.585202
19.2559935171172	2.5231333	1.5884373
19.27377089932361	2.5265586	1.5895152
19.291548749837514	2.5218716	1.5880401
19.309327069123835	2.4888809	1.5776187
19.32710585764763	2.486144	1.5767511
19.344885115874032	2.4690042	1.5713065
19.362664844268313	2.4613743	1.5688767
19.380445043295822	2.485359	1.5765021
19.39822571342203	2.5370023	1.592797
19.41600685511252	2.5204113	1.5875803
19.43378846883297	2.4985266	1.5806729
19.451570555049173	2.4791927	1.5745453
19.469353114227037	2.486805	1.5769607
19.48713614683254	2.4557872	1.5670952
19.50491965333182	2.4402168	1.5621194
19.52270363419109	2.467663	1.5708797
19.540488089876686	2.4541962	1.5665874
19.55827302085503	2.44183	1.5626355
19.576058427592674	2.4302306	1.5589197
19.593844310556282	2.4558773	1.5671239
19.611630670212598	2.4671168	1.5707059
19.629417507028506	2.4369106	1.5610608
19.64720482147098	2.4206624	1.5558478
19.6649926140071	2.4372993	1.5611852
19.682780885104084	2.4791439	1.5745298
19.70056963522921	2.4921257	1.5786468
19.718358864849908	2.4924297	1.5787431
19.7361485744337	2.493931	1.5792185
19.753938764448215	2.4747815	1.5731438
19.771729435361202	2.4858308	1.5766518
19.789520587640506	2.5081708	1.5837206
19.807312221754092	2.502574	1.5819526
19.825104338170043	2.4806552	1.5750096
19.842896937356517	2.4902344	1.5780476
19.860690019781824	2.4870975	1.5770534
19.87848358591436	2.4964185	1.5800059
19.896277636222635	2.519008	1.5871383
19.914072171175278	2.5080423	1.58368
19.931867191241015	2.481017	1.5751245
19.94966269688869	2.429956	1.5588316
19.967458688587264	2.3979154	1.5485203
19.985255166805807	2.4300802	1.5588714
20.00305213201348	2.4792547	1.5745649
20.020849584679578	2.4721625	1.5723112
20.038647525273507	2.4764013	1.5736586
20.05644595426477	2.4800937	1.5748314
20.07424487212299	2.4815118	1.5752815
20.092044279317903	2.4498665	1.565205
20.109844176319353	2.425226	1.5573137
20.127644563597304	2.4218135	1.5562177
20.145445441621817	2.4262044	1.5576278
20.16324681086307	2.4040072	1.5504861
20.181048671791373	2.3804648	1.5428755
20.198851024877122	2.385067	1.5443662
20.216653870590836	2.4117763	1.5529895
20.234457209403146	2.4154887	1.5541843
20.252261041784802	2.4151244	1.554067
20.270065368206662	2.390045	1.545977
20.287870189139685	2.3831263	1.5437378
20.305675505054968	2.336101	1.5284309
20.323481316423702	2.3242989	1.5245651
20.341287623717207	2.3013988	1.5170362
20.359094427406884	2.3097494	1.519786
20.376901727964288	2.3147073	1.5214162
20.39470952586107	2.3222058	1.5238786
20.41251782156899	2.3268957	1.5254166
20.430326615559935	2.3409555	1.5300181
20.448135908305886	2.3338778	1.5277034
20.465945700278965	2.3113277	1.5203052
20.483755991951384	2.2992525	1.5163286
20.50156678379548	2.2940402	1.514609
20.519378076283708	2.2714193	1.5071229
20.537189869888635	2.2886093	1.512815
20.55500216508294	2.3028216	1.517505
20.572814962339415	2.3640935	1.5375609
20.59062826213098	2.3480232	1.5323261
20.60844206493066	2.3373747	1.5288475
20.626256371211593	2.3013577	1.5170226
20.644071181447032	2.3000462	1.5165904
20.66188649611036	2.30104	1.516918
20.67970231567506	2.3065302	1.5187265
20.697518640614742	2.2943928	1.5147253
20.715335471403122	2.3118806	1.520487
20.73315280851404	2.3220294	1.5238206
20.750970652421447	2.338969	1.5293689
20.768789003599412	2.3085654	1.5193964
20.786607862522136	2.2678764	1.505947
20.8044272296639	2.2281437	1.4926968
20.82224710549913	2.236533	1.4955043
20.84006749050237	2.2679076	1.5059574
20.857888385148268	3.8301802	1.9570847
20.8757097899116	45.92819	6.777034
20.893531705267254	64.738594	8.04603
20.911354131690224	83.75829	9.151956
20.92917706965566	69.03408	8.308675
20.94700051963877	50.124157	7.0798416
20.96482448211493	29.34714	5.4173
20.982648957559622	4.0987945	2.024548
21.00047394644843	2.2182376	1.4893749
21.01829944925707	2.2217813	1.4905641
21.036125466461375	2.209841	1.4865534
21.053951998537297	2.1740906	1.4744798
21.071779045960906	2.162955	1.4706988
21.089606609208378	2.1743872	1.4745804
21.10743468875603	2.1902723	1.4799569
21.12526328508028	2.171315	1.4735383
21.143092398657675	2.1755767	1.4749836
21.16092202996488	2.2129679	1.4876047
21.17875217947867	2.2152438	1.4883695
21.19658284767596	2.194821	1.4814928
21.21441403503377	2.17769	1.4756999
21.232245742029225	2.181851	1.477109
21.2500779691396	2.18563	1.4783877
21.26791071684227	2.1368885	1.46181
21.28574398561475	2.1428812	1.4638584
21.30357777593465	2.1684296	1.4725589
21.321412088279704	2.1813838	1.4769509
21.339246923127792	2.15726	1.4687613
21.357082280956888	2.1411827	1.463278
21.3749181622451	2.1305559	1.4596424
21.392754567470647	2.1061323	1.451252
21.41059149711187	2.0949452	1.4473926
21.42842895164726	2.1222193	1.4567839
21.446266931555378	2.1422844	1.4636545
21.464105437314945	2.1134086	1.4537567
21.481944469404798	2.050049	1.4317993
21.49978402830388	2.0156178	1.4197246
21.51762411449127	2.0131116	1.4188416
21.53546472844617	2.0116832	1.4183382
21.553305870647876	2.041905	1.4289523
21.571147541575865	2.0694702	1.4385654
21.58898974170967	2.09712	1.4481436
21.60683247152899	2.063748	1.436575
21.62467573151363	2.044041	1.4296995
21.642519522143523	2.0296175	1.4246465
21.660363843898722	2.0421977	1.4290549
21.6782086972594	2.0507798	1.4320544
21.696054082705864	2.0534744	1.432995
21.713900000718535	2.0629258	1.436289
21.73174645177795	2.0630283	1.4363246
21.749593436364794	2.0314486	1.4252889
21.767440954959845	2.005717	1.4162334
21.785289008044032	2.0166254	1.4200794
21.803137596098388	2.0126355	1.4186739
21.820986719604086	1.9912789	1.4111269
21.838836379042412	1.9872204	1.409688
21.85668657489478	1.9980199	1.4135133
21.87453730764273	1.9821653	1.4078939
21.892388577767914	1.9902111	1.4107485
21.91024038575213	1.9601151	1.4000411
21.928092732077285	1.9529238	1.3974705
21.945945617225426	1.9546225	1.3980782
21.963799041678694	1.9698673	1.4035196
21.981653005919398	31.296078	5.59429
21.999507510429943	78.0821	8.836408
22.01736255569286	73.029434	8.545726
22.035218142190818	4.1222982	2.0303442
22.05307427040661	1.945419	1.3947828
22.07093094082315	1.9324576	1.3901286
22.088788153923474	1.9107327	1.3822926
22.106645910190746	1.9092834	1.3817682
22.12450421010827	1.9305979	1.3894596
22.142363054159464	1.9629006	1.4010355
22.16022244282787	1.9437178	1.3941728
22.178082376597164	1.9048446	1.380161
22.195942855951145	1.9015833	1.3789791
22.213803881373742	1.9281285	1.3885707
22.231665453349002	1.9859023	1.4092205
22.24952757236111	2.0146174	1.4193722
22.26739023889438	2.0292742	1.424526
22.28525345343323	2.0234356	1.4224752
22.30311721646225	1.9801204	1.4071676
22.320981528466113	1.9955922	1.4126543
22.33884638992964	2.0121105	1.4184887
22.356711801337788	2.0060635	1.4163557
22.37457776317561	1.9614605	1.4005215
22.392444275928337	1.957034	1.3989403
22.410311340081282	1.9439538	1.3942574
22.428178956119904	1.9491705	1.396127
22.446047124529805	1.9859817	1.4092486
22.46391584579669	2.0083458	1.4171612
22.481785120406414	1.9937899	1.4120163
22.49965494884496	1.9632463	1.4011589
22.51752533159841	1.9508008	1.3967108
22.53539626915302	1.9334434	1.3904831
22.553267761995137	1.9063967	1.3807232
22.571139810611264	1.8827943	1.3721495
22.589012415488025	1.9073062	1.3810526
22.60688557711216	1.921793	1.3862875
22.624759295970566	1.912447	1.3829125
22.642633572550263	1.8885155	1.3742326
22.660508407338362	1.8769083	1.370003
22.67838380082217	1.8554629	1.3621538
22.696259753489077	1.8802879	1.3712358
22.714136265826614	1.928098	1.3885597
22.73201333832246	1.9456654	1.3948711
22.74989097146439	1.9223657	1.386494
22.76776916574035	1.8966738	1.3771979
22.785647921638393	1.9140931	1.3835075
22.803527239646712	1.9207985	1.3859288
22.82140712025363	1.9357065	1.3912967
22.839287563947593	1.9106255	1.3822538
22.85716857121719	1.8781383	1.3704518
22.875050142551135	1.8450208	1.3583155
22.892932278438277	1.8826723	1.3721051
22.910814979367604	1.8860558	1.3733375
22.928698245828222	1.8911424	1.3751881
22.946582078309387	1.869762	1.3673924
22.96446647730047	1.8584324	1.3632433
22.98235144329098	1.8892307	1.3744929
23.000236976770562	1.8762451	1.369761
23.018123078229	1.8649676	1.3656381
23.03600974815619	1.8713504	1.3679731
23.053896987042194	1.8928397	1.3758051
23.071784795377173	1.9271816	1.3882296
23.08967317365145	1.934372	1.390817
23.10756212235546	1.9380513	1.3921391
23.125451641979787	1.933934	1.3906596
23.143341733015134	1.9438736	1.3942287
23.161232395952357	1.940964	1.3931848
23.179123631282426	1.9411892	1.3932656
23.197015439496468	1.9388578	1.3924288
23.214907821085717	1.9314039	1.3897495
23.23280077654157	1.9252349	1.3875283
23.250694306355538	1.9346083	1.390902
23.268588411019277	1.9171281	1.384604
23.28648309102458	1.8869946	1.3736792
23.304378346863356	1.9045374	1.3800498
23.322274179027676	1.9079971	1.3813027
23.340170588009723	1.934982	1.3910363
23.358067574301852	1.9388231	1.3924162
23.37596513839651	1.9429286	1.3938897
23.39386328078629	1.9045678	1.3800608
23.411762001963947	1.911895	1.382713
23.429661302422353	1.9168694	1.3845105
23.4475611826545	1.9254771	1.3876157
23.46546164315356	1.8962028	1.3770268
23.48336268441279	1.9328578	1.3902725
23.501264306925638	1.9285113	1.3887085
23.51916651118564	1.9305645	1.3894476
23.537069297686497	1.9129707	1.3831018
23.554972666922037	1.9061527	1.3806349
23.57287661938623	1.8866762	1.3735633
23.59078115557318	1.8814584	1.3716626
23.608686275977128	1.9116204	1.3826137
23.62659198109246	1.9418386	1.3934987
23.6444982714137	1.915993	1.384194
23.66240514743549	1.88927	1.3745072
23.68031260965263	1.8815181	1.3716844
23.698220658560068	1.9145502	1.3836727
23.716129294652845	1.9582106	1.3993608
23.7340385184262	1.9363499	1.3915279
23.75194833037546	1.9181671	1.3849791
23.769858730996123	1.8816772	1.3717424
23.78776972078382	1.8761641	1.3697314
23.80568130023431	1.8680445	1.3667642
23.823593469843495	1.8356814	1.3548732
23.841506230107424	1.8540612	1.3616391
23.859419581522275	1.8723922	1.3683538
23.87733352458438	1.9155465	1.3840327
23.89524805979019	1.8964703	1.377124
23.913163187636318	1.9291762	1.3889478
23.931078908619508	1.92932	1.3889996
23.948995223236633	1.9423194	1.3936712
23.966912131984735	1.9298962	1.389207
23.98482963536096	1.9622452	1.4008017
24.002747733862616	1.9463131	1.3951032
24.020666427987155	1.9542761	1.3979542
24.038585718232156	1.9948986	1.4124088
24.056505605095353	1.9912199	1.4111059
24.074426089074617	1.9664321	1.4022954
24.092347170667946	1.954223	1.3979353
24.110268850373515	1.9786887	1.4066586
24.128191128689586	1.9942925	1.4121943
24.146114006114626	2.007103	1.4167227
24.164037483147187	2.0182548	1.420653
24.181961560286005	2.0683043	1.4381601
24.199886238029926	2.0318112	1.4254161
24.21781151687797	2.004899	1.4159446
24.235737397329274	1.9545592	1.3980556
24.253663879883135	1.9811752	1.4075422
24.271590965038975	2.0199995	1.4212669
24.289518653296376	1.989336	1.4104382
24.30744694515505	2.0019164	1.414891
24.32537584111486	1.9869666	1.409598
24.34330534167581	1.9705658	1.4037684
24.361235447338046	1.9395121	1.3926637
24.379166158601876	1.9547251	1.3981148
24.39709747596772	1.9743263	1.4051073
24.41502939993615	2.0069363	1.4166638
24.432961931007917	1.999507	1.4140393
24.450895069683856	2.0279076	1.4240462
24.468828816465	2.0154192	1.4196546
24.4867631718525	2.0049326	1.4159565
24.504698136347656	1.9715115	1.4041052
24.52263371045192	1.9274068	1.3883108
24.540569894666874	1.8857518	1.3732268
24.558506689494266	1.8806723	1.371376
24.57644409543597	1.8527864	1.361171
24.594382112994012	1.8934898	1.3760414
24.61232074267057	1.9310645	1.3896275
24.630259984967953	1.942859	1.3938648
24.64819984038863	1.9795189	1.4069538
24.66614030943522	1.9620471	1.400731
24.684081392610462	1.9417037	1.3934503
24.702023090417274	1.9522865	1.3972424
24.7199654033587	1.9679178	1.4028249
24.737908331937927	1.9534549	1.3976605
24.755851876658305	1.9715618	1.4041232
24.773796038023324	2.0000877	1.4142445
24.79174081653661	2.0347257	1.4264381
24.809686212701962	2.0349941	1.4265321
24.827632227023294	2.0203364	1.4213854
24.8455788600047	2.0275707	1.4239279
24.8635261121504	2.038534	1.4277724
24.88147398396475	2.084967	1.4439415
24.899422475952303	2.1119323	1.4532489
24.917371588617698	2.1212258	1.4564428
24.935321322465768	2.179395	1.4762774
24.953271678001478	2.2315612	1.493841
24.97122265572994	2.3591444	1.5359507
24.989174256156414	2.7045093	1.6445392
25.00712647978632	3.2318711	1.7977406
25.02507932712521	3.8224163	1.9551
25.043032798678798	4.4147096	2.101121
25.060986894952933	5.065227	2.2506058
25.078941616453637	5.8848014	2.425861
25.096896963687055	6.916196	2.6298661
25.114852937159508	8.108982	2.8476274
25.132809537377444	8.532674	2.9210742
25.150766764847468	8.482453	2.912465
25.168724620076347	7.851105	2.8019824
25.186683103570985	6.7880216	2.6053832
25.204642215838426	5.539192	2.3535488
25.222601957385894	4.1613693	2.0399435
25.24056232872074	3.160993	1.7779182
25.25852333035048	2.5616174	1.6005054
25.276484962782778	2.2148714	1.4882444
25.294447226525435	2.002316	1.4150321
25.312410122086423	1.9012676	1.3788646
25.330373649973843	1.8788333	1.3707054
25.348337810695988	1.8853469	1.3730793
25.366302604761245	1.8759968	1.3696704
25.384268032678207	1.8781582	1.3704591
25.40223409495558	1.8635038	1.3651022
25.420200792102257	1.8305513	1.3529787
25.438168124627246	1.8456538	1.3585484
25.45613609303974	1.9182974	1.3850261
25.474104697849057	1.9501624	1.3964821
25.492073939564698	1.9298356	1.3891852
25.510043818696285	1.8544736	1.3617905
25.528014335753614	1.8553329	1.3621061
25.54598549124664	1.881667	1.3717387
25.56395728568544	1.8759009	1.3696353
25.58192971958028	1.8267823	1.3515851
25.59990279344156	1.8278166	1.3519677
25.617876507779833	1.852478	1.3610576
25.635850863105826	1.8630284	1.364928
25.653825859930386	1.8719052	1.3681759
25.671801498764548	1.8740047	1.368943
25.68977778011949	1.8534293	1.3614072
25.707754704506524	1.8335007	1.3540682
25.725732272437153	1.8463722	1.3588128
25.743710484423012	1.8800917	1.3711643
25.761689340975888	1.8973858	1.3774563
25.77966884260774	1.9331634	1.3903824
25.797648989830662	1.8839417	1.3725675
25.815629783156922	1.8199548	1.349057
25.83361122309895	1.8152922	1.3473278
25.85159331016929	1.8205624	1.3492821
25.869576044880695	1.8373245	1.3554795
25.887559427746034	1.8185569	1.3485388
25.90554345927836	1.7831392	1.3353424
25.92352813999086	1.7443439	1.3207362
25.94151347039689	1.7864084	1.3365659
25.959499451009965	1.8062333	1.3439618
25.97748608234374	1.7805612	1.3343767
25.995473364912062	1.7833973	1.335439
26.013461299228904	1.8090807	1.3450208
26.03144988580839	1.8407009	1.3567243
26.04943912516483	1.84397	1.3579285
26.067429017812675	1.786628	1.3366481
26.085419564266537	1.7943702	1.3395411
26.103410765041186	1.8406355	1.3567002
26.12140262065155	1.8633457	1.3650442
26.139395131612723	1.8411804	1.356901
26.157388298439948	1.8551601	1.3620427
26.17538212164861	1.8445934	1.3581581
26.193376601754295	1.8682145	1.3668264
26.211371739272714	1.8395164	1.3562877
26.229367534719746	1.8001289	1.3416889
26.247363988611433	1.7749896	1.3322873
26.26536110146397	1.743641	1.32047
26.283358873793727	1.7552053	1.3248416
26.301357306117204	1.7379581	1.3183163
26.319356398951104	1.7880219	1.3371694
26.33735615281224	1.8194557	1.3488721
26.35535656821762	1.8708829	1.3678023
26.373357645684404	1.877978	1.3703934
26.39135938572991	1.8880703	1.3740708
26.409361788871614	1.8380481	1.3557463
26.427364855627165	1.8058586	1.3438224
26.445368586514352	1.7798195	1.3340987
26.46337298205115	1.7985982	1.3411182
26.48137804275568	1.7937915	1.3393251
26.499383769146217	1.7998879	1.341599
26.517390161741215	1.8331467	1.3539375
26.53539722105928	1.8686272	1.3669773
26.553404947619182	1.8336473	1.3541223
26.571413341939856	1.8193535	1.3488342
26.589422404540397	1.8081527	1.3446757
26.60743213594006	1.8090435	1.345007
26.62544253665827	1.8489786	1.3597715
26.64345360721459	1.8501142	1.3601891
26.66146534812879	1.8390783	1.3561262
26.679477759920758	1.7950541	1.3397963
26.69749084311057	1.7686242	1.3298963
26.71550459821847	1.7700506	1.3304325
26.733519025764842	1.7789826	1.333785
26.751534126270258	1.7920891	1.3386893
26.769549900255434	1.7757107	1.3325579
26.787566348241267	1.7709018	1.3307524
26.80558347074881	1.7685559	1.3298706
26.823601268299267	1.8027959	1.3426824
26.841619741414036	1.8516604	1.3607572
26.85963889061465	1.832598	1.3537349
26.877658716422832	1.8180596	1.3483543
26.89567921936045	1.8197504	1.3489813
26.913700399949544	1.7863741	1.3365531
26.93172225871233	1.8136052	1.3467016
26.949744796171174	1.8214239	1.3496014
26.967768012848605	1.8177712	1.3482474
26.98579190926733	1.8607427	1.3640904
27.003816485950225	1.8899467	1.3747534
27.021841743420318	1.8493342	1.3599023
27.039867682200814	1.8000805	1.3416708
27.057894302815072	1.7847168	1.335933
27.07592160578664	1.8135326	1.3466747
27.0939495916392	1.8701253	1.3675252
27.111978260896635	1.8803147	1.3712456
27.13000761408296	1.8347385	1.3545252
27.148037651722397	1.7624421	1.32757
27.166068374339304	1.7767695	1.3329552
27.184099782458215	1.7990547	1.3412884
27.20213187660384	1.8102165	1.3454429
27.22016465730105	1.7558126	1.3250709
27.23819812507487	1.7486938	1.3223819
27.256232280450533	1.7577815	1.3258135
27.274267123953383	1.8006667	1.3418893
27.292302656108987	1.8167742	1.3478777
27.31033887744306	1.8194748	1.3488791
27.32837578848146	1.7736777	1.331795
27.34641338975026	1.7579557	1.3258792
27.364451681775673	1.7499352	1.3228512
27.382490665084074	1.7293643	1.315053
27.400530340202046	1.6953331	1.3020496
27.41857070765629	1.6852857	1.2981856
27.436611767973726	1.746755	1.3216486
27.454653521681404	1.7749285	1.3322644
27.472695969306564	1.7511284	1.3233021
27.490739111376627	1.7495209	1.3226945
27.508782948419153	1.7724973	1.3313516
27.526827480961902	1.8096093	1.3452172
27.54487270953279	1.8180741	1.3483598
27.562918634659898	1.8378077	1.3556577
27.580965256871508	1.85115	1.3605697
27.599012576696026	1.8687584	1.3670254
27.617060594662068	1.8291558	1.3524629
27.63510931129842	1.8238077	1.3504843
27.65315872713401	1.8138331	1.3467863
27.67120884269797	1.8450294	1.3583186
27.68925965851958	1.85501	1.3619875
27.707311175128307	1.8449656	1.3582951
27.725363393053787	1.8402071	1.3565423
27.74341631282583	1.8813319	1.3716165
27.7614699349744	1.8587542	1.3633614
27.77952426002968	1.9166008	1.3844135
27.797579288521973	1.9949028	1.4124103
27.815635020981784	2.4039786	1.5504769
27.83369145793979	2.515938	1.5861709
27.85174859992682	2.4099257	1.5523936
27.869806447473923	2.245239	1.4984121
27.887865001112267	1.9750452	1.405363
27.905924261373233	1.9163655	1.3843285
27.92398422878836	1.9117994	1.3826784
27.94204490388936	1.8835804	1.3724359
27.96010628720813	1.8778167	1.3703345
27.978168379276728	1.8377205	1.3556255
27.9962311806274	1.7926795	1.3389099
28.014294691792568	1.7844697	1.3358405
28.0323589133048	1.851615	1.3607405
28.050423845696887	1.8700702	1.3675051
28.068489489501758	1.8040175	1.3431371
28.086555845252523	1.809354	1.3451223
28.104622913482487	1.8330343	1.353896
28.122690694725115	1.8699371	1.3674564
28.14075918951405	1.8742932	1.3690482
28.15882839838312	1.9016721	1.3790113
28.176898321866304	1.9175944	1.3847723
28.1949689604978	1.8983911	1.3778212
28.213040314811945	1.8706162	1.3677047
28.23111238534327	1.8355044	1.3548079
28.249185172626493	1.8868312	1.3736197
28.267258677196473	1.9206858	1.3858881
28.285332899588294	1.9131142	1.3831537
28.303407840337172	1.9145416	1.3836696
28.321483499978545	1.8989712	1.3780316
28.33955987904799	1.8726504	1.3684481
28.357636978081285	1.898308	1.377791
28.37571479761439	1.9402417	1.3929256
28.393793338183425	1.9409387	1.3931757
28.41187260032469	1.9752083	1.405421
28.429952584574686	1.9683685	1.4029856
28.448033291470065	1.9607587	1.4002709
28.46611472154769	1.9795048	1.4069488
28.484196875344566	1.9986279	1.4137284
28.502279753397914	1.982416	1.407983
28.52036335624511	1.9935031	1.4119147
28.538447684423716	1.9753522	1.4054723
28.556532738471482	1.9724027	1.4044225
28.574618518926325	1.9821117	1.407875
28.59270502632635	1.9395201	1.3926666
28.61079226120985	1.986126	1.4092999
28.628880224115274	2.0121238	1.4184935
28.646968915581287	2.0309942	1.4251295
28.66505833614671	2.0407283	1.4285406
28.68314848635055	2.0674722	1.4378707
28.701239366732004	2.0572207	1.4343015
28.71933097783044	2.0227478	1.4222333
28.737423320185403	2.0434349	1.4294876
28.75551639433665	2.032558	1.425678
28.773610200824074	2.091736	1.4462836
28.791704740187793	2.1320326	1.4601481
28.80980001296809	2.1241393	1.4574428
28.827896019705413	2.1348362	1.4611079
28.845992760940433	2.139578	1.4627297
28.86409023721397	2.1894095	1.4796653
28.88218844906704	2.2186522	1.4895141
28.900287397040845	2.2172852	1.4890552
28.918387081676755	2.2024858	1.4840775
28.936487503516343	2.2106597	1.4868288
28.954588663101365	2.272764	1.5075688
28.97269056097374	2.2964776	1.5154133
28.990793197675597	2.3027384	1.5174776
29.00889657374923	2.3271394	1.5254965
29.027000689737125	2.337481	1.5288823
29.04510554618196	2.353395	1.5340779
29.06321114362659	2.4108694	1.5526974
29.08131748261405	2.4476092	1.5644836
29.099424563687567	2.4497135	1.5651561
29.11753238739057	2.4383802	1.5615314
29.13564095426663	2.4683945	1.5711125
29.15375026485954	2.5261948	1.5894008
29.171860319713275	2.5753572	1.604792
29.18997111937199	2.5625749	1.6008044
29.20808266438002	2.6221764	1.6193136
29.226194955281898	2.7033248	1.6441791
29.244307992622335	2.7501645	1.658362
29.26242177694624	2.8133054	1.677291
29.2805363087987	2.8854804	1.6986701
29.29865158872498	2.8510346	1.6885008
29.316767617270557	2.8340814	1.683473
29.334884394981064	2.919822	1.7087487
29.353001922402367	3.0138497	1.7360443
29.37112020008047	3.1030807	1.7615564
29.389239228561596	3.205291	1.7903327
29.407359008392152	3.3611622	1.8333473
29.42547954011872	3.677381	1.9176499
29.44360082428809	4.292903	2.071932
29.46172286144722	5.440252	2.3324347
29.479845652143283	7.1922665	2.6818402
29.497969196923606	9.339754	3.056101
29.516093496335728	11.914417	3.4517267
29.5342185509274	14.798843	3.8469265
29.55234436124651	17.479275	4.1808224
29.570470927841175	19.050383	4.3646746
29.588598251259686	18.830679	4.339433
29.60672633205055	17.460615	4.1785903
29.624855170762405	15.201395	3.8988967
29.642984767944146	12.251811	3.5002587
29.66111512414481	9.224204	3.0371375
29.67924623991366	6.7315907	2.5945308
29.697378115800138	5.0742564	2.252611
29.71551075235387	4.0963902	2.0239542
29.733644150124675	3.6416025	1.9082984
29.751778309662576	3.4587991	1.8597847
29.769913231517766	3.323914	1.8231604
29.78804891624066	3.333613	1.8258184
29.806185364381818	3.3386793	1.8272053
29.82432257649206	3.3236322	1.8230832
29.842460553122333	3.2704372	1.8084351
29.86059929482382	3.21873	1.7940819
29.878738802147872	3.2067204	1.7907318
29.896879075646048	3.2320273	1.797784
29.915020115870114	3.2732885	1.8092232
29.933161923371976	3.2614887	1.8059592
29.951304498703777	3.2251937	1.7958825
29.969447842417857	3.2722824	1.8089451
29.987591955066733	3.324199	1.8232386
30.005736837203123	3.256468	1.8045686
30.023882489379943	3.1954296	1.7875764
30.04202891215028	3.1751974	1.7819084
30.060176106067455	3.1807642	1.7834697
30.078324071684946	3.1892643	1.7858511
30.09647280955646	3.063331	1.7502373
30.114622320235863	3.0275507	1.7399858
30.132772604277257	3.0784874	1.7545619
30.1509236622349	3.1019542	1.7612365
30.16907549466328	3.0654118	1.7508317
30.18722810211705	3.0411682	1.7438946
30.205381485151097	2.9529548	1.7184163
30.22353564432045	2.9728916	1.7242075
30.241690580180403	3.0254393	1.7393789
30.25984629328638	3.0802598	1.7550669
30.278002784194037	3.055431	1.747979
30.296160053459246	3.0868304	1.7569377
30.314318101638033	3.0722451	1.7527821
30.332476929286646	3.0213468	1.7382022
30.35063653696153	2.9529219	1.7184068
30.368796925219307	2.874471	1.6954265
30.386958094616844	2.9026976	1.7037305
30.40512004571115	2.9174862	1.708065
30.423282779059463	2.896819	1.7020044
30.441446295219233	2.8559904	1.6899676
30.459610594748067	2.8244863	1.6806208
30.47777567820382	2.8219118	1.6798548
30.495941546144504	2.8556626	1.6898706
30.51410819912835	2.8259866	1.6810671
30.532275637713795	2.772006	1.6649343
30.55044386245946	2.7995408	1.6731828
30.56861287392416	2.8053799	1.6749269
30.586782672666956	2.7510989	1.6586437
30.604953259247047	2.7063348	1.6450942
30.623124634223885	2.7097948	1.6461455
30.641296798157075	2.7527788	1.65915
30.659469751606462	2.7386878	1.6548982
30.677643495132074	2.712946	1.6471022
30.695818029294152	2.6872218	1.6392747
30.713993354653116	2.707001	1.6452966
30.73216947176962	2.7088945	1.645872
30.75034638120448	2.6980941	1.6425877
30.768524083518756	2.7505965	1.6584922
30.786702579273673	2.7745202	1.6656891
30.80488186903069	2.719254	1.649016
30.82306195335144	2.8065345	1.6752715
30.841242832797782	3.1275454	1.7684867
30.85942450793176	3.4334528	1.8529578
30.877606979315637	3.7195287	1.928608
30.895790247511883	4.1373425	2.034046
30.913974313083134	4.6165404	2.1486137
30.932159176592283	4.9341993	2.2213058
30.95034483860237	4.8403134	2.2000713
30.968531299676698	4.6017437	2.1451676
30.98671856037873	4.3224735	2.079056
31.00490662127215	3.952331	1.988047
31.023095482920848	3.5400732	1.8815082
31.04128514588892	3.18694	1.7852002
31.059475610740662	2.7956758	1.6720275
31.07766687804056	2.5340958	1.5918844
31.09585894835335	2.434798	1.5603839
31.11405182224393	2.398507	1.5487114
31.132245500277417	2.3646982	1.5377575
31.15043998301914	2.3882997	1.5454124
31.168635271034628	2.3777564	1.5419976
31.18683136488964	2.374922	1.5410782
31.20502826515008	2.3915184	1.5464535
31.223225972382135	2.4043593	1.5505997
31.241424487152155	2.405652	1.5510164
31.259623810026692	2.3977711	1.5484738
31.27782394157253	2.4310396	1.5591792
31.296024882356644	2.4329174	1.5597812
31.314226632946237	2.3516781	1.5335182
31.332429193908684	2.41357	1.5535668
31.350632565811598	2.468259	1.5710694
31.368836749222787	2.4553576	1.5669581
31.387041744710295	2.4751775	1.5732697
31.40524755284232	2.5564952	1.5989044
31.423454174187317	2.6007884	1.6126959
31.441661609313922	2.539257	1.5935047
31.459869858791002	2.4029093	1.550132
31.478078923187628	2.3661387	1.5382258
31.496288803073064	2.3667886	1.5384371
31.514499499016807	2.3852034	1.5444103
31.532711011588546	2.3925216	1.5467778
31.550923341358178	2.3300025	1.5264345
31.56913648889584	2.2432952	1.4977634
31.587350454771844	2.2426515	1.4975485
31.605565239556732	2.289054	1.512962
31.62378084382127	2.2921793	1.5139945
31.641997268136382	2.2262702	1.4920691
31.660214513073274	2.3037827	1.5178217
31.67843257920331	2.2988837	1.516207
31.6966514670981	2.26749	1.5058187
31.71487117732944	2.1796994	1.4763805
31.733091710469346	2.1896858	1.4797587
31.751313067090052	2.18848	1.4793512
31.769535247764008	2.1669967	1.4720722
31.787758253063878	2.2339535	1.4946415
31.805982083562526	2.2560544	1.5020168
31.824206739833024	2.17876	1.4760623
31.84243222244869	2.154807	1.4679261
31.860658531983013	2.1672096	1.4721446
31.878885669009737	2.262584	1.5041888
31.897113634102784	2.2888844	1.512906
31.91534242783632	2.303478	1.5177213
31.933572050784694	2.1862922	1.4786116
31.951802503522508	2.1040852	1.4505465
31.970033786624548	2.206835	1.4855419
31.988265900665834	2.2673736	1.5057801
32.006498846221575	2.2562664	1.5020874
32.02473262386724	2.229561	1.4931715
32.04296723417845	2.187152	1.4789022
32.0612026777311	2.1151698	1.4543623
32.07943895510129	2.0804946	1.442392
32.097676066865304	2.1342514	1.4609077
32.115914013599685	2.133366	1.4606047
32.13415279588115	2.1403267	1.4629855
32.152392414286666	2.12108	1.4563928
32.1706328693934	2.1164978	1.4548188
32.18887416177875	2.10419	1.4505826
32.20711629202032	2.1544857	1.4678166
32.225359260695924	2.1710973	1.4734644
32.243603068383614	2.133465	1.4606385
32.26184771566166	2.1218357	1.4566523
32.28009320310852	2.1432953	1.4639997
32.2983395313029	2.124909	1.4577067
32.31658670082372	2.0710561	1.4391165
32.33483471225012	2.0275066	1.4239054
32.35308356616143	2.0396202	1.4281527
32.371333263137245	2.0634031	1.436455
32.38958380375734	2.058736	1.4348296
32.407835188601744	2.0378911	1.4275472
32.42608741825067	2.0579426	1.4345531
32.444340493284585	2.0888102	1.4452717
32.46259441428416	2.0967972	1.4480321
32.48084918183028	2.0293453	1.4245509
32.49910479650405	1.9530394	1.3975118
32.51736125888683	1.902287	1.3792342
32.53561856956014	1.9269383	1.388142
32.5538767291058	2.0007465	1.4144775
32.572135738105764	2.0496442	1.4316579
32.59039559714228	2.0147882	1.4194323
32.608656306797776	1.9429247	1.3938884
32.62691786765491	2.0218918	1.4219325
32.645180280296586	2.1198387	1.4559666
32.663443545305896	2.0508893	1.4320927
32.68170766326619	1.9214036	1.386147
32.69997263476099	1.941005	1.3931996
32.7182384603741	1.9317548	1.3898759
32.7365051406895	1.9670979	1.4025327
32.75477267629144	1.9703555	1.4036936
32.77304106776434	2.0142658	1.4192483
32.79131031569289	2.0321207	1.4255247
32.809580420661966	1.9748428	1.405291
32.827851383256714	1.9812222	1.4075589
32.84612320406245	1.9859388	1.4092335
32.86439588366476	1.9456398	1.3948619
32.88266942264945	1.9554824	1.3983856
32.9009438216025	1.9735724	1.4048389
32.9192190811102	1.8979228	1.3776512
32.937495201758985	1.9786719	1.4066527
32.95577218413556	2.028717	1.4243304
32.974050028826866	1.9666703	1.4023802
32.992328736420035	1.8845518	1.3727897
33.010608307502444	1.8248314	1.3508632
33.02888874266169	1.8311282	1.3531919
33.047170042485604	1.9742485	1.4050796
33.06545220756225	2.0472	1.430804
33.083735238479896	1.9616163	1.4005771
33.10201913582707	1.924656	1.3873197
33.12030390019248	1.920678	1.3858852
33.138589532165135	1.8817518	1.3717695
33.15687603233419	1.9485667	1.3959107
33.17516340128909	1.9535017	1.3976773
33.19345163961947	1.895151	1.3766448
33.211740747915215	1.9029416	1.3794715
33.23003072676643	1.9828361	1.4081322
33.248321576763466	2.039749	1.4281977
33.266613298496885	2.0182538	1.4206526
33.28490589255747	1.9925407	1.4115739
33.30319935953626	1.9393886	1.3926194
33.32149370002451	1.8632799	1.3650202
33.339788914613706	1.7795035	1.3339803
33.358085003895575	1.7628628	1.3277284
33.376381968462034	1.7932448	1.3391209
33.39467980890529	1.8453935	1.3584527
33.41297852581774	1.8574525	1.3628839
33.43127811979204	1.9329687	1.3903124
33.44957859142105	1.8859501	1.373299
33.467879941297866	1.890828	1.3750738
33.486182170015844	1.8794173	1.3709184
33.50448527816853	1.8656543	1.3658895
33.522789266349754	1.8297936	1.3526987
33.541094135153514	1.8295498	1.3526086
33.55939988517411	1.8454778	1.3584837
33.57770651700602	1.9019276	1.3791039
33.59601403124398	1.9356031	1.3912596
33.61432242848296	2.0113447	1.4182189
33.632631709318154	2.0516682	1.4323646
33.650941874344994	1.9522918	1.3972443
33.66925292415916	1.827555	1.3518709
33.68756485935654	1.8666197	1.3662429
33.70587768053328	1.867923	1.3667198
33.724191388285746	1.7886486	1.3374037
33.74250598321054	1.7951682	1.3398389
33.760821465904506	1.7717184	1.3310591
33.77913783696474	1.7789384	1.3337685
33.79745509698852	1.8891732	1.3744719
33.815773246573414	2.0504405	1.4319359
33.8340922863172	2.0778215	1.441465
33.852412216817896	2.0137978	1.4190835
33.87073303867377	1.9503973	1.3965663
33.889054752483304	1.9623519	1.4008397
33.907377358845245	2.0845494	1.4437969
33.92570085835853	2.068626	1.4382719
33.94402525162239	1.9080698	1.381329
33.96235053923627	1.8722935	1.3683177
33.980676721799824	1.9751496	1.4054002
33.999003799912984	1.9264467	1.387965
34.01733177417592	1.8896103	1.3746309
34.03566064518901	1.9566151	1.3987906
34.0539904135529	1.9039348	1.3798314
34.07232107986846	1.8775432	1.3702347
34.090652644736785	1.8749969	1.3693053
34.108985108759235	1.922703	1.3866156
34.12731847253742	1.9585705	1.3994894
34.14565273667313	1.9704634	1.403732
34.16398790176847	1.966086	1.4021719
34.18232396842574	2.0819943	1.4429117
34.20066093724749	2.1065419	1.4513931
34.21899880883651	2.0566587	1.4341055
34.23733758379583	1.8833212	1.3723415
34.25567726272874	1.8110731	1.3457612
34.27401784623872	1.9786792	1.4066553
34.29235933492957	2.0273926	1.4238654
34.31070172940526	1.9142363	1.3835593
34.32904503027003	1.8917367	1.3754042
34.347389238128386	1.9744809	1.4051622
34.36573435358502	2.0095246	1.417577
34.38408037724492	1.9970896	1.4131842
34.402427309713296	1.9394574	1.392644
34.42077515159559	2.0555072	1.433704
34.43912390349752	2.0441625	1.4297421
34.45747356602499	1.9431033	1.3939524
34.47582413978423	1.9720929	1.4043123
34.49417562538163	2.0420165	1.4289914
34.51252802342388	1.9748728	1.4053017
34.53088133451789	1.9077566	1.3812156
34.54923555927084	1.8311603	1.3532038
34.567590698290104	1.777366	1.3331789
34.58594675218336	1.9747013	1.4052407
34.6043037215585	2.1818416	1.4771059
34.62266160702365	2.0615156	1.4357979
34.641020409187234	1.9334431	1.390483
34.65938012865785	1.9568995	1.3988923
34.677740766044394	2.0356233	1.4267527
34.69610232195598	2.089744	1.4455947
34.714464797002016	2.0970838	1.4481311
34.73282819179208	2.0755162	1.4406652
34.751192506936064	2.1886878	1.4794215
34.76955774304408	2.0335264	1.4260176
34.7879239007265	1.8331872	1.3539524
34.80629098059391	1.9073151	1.3810558
34.824658983257194	2.0933454	1.4468398
34.843027909327446	2.2354069	1.4951277
34.86139775941603	2.3685844	1.5390205
34.879768534134534	1.9888059	1.4102503
34.89814023409483	1.700388	1.3039893
34.91651285990901	1.6757398	1.2945037
34.93488641218944	1.9366273	1.3916276
34.95326089154871	2.0299962	1.4247793
34.97163629859967	1.8724184	1.3683634
34.99001263395542	1.8459224	1.3586472
35.00838989822934	1.9321947	1.3900341
35.02676809203499	2.00868	1.4172791
35.04514721598624	1.9480879	1.3957392
35.063527270697215	2.0309577	1.4251168
35.081908256782256	2.0577204	1.4344757
35.10029017485597	1.8680233	1.3667564
35.11867302553321	1.8994905	1.3782201
35.137056809429104	2.1202881	1.456121
35.155441527159006	2.0497117	1.4316814
35.173827179338524	1.9975473	1.4133462
35.19221376658354	2.116357	1.4547704
35.21060128951017	2.1748698	1.474744
35.2289897487348	1.9710178	1.4039295
35.24737914487405	1.7550273	1.3247744
35.26576947854479	1.7319124	1.3160214
35.28416075036418	1.8942082	1.3763024
35.30255296094958	1.8228931	1.3501456
35.32094611091867	1.8349825	1.3546152
35.33934020088932	2.079266	1.441966
35.35773523147969	1.9693732	1.4033436
35.3761312033082	1.7628232	1.3277135
35.394528116993506	1.9674803	1.402669
35.41292597315452	2.177355	1.4755863
35.431324772410434	2.0586624	1.434804
35.449724515380666	2.0232902	1.4224241
35.46812520268491	2.156761	1.4685915
35.486526834943106	2.180775	1.4767447
35.504929412775454	1.9738867	1.4049507
35.52333293680242	1.8590863	1.3634832
35.54173740764471	1.8993605	1.3781729
35.560142825923286	1.6881514	1.2992887
35.5785491922594	1.7244664	1.3131894
35.59695650727454	2.0419354	1.4289631
35.61536477159042	1.6662048	1.2908156
