0.008763373481513119	0.61777776	0.7859884
0.026290120649546365	0.48561308	0.6968594
0.043816868432600686	0.3906326	0.6250061
0.06134361724069026	0.28114772	0.5302336
0.07887036748382949	0.22786473	0.47735178
0.0963971195720331	0.14642029	0.38264903
0.11392387391531617	0.20056494	0.44784477
0.1314506309236943	0.22041917	0.4694882
0.1489773910071836	0.19619645	0.44294068
0.16650415457580078	0.16013092	0.40016362
0.18403092203956356	0.11335942	0.3366889
0.20155769380849	0.11561039	0.3400153
0.2190844702925996	0.09822802	0.3134135
0.2366112519019124	0.12334206	0.35120088
0.2541380390464497	0.21194138	0.4603709
0.27166483213623416	0.22261678	0.47182283
0.28919163158128947	0.23845585	0.4883194
0.3067184377916406	0.14049082	0.37482104
0.324245251177314	0.09116441	0.30193445
0.34177207214833777	0.12435629	0.35264188
0.3592989011147415	0.12657988	0.35578066
0.37682573848655654	0.1441704	0.37969777
0.39435258467381573	0.133946	0.36598635
0.41187944008655414	0.114549436	0.33845153
0.42940630513480854	0.14460652	0.38027164
0.446933180228618	0.18068227	0.42506737
0.4644600657780234	0.18395063	0.42889467
0.48198696219306775	0.14162809	0.37633508
0.49951386988379676	0.11902348	0.3449978
0.5170407892602581	0.10881434	0.3298702
0.5345677207325025	0.1596969	0.39962095
0.5520946647105822	0.18348356	0.4283498
0.5696216216045534	0.24268188	0.49262753
0.5871485918244737	0.25687298	0.5068264
0.6046755757804043	0.2618827	0.51174474
0.6222025738824094	0.25828728	0.5082197
0.6397295865405557	0.2464635	0.4964509
0.6572566141649129	0.23983197	0.48972642
0.6747836571655547	0.20721486	0.4552086
0.6923107159525568	0.18109217	0.42554927
0.7098377909359992	0.14769363	0.3843093
0.7273648825259653	0.17675157	0.42041832
0.7448919911325411	0.21792507	0.46682444
0.762419117165817	0.22184628	0.47100562
0.7799462610358868	0.2547275	0.50470537
0.7974734231528482	0.2831979	0.53216344
0.8150006039268024	0.30299357	0.55044854
0.8325278037678551	0.29515517	0.54328185
0.8500550230861152	0.25834745	0.5082789
0.8675822622916969	0.19990976	0.4471127
0.8851095217947171	0.22218099	0.4713608
0.9026368020052984	0.2350627	0.48483264
0.9201641033335665	0.2891647	0.53774035
0.9376914261896523	0.29251385	0.5408455
0.9552187709836915	0.23580596	0.48559856
0.9727461381258234	0.22368823	0.4729569
0.990273528026193	0.25449076	0.50447077
1.0078009410949496	0.2913682	0.5397853
1.0253283777422473	0.31523326	0.5614564
1.0428558383782454	0.32191294	0.56737375
1.0603833234131086	0.32591346	0.5708883
1.0779108332570058	0.38642785	0.62163323
1.0954383683201119	0.3795536	0.6160792
1.112965929012607	0.3832043	0.619035
1.1304935157446763	0.4428908	0.6655004
1.1480211289265108	0.45939893	0.67778975
1.1655487689683062	1.2992487	1.139846
1.1830764362802655	1.58461	1.2588129
1.200604131272596	2.099362	1.4489175
1.2181318543555117	2.5689034	1.6027799
1.235659605939232	2.615456	1.6172372
1.253187386433982	4.0083175	2.0020783
1.270715196249994	6.1928277	2.4885392
1.2882430357975057	11.575429	3.4022682
1.3057709054867608	16.318157	4.0395737
1.3232988057280106	22.387789	4.7315736
1.3408267369315112	27.358236	5.23051
1.358354699507526	31.116169	5.578187
1.3758826938663256	35.602608	5.966792
1.3934107204181858	37.66266	6.136991
1.410938779573391	38.404438	6.1971316
1.4284668717422309	38.723034	6.2227836
1.4459949973350033	38.010853	6.165294
1.4635231567620117	38.011467	6.165344
1.4810513504335687	37.280445	6.1057715
1.4985795787599925	36.34773	6.028908
1.5161078421516088	35.783863	5.9819613
1.5336361410187505	35.187675	5.93192
1.5511644757717598	35.817005	5.984731
1.5686928468209842	36.676933	6.0561485
1.58622125457678	37.239754	6.1024384
1.6037496994495108	38.298893	6.18861
1.621278181849548	37.523045	6.1256056
1.6388067021872719	38.02315	6.1662917
1.6563352608730693	37.161438	6.0960183
1.673863858317336	36.13498	6.0112376
1.6913924949304753	35.373966	5.947602
1.7089211711228998	34.270885	5.854134
1.7264498873050296	33.558628	5.792981
1.7439786438872935	32.683556	5.7169533
1.7615074412801288	31.686848	5.629107
1.779036279893981	31.408075	5.604291
1.796565160139305	30.577961	5.529734
1.814094082426564	30.037579	5.4806547
1.8316230471662298	29.49537	5.430964
1.849152054768784	28.5084	5.339326
1.8666811056447168	27.998539	5.2913647
1.8842102002045273	27.006706	5.196798
1.901739338858724	26.235035	5.1220145
1.9192685220178245	25.643023	5.063894
1.9367977500923557	24.567436	4.956555
1.9543270234928547	24.008114	4.8998075
1.971856342629867	23.58679	4.856623
1.9893857079139496	23.225576	4.819292
2.006915119755667	22.841755	4.779305
2.0244445785655945	22.25399	4.7174134
2.0419740847543175	21.903425	4.6801095
2.0595036387324317	21.255655	4.6103854
2.0770332409105414	20.865936	4.5679245
2.094562891699263	20.39193	4.5157423
2.1120925915092217	20.03324	4.4758506
2.129622340751053	19.707506	4.439314
2.1471521398354043	187.79582	13.703861
2.1646819891729323	444.1274	21.074331
2.182211889174303	440.47226	20.98743
2.1997418402501974	452.9789	21.2833
2.2172718428113023	433.0895	20.810802
2.234801897268317	321.08145	17.918745
2.2523320040319548	17.407736	4.172258
2.269862163512935	16.84256	4.1039686
2.287392376121992	16.252464	4.0314345
2.304922642269869	15.845586	3.9806514
2.322452962367322	15.649326	3.9559228
2.3399833368251164	15.418459	3.9266346
2.357513766054032	15.130514	3.8897963
2.3750442504648586	14.737027	3.8388836
2.3925747904683963	14.580181	3.8184004
2.410105386475459	14.609245	3.8222044
2.4276360388968707	14.445581	3.8007343
2.445166748143469	14.205856	3.7690656
2.4626975146261025	13.749349	3.7080114
2.4802283387556323	13.469949	3.670143
2.4977592209429305	13.305221	3.6476321
2.5152901615988825	13.194775	3.6324613
2.5328211611343865	13.101757	3.6196349
2.5503522199603523	12.861969	3.5863588
2.5678833384877024	12.727317	3.5675366
2.5854145171273712	12.565439	3.5447764
2.6029457562903064	12.399756	3.5213287
2.620477056387469	12.091763	3.4773211
2.6380084178298326	11.6188965	3.4086502
2.655539841028383	11.419185	3.3792284
2.673071326394119	11.2713785	3.3572874
2.6906028743380523	11.191587	3.345383
2.708134485271211	11.004364	3.3172827
2.7256661596046325	10.708258	3.2723475
2.743197897749369	10.599137	3.2556317
2.760729700116486	10.628728	3.260173
2.778261567117063	10.513599	3.242468
2.795793499162193	10.307701	3.2105608
2.8133254966629817	10.131913	3.1830666
2.830857560030551	9.907987	3.1476955
2.8483896896760337	9.8977585	3.1460702
2.865921886010578	9.80914	3.1319547
2.883454149445347	9.670067	3.109673
2.9009864803915177	9.465197	3.076556
2.91851887926028	9.316614	3.0523129
2.9360513464628384	9.115252	3.0191474
2.953583882410413	8.973959	2.9956567
2.9711164875142373	8.794851	2.9656115
2.9886491621855606	8.779673	2.9630513
3.0061819068356455	8.688955	2.9477034
3.023714721875769	8.523667	2.919532
3.041247607717225	8.432283	2.9038393
3.0587805647713213	8.36318	2.8919163
3.0763135934493806	8.1896	2.8617477
3.0938466941627407	8.01057	2.8302948
3.1113798673227544	8.110179	2.8478377
3.1289131133407904	8.07543	2.84173
3.1464464326282315	8.106013	2.8471062
3.1639798255964786	7.953787	2.820246
3.1815132926569443	7.8158045	2.795676
3.1990468342210603	7.667713	2.7690635
3.216580450700272	7.5577555	2.7491372
3.2341141425060416	7.369895	2.714755
3.251647910049847	7.2292857	2.688733
3.2691817537431813	7.1122785	2.6668856
3.286715673997555	7.077646	2.6603844
3.3042496712244938	7.072794	2.6594725
3.32178374583554	6.9957767	2.644953
3.339317898242251	6.9305835	2.6326
3.3568521288562034	6.9558	2.6373851
3.3743864380889876	6.9559317	2.63741
3.3919208263522127	6.974925	2.6410084
3.4094552940575023	6.7983365	2.607362
3.4269898416164972	6.6732464	2.5832627
3.444524469440858	6.5171375	2.5528686
3.4620591779422587	6.385647	2.5269837
3.479593967532391	6.3882174	2.5274923
3.4971288386229658	6.326079	2.5151699
3.5146637916257086	6.3611555	2.522133
3.5321988269523628	6.3673778	2.5233665
3.5497339450146903	6.3826356	2.526388
3.5672691462244708	6.3747406	2.5248249
3.5848044309934988	6.3039536	2.5107675
3.60233979973359	6.293951	2.5087748
3.619875252856575	6.2889037	2.5077686
3.6374107907743034	6.3267426	2.5153017
3.6549464138986427	6.3391485	2.5177665
3.6724821226414788	6.2310467	2.4962065
3.690017917414714	6.198327	2.489644
3.7075537986302702	6.187338	2.487436
3.7250897667000857	6.2796774	2.5059285
3.7426258220361235	6.385653	2.526985
3.7601619650503553	6.6473074	2.5782373
3.777698196154779	7.2777267	2.6977262
3.7952345157614067	8.388709	2.8963268
3.8127709242822716	9.126088	3.0209415
3.830307422129425	11.3007965	3.3616657
3.847844009714936	30.032406	5.480183
3.8653806874508954	97.640724	9.881332
3.882917455749409	96.964485	9.8470545
3.900454315022606	96.69028	9.833121
3.917991265682631	41.26173	6.4235296
3.9355283081416506	10.952205	3.3094115
3.9530654428118495	8.767182	2.9609427
3.970602670105433	7.4833355	2.7355685
3.9881399904346244	6.480487	2.54568
4.005677404211669	6.3211265	2.514185
4.023214911848827	6.281311	2.5062544
4.0407525137583855	6.2141433	2.4928184
4.058290210352644	6.282041	2.5064
4.075828002043927	6.281384	2.506269
4.0933658892445814	6.294772	2.5089386
4.110903872366966	6.218759	2.493744
4.128441951823468	6.0880103	2.4673893
4.145980128026488	6.0292926	2.4554617
4.163518401388452	6.073457	2.4644384
4.181056772321807	6.1733584	2.4846244
4.1985952412390155	6.2779913	2.505592
4.216133808552567	6.224772	2.4949493
4.233672474674966	6.129518	2.4757864
4.251211240018741	6.288222	2.5076327
4.268750104996445	6.426896	2.5351324
4.286289070020643	7.4501343	2.7294934
4.303828135503928	9.209058	3.034643
4.3213673018589125	29.576855	5.438461
4.3389065694982305	90.7762	9.527655
4.356445938834537	165.99156	12.883771
4.3739854102805085	171.43791	13.0934305
4.391524984248844	172.32742	13.127354
4.409064661152262	136.30367	11.674916
4.426604441403504	96.703575	9.833797
4.444144325415337	75.56986	8.693092
4.461684313600543	21.730505	4.661599
4.47922440637193	21.946085	4.6846647
4.496764604142329	20.223892	4.497098
4.5143049073245916	18.24895	4.2718787
4.531845316331589	16.204092	4.0254307
4.5493858315762195	13.395084	3.6599295
4.566926453471405	11.159915	3.3406458
4.584467182430081	9.158636	3.0263238
4.602008018865218	8.072679	2.841246
4.619548963189798	7.3980036	2.719927
4.637090015816834	6.8601613	2.619191
4.654631177159353	6.5343943	2.556246
4.672172447630417	6.313964	2.5127602
4.689713827643102	6.1472044	2.4793556
4.7072553176105085	5.9159207	2.4322665
4.724796917945764	5.7802086	2.4042065
4.742338629062015	5.719255	2.3914964
4.759880451372434	5.787917	2.405809
4.777422385290215	5.7758574	2.4033015
4.794964431228581	5.7841015	2.405016
4.812506589600768	5.7305546	2.3938577
4.830048860820047	5.693681	2.3861434
4.847591245299709	5.6612463	2.3793373
4.8651337434530655	5.625765	2.3718696
4.882676355693457	5.615988	2.3698075
4.900219082434242	5.5072227	2.3467472
4.917761924088813	5.426321	2.3294466
4.935304881070575	5.3965197	2.323041
4.952847953792969	5.4543366	2.335452
4.970391142669449	5.54017	2.3537567
4.9879344481135055	5.4924216	2.3435917
5.005477870538642	5.453586	2.3352914
5.023021410358394	5.390074	2.3216531
5.040565067986324	5.418141	2.3276901
5.05810884383601	5.49678	2.3445213
5.075652738321066	5.4929333	2.3437006
5.09319675185512	5.421247	2.3283572
5.110740884851836	5.351746	2.313384
5.128285137724894	5.3119526	2.3047674
5.145829510888007	5.2726655	2.2962286
5.163374004754908	5.248119	2.2908773
5.1809186197393595	5.355262	2.314144
5.198463356255145	5.390578	2.3217618
5.216008214716077	5.3633547	2.3158917
5.233553195535998	5.29125	2.3002717
5.251098299128764	5.3386254	2.3105466
5.268643525908272	5.377369	2.3189154
5.286188876288432	5.342558	2.3113973
5.3037343506831895	5.321974	2.3069403
5.32127994950651	5.300753	2.3023365
5.3388256731723915	5.248694	2.2910028
5.356371522094851	5.230507	2.2870302
5.373917496687938	5.146139	2.2685103
5.391463597365729	5.138697	2.2668695
5.40900982454232	5.138722	2.266875
5.426556178631843	5.1298532	2.2649179
5.444102660048449	5.0928836	2.2567418
5.4616492692063225	5.0851655	2.255031
5.479196006519669	5.0915327	2.2564425
5.496742872402727	5.1155324	2.2617543
5.514289867269756	5.0840154	2.2547762
5.531836991535049	5.075341	2.2528517
5.549384245612924	5.069339	2.2515192
5.566931629917724	5.073745	2.2524974
5.584479144863822	5.1487966	2.269096
5.6020267908656205	5.2126355	2.2831197
5.619574568337545	5.19646	2.2795744
5.637122477694054	5.185012	2.2770622
5.654670519349629	5.146572	2.2686057
5.672218693718784	5.1013837	2.2586243
5.689767001216059	5.1754365	2.2749586
5.707315442256021	5.1718206	2.2741637
5.724864017253266	5.186669	2.277426
5.7424127266224225	5.151712	2.2697382
5.75996157077814	5.11295	2.2611833
5.777510550135105	5.2058034	2.281623
5.795059665108022	5.282242	2.298313
5.812608916111639	5.359086	2.31497
5.830158303560715	5.4317236	2.3306057
5.847707827870055	5.382663	2.3200567
5.86525748945448	5.423196	2.3287756
5.8828072887288485	5.57157	2.3604174
5.900357226108044	5.554463	2.3567908
5.917907302006979	5.527158	2.3509908
5.9354575168406	6.0273356	2.4550633
5.9530078710238765	6.677803	2.5841446
5.970558364971812	7.3364887	2.7085953
5.988108999099438	7.748482	2.7836096
6.005659773821818	8.265232	2.8749316
6.023210689554039	7.909155	2.812322
6.040761746711227	8.274528	2.8765478
6.058312945708531	7.6880517	2.7727337
6.075864286961132	7.3453774	2.7102356
6.093415770884244	6.7227674	2.59283
6.1109673978931065	6.1859894	2.487165
6.128519168402993	5.5711827	2.3603354
6.146071082829204	5.430011	2.3302383
6.163623141587075	5.328135	2.3082752
6.181175345091969	5.193332	2.2788885
6.198727693759281	5.197294	2.2797575
6.216280188004435	5.184732	2.2770007
6.233832828242885	5.138487	2.266823
6.251385614890126	5.143156	2.2678528
6.268938548361669	5.0456324	2.2462485
6.286491629073067	5.0853724	2.2550771
6.304044857439898	5.1222534	2.2632396
6.321598233877777	5.11361	2.2613292
6.339151758802344	5.097941	2.257862
6.356705432629277	5.102514	2.2588744
6.37425925577428	5.066888	2.250975
6.391813228653095	4.994305	2.2347941
6.409367351681486	4.9197903	2.21806
6.426921625275259	4.8868527	2.2106228
6.44447604985025	4.9435873	2.223418
6.46203062582232	5.0009465	2.2362797
6.47958535360737	4.998028	2.235627
6.497140233621328	4.996256	2.2352307
6.514695266280161	4.968927	2.229109
6.532250451999859	5.0258365	2.2418377
6.549805791196454	5.0133386	2.2390485
6.567361284286002	4.9957366	2.2351143
6.584916931684597	4.9893694	2.2336895
6.602472733808367	5.0568514	2.2487445
6.6200286910734665	5.130044	2.26496
6.637584803896092	5.144722	2.268198
6.655141072692462	5.0716424	2.2520306
6.672697497878842	4.9342375	2.2213144
6.690254079871514	4.919986	2.2181041
6.707810819086808	4.967387	2.2287636
6.725367715941078	5.016113	2.2396681
6.742924770850719	5.06256	2.2500134
6.760481984232151	5.0630207	2.2501156
6.778039356501836	5.062251	2.2499447
6.795596888076266	4.9554577	2.2260857
6.813154579371963	4.9367414	2.2218778
6.830712430805492	4.9141994	2.2167993
6.84827044279344	4.915103	2.217003
6.865828615752445	4.9337277	2.2211995
6.883386950099159	4.974039	2.2302554
6.900945446250287	5.0805454	2.2540066
6.918504104622553	5.1102376	2.2605834
6.936062925632727	5.0845737	2.2549
6.953621909697607	5.0927935	2.2567217
6.971181057234028	5.08537	2.2550764
6.988740368658859	5.1226006	2.2633164
7.006299844389007	5.1902957	2.278222
7.023859484841407	5.2127104	2.2831361
7.041419290433036	5.260231	2.2935193
7.058979261580902	5.401804	2.3241782
7.0765393987020495	5.7001424	2.3874972
7.094099702213559	6.1489816	2.479714
7.111660172532549	6.5284677	2.5550866
7.129220810076164	6.821447	2.61179
7.146781615261595	7.3426027	2.7097237
7.16434258850606	7.533466	2.744716
7.181903730226821	7.979144	2.8247378
7.1994650408411704	8.055056	2.8381429
7.217026520766437	8.219387	2.8669474
7.234588170419983	8.536784	2.9217775
7.252149990219215	8.609724	2.9342332
7.269711980581568	8.549612	2.923972
7.2872741419245175	8.322814	2.8849287
7.304836474665574	7.84171	2.8003054
7.322398979222286	7.4758034	2.7341917
7.339961656012233	7.190395	2.6814911
7.357524505453039	6.859085	2.6189854
7.375087527962357	6.574233	2.5640268
7.392650723957886	6.249099	2.4998198
7.410214093857353	5.963805	2.4420903
7.427777638078528	5.7715206	2.4023988
7.445341357039213	5.6237926	2.3714538
7.4629052511572525	5.442369	2.3328886
7.480469320850524	5.390431	2.3217301
7.498033566536948	5.323006	2.3071642
7.5155979886344735	5.2367454	2.2883937
7.5331625875610975	5.1578193	2.2710834
7.550727363734844	5.130327	2.2650225
7.568292317573788	5.1343846	2.265918
7.585857449496025	5.246448	2.2905126
7.603422759919705	5.2386236	2.288804
7.620988249263007	5.262028	2.2939112
7.638553917944147	5.235699	2.288165
7.656119766381391	5.216101	2.2838786
7.673685794993023	5.1991067	2.280155
7.691252004197388	5.211817	2.2829404
7.70881839441285	5.1993365	2.2802055
7.726384966057826	5.222023	2.2851746
7.743951719550762	5.1839905	2.2768378
7.761518655310149	5.152848	2.2699885
7.779085773754511	5.120957	2.262953
7.796653075302419	5.2000995	2.2803726
7.814220560372475	5.2587123	2.2931883
7.831788229383323	5.2856894	2.2990627
7.8493560827536495	5.2776413	2.2973118
7.866924120902174	5.2958446	2.3012702
7.884492344247663	5.3021255	2.3026345
7.9020607532089135	5.2982125	2.3017848
7.919629348204771	5.321312	2.3067968
7.937198129654115	5.323935	2.3073654
7.954767097975865	5.3264923	2.3079195
7.972336253588986	5.2368574	2.288418
7.989905596912472	5.219483	2.2846189
8.007475128365371	5.2292695	2.2867596
8.025044848366756	5.349951	2.3129961
8.042614757335754	5.587033	2.3636906
8.060184855691523	5.6786532	2.3829925
8.07775514385327	5.8223977	2.4129646
8.095325622240228	5.8262205	2.4137566
8.112896291271687	5.846116	2.4178743
8.130467151366968	5.900706	2.4291368
8.148038202945436	5.9206095	2.4332302
8.165609446426497	5.939393	2.437087
8.183180882229594	5.9378633	2.436773
8.200752510774217	5.9170895	2.4325068
8.218324332479893	5.9860387	2.4466383
8.235896347766193	6.0200853	2.453586
8.253468557052724	6.1120563	2.4722574
8.27104096075914	6.103415	2.470509
8.288613559305137	6.0875435	2.4672947
8.306186353110448	6.1614776	2.4822323
8.32375934259485	6.190516	2.4880748
8.341332528178162	6.1369867	2.4772942
8.358905910280246	6.2129655	2.492582
8.376479489321003	6.189719	2.4879146
8.394053265720377	6.18155	2.4862723
8.411627239898356	6.2228146	2.494557
8.42920141227497	6.260345	2.502068
8.44677578327029	6.3551354	2.5209394
8.464350353304427	6.3254147	2.5150378
8.48192512279754	6.3146353	2.512894
8.499500092169827	6.2496495	2.49993
8.51707526184153	6.18897	2.4877641
8.534650632232934	6.116323	2.47312
8.552226203764365	6.0831223	2.4663987
8.569801976856192	6.1084256	2.471523
8.587377951928834	6.1847224	2.48691
8.60495412940274	6.283768	2.5067446
8.622530509698416	6.3712773	2.524139
8.6401070932364	6.443904	2.5384846
8.657683880437283	6.540233	2.557388
8.675260871721695	6.656384	2.5799968
8.692838067510303	6.822529	2.6119971
8.710415468223834	6.9949465	2.6447961
8.727993074283043	7.0979857	2.6642046
8.745570886108737	7.0935245	2.663367
8.763148904121765	7.134758	2.6710968
8.78072712874302	7.156408	2.6751463
8.798305560393441	7.3607173	2.7130642
8.815884199494006	7.513481	2.741073
8.833463046465745	7.6844115	2.772077
8.851042101729728	7.8882027	2.8085945
8.86862136570707	8.179756	2.8600273
8.886200838818924	8.260469	2.8741033
8.903780521486505	8.243762	2.8711953
8.921360414131055	8.3594675	2.8912745
8.938940517173874	8.499197	2.9153383
8.956520831036297	8.682862	2.9466696
8.97410135613971	9.015799	3.002632
8.99168209290554	9.24341	3.0402977
9.009263041755265	9.5049925	3.0830169
9.026844203110405	9.678905	3.1110938
9.044425577392525	9.849369	3.1383705
9.062007165023239	9.96429	3.1566262
9.079588966424197	10.313902	3.2115264
9.097170982017108	10.491008	3.2389824
9.11475321222372	11.464961	3.385995
9.132335657465825	12.337741	3.512512
9.149918318165264	12.398456	3.5211442
9.167501194743924	12.981821	3.6030295
9.18508428762374	12.641199	3.5554464
9.202667597226693	12.652841	3.5570831
9.220251123974803	12.336438	3.5123267
9.237834868290143	12.002163	3.464414
9.255418830594836	11.796381	3.434586
9.273003011311046	11.280187	3.358599
9.290587410860985	10.980655	3.313707
9.308172029666911	10.276063	3.2056298
9.32575686815113	9.967611	3.1571524
9.343341926735997	8.793833	2.9654398
9.360927205843916	8.578814	2.9289613
9.378512705897327	8.375383	2.8940256
9.396098427318728	8.132244	2.851709
9.413684370530664	7.941701	2.8181024
9.431270535955722	7.815719	2.7956607
9.448856924016539	7.7896266	2.7909904
9.466443535135806	7.722103	2.7788672
9.484030369736251	7.743907	2.7827876
9.501617428240658	7.7087398	2.7764618
9.519204711071852	7.7258186	2.7795358
9.536792218652714	7.738572	2.7818289
9.55437995140617	7.797237	2.7923534
9.571967909755191	7.8834467	2.8077476
9.589556094122802	7.898922	2.810502
9.60714450493207	7.8658786	2.8046174
9.624733142606116	7.789895	2.7910383
9.642322007568108	7.798919	2.7926545
9.659911100241267	7.9125185	2.8129199
9.677500421048851	7.972691	2.8235955
9.695089970414175	7.97304	2.8236573
9.712679748760609	7.993318	2.8272457
9.730269756511557	7.9953756	2.8276095
9.747859994090492	8.074917	2.8416398
9.765450461920915	8.150482	2.854905
9.78304116042639	8.186963	2.8612869
9.800632090030527	8.237202	2.8700526
9.81822325115699	8.11753	2.849128
9.835814644229481	8.132965	2.8518355
9.853406269671762	8.126973	2.8507845
9.870998127907646	8.234116	2.869515
9.888590219360985	8.2367115	2.8699672
9.906182544455698	8.2337055	2.8694434
9.923775103615734	8.208985	2.8651328
9.941367897265108	8.253523	2.8728945
9.958960925827878	8.265055	2.8749008
9.97655418972816	8.261588	2.8742979
9.994147689390106	8.266144	2.8750901
10.011741425237934	8.258787	2.8738105
10.029335397695904	8.267118	2.8752596
10.04692960718833	8.320454	2.8845196
10.06452405413958	8.353183	2.8901873
10.082118738974064	8.425928	2.902745
10.099713662116246	8.408711	2.899778
10.117308823990651	8.296448	2.8803556
10.134904225021844	8.269642	2.8756986
10.152499865634445	8.230938	2.868961
10.170095746253125	8.25078	2.8724172
10.18769186730261	8.195094	2.8627074
10.205288229207675	8.146434	2.8541958
10.222884832393145	8.102333	2.8464596
10.2404816772839	8.001909	2.8287647
10.258078764304868	8.043266	2.8360653
10.275676093881035	8.032955	2.8342469
10.293273666437438	8.043379	2.836085
10.310871482399158	8.028446	2.8334513
10.32846954219134	8.030383	2.8337932
10.346067846239173	8.0439	2.8361769
10.363666394967908	8.012041	2.830555
10.38126518880283	8.073345	2.8413632
10.398864228169298	8.11209	2.8481731
10.416463513492713	8.1996155	2.863497
10.434063045198531	8.19256	2.8622649
10.451662823712262	8.203309	2.864142
10.469262849459467	8.198527	2.863307
10.486863122865758	8.148331	2.8545282
10.504463644356806	8.133423	2.8519156
10.522064414358338	8.100104	2.8460681
10.539665433296118	7.9761276	2.824204
10.557266701595987	7.9009724	2.8108668
10.574868219683818	7.7336135	2.7809374
10.592469987985552	7.687238	2.7725868
10.610072006927185	7.630689	2.76237
10.627674276934751	7.5755186	2.752366
10.64527679843435	7.495168	2.7377305
10.662879571852143	7.3693876	2.7146616
10.680482597614331	7.2490764	2.692411
10.698085876147173	7.1905346	2.6815171
10.715689407876988	7.088588	2.6624403
10.733293193230146	6.9898787	2.643838
10.750897232633072	6.910364	2.6287572
10.76850152651225	6.8030944	2.6082742
10.786106075294207	6.718303	2.591969
10.803710879405534	6.53838	2.5570257
10.821315939272877	6.403857	2.5305843
10.83892125532294	6.2531676	2.5006335
10.856526827982472	6.2260904	2.4952135
10.874132657678285	6.2224293	2.4944797
10.891738744837243	6.2004867	2.4900777
10.909345089886271	6.2282705	2.4956503
10.926951693252343	6.103467	2.4705195
10.944558555362494	6.0593443	2.4615736
10.96216567664381	5.9387126	2.4369473
10.979773057523436	5.9262376	2.4343865
10.997380698428573	5.8909993	2.427138
11.014988599786477	5.778728	2.4038985
11.032596762024461	5.649849	2.3769412
11.050205185569892	5.5806484	2.3623395
11.067813870850198	5.5599923	2.3579636
11.085422818292859	5.5522366	2.3563185
11.10303202832541	5.50558	2.3463972
11.120641501375454	5.4460588	2.3336792
11.138251237870636	5.4086037	2.3256404
11.155861238238671	5.330233	2.3087296
11.173471502907317	5.23824	2.2887201
11.191082032304402	5.153667	2.270169
11.208692826857805	5.088592	2.2557907
11.226303886995465	5.064099	2.2503552
11.243915213145371	5.048482	2.2468827
11.261526805735578	4.9731135	2.230048
11.279138665194196	4.8821826	2.209566
11.296750791949393	4.8337307	2.1985748
11.314363186429393	4.786131	2.1877227
11.331975849062479	4.763113	2.1824558
11.34958878027699	4.6860027	2.1647177
11.36720198050133	4.6008263	2.1449537
11.384815450163948	4.5524836	2.133655
11.402429189693366	4.4940796	2.1199245
11.420043199518153	4.4807534	2.116779
11.437657480066942	63.439125	7.964868
11.455272031768422	85.16467	9.228471
11.472886855051353	107.557556	10.3709955
11.490501950344528	99.1544	9.95763
11.508117318076819	84.49917	9.192343
11.52573295867715	45.855816	6.7716923
11.543348872574514	4.1557283	2.0385604
11.560965060197946	4.1537867	2.038084
11.57858152197655	4.1397157	2.034629
11.59619825833949	4.104775	2.0260243
11.613815269715985	4.0473256	2.0117967
11.631432556535323	38.557335	6.2094555
11.649050119226837	83.042625	9.112773
11.666667958219929	93.41571	9.66518
11.68428607394406	107.67768	10.376785
11.701904466828756	82.491646	9.082491
11.719523137303586	65.3559	8.0843
11.737142085798196	4.555675	2.1344028
11.754761312742286	3.7183685	1.9283072
11.772380818565619	3.7229638	1.9294983
11.790000603698015	3.6711872	1.9160342
11.80762066856935	3.5975833	1.8967296
11.825241013609572	3.513461	1.8744229
11.842861639248683	3.4720306	1.8633386
11.860482545916748	3.4566588	1.8592092
11.878103734043883	3.4403753	1.8548249
11.895725204060282	3.4627166	1.8608376
11.91334695639619	3.469052	1.8625392
11.930968991481919	3.4104557	1.8467419
11.948591309747824	3.369112	1.8355141
11.966213911624347	3.3139436	1.8204241
11.98383679754198	3.3236847	1.8230976
12.001459967931268	3.3115091	1.8197552
12.019083423222835	3.270827	1.8085428
12.036707163847352	3.2487235	1.8024216
12.05433119023556	3.2139595	1.7927519
12.071955502818259	3.1562185	1.776575
12.089580102026313	3.1404853	1.7721415
12.107204988290643	3.1477537	1.774191
12.12483016204224	3.1853986	1.7847685
12.142455623712152	3.1521058	1.7754171
12.16008137373149	3.1392174	1.7717837
12.177707412531431	3.1119661	1.7640766
12.19533374054321	3.1056376	1.7622819
12.212960358198126	3.0792875	1.7547898
12.230587265927545	3.0420973	1.7441609
12.248214464162889	3.0175166	1.7371
12.265841953335649	2.9856038	1.72789
12.283469733877375	2.9891	1.7289014
12.301097806219685	2.9939256	1.7302964
12.31872617079425	2.999588	1.7319319
12.336354828032825	2.9674165	1.722619
12.353983778367205	2.8987253	1.7025644
12.371613022229262	2.877799	1.6964077
12.389242560050928	2.8739474	1.6952721
12.406872392264201	2.893443	1.7010124
12.424502519301143	2.9199245	1.7087786
12.442132941593874	2.9044306	1.704239
12.459763659574586	2.8547003	1.6895858
12.477394673675532	2.8107898	1.676541
12.49502598432903	2.8434758	1.6862609
12.51265759196746	2.894404	1.7012948
12.530289497023267	2.8860755	1.6988454
12.547921699928967	2.8022523	1.6739929
12.565554201117134	2.7858102	1.6690747
12.583187001020404	2.7370906	1.6544155
12.600820100071486	2.7288017	1.6519085
12.618453498703152	2.725348	1.6508628
12.636087197348235	2.736085	1.6541115
12.65372119643964	2.7576065	1.6606042
12.671355496410326	2.759035	1.6610343
12.68899009769333	2.7922444	1.6710011
12.706625000721749	2.8372793	1.6844225
12.724260205928752	2.9004061	1.7030579
12.741895713747551	2.9297955	1.7116646
12.759531524611454	2.9595885	1.7203455
12.777167638953818	2.9558594	1.7192613
12.794804057208072	2.9863644	1.7281101
12.812440779807702	3.0392916	1.7433565
12.830077807186271	3.2114682	1.792057
12.847715139777405	3.2615256	1.8059695
12.865352778014795	3.4695394	1.86267
12.882990722332197	3.5697281	1.8893725
12.90062897316344	3.641957	1.9083912
12.918267530942412	3.7279632	1.9307934
12.935906396103071	3.620351	1.902722
12.953545569079449	3.7133687	1.9270103
12.971185050305628	3.5105276	1.8736402
12.988824840215775	3.5144863	1.8746964
13.006464939244115	3.5835228	1.8930194
13.024105347824943	3.431293	1.8523749
13.041746066392617	3.5207663	1.8763705
13.05938709538157	3.3517969	1.8307914
13.077028435226296	3.4062154	1.8455936
13.094670086361363	3.3173666	1.8213639
13.112312049221401	3.195336	1.7875503
13.129954324241112	3.0533702	1.7473896
13.147596911855258	2.8362978	1.6841311
13.165239812498685	2.8429437	1.6861031
13.182883026606293	2.8308206	1.6825043
13.200526554613058	2.7416155	1.6557825
13.218170396954017	2.7044144	1.6445104
13.235814554064284	2.676708	1.6360648
13.253459026379034	2.6755176	1.635701
13.271103814333523	2.6318316	1.622292
13.288748918363058	2.5983694	1.6119459
13.306394338903031	2.6506262	1.6280744
13.32404007638889	2.6218052	1.6191989
13.341686131256164	2.637905	1.6241628
13.359332503940449	2.627935	1.6210907
13.376979194877402	2.6834302	1.6381179
13.394626204502751	2.7337158	1.6533952
13.412273533252307	2.742329	1.6559979
13.429921181561937	2.72974	1.6521925
13.447569149867581	2.7346594	1.6536806
13.465217438605247	2.7024376	1.6439092
13.482866048211022	2.6766393	1.6360438
13.500514979121052	2.6910913	1.6404546
13.518164231771568	2.6888156	1.6397609
13.535813806598844	2.6898925	1.6400892
13.553463704039254	2.6790118	1.6367687
13.571113924529229	2.6815064	1.6375306
13.588764468505275	2.6826892	1.6378917
13.606415336403956	2.7279744	1.651658
13.624066528661917	2.75937	1.6611352
13.641718045715882	2.8199143	1.67926
13.659369888002635	2.8580697	1.6905826
13.67702205595903	2.9053876	1.7045197
13.694674550021993	3.0003428	1.7321497
13.712327370628532	3.0421722	1.7441823
13.729980518215713	3.1034346	1.7616568
13.747633993220681	3.1452372	1.7734816
13.765287796080647	3.2118962	1.7921764
13.7829419272329	3.29791	1.8160149
13.800596387114801	3.348706	1.829947
13.818251176163775	3.3549614	1.8316554
13.835906294817324	3.4274254	1.8513308
13.853561743513023	3.425985	1.8509417
13.871217522688525	3.459686	1.8600231
13.888873632781538	3.420236	1.849388
13.906530074229858	3.4649606	1.8614404
13.92418684747135	3.4964485	1.8698792
13.941843952943948	3.5608027	1.8870089
13.959501391085665	3.538591	1.8811142
13.977159162334578	3.4294815	1.8518859
13.994817267128846	3.3154528	1.8208385
14.012475705906693	3.2019541	1.7894005
14.030134479106424	3.1771452	1.7824548
14.047793587166414	3.1530411	1.7756804
14.065453030525108	3.109473	1.7633698
14.083112809621026	3.0514047	1.746827
14.100772924892766	2.9170432	1.7079353
14.118433376778997	2.8736312	1.6951789
14.136094165718458	2.8204944	1.6794327
14.153755292149969	2.8028865	1.6741823
14.171416756512416	2.7405593	1.6554635
14.189078559244768	2.6561806	1.6297793
14.20674070078606	2.5752647	1.6047632
14.224403181575408	2.504591	1.58259
14.242066002051999	2.4788237	1.5744281
14.259729162655093	2.4855309	1.5765567
14.277392663824022	2.458574	1.5679841
14.295056505998208	2.413932	1.5536834
14.312720689617128	2.4018662	1.5497955
14.330385215120348	2.3666675	1.5383977
14.348050082947497	2.3619366	1.5368593
14.3657152935383	2.3368876	1.5286882
14.383380847332528	2.3612103	1.536623
14.401046744770051	2.361966	1.5368688
14.418712986290798	2.3689072	1.5391254
14.436379572334793	2.3805318	1.5428972
14.454046503342123	2.4062643	1.5512139
14.471713779752946	2.396411	1.5480345
14.489381402007504	2.430635	1.5590494
14.507049370546113	2.4185061	1.5551547
14.524717685809168	2.3863375	1.5447775
14.542386348237134	2.3547945	1.534534
14.560055358270553	2.3777092	1.5419822
14.577724716350051	2.4133594	1.5534991
14.595394422916325	2.4237297	1.5568333
14.61306447841015	2.384434	1.5441612
14.63073488327237	2.3756142	1.5413028
14.648405637943917	2.401736	1.5497535
14.6660767428658	2.3981173	1.5485855
14.683748198479094	2.4472923	1.5643824
14.701420005224954	2.5184028	1.5869477
14.719092163544628	2.600354	1.6125613
14.73676467387942	2.6939065	1.6413125
14.754437536670727	2.7387037	1.6549029
14.772110752360014	2.7197895	1.6491784
14.78978432138882	2.670573	1.6341888
14.807458244198777	2.6617072	1.6314739
14.82513252123159	2.6440897	1.6260657
14.842807152929028	2.6822674	1.6377629
14.860482139732962	2.6799278	1.6370485
14.87815748208531	2.6899745	1.6401142
14.8958331804281	2.70936	1.6460134
14.91350923520342	2.6853898	1.6387159
14.931185646853438	2.72413	1.6504939
14.948862415820408	2.6953745	1.6417595
14.966539542546656	2.6950693	1.6416667
14.98421702747459	2.6367517	1.6238078
15.001894871046696	2.6197796	1.6185733
15.019573073705542	2.6118965	1.6161363
15.037251635893766	2.6374748	1.6240304
15.054930558054092	2.6608489	1.6312108
15.072609840629323	2.7434447	1.6563348
15.090289484062351	2.8612611	1.6915263
15.107969488796124	3.1492925	1.7746246
15.125649855273691	3.5745685	1.8906529
15.14333058393817	4.0523252	2.0130389
15.161011675232768	4.9986134	2.2357578
15.17869312960076	6.2979994	2.5095816
15.196374947485506	8.093109	2.844839
15.214057129330447	11.10473	3.332376
15.231739675579114	15.778876	3.9722633
15.249422586675102	20.907063	4.572424
15.267105863062092	24.218811	4.9212613
15.284789505183847	24.644726	4.9643455
15.302473513484218	22.596727	4.7536016
15.320157888407127	19.083166	4.368428
15.337842630396578	14.9512825	3.8666887
15.355527739896656	11.633766	3.4108307
15.37321321735153	8.950245	2.991696
15.39089906320545	6.474485	2.5445008
15.408585277902748	4.834766	2.19881
15.42627186188783	3.7230885	1.9295306
15.443958815605198	3.1645637	1.7789221
15.461646139499424	2.9034252	1.703944
15.479333834015168	2.7743912	1.6656504
15.497021899597165	2.7201114	1.649276
15.514710336690234	2.6823626	1.637792
15.53239914573928	2.6334026	1.6227762
15.550088327189297	2.564708	1.6014706
15.567777881485336	2.517076	1.5865295
15.58546780907256	2.487577	1.5772054
15.6031581103962	2.4823437	1.5755455
15.620848785901568	2.4676654	1.5708804
15.638539836034063	2.4431183	1.5630478
15.656231261239173	2.4186122	1.5551888
15.673923061962451	2.401563	1.5496976
15.691615238649552	2.4133894	1.5535088
15.709307791746202	2.4099736	1.5524089
15.727000721698221	2.4218671	1.556235
15.744694028951498	2.4351025	1.5604814
15.76238771395202	2.4351387	1.5604931
15.780081777145844	2.404028	1.5504928
15.797776218979125	2.3833375	1.5438062
15.815471039898094	2.3788757	1.5423604
15.833166240349064	2.412458	1.553209
15.850861820778437	2.4467862	1.5642207
15.868557781632699	2.4333963	1.5599347
15.886254123358412	2.421771	1.5562041
15.903950846402232	2.3923712	1.5467292
15.921647951210897	2.3994284	1.5490088
15.939345438231225	2.3721998	1.5401947
15.957043307910133	2.356557	1.5351081
15.974741560694602	2.379586	1.5425906
15.992440197031714	2.39444	1.5473979
16.01013921736862	2.3884637	1.5454656
16.02783862215259	2.3641775	1.5375882
16.045538411830933	2.3568034	1.5351884
16.06323858685107	2.373319	1.540558
16.080939147660512	2.3940275	1.5472645
16.09864009470684	2.3892868	1.5457318
16.11634142843774	2.4069824	1.5514452
16.134043149300954	2.3982213	1.5486192
16.15174525774433	2.4310577	1.5591849
16.169447754215817	2.457101	1.5675143
16.18715063916342	2.448678	1.5648252
16.204853913035244	2.426036	1.5575737
16.222557576279478	2.4182277	1.5550652
16.240261629344403	22.430143	4.7360473
16.257966072678386	42.98287	6.5561323
16.275670906729868	38.12399	6.174463
16.293376131947387	2.5196862	1.5873519
16.31108174877957	2.476739	1.5737659
16.328787757675133	2.476168	1.5735844
16.34649415908287	2.5174766	1.5866557
16.364200953451657	2.5709276	1.6034112
16.38190814123048	2.6132886	1.6165669
16.39961572286839	2.6597996	1.6308892
16.41732369881455	2.7266614	1.6512606
16.43503206951817	2.7224805	1.6499941
16.45274083542859	2.7152848	1.6478121
16.47044999699522	2.7426293	1.6560886
16.488159554667558	2.7925577	1.6710948
16.505869508895184	2.856756	1.690194
16.523579860127786	2.8898346	1.6999514
16.541290608815117	2.9518492	1.7180947
16.559001755407035	3.007868	1.7343206
16.57671330035348	3.0704186	1.752261
16.59442524410448	3.134551	1.7704663
16.61213758711015	3.187058	1.7852333
16.629850329820705	3.2648842	1.8068991
16.647563472686436	3.3217292	1.8225611
16.665277016157724	3.3548832	1.831634
16.682990960685053	3.3926477	1.8419142
16.70070530671898	3.4316401	1.8524686
16.718420054710155	3.451952	1.8579429
16.736135205109335	3.4404902	1.8548559
16.753850758367335	3.4414809	1.8551229
16.771566714935087	3.5131345	1.8743358
16.789283075263597	3.622759	1.9033546
16.80699983980398	3.7773385	1.9435376
16.82471700900741	3.8550844	1.9634368
16.84243458332518	3.910684	1.977545
16.860152563208665	3.9749424	1.9937258
16.87787094910932	4.041797	2.0104222
16.89558974147871	4.112288	2.0278778
16.913308940768466	4.151102	2.0374253
16.931028547430333	4.2571573	2.063288
16.94874856191613	4.2907505	2.0714128
16.966468984677785	4.306611	2.0752375
16.98418981616729	4.296412	2.0727787
17.00191105683676	4.340964	2.083498
17.019632707138374	4.4582767	2.111463
17.03735476752442	4.5265684	2.1275733
17.05507723844728	4.5176945	2.1254869
17.072800120359403	4.4729366	2.1149318
17.090523413713353	4.537752	2.1302
17.108247118961785	4.591013	2.142665
17.125971236557437	4.6564703	2.1578856
17.143695766953133	4.6854477	2.1645894
17.161420710601806	4.7357597	2.1761801
17.179146067956477	4.6781096	2.1628938
17.19687183947025	4.660373	2.1587899
17.21459802559634	4.6384907	2.1537156
17.232324626788028	4.645634	2.1553733
17.25005164349871	4.6696835	2.160945
17.267779076181863	4.6445107	2.1551127
17.285506925291074	4.622469	2.1499927
17.30323519127999	4.5521803	2.133584
17.320963874602384	4.527979	2.127905
17.33869297571211	4.504359	2.1223474
17.356422495063114	4.5409718	2.1309557
17.37415243310944	4.563508	2.136237
17.391882790305218	4.5146804	2.1247778
17.40961356710468	4.4775085	2.1160123
17.42734476396215	4.4668746	2.1134982
17.445076381332044	4.472905	2.1149244
17.462808419668868	4.5612965	2.1357193
17.48054087942723	4.7422867	2.1776793
17.498273761061835	5.0299697	2.2427595
17.51600706502747	5.4790382	2.3407345
17.533740791779024	6.1516814	2.4802582
17.551474941771485	7.619715	2.7603831
17.56920951545993	8.665901	2.9437902
17.586944513299528	10.852044	3.294244
17.60467993574556	12.550616	3.5426848
17.622415783253373	14.324064	3.7847145
17.64015205627843	15.813517	3.9766212
17.657888755276293	16.968401	4.1192718
17.675625880702604	17.468256	4.1795044
17.69336343301311	17.23857	4.1519356
17.71110141266366	16.340294	4.042313
17.728839820110178	15.320406	3.914129
17.746578655808705	14.339854	3.7868
17.764317920215372	12.886748	3.5898118
17.7820576137864	11.390585	3.374994
17.79979773697811	9.351789	3.0580695
17.81753829024692	7.4851704	2.735904
17.835279274049356	5.821286	2.4127343
17.85302068884201	4.8173075	2.1948366
17.870762535081607	4.1496844	2.0370774
17.888504813224934	3.8645735	1.9658519
17.90624752372891	3.7292063	1.9311153
17.923990667050536	3.655058	1.9118205
17.941734243646895	3.5365908	1.8805826
17.959478253975185	3.4698222	1.8627459
17.9772226984927	3.4219732	1.8498576
17.994967577656833	3.4619806	1.8606398
18.01271289192506	3.429172	1.8518023
18.030458641754965	3.3895242	1.841066
18.04820482760425	3.3746712	1.8370278
18.06595144993067	3.344955	1.8289218
18.083698509192125	3.3282435	1.8243474
18.101446005846576	3.2949648	1.8152038
18.119193940352105	3.2808924	1.8113234
18.136942313166887	3.2411666	1.8003241
18.1546911247492	3.1834521	1.7842231
18.1724403755574	3.1440244	1.7731397
18.19019006604997	3.1184173	1.7659041
18.207940196685467	3.0918932	1.758378
18.225690767922575	3.0579572	1.7487016
18.243441780220046	3.0482488	1.7459235
18.261193234036764	3.073284	1.7530785
18.278945129831676	3.1020021	1.7612501
18.29669746806386	3.0563369	1.7482382
18.314450249192483	3.0073	1.7341568
18.3322034736768	2.9817526	1.7267752
18.349957141976184	3.0290887	1.7404277
18.3677112545501	3.035968	1.7424029
18.385465811858108	3.0501807	1.7464767
18.403220814359884	3.0451655	1.7450403
18.420976262515172	3.0718725	1.7526758
18.43873215678387	3.0875688	1.7571479
18.456488497625923	3.1352544	1.7706649
18.474245285501407	3.2253544	1.7959272
18.492002520870486	3.2497437	1.8027046
18.50976020419343	3.2959049	1.8154627
18.527518335930615	3.6343198	1.9063892
18.545276916542516	4.282185	2.069344
18.563035946489688	4.458527	2.1115224
18.580795426232832	4.879484	2.2089555
18.598555356232698	4.7413793	2.177471
18.616315736950185	5.104781	2.2593763
18.63407656884626	4.7711086	2.1842868
18.65183785238201	4.9502296	2.2249112
18.669599588018617	4.683948	2.164243
18.68736177621737	4.6868467	2.1649127
18.705124417439652	4.654551	2.157441
18.72288751214696	4.4252324	2.1036236
18.740651060800886	4.5384803	2.1303709
18.758415063863115	4.2596207	2.0638847
18.77617952179546	4.448588	2.1091676
18.793944435059814	4.214515	2.0529284
18.811709804118184	4.2344584	2.05778
18.829475629432675	4.16059	2.0397525
18.8472419114655	3.9342682	1.9834989
18.86500865067897	4.029376	2.0073307
18.88277584753551	3.7172978	1.9280295
18.90054350249763	3.73206	1.931854
18.918311616027957	3.3893342	1.8410145
18.936080188589226	3.2797189	1.8109994
18.953849220644265	2.9941704	1.7303672
18.971618712656007	2.865492	1.6927764
18.9893886650875	2.818412	1.6788127
19.007159078401887	7.9944963	2.827454
19.024929953062408	32.89007	5.734987
19.042701289532435	32.83815	5.7304583
19.060473088275405	25.367815	5.0366473
19.07824534975489	2.6149933	1.6170942
19.096018074434568	2.6374238	1.6240147
19.113791262778197	2.6476965	1.6271744
19.13156491524966	2.6467364	1.6268793
19.149339032312945	2.6056626	1.6142064
19.167113614432136	2.577978	1.6056082
19.184888662071433	2.589063	1.6090566
19.202664175695123	2.571491	1.6035869
19.220440155767623	2.552136	1.5975406
19.238216602753447	2.5116162	1.584808
19.2559935171172	2.489093	1.577686
19.27377089932361	2.5001764	1.5811946
19.291548749837514	2.487612	1.5772165
19.309327069123835	2.517288	1.5865964
19.32710585764763	2.520735	1.5876822
19.344885115874032	2.5141203	1.5855978
19.362664844268313	2.4894955	1.5778135
19.380445043295822	2.4772546	1.5739297
19.39822571342203	2.4673965	1.5707948
19.41600685511252	2.4622838	1.5691667
19.43378846883297	2.4680045	1.5709884
19.451570555049173	2.4810803	1.5751445
19.469353114227037	2.5108442	1.5845643
19.48713614683254	2.4778974	1.5741339
19.50491965333182	2.4922776	1.5786949
19.52270363419109	2.4974265	1.5803248
19.540488089876686	2.4799628	1.5747898
19.55827302085503	2.4723804	1.5723805
19.576058427592674	2.4774232	1.5739832
19.593844310556282	2.5054786	1.5828704
19.611630670212598	2.5579426	1.5993569
19.629417507028506	2.57553	1.6048458
19.64720482147098	2.5636396	1.601137
19.6649926140071	2.5034935	1.5822432
19.682780885104084	2.5054681	1.582867
19.70056963522921	2.5139613	1.5855477
19.718358864849908	2.5048878	1.5826837
19.7361485744337	2.4651976	1.5700947
19.753938764448215	2.4456618	1.5638611
19.771729435361202	2.491264	1.5783739
19.789520587640506	2.5284908	1.5901229
19.807312221754092	2.5593364	1.5997926
19.825104338170043	2.5166063	1.5863816
19.842896937356517	2.491166	1.5783428
19.860690019781824	2.4598026	1.5683758
19.87848358591436	2.503554	1.5822624
19.896277636222635	2.5034754	1.5822375
19.914072171175278	2.5111182	1.5846508
19.931867191241015	2.4759574	1.5735176
19.94966269688869	2.476808	1.5737878
19.967458688587264	2.4814274	1.5752547
19.985255166805807	2.4879053	1.5773095
20.00305213201348	2.4863403	1.5768133
20.020849584679578	2.4565637	1.5673429
20.038647525273507	2.4285414	1.5583779
20.05644595426477	2.440004	1.5620513
20.07424487212299	2.4616303	1.5689584
20.092044279317903	2.4298553	1.5587994
20.109844176319353	2.4180496	1.5550079
20.127644563597304	2.440235	1.5621251
20.145445441621817	2.4371004	1.5611215
20.16324681086307	2.4038346	1.5504304
20.181048671791373	2.4078948	1.5517393
20.198851024877122	2.4054902	1.5509642
20.216653870590836	2.4010522	1.5495329
20.234457209403146	2.3530502	1.5339655
20.252261041784802	2.3484652	1.5324703
20.270065368206662	2.3785338	1.5422496
20.287870189139685	2.41564	1.554233
20.305675505054968	2.422198	1.5563413
20.323481316423702	2.3864746	1.5448219
20.341287623717207	2.3400195	1.5297122
20.359094427406884	2.3366742	1.5286185
20.376901727964288	2.366575	1.5383676
20.39470952586107	2.3563197	1.5350308
20.41251782156899	2.3494914	1.5328051
20.430326615559935	2.3028355	1.5175096
20.448135908305886	2.2659369	1.5053029
20.465945700278965	2.2681828	1.5060487
20.483755991951384	2.2654881	1.5051539
20.50156678379548	2.2540848	1.501361
20.519378076283708	2.287454	1.512433
20.537189869888635	2.3201995	1.5232201
20.55500216508294	2.3226519	1.5240248
20.572814962339415	2.292573	1.5141245
20.59062826213098	2.2713943	1.5071145
20.60844206493066	2.279221	1.5097089
20.626256371211593	2.29833	1.5160245
20.644071181447032	2.2781117	1.5093415
20.66188649611036	2.2637115	1.5045636
20.67970231567506	2.285034	1.5116329
20.697518640614742	2.29694	1.5155659
20.715335471403122	2.3033316	1.5176731
20.73315280851404	2.2796202	1.5098411
20.750970652421447	2.2753806	1.5084364
20.768789003599412	2.2592843	1.5030916
20.786607862522136	2.2539659	1.5013213
20.8044272296639	2.284395	1.5114216
20.82224710549913	2.2981932	1.5159793
20.84006749050237	2.25116	1.5003866
20.857888385148268	3.788555	1.946421
20.8757097899116	45.896538	6.7746983
20.893531705267254	64.783165	8.048799
20.911354131690224	83.805115	9.154513
20.92917706965566	69.080246	8.311453
20.94700051963877	50.135403	7.0806355
20.96482448211493	29.389603	5.421218
20.982648957559622	4.148344	2.0367484
21.00047394644843	2.2953374	1.5150371
21.01829944925707	2.2910323	1.5136156
21.036125466461375	2.27241	1.5074514
21.053951998537297	2.2531173	1.5010388
21.071779045960906	2.2397003	1.4965628
21.089606609208378	2.2269278	1.4922894
21.10743468875603	2.2311604	1.493707
21.12526328508028	2.2410254	1.4970055
21.143092398657675	2.213535	1.4877954
21.16092202996488	2.2137814	1.4878781
21.17875217947867	2.2052357	1.4850036
21.19658284767596	2.1855006	1.4783438
21.21441403503377	2.1695337	1.4729338
21.232245742029225	2.163316	1.4708215
21.2500779691396	2.1884623	1.4793452
21.26791071684227	2.1986628	1.4827888
21.28574398561475	2.2115476	1.4871273
21.30357777593465	2.1912308	1.4802806
21.321412088279704	2.187561	1.4790406
21.339246923127792	2.1403272	1.4629858
21.357082280956888	2.1049802	1.450855
21.3749181622451	2.1061099	1.4512442
21.392754567470647	2.153557	1.4675003
21.41059149711187	2.162514	1.4705489
21.42842895164726	2.1180305	1.4553455
21.446266931555378	2.076014	1.440838
21.464105437314945	2.0831087	1.4432979
21.481944469404798	2.0791357	1.4419209
21.49978402830388	2.0726945	1.4396856
21.51762411449127	2.0763748	1.4409631
21.53546472844617	2.0984468	1.4486017
21.553305870647876	2.1086776	1.4521286
21.571147541575865	2.1142612	1.45405
21.58898974170967	2.1048992	1.4508271
21.60683247152899	2.0569227	1.4341975
21.62467573151363	2.0493817	1.4315662
21.642519522143523	2.0791752	1.4419346
21.660363843898722	2.1168797	1.4549501
21.6782086972594	2.071644	1.4393207
21.696054082705864	2.0011847	1.4146323
21.713900000718535	1.9780226	1.4064219
21.73174645177795	1.9686853	1.4030985
21.749593436364794	1.9985182	1.4136896
21.767440954959845	2.0108035	1.418028
21.785289008044032	2.0340898	1.4262152
21.803137596098388	2.02469	1.4229159
21.820986719604086	2.0409682	1.4286246
21.838836379042412	2.0441914	1.4297522
21.85668657489478	2.026035	1.4233886
21.87453730764273	2.010924	1.4180706
21.892388577767914	2.0002987	1.4143192
21.91024038575213	2.0001564	1.4142689
21.928092732077285	2.017174	1.4202725
21.945945617225426	2.0091867	1.4174578
21.963799041678694	1.9903499	1.4107976
21.981653005919398	31.32774	5.597119
21.999507510429943	78.12636	8.838912
22.01736255569286	73.121895	8.551134
22.035218142190818	4.204402	2.050464
22.05307427040661	2.0506191	1.4319983
22.07093094082315	2.017027	1.4202207
22.088788153923474	2.0268967	1.4236913
22.106645910190746	2.0052361	1.4160637
22.12450421010827	1.9737524	1.4049029
22.142363054159464	1.9872403	1.4096951
22.16022244282787	2.0055168	1.4161627
22.178082376597164	1.9963048	1.4129065
22.195942855951145	1.9793695	1.4069006
22.213803881373742	1.965318	1.401898
22.231665453349002	1.9814564	1.4076421
22.24952757236111	1.9678416	1.4027978
22.26739023889438	1.9847487	1.4088111
22.28525345343323	1.9701498	1.4036202
22.30311721646225	1.9695518	1.4034072
22.320981528466113	1.9612746	1.4004551
22.33884638992964	1.9588883	1.3996029
22.356711801337788	1.9843091	1.408655
22.37457776317561	2.002547	1.4151138
22.392444275928337	1.9870188	1.4096166
22.410311340081282	1.9948499	1.4123915
22.428178956119904	1.9921314	1.4114288
22.446047124529805	1.9730711	1.4046605
22.46391584579669	1.9369097	1.391729
22.481785120406414	1.8965183	1.3771414
22.49965494884496	1.8513105	1.3606287
22.51752533159841	1.8520125	1.3608867
22.53539626915302	1.8948072	1.3765199
22.553267761995137	1.9484236	1.3958595
22.571139810611264	1.9759485	1.4056844
22.589012415488025	1.9858319	1.4091954
22.60688557711216	1.961159	1.4004139
22.624759295970566	1.9315752	1.3898112
22.642633572550263	1.925701	1.3876963
22.660508407338362	1.9605509	1.4001968
22.67838380082217	1.9791502	1.4068227
22.696259753489077	1.993392	1.4118754
22.714136265826614	1.9829043	1.4081564
22.73201333832246	1.9679177	1.4028249
22.74989097146439	1.9439868	1.3942692
22.76776916574035	1.9222927	1.3864677
22.785647921638393	1.9215113	1.3861859
22.803527239646712	1.8977181	1.3775768
22.82140712025363	1.8513615	1.3606474
22.839287563947593	1.8786438	1.3706362
22.85716857121719	1.8870642	1.3737046
22.875050142551135	1.8987987	1.377969
22.892932278438277	1.8879057	1.3740108
22.910814979367604	1.912607	1.3829703
22.928698245828222	1.9443318	1.394393
22.946582078309387	1.9436375	1.394144
22.96446647730047	1.910375	1.3821632
22.98235144329098	1.8627765	1.3648357
23.000236976770562	1.8560286	1.3623614
23.018123078229	1.8726377	1.3684436
23.03600974815619	1.9066238	1.3808055
23.053896987042194	1.9034928	1.3796712
23.071784795377173	1.920371	1.3857745
23.08967317365145	1.9035889	1.3797061
23.10756212235546	1.9105238	1.3822169
23.125451641979787	1.9175756	1.3847655
23.143341733015134	1.9126532	1.382987
23.161232395952357	1.9263828	1.387942
23.179123631282426	1.9530346	1.3975102
23.197015439496468	1.9309304	1.3895792
23.214907821085717	1.911669	1.3826312
23.23280077654157	1.9149646	1.3838224
23.250694306355538	1.949288	1.3961691
23.268588411019277	1.9762328	1.4057854
23.28648309102458	1.9456729	1.3948737
23.304378346863356	1.9734545	1.404797
23.322274179027676	1.9688737	1.4031656
23.340170588009723	1.9519371	1.3971174
23.358067574301852	1.8913608	1.3752675
23.37596513839651	1.9024009	1.3792754
23.39386328078629	1.9393995	1.3926232
23.411762001963947	1.9741076	1.4050294
23.429661302422353	1.9553905	1.3983527
23.4475611826545	1.9373902	1.3919016
23.46546164315356	1.8981584	1.3777367
23.48336268441279	1.8771247	1.370082
23.501264306925638	1.8636818	1.3651673
23.51916651118564	1.8723189	1.368327
23.537069297686497	1.9201304	1.3856877
23.554972666922037	2.0005035	1.4143916
23.57287661938623	2.0183046	1.4206705
23.59078115557318	1.9717171	1.4041785
23.608686275977128	1.9179759	1.3849101
23.62659198109246	1.9139988	1.3834735
23.6444982714137	1.8954995	1.3767715
23.66240514743549	1.9117883	1.3826743
23.68031260965263	1.9326017	1.3901805
23.698220658560068	1.9137949	1.3833997
23.716129294652845	1.8868381	1.3736223
23.7340385184262	1.8613288	1.3643053
23.75194833037546	1.8782144	1.3704796
23.769858730996123	1.8841723	1.3726516
23.78776972078382	1.8536358	1.361483
23.80568130023431	1.8530494	1.3612676
23.823593469843495	1.8617243	1.3644502
23.841506230107424	1.9019848	1.3791246
23.859419581522275	1.9556307	1.3984387
23.87733352458438	1.9089935	1.3816633
23.89524805979019	1.9204134	1.3857898
23.913163187636318	1.911324	1.3825064
23.931078908619508	1.9272591	1.3882576
23.948995223236633	1.9464787	1.3951626
23.966912131984735	1.9933498	1.4118603
23.98482963536096	2.0125377	1.4186394
24.002747733862616	1.9827014	1.4080843
24.020666427987155	2.011176	1.4181594
24.038585718232156	2.015804	1.4197901
24.056505605095353	2.019584	1.4211206
24.074426089074617	2.018531	1.4207501
24.092347170667946	2.033573	1.426034
24.110268850373515	2.042929	1.4293107
24.128191128689586	2.0480392	1.4310971
24.146114006114626	2.0436468	1.4295617
24.164037483147187	2.0528905	1.4327911
24.181961560286005	2.0899942	1.4456812
24.199886238029926	2.075551	1.4406773
24.21781151687797	2.0352817	1.426633
24.235737397329274	1.9758276	1.4056413
24.253663879883135	2.0054157	1.416127
24.271590965038975	2.024517	1.4228553
24.289518653296376	2.0499587	1.4317677
24.30744694515505	2.068785	1.4383272
24.32537584111486	2.06367	1.4365479
24.34330534167581	2.0413535	1.4287595
24.361235447338046	1.9891657	1.4103779
24.379166158601876	1.9611659	1.4004164
24.39709747596772	1.9737792	1.4049125
24.41502939993615	1.9795716	1.4069725
24.432961931007917	2.0048532	1.4159284
24.450895069683856	2.0315623	1.4253289
24.468828816465	2.0052385	1.4160645
24.4867631718525	1.9723687	1.4044105
24.504698136347656	1.9343582	1.390812
24.52263371045192	1.9074956	1.3811212
24.540569894666874	1.9160962	1.3842313
24.558506689494266	1.8966863	1.3772024
24.57644409543597	1.891867	1.3754516
24.594382112994012	1.9042591	1.379949
24.61232074267057	1.9313856	1.389743
24.630259984967953	1.9593035	1.3997512
24.64819984038863	1.912016	1.3827567
24.66614030943522	1.9099107	1.3819952
24.684081392610462	1.9542526	1.3979459
24.702023090417274	2.0243266	1.4227883
24.7199654033587	2.0318415	1.4254268
24.737908331937927	2.046527	1.4305687
24.755851876658305	2.0704648	1.438911
24.773796038023324	2.0776637	1.4414103
24.79174081653661	2.0494611	1.4315939
24.809686212701962	2.041097	1.4286697
24.827632227023294	2.0537593	1.4330943
24.8455788600047	2.0228293	1.4222621
24.8635261121504	2.005581	1.4161854
24.88147398396475	2.0182452	1.4206495
24.899422475952303	2.0328453	1.4257789
24.917371588617698	2.036808	1.4271678
24.935321322465768	2.111052	1.452946
24.953271678001478	2.2478824	1.4992939
24.97122265572994	2.4882767	1.5774273
24.989174256156414	2.8130298	1.6772089
25.00712647978632	3.2088356	1.7913224
25.02507932712521	3.7031586	1.9243593
25.043032798678798	4.2435966	2.0599992
25.060986894952933	4.9254885	2.2193441
25.078941616453637	5.6293287	2.3726206
25.096896963687055	6.6060824	2.57023
25.114852937159508	7.8382945	2.7996955
25.132809537377444	8.427964	2.9030957
25.150766764847468	8.472397	2.9107382
25.168724620076347	7.8592663	2.8034382
25.186683103570985	6.7922034	2.6061857
25.204642215838426	5.559986	2.3579624
25.222601957385894	4.206007	2.0508552
25.24056232872074	3.2030525	1.7897074
25.25852333035048	2.6335316	1.622816
25.276484962782778	2.2323446	1.4941033
25.294447226525435	2.0597823	1.4351941
25.312410122086423	2.0429623	1.4293224
25.330373649973843	2.0537677	1.4330972
25.348337810695988	2.0342128	1.4262583
25.366302604761245	1.9647827	1.401707
25.384268032678207	1.9480939	1.3957413
25.40223409495558	1.9411947	1.3932676
25.420200792102257	1.8981173	1.3777218
25.438168124627246	1.8357514	1.354899
25.45613609303974	1.8415068	1.3570213
25.474104697849057	1.8711697	1.367907
25.492073939564698	1.8702599	1.3675745
25.510043818696285	1.8623176	1.3646675
25.528014335753614	1.8924395	1.3756597
25.54598549124664	1.8857739	1.3732349
25.56395728568544	1.8386707	1.355976
25.58192971958028	1.8005027	1.3418281
25.59990279344156	1.8321687	1.3535763
25.617876507779833	1.874786	1.3692282
25.635850863105826	1.8776146	1.3702608
25.653825859930386	1.8557816	1.3622707
25.671801498764548	1.8482689	1.3595105
25.68977778011949	1.8684596	1.3669161
25.707754704506524	1.866136	1.3660659
25.725732272437153	1.8725692	1.3684185
25.743710484423012	1.8510839	1.3605454
25.761689340975888	1.8563092	1.3624644
25.77966884260774	1.8724469	1.3683739
25.797648989830662	1.830302	1.3528866
25.815629783156922	1.7914668	1.3384569
25.83361122309895	1.7881533	1.3372185
25.85159331016929	1.8353392	1.3547469
25.869576044880695	1.8303615	1.3529085
25.887559427746034	1.8180306	1.3483436
25.90554345927836	1.8212676	1.3495435
25.92352813999086	1.8089697	1.3449794
25.94151347039689	1.7831566	1.3353488
25.959499451009965	1.7648156	1.3284636
25.97748608234374	1.8109801	1.3457266
25.995473364912062	1.7970651	1.3405466
26.013461299228904	1.7779354	1.3333924
26.03144988580839	1.7947764	1.3396927
26.04943912516483	1.7920015	1.3386565
26.067429017812675	1.7946212	1.3396348
26.085419564266537	1.8155972	1.347441
26.103410765041186	1.8476993	1.359301
26.12140262065155	1.8539667	1.3616045
26.139395131612723	1.8522785	1.3609843
26.157388298439948	1.8366201	1.3552196
26.17538212164861	1.8382398	1.355817
26.193376601754295	1.8226124	1.3500416
26.211371739272714	1.8323878	1.3536572
26.229367534719746	1.7982265	1.3409797
26.247363988611433	1.7933757	1.3391697
26.26536110146397	1.8660636	1.3660394
26.283358873793727	1.8238583	1.350503
26.301357306117204	1.8075634	1.3444566
26.319356398951104	1.8133678	1.3466135
26.33735615281224	1.8087327	1.3448913
26.35535656821762	1.7706697	1.3306651
26.373357645684404	1.8115649	1.3459439
26.39135938572991	1.8559895	1.362347
26.409361788871614	1.8695632	1.3673197
26.427364855627165	1.8407304	1.3567352
26.445368586514352	1.8200431	1.3490897
26.46337298205115	1.8054881	1.3436846
26.48137804275568	1.7644924	1.328342
26.499383769146217	1.7546703	1.3246397
26.517390161741215	1.7748225	1.3322246
26.53539722105928	1.7866342	1.3366504
26.553404947619182	1.7862982	1.3365246
26.571413341939856	1.8224152	1.3499686
26.589422404540397	1.8297105	1.3526679
26.60743213594006	1.8539264	1.3615897
26.62544253665827	1.8334308	1.3540424
26.64345360721459	1.8236477	1.350425
26.66146534812879	1.8445536	1.3581434
26.679477759920758	1.8403624	1.3565996
26.69749084311057	1.8350757	1.3546497
26.71550459821847	1.8542327	1.3617021
26.733519025764842	1.8831869	1.3722926
26.751534126270258	1.8914341	1.3752942
26.769549900255434	1.8874576	1.3738477
26.787566348241267	1.8716885	1.3680967
26.80558347074881	1.8110008	1.3457344
26.823601268299267	1.8129513	1.3464588
26.841619741414036	1.786685	1.3366693
26.85963889061465	1.7637285	1.3280544
26.877658716422832	1.7208246	1.311802
26.89567921936045	1.7617072	1.3272932
26.913700399949544	1.7976098	1.3407497
26.93172225871233	1.7762431	1.3327577
26.949744796171174	1.7960297	1.3401604
26.967768012848605	1.8185763	1.348546
26.98579190926733	1.8007488	1.3419198
27.003816485950225	1.7640703	1.328183
27.021841743420318	1.7595074	1.3264643
27.039867682200814	1.7287813	1.3148313
27.057894302815072	1.7190228	1.311115
27.07592160578664	1.745698	1.3212487
27.0939495916392	1.7779325	1.3333913
27.111978260896635	1.8062464	1.3439667
27.13000761408296	1.8515275	1.3607085
27.148037651722397	1.8206776	1.349325
27.166068374339304	1.7558324	1.3250782
27.184099782458215	1.7304409	1.3154622
27.20213187660384	1.7674627	1.3294595
27.22016465730105	1.8169484	1.3479422
27.23819812507487	1.8437423	1.3578447
27.256232280450533	1.8169229	1.3479328
27.274267123953383	1.7848746	1.335992
27.292302656108987	1.7937968	1.339327
27.31033887744306	1.8310589	1.3531662
27.32837578848146	1.8394431	1.3562607
27.34641338975026	1.8252965	1.3510354
27.364451681775673	1.8335161	1.3540739
27.382490665084074	1.8264599	1.3514658
27.400530340202046	1.8520684	1.3609072
27.41857070765629	1.8074471	1.3444133
27.436611767973726	1.735943	1.3175519
27.454653521681404	1.7107642	1.3079618
27.472695969306564	1.7847493	1.3359451
27.490739111376627	1.7978241	1.3408296
27.508782948419153	1.7723993	1.3313149
27.526827480961902	1.7731819	1.3316088
27.54487270953279	1.8288451	1.352348
27.562918634659898	1.8184838	1.3485117
27.580965256871508	1.7898178	1.3378407
27.599012576696026	1.7835398	1.3354924
27.617060594662068	1.7871155	1.3368304
27.63510931129842	1.7542777	1.3244915
27.65315872713401	1.7419856	1.319843
27.67120884269797	1.8090861	1.3450227
27.68925965851958	1.8390523	1.3561167
27.707311175128307	1.812986	1.3464717
27.725363393053787	1.7897639	1.3378205
27.74341631282583	1.8438331	1.3578782
27.7614699349744	1.8736312	1.3688065
27.77952426002968	2.0178075	1.4204955
27.797579288521973	2.0830383	1.4432734
27.815635020981784	2.4722865	1.5723506
27.83369145793979	2.549461	1.5967032
27.85174859992682	2.4016013	1.54971
27.869806447473923	2.2289863	1.4929789
27.887865001112267	1.9454088	1.3947791
27.905924261373233	1.8828113	1.3721557
27.92398422878836	1.8743593	1.3690724
27.94204490388936	1.9074585	1.3811077
27.96010628720813	1.9038122	1.379787
27.978168379276728	1.8598394	1.3637593
27.9962311806274	1.8234178	1.3503399
28.014294691792568	1.7977408	1.3407986
28.0323589133048	1.8173385	1.348087
28.050423845696887	1.8269018	1.3516293
28.068489489501758	1.8446594	1.3581824
28.086555845252523	1.8562053	1.3624263
28.104622913482487	1.8340673	1.3542774
28.122690694725115	1.8207102	1.349337
28.14075918951405	1.8455733	1.3585188
28.15882839838312	1.8291371	1.352456
28.176898321866304	1.8690372	1.3671273
28.1949689604978	1.9086115	1.381525
28.213040314811945	1.8897542	1.3746833
28.23111238534327	1.8686291	1.366978
28.249185172626493	1.885474	1.3731257
28.267258677196473	1.9014696	1.3789378
28.285332899588294	1.8768119	1.3699678
28.303407840337172	1.8672212	1.3664631
28.321483499978545	1.866207	1.3660918
28.33955987904799	1.9035021	1.3796747
28.357636978081285	1.9353344	1.391163
28.37571479761439	1.9026288	1.379358
28.393793338183425	1.8865238	1.3735079
28.41187260032469	1.9368063	1.3916919
28.429952584574686	1.9680697	1.4028791
28.448033291470065	1.9420506	1.3935747
28.46611472154769	1.9652649	1.4018791
28.484196875344566	1.9925126	1.4115639
28.502279753397914	1.9987867	1.4137845
28.52036335624511	2.013343	1.4189233
28.538447684423716	1.9720747	1.4043058
28.556532738471482	1.9772094	1.4061328
28.574618518926325	2.0381095	1.4276237
28.59270502632635	2.0465918	1.4305913
28.61079226120985	2.0221462	1.4220219
28.628880224115274	2.0334148	1.4259785
28.646968915581287	2.0029082	1.4152414
28.66505833614671	1.973372	1.4047676
28.68314848635055	2.000797	1.4144953
28.701239366732004	2.0579648	1.4345609
28.71933097783044	2.0598013	1.4352008
28.737423320185403	2.064356	1.4367868
28.75551639433665	2.0784597	1.4416864
28.773610200824074	2.100296	1.4492399
28.791704740187793	2.151034	1.4666405
28.80980001296809	2.1591885	1.4694177
28.827896019705413	2.1577156	1.4689164
28.845992760940433	2.1240737	1.4574202
28.86409023721397	2.0970376	1.4481152
28.88218844906704	2.1273115	1.4585305
28.900287397040845	2.2550166	1.5016713
28.918387081676755	2.318383	1.5226237
28.936487503516343	2.3173478	1.5222838
28.954588663101365	2.2763968	1.5087732
28.97269056097374	2.2763004	1.5087414
28.990793197675597	2.3253064	1.5248955
29.00889657374923	2.361275	1.5366441
29.027000689737125	2.3405192	1.5298755
29.04510554618196	2.3469098	1.5319628
29.06321114362659	2.423887	1.5568837
29.08131748261405	2.444342	1.5634391
29.099424563687567	2.4438488	1.5632814
29.11753238739057	2.4742494	1.5729747
29.13564095426663	2.522021	1.5880872
29.15375026485954	2.5732315	1.6041296
29.171860319713275	2.607021	1.6146272
29.18997111937199	2.712902	1.647089
29.20808266438002	2.8549588	1.6896623
29.226194955281898	2.9247527	1.7101909
29.244307992622335	2.8788836	1.6967273
29.26242177694624	2.8251417	1.6808158
29.2805363087987	2.819492	1.6791344
29.29865158872498	2.8078184	1.6756546
29.316767617270557	2.7798944	1.6673015
29.334884394981064	2.8868902	1.6990851
29.353001922402367	2.9860406	1.7280164
29.37112020008047	3.0552025	1.7479137
29.389239228561596	3.132282	1.7698255
29.407359008392152	3.361363	1.833402
29.42547954011872	3.7412202	1.9342234
29.44360082428809	4.3027816	2.0743148
29.46172286144722	5.2483854	2.2909355
29.479845652143283	6.807037	2.6090298
29.497969196923606	8.926477	2.9877212
29.516093496335728	11.507962	3.3923388
29.5342185509274	14.303259	3.781965
29.55234436124651	16.67482	4.0834813
29.570470927841175	18.121798	4.2569704
29.588598251259686	17.855879	4.2256217
29.60672633205055	16.429626	4.0533476
29.624855170762405	14.296604	3.781085
29.642984767944146	11.708774	3.4218085
29.66111512414481	9.00585	3.000975
29.67924623991366	6.641938	2.577196
29.697378115800138	5.0344763	2.243764
29.71551075235387	4.128028	2.031755
29.733644150124675	3.7742639	1.9427465
29.751778309662576	3.5714965	1.8898404
29.769913231517766	3.4275043	1.851352
29.78804891624066	3.375235	1.8371813
29.806185364381818	3.3313885	1.8252091
29.82432257649206	3.277383	1.8103544
29.842460553122333	3.2904997	1.8139734
29.86059929482382	3.3652792	1.8344697
29.878738802147872	3.3882883	1.8407303
29.896879075646048	3.384443	1.8396856
29.915020115870114	3.3393402	1.8273861
29.933161923371976	3.1850836	1.7846802
29.951304498703777	3.1278372	1.7685692
29.969447842417857	3.175545	1.7820059
29.987591955066733	3.2317872	1.7977172
30.005736837203123	3.1871216	1.7852511
30.023882489379943	3.212398	1.7923164
30.04202891215028	3.273094	1.8091694
30.060176106067455	3.1460745	1.7737178
30.078324071684946	3.0517263	1.7469192
30.09647280955646	3.0797784	1.7549298
30.114622320235863	3.159665	1.7775447
30.132772604277257	3.1466658	1.7738844
30.1509236622349	3.137716	1.7713599
30.16907549466328	3.1064167	1.7625029
30.18722810211705	3.053455	1.7474139
30.205381485151097	3.0161724	1.736713
30.22353564432045	3.0363564	1.7425144
30.241690580180403	3.0419345	1.7441143
30.25984629328638	3.0128078	1.7357441
30.278002784194037	3.0186653	1.7374307
30.296160053459246	2.999767	1.7319835
30.314318101638033	2.9853485	1.7278161
30.332476929286646	2.9222116	1.7094477
30.35063653696153	2.9289875	1.7114285
30.368796925219307	2.9089093	1.7055525
30.386958094616844	2.8973956	1.7021738
30.40512004571115	2.8883286	1.6995083
30.423282779059463	2.854412	1.6895006
30.441446295219233	2.8764696	1.6960158
30.459610594748067	2.9288952	1.7114016
30.47777567820382	2.9183476	1.7083172
30.495941546144504	2.868746	1.6937373
30.51410819912835	2.8544476	1.6895111
30.532275637713795	2.806518	1.6752666
30.55044386245946	2.7699327	1.6643115
30.56861287392416	2.7605906	1.6615025
30.586782672666956	2.7700229	1.6643386
30.604953259247047	2.7876234	1.6696178
30.623124634223885	2.723233	1.6502221
30.641296798157075	2.722381	1.649964
30.659469751606462	2.7694242	1.6641587
30.677643495132074	2.7704296	1.6644608
30.695818029294152	2.7210937	1.6495738
30.713993354653116	2.6743112	1.6353321
30.73216947176962	2.6134343	1.616612
30.75034638120448	2.6062768	1.6143967
30.768524083518756	2.6388917	1.6244665
30.786702579273673	2.7399824	1.6552892
30.80488186903069	2.8247235	1.6806914
30.82306195335144	2.8894153	1.699828
30.841242832797782	3.0516577	1.7468995
30.85942450793176	3.3458827	1.8291754
30.877606979315637	3.7029727	1.9243109
30.895790247511883	4.037955	2.0094664
30.913974313083134	4.351852	2.0861094
30.932159176592283	4.659587	2.1586077
30.95034483860237	4.775386	2.1852655
30.968531299676698	4.6022415	2.1452835
30.98671856037873	4.2893443	2.0710733
31.00490662127215	3.9224358	1.980514
31.023095482920848	3.5613365	1.8871504
31.04128514588892	3.2333815	1.7981606
31.059475610740662	2.8608396	1.6914017
31.07766687804056	2.6411228	1.6251532
31.09585894835335	2.5561697	1.5988026
31.11405182224393	2.5121381	1.5849726
31.132245500277417	2.4819496	1.5754205
31.15043998301914	2.4911947	1.5783519
31.168635271034628	2.522774	1.5883243
31.18683136488964	2.428112	1.55824
31.20502826515008	2.3121476	1.5205748
31.223225972382135	2.2603672	1.5034517
31.241424487152155	2.324227	1.5245416
31.259623810026692	2.3554482	1.534747
31.27782394157253	2.3927183	1.5468414
31.296024882356644	2.4076302	1.551654
31.314226632946237	2.410581	1.5526047
31.332429193908684	2.3925772	1.5467957
31.350632565811598	2.3931932	1.5469949
31.368836749222787	2.3730004	1.5404546
31.387041744710295	2.4481592	1.5646595
31.40524755284232	2.5957184	1.6111233
31.423454174187317	2.657091	1.6300585
31.441661609313922	2.5809438	1.6065316
31.459869858791002	2.5154297	1.5860107
31.478078923187628	2.389858	1.5459166
31.496288803073064	2.340934	1.5300112
31.514499499016807	2.326034	1.5251341
31.532711011588546	2.313462	1.521007
31.550923341358178	2.3632898	1.5372995
31.56913648889584	2.3716388	1.5400126
31.587350454771844	2.32593	1.5251
31.605565239556732	2.2541075	1.5013685
31.62378084382127	2.2949195	1.5148991
31.641997268136382	2.3063095	1.5186539
31.660214513073274	2.316065	1.5218624
31.67843257920331	2.1940453	1.481231
31.6966514670981	2.1834877	1.4776629
31.71487117732944	2.2728274	1.5075899
31.733091710469346	2.3252387	1.5248734
31.751313067090052	2.323113	1.5241761
31.769535247764008	2.3268542	1.525403
31.787758253063878	2.3262699	1.5252115
31.805982083562526	2.3054683	1.5183768
31.824206739833024	2.3053477	1.5183371
31.84243222244869	2.2405045	1.4968315
31.860658531983013	2.228007	1.492651
31.878885669009737	2.2541087	1.5013689
31.897113634102784	2.2949493	1.514909
31.91534242783632	2.2812455	1.5103792
31.933572050784694	2.2051935	1.4849894
31.951802503522508	2.12185	1.4566572
31.970033786624548	2.1352093	1.4612355
31.988265900665834	2.208848	1.4862194
32.006498846221575	2.2286723	1.4928738
32.02473262386724	2.2451236	1.4983736
32.04296723417845	2.227224	1.4923887
32.0612026777311	2.1645038	1.4712253
32.07943895510129	2.1745653	1.4746407
32.097676066865304	2.158592	1.4692148
32.115914013599685	2.1225538	1.4568987
32.13415279588115	2.149858	1.4662395
32.152392414286666	2.1918416	1.480487
32.1706328693934	2.1212962	1.456467
32.18887416177875	2.0840316	1.4436176
32.20711629202032	2.142883	1.463859
32.225359260695924	2.161103	1.470069
32.243603068383614	2.2173686	1.4890832
32.26184771566166	2.2237575	1.4912268
32.28009320310852	2.1558301	1.4682746
32.2983395313029	2.1695836	1.4729506
32.31658670082372	2.180754	1.4767376
32.33483471225012	2.1011136	1.4495218
32.35308356616143	2.091343	1.4461476
32.371333263137245	2.1584632	1.4691709
32.38958380375734	2.1652987	1.4714954
32.407835188601744	2.1194293	1.455826
32.42608741825067	2.0549798	1.4335201
32.444340493284585	2.093846	1.4470128
32.46259441428416	2.1085966	1.4521008
32.48084918183028	2.1518118	1.4669055
32.49910479650405	2.1638265	1.4709951
32.51736125888683	2.1348677	1.4611186
32.53561856956014	2.1301005	1.4594864
32.5538767291058	2.0633626	1.436441
32.572135738105764	2.047569	1.4309329
32.59039559714228	2.0058923	1.4162953
32.608656306797776	1.9698193	1.4035025
32.62691786765491	1.9904207	1.4108227
32.645180280296586	2.036643	1.4271101
32.663443545305896	2.0743244	1.4402515
32.68170766326619	2.0883563	1.4451146
32.69997263476099	2.0529337	1.4328063
32.7182384603741	1.99647	1.4129649
32.7365051406895	1.9797398	1.4070323
32.75477267629144	2.0074782	1.4168551
32.77304106776434	1.9861054	1.4092926
32.79131031569289	1.9746276	1.4052144
32.809580420661966	1.9122603	1.382845
32.827851383256714	1.9844542	1.4087065
32.84612320406245	1.9395186	1.392666
32.86439588366476	1.9446594	1.3945104
32.88266942264945	1.9743304	1.4051087
32.9009438216025	1.958885	1.3996017
32.9192190811102	1.9784768	1.4065833
32.937495201758985	2.026469	1.423541
32.95577218413556	1.9422039	1.3936298
32.974050028826866	1.9143214	1.3835901
32.992328736420035	1.9772263	1.4061388
33.010608307502444	2.01718	1.4202746
33.02888874266169	1.963956	1.4014121
33.047170042485604	1.9361751	1.3914651
33.06545220756225	1.9382379	1.3922061
33.083735238479896	1.932839	1.3902658
33.10201913582707	1.9608588	1.4003067
33.12030390019248	1.9326322	1.3901914
33.138589532165135	1.9547129	1.3981105
33.15687603233419	2.038888	1.4278964
33.17516340128909	2.0931525	1.4467732
33.19345163961947	1.9966877	1.413042
33.211740747915215	1.8543434	1.3617427
33.23003072676643	1.8058453	1.3438175
33.248321576763466	1.8908623	1.3750863
33.266613298496885	1.857416	1.3628705
33.28490589255747	1.7976401	1.3407611
33.30319935953626	1.835303	1.3547336
33.32149370002451	1.8782859	1.3705057
33.339788914613706	1.8655624	1.3658559
33.358085003895575	1.9209007	1.3859656
33.376381968462034	2.004196	1.4156963
33.39467980890529	1.9405024	1.3930192
33.41297852581774	1.9548337	1.3981537
33.43127811979204	1.9652627	1.4018782
33.44957859142105	1.8983618	1.3778105
33.467879941297866	1.938581	1.3923293
33.486182170015844	1.9076663	1.3811829
33.50448527816853	1.8264825	1.3514742
33.522789266349754	1.7583148	1.3260146
33.541094135153514	1.8351036	1.3546599
33.55939988517411	1.9371156	1.391803
33.57770651700602	1.9260474	1.3878211
33.59601403124398	2.0032477	1.4153614
33.61432242848296	2.0347443	1.4264446
33.632631709318154	2.047253	1.4308225
33.650941874344994	1.9755769	1.4055521
33.66925292415916	1.8409762	1.3568258
33.68756485935654	1.7215912	1.3120942
33.70587768053328	1.7989596	1.341253
33.724191388285746	1.8551574	1.3620416
33.74250598321054	1.7900105	1.3379127
33.760821465904506	1.8095511	1.3451955
33.77913783696474	1.8569436	1.3626971
33.79745509698852	1.9457407	1.394898
33.815773246573414	2.001376	1.4146999
33.8340922863172	1.9482493	1.395797
33.852412216817896	1.8966616	1.3771935
33.87073303867377	1.8422393	1.3572911
33.889054752483304	1.8684552	1.3669145
33.907377358845245	1.9509517	1.3967648
33.92570085835853	1.9765608	1.4059021
33.94402525162239	1.9549809	1.3982064
33.96235053923627	1.9170377	1.3845713
33.980676721799824	1.959162	1.3997006
33.999003799912984	2.0547614	1.4334439
34.01733177417592	1.9220666	1.3863862
34.03566064518901	1.8381405	1.3557804
34.0539904135529	1.8966074	1.3771737
34.07232107986846	1.944705	1.3945268
34.090652644736785	2.0477753	1.431005
34.108985108759235	2.0607367	1.4355266
34.12731847253742	1.9293628	1.3890151
34.14565273667313	1.8907133	1.3750321
34.16398790176847	1.7584957	1.3260828
34.18232396842574	1.6745661	1.2940503
34.20066093724749	1.793821	1.339336
34.21899880883651	2.0033731	1.4154056
34.23733758379583	2.0938783	1.447024
34.25567726272874	1.9810083	1.407483
34.27401784623872	1.9510708	1.3968073
34.29235933492957	2.0408196	1.4285725
34.31070172940526	2.0385003	1.4277606
34.32904503027003	1.9813409	1.4076011
34.347389238128386	2.0912354	1.4461105
34.36573435358502	2.1444209	1.4643841
34.38408037724492	2.0949392	1.4473904
34.402427309713296	1.883521	1.3724142
34.42077515159559	1.7274299	1.3143172
34.43912390349752	1.6755435	1.2944279
34.45747356602499	1.7976882	1.340779
34.47582413978423	2.056591	1.4340819
34.49417562538163	2.1315095	1.459969
34.51252802342388	2.0012028	1.4146388
34.53088133451789	1.9740077	1.4049939
34.54923555927084	2.07239	1.4395798
34.567590698290104	2.0424497	1.429143
34.58594675218336	2.0640805	1.4366908
34.6043037215585	2.0469427	1.430714
34.62266160702365	2.0580103	1.4345767
34.641020409187234	2.2826982	1.5108601
34.65938012865785	2.3080437	1.5192248
34.677740766044394	2.0969267	1.4480768
34.69610232195598	1.8882968	1.3741531
34.714464797002016	1.9083749	1.3814394
34.73282819179208	2.0540354	1.4331907
34.751192506936064	2.1058044	1.451139
34.76955774304408	2.003285	1.4153745
34.7879239007265	1.9329103	1.3902915
34.80629098059391	1.9616553	1.400591
34.824658983257194	2.0664842	1.4375271
34.843027909327446	2.0053334	1.416098
34.86139775941603	1.9094305	1.3818214
34.879768534134534	1.8768027	1.3699645
34.89814023409483	1.8587328	1.3633535
34.91651285990901	1.9551976	1.3982838
34.93488641218944	2.2337167	1.4945624
34.95326089154871	2.2828414	1.5109075
34.97163629859967	2.2147412	1.4882007
34.99001263395542	2.226686	1.4922085
35.00838989822934	2.212463	1.487435
35.02676809203499	2.019211	1.4209895
35.04514721598624	1.9724973	1.4044563
35.063527270697215	2.011851	1.4183973
35.081908256782256	2.1739569	1.4744344
35.10029017485597	2.2197957	1.4898978
35.11867302553321	1.9821405	1.4078851
35.137056809429104	1.8788495	1.3707113
35.155441527159006	1.6891731	1.2996819
35.173827179338524	1.6083759	1.2682176
35.19221376658354	1.7408212	1.3194019
35.21060128951017	2.005125	1.4160243
35.2289897487348	1.9588951	1.3996053
35.24737914487405	1.8052126	1.343582
35.26576947854479	1.9823866	1.4079725
35.28416075036418	2.0774102	1.4413223
35.30255296094958	2.094202	1.4471358
35.32094611091867	2.244965	1.4983207
35.33934020088932	2.0802896	1.442321
35.35773523147969	1.8420835	1.3572338
35.3761312033082	1.8893741	1.3745451
35.394528116993506	1.9294161	1.3890343
35.41292597315452	1.7072947	1.3066349
35.431324772410434	1.7208573	1.3118145
35.449724515380666	2.0131683	1.4188616
35.46812520268491	2.2863028	1.5120525
35.486526834943106	2.3189905	1.5228232
35.504929412775454	2.0764174	1.4409779
35.52333293680242	2.1787617	1.4760629
35.54173740764471	2.3094687	1.5196936
35.560142825923286	2.3088906	1.5195034
35.5785491922594	2.1116295	1.4531447
35.59695650727454	1.4100668	1.1874623
35.61536477159042	0.42420965	0.6513138
