0.008763373481513119	0.051685803	0.22734512
0.026290120649546365	0.18429624	0.4292974
0.043816868432600686	0.18381424	0.42873564
0.06134361724069026	0.16828571	0.4102264
0.07887036748382949	0.084755346	0.2911277
0.0963971195720331	0.053553443	0.23141617
0.11392387391531617	0.049415268	0.22229545
0.1314506309236943	0.06791626	0.26060748
0.1489773910071836	0.088644214	0.2977318
0.16650415457580078	0.10800671	0.32864374
0.18403092203956356	0.08422817	0.29022092
0.20155769380849	0.09372089	0.30613866
0.2190844702925996	0.11242589	0.3352997
0.2366112519019124	0.18342476	0.42828116
0.2541380390464497	0.21885444	0.46781883
0.27166483213623416	0.20353302	0.45114633
0.28919163158128947	0.1506881	0.38818565
0.3067184377916406	0.15240818	0.3903949
0.324245251177314	0.18073441	0.4251287
0.34177207214833777	0.18180887	0.42639053
0.3592989011147415	0.19380002	0.44022724
0.37682573848655654	0.1767698	0.42044
0.39435258467381573	0.19035323	0.43629488
0.41187944008655414	0.1722528	0.4150335
0.42940630513480854	0.15450598	0.3930725
0.446933180228618	0.15269428	0.39076117
0.4644600657780234	0.13884741	0.37262234
0.48198696219306775	0.11498076	0.3390881
0.49951386988379676	0.1035078	0.3217263
0.5170407892602581	0.11314377	0.3363685
0.5345677207325025	0.13836578	0.3719755
0.5520946647105822	0.16174905	0.40218037
0.5696216216045534	0.15687846	0.39607885
0.5871485918244737	0.13488916	0.3672726
0.6046755757804043	0.15422894	0.39271992
0.6222025738824094	0.16275333	0.40342698
0.6397295865405557	0.19140054	0.43749347
0.6572566141649129	0.22008063	0.4691275
0.6747836571655547	0.18155465	0.4260923
0.6923107159525568	0.1849094	0.43001094
0.7098377909359992	0.17953043	0.42371032
0.7273648825259653	0.17853642	0.4225357
0.7448919911325411	0.19035093	0.43629226
0.762419117165817	0.17418441	0.41735405
0.7799462610358868	0.1864574	0.43180713
0.7974734231528482	0.18850887	0.4341761
0.8150006039268024	0.18366453	0.428561
0.8325278037678551	0.19217019	0.4383722
0.8500550230861152	0.17210297	0.41485295
0.8675822622916969	0.19118525	0.43724737
0.8851095217947171	0.20226161	0.44973505
0.9026368020052984	0.22148114	0.47061783
0.9201641033335665	0.24063267	0.49054325
0.9376914261896523	0.23501225	0.4847806
0.9552187709836915	0.2205393	0.46961612
0.9727461381258234	0.23922022	0.48910144
0.990273528026193	0.25380075	0.5037864
1.0078009410949496	0.26770714	0.51740426
1.0253283777422473	0.30118373	0.5488021
1.0428558383782454	0.31433466	0.56065553
1.0603833234131086	0.30650273	0.5536269
1.0779108332570058	0.33617842	0.57980895
1.0954383683201119	0.32203612	0.56748223
1.112965929012607	0.35514686	0.59594196
1.1304935157446763	0.49322012	0.7022963
1.1480211289265108	0.57942855	0.76120204
1.1655487689683062	1.530477	1.2371246
1.1830764362802655	1.7898412	1.3378495
1.200604131272596	2.205015	1.4849293
1.2181318543555117	2.5338447	1.5918055
1.235659605939232	2.5969892	1.6115177
1.253187386433982	3.948107	1.9869844
1.270715196249994	6.135922	2.4770794
1.2882430357975057	11.707873	3.4216769
1.3057709054867608	16.4366	4.054208
1.3232988057280106	22.486492	4.7419925
1.3408267369315112	27.499462	5.243993
1.358354699507526	31.136883	5.5800433
1.3758826938663256	35.050903	5.92038
1.3934107204181858	36.969063	6.080219
1.410938779573391	37.388206	6.1145897
1.4284668717422309	38.165676	6.1778374
1.4459949973350033	37.762165	6.145093
1.4635231567620117	38.07305	6.1703362
1.4810513504335687	37.19422	6.0987067
1.4985795787599925	36.0011	6.0000916
1.5161078421516088	34.98657	5.9149446
1.5336361410187505	34.039944	5.834376
1.5511644757717598	34.05581	5.8357353
1.5686928468209842	35.023026	5.9180255
1.58622125457678	35.656803	5.9713316
1.6037496994495108	37.053665	6.087172
1.621278181849548	37.27671	6.1054654
1.6388067021872719	37.670338	6.1376166
1.6563352608730693	36.895664	6.07418
1.673863858317336	35.862354	5.9885187
1.6913924949304753	35.323376	5.943347
1.7089211711228998	34.454018	5.8697543
1.7264498873050296	33.82491	5.8159184
1.7439786438872935	32.934105	5.7388244
1.7615074412801288	31.704199	5.630648
1.779036279893981	31.092667	5.57608
1.796565160139305	30.17309	5.493004
1.814094082426564	29.583513	5.4390726
1.8316230471662298	28.93264	5.3789067
1.849152054768784	28.21605	5.311878
1.8666811056447168	27.685415	5.261693
1.8842102002045273	26.859219	5.182588
1.901739338858724	26.23846	5.1223493
1.9192685220178245	25.607964	5.060431
1.9367977500923557	24.9468	4.994677
1.9543270234928547	24.186089	4.9179354
1.971856342629867	23.454977	4.843034
1.9893857079139496	23.004011	4.79625
2.006915119755667	22.950232	4.79064
2.0244445785655945	22.56944	4.7507305
2.0419740847543175	22.293924	4.7216444
2.0595036387324317	21.66001	4.6540318
2.0770332409105414	21.234306	4.60807
2.094562891699263	20.639032	4.5430202
2.1120925915092217	19.899946	4.4609356
2.129622340751053	19.612373	4.428586
2.1471521398354043	187.60718	13.696977
2.1646819891729323	444.02	21.071781
2.182211889174303	440.3264	20.983955
2.1997418402501974	452.74124	21.277718
2.2172718428113023	432.72836	20.802124
2.234801897268317	320.64282	17.906502
2.2523320040319548	17.150387	4.1413026
2.269862163512935	16.728577	4.0900583
2.287392376121992	16.2896	4.036038
2.304922642269869	16.045725	4.0057116
2.322452962367322	15.814413	3.976734
2.3399833368251164	15.610598	3.9510248
2.357513766054032	15.375558	3.9211679
2.3750442504648586	14.85423	3.8541186
2.3925747904683963	14.526517	3.8113668
2.410105386475459	14.296442	3.7810636
2.4276360388968707	14.204547	3.768892
2.445166748143469	14.042633	3.7473502
2.4626975146261025	13.675006	3.6979733
2.4802283387556323	13.305684	3.6476958
2.4977592209429305	13.070042	3.6152513
2.5152901615988825	13.017682	3.6080024
2.5328211611343865	12.947524	3.5982668
2.5503522199603523	12.657464	3.557733
2.5678833384877024	12.483259	3.5331657
2.5854145171273712	12.104145	3.4791012
2.6029457562903064	11.966265	3.459229
2.620477056387469	11.65518	3.4139683
2.6380084178298326	11.5775	3.4025726
2.655539841028383	11.299139	3.3614192
2.673071326394119	11.133902	3.3367503
2.6906028743380523	10.998651	3.3164213
2.708134485271211	10.898427	3.3012767
2.7256661596046325	10.798454	3.2861001
2.743197897749369	10.60399	3.2563767
2.760729700116486	10.493724	3.2394018
2.778261567117063	10.402413	3.2252772
2.795793499162193	10.313988	3.2115397
2.8133254966629817	10.212846	3.1957543
2.830857560030551	9.923073	3.150091
2.8483896896760337	9.791642	3.12916
2.865921886010578	9.561281	3.092132
2.883454149445347	9.4859915	3.0799336
2.9009864803915177	9.284159	3.0469918
2.91851887926028	9.13929	3.023126
2.9360513464628384	9.053039	3.0088267
2.953583882410413	9.048526	3.0080767
2.9711164875142373	8.920974	2.9868
2.9886491621855606	8.827199	2.9710603
3.0061819068356455	8.658115	2.9424675
3.023714721875769	8.60578	2.9335608
3.041247607717225	8.543333	2.922898
3.0587805647713213	8.419773	2.9016845
3.0763135934493806	8.293631	2.8798664
3.0938466941627407	8.141614	2.8533514
3.1113798673227544	8.0475	2.8368115
3.1289131133407904	7.882857	2.8076425
3.1464464326282315	7.678316	2.7709775
3.1639798255964786	7.5835004	2.7538157
3.1815132926569443	7.494189	2.7375517
3.1990468342210603	7.530372	2.7441523
3.216580450700272	7.456798	2.7307138
3.2341141425060416	7.3381653	2.7089047
3.251647910049847	7.284822	2.699041
3.2691817537431813	7.230585	2.6889746
3.286715673997555	7.1947045	2.6822946
3.3042496712244938	7.0256114	2.650587
3.32178374583554	6.82829	2.6130996
3.339317898242251	6.7356477	2.5953126
3.3568521288562034	6.7281837	2.5938742
3.3743864380889876	6.646679	2.5781155
3.3919208263522127	6.592064	2.5675015
3.4094552940575023	6.5668325	2.5625832
3.4269898416164972	6.545539	2.5584252
3.444524469440858	6.542709	2.557872
3.4620591779422587	6.5225153	2.5539215
3.479593967532391	6.51289	2.5520365
3.4971288386229658	6.4359465	2.5369167
3.5146637916257086	6.327529	2.515458
3.5321988269523628	6.275039	2.5050027
3.5497339450146903	6.367031	2.5232975
3.5672691462244708	6.401884	2.5301945
3.5848044309934988	6.3956323	2.5289588
3.60233979973359	6.3220024	2.5143592
3.619875252856575	6.3150043	2.5129673
3.6374107907743034	6.2604017	2.5020795
3.6549464138986427	6.2441583	2.4988313
3.6724821226414788	6.247048	2.4994094
3.690017917414714	6.3069873	2.5113716
3.7075537986302702	6.340162	2.5179677
3.7250897667000857	6.351032	2.5201254
3.7426258220361235	6.504484	2.550389
3.7601619650503553	6.806842	2.6089926
3.777698196154779	7.320141	2.705576
3.7952345157614067	8.335431	2.8871148
3.8127709242822716	9.056503	3.0094025
3.830307422129425	11.067343	3.3267615
3.847844009714936	12.444477	3.527673
3.8653806874508954	15.91992	3.9899774
3.882917455749409	15.61164	3.9511569
3.900454315022606	15.771794	3.971372
3.917991265682631	12.675171	3.5602207
3.9355283081416506	10.763226	3.2807355
3.9530654428118495	8.67996	2.9461772
3.970602670105433	7.430394	2.725875
3.9881399904346244	6.563381	2.5619097
4.005677404211669	6.500568	2.549621
4.023214911848827	6.460697	2.5417902
4.0407525137583855	6.485297	2.5466247
4.058290210352644	6.461353	2.5419192
4.075828002043927	6.295171	2.509018
4.0933658892445814	6.2244234	2.4948795
4.110903872366966	6.2030206	2.4905863
4.128441951823468	6.175179	2.4849908
4.145980128026488	6.102042	2.4702313
4.163518401388452	6.083587	2.466493
4.181056772321807	6.2209177	2.4941769
4.1985952412390155	6.222047	2.4944031
4.216133808552567	6.2640686	2.5028121
4.233672474674966	6.272715	2.504539
4.251211240018741	6.564915	2.5622091
4.268750104996445	6.832649	2.6139336
4.286289070020643	7.764173	2.7864265
4.303828135503928	9.391188	3.0645044
4.3213673018589125	29.544508	5.435486
4.3389065694982305	90.62684	9.519813
4.356445938834537	165.72789	12.873534
4.3739854102805085	171.74272	13.105064
4.391524984248844	172.7845	13.144752
4.409064661152262	136.95863	11.702932
4.426604441403504	97.32173	9.865178
4.444144325415337	76.0675	8.721668
4.461684313600543	21.90115	4.6798663
4.47922440637193	22.019737	4.692519
4.496764604142329	20.04874	4.477582
4.5143049073245916	18.454971	4.295925
4.531845316331589	16.449251	4.0557675
4.5493858315762195	13.796944	3.7144237
4.566926453471405	11.405687	3.3772306
4.584467182430081	9.343068	3.0566432
4.602008018865218	8.1148205	2.8486524
4.619548963189798	7.420499	2.7240593
4.637090015816834	6.946346	2.6355922
4.654631177159353	6.669996	2.5826335
4.672172447630417	6.3200607	2.513973
4.689713827643102	6.151794	2.480281
4.7072553176105085	5.9334397	2.4358654
4.724796917945764	5.8160977	2.4116588
4.742338629062015	5.719908	2.391633
4.759880451372434	5.7030897	2.3881142
4.777422385290215	5.667815	2.3807173
4.794964431228581	5.644318	2.3757775
4.812506589600768	5.680958	2.383476
4.830048860820047	5.665244	2.3801773
4.847591245299709	5.604351	2.367351
4.8651337434530655	5.4935513	2.3438325
4.882676355693457	5.447608	2.334011
4.900219082434242	5.49673	2.3445106
4.917761924088813	5.517792	2.348998
4.935304881070575	5.434247	2.3311472
4.952847953792969	5.3963747	2.3230097
4.970391142669449	5.366742	2.316623
4.9879344481135055	5.3394647	2.310728
5.005477870538642	5.3238344	2.3073435
5.023021410358394	5.3126755	2.3049242
5.040565067986324	5.3641906	2.3160722
5.05810884383601	5.2948074	2.301045
5.075652738321066	5.3285303	2.308361
5.09319675185512	5.344673	2.3118548
5.110740884851836	5.4752827	2.3399322
5.128285137724894	5.4798393	2.3409057
5.145829510888007	5.5283823	2.3512511
5.163374004754908	5.46805	2.3383863
5.1809186197393595	5.452939	2.3351529
5.198463356255145	5.3963046	2.3229947
5.216008214716077	5.40976	2.325889
5.233553195535998	5.395246	2.3227668
5.251098299128764	5.4043713	2.3247304
5.268643525908272	5.354034	2.3138785
5.286188876288432	5.295372	2.3011675
5.3037343506831895	5.2788954	2.2975848
5.32127994950651	5.1591825	2.2713833
5.3388256731723915	5.189312	2.278006
5.356371522094851	5.1585016	2.2712336
5.373917496687938	5.231703	2.2872915
5.391463597365729	5.281916	2.2982419
5.40900982454232	5.2976084	2.3016534
5.426556178631843	5.310215	2.3043904
5.444102660048449	5.169109	2.2735674
5.4616492692063225	5.0034184	2.2368321
5.479196006519669	4.9784617	2.2312467
5.496742872402727	5.0316424	2.2431324
5.514289867269756	5.136672	2.2664227
5.531836991535049	5.1592984	2.2714088
5.549384245612924	5.1415024	2.267488
5.566931629917724	5.160938	2.2717698
5.584479144863822	5.1855645	2.2771835
5.6020267908656205	5.180981	2.276177
5.619574568337545	5.200897	2.2805476
5.637122477694054	5.2032104	2.2810547
5.654670519349629	5.2043643	2.2813077
5.672218693718784	5.214204	2.2834632
5.689767001216059	5.1768312	2.275265
5.707315442256021	5.110205	2.2605762
5.724864017253266	5.0472355	2.2466054
5.7424127266224225	5.0822735	2.2543898
5.75996157077814	5.1711774	2.2740223
5.777510550135105	5.152023	2.2698069
5.795059665108022	5.175131	2.2748914
5.812608916111639	5.2159896	2.283854
5.830158303560715	5.2690344	2.2954378
5.847707827870055	5.2251983	2.2858694
5.86525748945448	5.1706624	2.273909
5.8828072887288485	5.265077	2.2945757
5.900357226108044	5.373502	2.3180814
5.917907302006979	5.5275173	2.3510673
5.9354575168406	6.0866838	2.4671206
5.9530078710238765	6.6305356	2.5749826
5.970558364971812	7.0897446	2.6626575
5.988108999099438	7.3617806	2.7132602
6.005659773821818	7.840902	2.8001611
6.023210689554039	7.612542	2.7590835
6.040761746711227	8.093977	2.8449914
6.058312945708531	7.502194	2.7390132
6.075864286961132	7.153219	2.6745503
6.093415770884244	6.601231	2.569286
6.1109673978931065	6.140484	2.478
6.128519168402993	5.515825	2.3485794
6.146071082829204	5.340163	2.3108792
6.163623141587075	5.2059984	2.2816658
6.181175345091969	5.1316338	2.265311
6.198727693759281	5.1176724	2.2622273
6.216280188004435	5.102818	2.258942
6.233832828242885	5.1528006	2.269978
6.251385614890126	5.129667	2.2648768
6.268938548361669	5.084102	2.2547953
6.286491629073067	5.0395246	2.2448885
6.304044857439898	4.9623117	2.2276247
6.321598233877777	4.9403625	2.2226927
6.339151758802344	4.9826674	2.232189
6.356705432629277	4.9408693	2.2228067
6.37425925577428	4.922982	2.2187793
6.391813228653095	4.8296385	2.1976438
6.409367351681486	4.8878922	2.2108579
6.426921625275259	4.922092	2.2185788
6.44447604985025	5.0341635	2.243694
6.46203062582232	5.038483	2.2446566
6.47958535360737	4.971419	2.229668
6.497140233621328	4.847348	2.2016695
6.514695266280161	4.7887063	2.1883113
6.532250451999859	4.83021	2.197774
6.549805791196454	4.8946347	2.212382
6.567361284286002	4.9754496	2.2305715
6.584916931684597	4.9772153	2.2309673
6.602472733808367	4.9898877	2.2338057
6.6200286910734665	4.960671	2.2272563
6.637584803896092	4.9960976	2.2351952
6.655141072692462	4.983302	2.232331
6.672697497878842	5.014926	2.239403
6.690254079871514	4.9730587	2.2300355
6.707810819086808	4.897844	2.2131073
6.725367715941078	4.8809752	2.209293
6.742924770850719	4.862442	2.2050946
6.760481984232151	4.9091277	2.215655
6.778039356501836	4.928524	2.220028
6.795596888076266	4.9440565	2.2235234
6.813154579371963	5.0040874	2.2369819
6.830712430805492	4.9884567	2.2334852
6.84827044279344	4.9964437	2.2352726
6.865828615752445	4.9436455	2.223431
6.883386950099159	4.938376	2.2222457
6.900945446250287	4.93867	2.222312
6.918504104622553	4.9786067	2.2312791
6.936062925632727	5.015549	2.2395422
6.953621909697607	5.0794163	2.253756
6.971181057234028	5.0507646	2.2473905
6.988740368658859	5.060899	2.249644
7.006299844389007	5.135201	2.2660983
7.023859484841407	5.192506	2.278707
7.041419290433036	5.245226	2.2902458
7.058979261580902	5.2653923	2.2946444
7.0765393987020495	5.405794	2.3250363
7.094099702213559	5.782166	2.4046135
7.111660172532549	6.1974125	2.4894602
7.129220810076164	6.6771016	2.584009
7.146781615261595	7.3062377	2.7030053
7.16434258850606	7.5383253	2.7456012
7.181903730226821	8.04197	2.835837
7.1994650408411704	8.16294	2.857086
7.217026520766437	8.399536	2.8981953
7.234588170419983	8.661324	2.9430127
7.252149990219215	8.636809	2.938845
7.269711980581568	8.433792	2.9040992
7.2872741419245175	8.083613	2.8431697
7.304836474665574	7.5942545	2.7557676
7.322398979222286	7.292828	2.7005236
7.339961656012233	7.09037	2.6627748
7.357524505453039	6.8513417	2.6175067
7.375087527962357	6.572696	2.563727
7.392650723957886	6.3233633	2.5146298
7.410214093857353	5.893046	2.4275596
7.427777638078528	5.6501365	2.3770015
7.445341357039213	5.538168	2.3533313
7.4629052511572525	5.464472	2.337621
7.480469320850524	5.335777	2.30993
7.498033566536948	5.2428193	2.2897203
7.5155979886344735	5.1343527	2.265911
7.5331625875610975	5.1352453	2.266108
7.550727363734844	5.146567	2.2686045
7.568292317573788	5.148416	2.2690122
7.585857449496025	5.1475053	2.2688115
7.603422759919705	5.099936	2.2583039
7.620988249263007	5.0599513	2.2494335
7.638553917944147	5.0310574	2.243002
7.656119766381391	5.070956	2.2518783
7.673685794993023	5.10767	2.2600155
7.691252004197388	5.1285086	2.264621
7.70881839441285	5.196287	2.2795367
7.726384966057826	5.2275186	2.2863767
7.743951719550762	5.2535124	2.2920542
7.761518655310149	5.2652216	2.2946072
7.779085773754511	5.2470655	2.2906475
7.796653075302419	5.2166734	2.2840037
7.814220560372475	5.176597	2.2752137
7.831788229383323	5.1506243	2.2694986
7.8493560827536495	5.1384	2.266804
7.866924120902174	5.1787705	2.2756913
7.884492344247663	5.264222	2.2943892
7.9020607532089135	5.3315935	2.3090243
7.919629348204771	5.311258	2.3046167
7.937198129654115	5.282679	2.298408
7.954767097975865	5.33337	2.3094091
7.972336253588986	5.3445334	2.3118248
7.989905596912472	5.377353	2.318912
8.007475128365371	5.3805304	2.319597
8.025044848366756	5.447991	2.334093
8.042614757335754	5.5660977	2.359258
8.060184855691523	5.642617	2.3754194
8.07775514385327	5.8058786	2.409539
8.095325622240228	5.882319	2.4253492
8.112896291271687	5.908791	2.4308004
8.130467151366968	5.947372	2.4387233
8.148038202945436	5.9631424	2.4419546
8.165609446426497	5.970703	2.4435022
8.183180882229594	6.0768437	2.4651256
8.200752510774217	6.043203	2.4582927
8.218324332479893	6.037687	2.4571705
8.235896347766193	5.9803867	2.445483
8.253468557052724	5.942231	2.4376693
8.27104096075914	5.955187	2.4403253
8.288613559305137	5.9507475	2.4394155
8.306186353110448	5.976437	2.4446752
8.32375934259485	6.0498924	2.459653
8.341332528178162	6.137312	2.4773598
8.358905910280246	6.2321978	2.496437
8.376479489321003	6.266481	2.503294
8.394053265720377	6.265963	2.5031905
8.411627239898356	6.216358	2.4932625
8.42920141227497	6.209959	2.491979
8.44677578327029	6.250685	2.500137
8.464350353304427	6.198713	2.4897215
8.48192512279754	6.1507263	2.4800658
8.499500092169827	6.0544367	2.4605765
8.51707526184153	6.0701575	2.463769
8.534650632232934	6.10429	2.4706862
8.552226203764365	6.109502	2.4717407
8.569801976856192	6.150076	2.4799347
8.587377951928834	6.2489986	2.4997997
8.60495412940274	6.3370123	2.5173423
8.622530509698416	6.362537	2.522407
8.6401070932364	6.4512587	2.5399327
8.657683880437283	6.5268836	2.5547767
8.675260871721695	6.6699476	2.5826242
8.692838067510303	6.8419266	2.6157076
8.710415468223834	7.0027566	2.6462722
8.727993074283043	7.143471	2.672727
8.745570886108737	7.134084	2.6709707
8.763148904121765	7.2214513	2.687276
8.78072712874302	7.2377515	2.690307
8.798305560393441	7.4187527	2.7237387
8.815884199494006	7.496842	2.7380362
8.833463046465745	7.6827865	2.771784
8.851042101729728	7.9131575	2.8130336
8.86862136570707	8.270432	2.875836
8.886200838818924	8.396564	2.8976824
8.903780521486505	8.516183	2.91825
8.921360414131055	8.597107	2.9320824
8.938940517173874	8.693669	2.9485028
8.956520831036297	8.6994915	2.94949
8.97410135613971	8.926406	2.987709
8.99168209290554	9.130034	3.0215948
9.009263041755265	9.4324875	3.0712354
9.026844203110405	9.630656	3.10333
9.044425577392525	9.812948	3.1325626
9.062007165023239	9.89743	3.1460183
9.079588966424197	10.18222	3.1909592
9.097170982017108	10.359113	3.2185576
9.11475321222372	11.167605	3.3417966
9.132335657465825	11.8993025	3.4495366
9.149918318165264	11.8792	3.4466214
9.167501194743924	12.449621	3.528402
9.18508428762374	12.191665	3.4916565
9.202667597226693	12.303793	3.5076764
9.220251123974803	12.040459	3.4699364
9.237834868290143	11.81194	3.4368503
9.255418830594836	11.620178	3.4088383
9.273003011311046	11.075721	3.3280206
9.290587410860985	10.823375	3.2898898
9.308172029666911	10.18247	3.1909983
9.32575686815113	9.912244	3.1483717
9.343341926735997	8.708543	2.951024
9.360927205843916	8.483568	2.9126565
9.378512705897327	8.333946	2.8868575
9.396098427318728	8.196327	2.862923
9.413684370530664	8.077027	2.8420112
9.431270535955722	7.8368373	2.7994351
9.448856924016539	7.7428265	2.7825935
9.466443535135806	7.6603146	2.7677274
9.484030369736251	7.692997	2.7736251
9.501617428240658	7.667975	2.769111
9.519204711071852	7.606631	2.758012
9.536792218652714	7.6060057	2.7578988
9.55437995140617	7.718245	2.778173
9.571967909755191	7.7695117	2.7873843
9.589556094122802	7.8539324	2.802487
9.60714450493207	7.8519764	2.8021379
9.624733142606116	7.9209404	2.8144166
9.642322007568108	7.976568	2.824282
9.659911100241267	8.032545	2.8341744
9.677500421048851	7.988618	2.8264143
9.695089970414175	7.992727	2.827141
9.712679748760609	7.9537787	2.8202446
9.730269756511557	8.011245	2.8304143
9.747859994090492	8.142943	2.8535843
9.765450461920915	8.21179	2.865622
9.78304116042639	8.264363	2.8747807
9.800632090030527	8.171837	2.8586426
9.81822325115699	8.154699	2.8556435
9.835814644229481	8.173694	2.8589673
9.853406269671762	8.2386265	2.8703008
9.870998127907646	8.304063	2.8816772
9.888590219360985	8.33844	2.8876357
9.906182544455698	8.320013	2.8844433
9.923775103615734	8.257073	2.8735123
9.941367897265108	8.19854	2.8633091
9.958960925827878	8.154676	2.8556395
9.97655418972816	8.147408	2.8543663
9.994147689390106	8.244556	2.8713336
10.011741425237934	8.285852	2.8785157
10.029335397695904	8.298619	2.8807325
10.04692960718833	8.271186	2.875967
10.06452405413958	8.205654	2.8645513
10.082118738974064	8.228067	2.868461
10.099713662116246	8.241405	2.8707848
10.117308823990651	8.282574	2.8779461
10.134904225021844	8.265633	2.8750014
10.152499865634445	8.217968	2.8667
10.170095746253125	8.115398	2.848754
10.18769186730261	8.130688	2.8514361
10.205288229207675	8.091701	2.8445914
10.222884832393145	8.073033	2.8413084
10.2404816772839	8.03761	2.835068
10.258078764304868	8.139461	2.852974
10.275676093881035	8.157757	2.8561788
10.293273666437438	8.178683	2.8598397
10.310871482399158	8.156464	2.8559523
10.32846954219134	8.198668	2.8633316
10.346067846239173	8.249096	2.872124
10.363666394967908	8.22841	2.8685205
10.38126518880283	8.180143	2.860095
10.398864228169298	8.223744	2.8677073
10.416463513492713	8.238155	2.8702188
10.434063045198531	8.187306	2.861347
10.451662823712262	8.133974	2.8520124
10.469262849459467	8.134504	2.8521051
10.486863122865758	8.065302	2.8399475
10.504463644356806	8.001183	2.8286362
10.522064414358338	7.8768544	2.8065734
10.539665433296118	7.8441734	2.8007452
10.557266701595987	7.8559113	2.8028398
10.574868219683818	7.7686462	2.787229
10.592469987985552	7.76615	2.7867813
10.610072006927185	7.611329	2.7588637
10.627674276934751	7.4969935	2.7380638
10.64527679843435	7.336886	2.7086687
10.662879571852143	7.1474404	2.6734698
10.680482597614331	7.035718	2.6524928
10.698085876147173	6.9221897	2.6310055
10.715689407876988	6.868468	2.6207762
10.733293193230146	6.815854	2.610719
10.750897232633072	6.744153	2.5969508
10.76850152651225	6.644881	2.5777667
10.786106075294207	6.5212007	2.5536642
10.803710879405534	6.4179997	2.5333772
10.821315939272877	6.4154797	2.5328798
10.83892125532294	6.4030833	2.5304315
10.856526827982472	6.3569994	2.5213091
10.874132657678285	6.285428	2.5070755
10.891738744837243	6.2273345	2.495463
10.909345089886271	6.2091928	2.491825
10.926951693252343	6.1415563	2.4782164
10.944558555362494	6.1110578	2.4720554
10.96216567664381	6.0643644	2.462593
10.979773057523436	5.931407	2.435448
10.997380698428573	5.8606334	2.4208746
11.014988599786477	5.7513056	2.3981879
11.032596762024461	5.6924005	2.3858752
11.050205185569892	5.582533	2.3627384
11.067813870850198	5.5197897	2.3494232
11.085422818292859	5.4546113	2.335511
11.10303202832541	5.347604	2.3124886
11.120641501375454	5.2900753	2.3000164
11.138251237870636	5.296871	2.3014932
11.155861238238671	5.198108	2.279936
11.173471502907317	5.177288	2.2753656
11.191082032304402	5.084497	2.2548828
11.208692826857805	5.0895486	2.256003
11.226303886995465	5.00951	2.2381935
11.243915213145371	4.9258327	2.2194216
11.261526805735578	4.8704524	2.2069101
11.279138665194196	4.885604	2.2103403
11.296750791949393	4.830989	2.197951
11.314363186429393	4.7411194	2.177411
11.331975849062479	4.6328864	2.152414
11.34958878027699	4.6049476	2.145914
11.36720198050133	4.6001964	2.1448069
11.384815450163948	4.6422977	2.1545992
11.402429189693366	4.564757	2.1365292
11.420043199518153	4.526115	2.1274667
11.437657480066942	63.441525	7.9650187
11.455272031768422	85.12746	9.226454
11.472886855051353	107.51738	10.369059
11.490501950344528	99.13573	9.956693
11.508117318076819	84.48814	9.191743
11.52573295867715	45.860752	6.7720566
11.543348872574514	4.14761	2.0365682
11.560965060197946	4.1059275	2.0263088
11.57858152197655	4.121769	2.030214
11.59619825833949	4.0812163	2.0202022
11.613815269715985	4.0782814	2.0194755
11.631432556535323	38.534367	6.2076054
11.649050119226837	83.03974	9.112615
11.666667958219929	93.4363	9.666245
11.68428607394406	107.70187	10.377952
11.701904466828756	82.5452	9.085439
11.719523137303586	65.40066	8.087068
11.737142085798196	4.6305413	2.1518693
11.754761312742286	3.7242677	1.9298362
11.772380818565619	3.6522985	1.9110987
11.790000603698015	3.606255	1.8990142
11.80762066856935	3.5810914	1.8923771
11.825241013609572	3.535511	1.8802955
11.842861639248683	3.536115	1.8804561
11.860482545916748	3.5149553	1.8748214
11.878103734043883	3.4413376	1.8550843
11.895725204060282	3.3813906	1.8388557
11.91334695639619	3.3736465	1.8367488
11.930968991481919	3.4075263	1.8459486
11.948591309747824	3.382375	1.8391235
11.966213911624347	3.333443	1.8257719
11.98383679754198	3.3067071	1.8184353
12.001459967931268	3.3059142	1.8182173
12.019083423222835	3.2912219	1.8141725
12.036707163847352	3.2355494	1.7987633
12.05433119023556	3.1965652	1.787894
12.071955502818259	3.190626	1.7862324
12.089580102026313	3.215474	1.7931743
12.107204988290643	3.2184436	1.7940022
12.12483016204224	3.1637645	1.7786974
12.142455623712152	3.1021545	1.7612934
12.16008137373149	3.0265422	1.739696
12.177707412531431	3.0411599	1.7438922
12.19533374054321	3.0387194	1.7431923
12.212960358198126	3.065479	1.7508509
12.230587265927545	3.0624244	1.7499784
12.248214464162889	3.0464625	1.7454119
12.265841953335649	3.011912	1.7354861
12.283469733877375	2.982397	1.7269619
12.301097806219685	2.9102662	1.7059503
12.31872617079425	2.8780885	1.696493
12.336354828032825	2.8521266	1.688824
12.353983778367205	2.877124	1.6962087
12.371613022229262	2.8794024	1.6968802
12.389242560050928	2.8731067	1.6950241
12.406872392264201	2.8801017	1.6970862
12.424502519301143	2.897514	1.7022086
12.442132941593874	2.8809946	1.6973493
12.459763659574586	2.804701	1.6747242
12.477394673675532	2.7641592	1.6625761
12.49502598432903	2.760411	1.6614485
12.51265759196746	2.8157566	1.6780217
12.530289497023267	2.840411	1.6853518
12.547921699928967	2.8071344	1.6754504
12.565554201117134	2.8052785	1.6748966
12.583187001020404	2.8079462	1.6756928
12.600820100071486	2.8244708	1.6806161
12.618453498703152	2.7932422	1.6712996
12.636087197348235	2.7870095	1.6694338
12.65372119643964	2.7895517	1.6701951
12.671355496410326	2.8085482	1.6758723
12.68899009769333	2.8238685	1.680437
12.706625000721749	2.8390343	1.6849434
12.724260205928752	2.9238694	1.7099326
12.741895713747551	2.967151	1.722542
12.759531524611454	3.0137842	1.7360255
12.777167638953818	2.9672458	1.7225696
12.794804057208072	2.950125	1.7175928
12.812440779807702	2.9829807	1.7271308
12.830077807186271	3.1531236	1.7757037
12.847715139777405	3.2087793	1.7913066
12.865352778014795	3.3876176	1.8405482
12.882990722332197	3.5067017	1.8726189
12.90062897316344	3.5993798	1.8972031
12.918267530942412	3.7311742	1.9316248
12.935906396103071	3.5886369	1.8943698
12.953545569079449	3.7452757	1.9352715
12.971185050305628	3.5611455	1.8870997
12.988824840215775	3.5362468	1.8804911
13.006464939244115	3.513033	1.8743087
13.024105347824943	3.3590336	1.8327667
13.041746066392617	3.4612784	1.8604511
13.05938709538157	3.3157003	1.8209064
13.077028435226296	3.369708	1.8356764
13.094670086361363	3.3352382	1.8262634
13.112312049221401	3.2355072	1.7987516
13.129954324241112	3.1019902	1.7612468
13.147596911855258	2.920035	1.7088109
13.165239812498685	2.8825731	1.6978142
13.182883026606293	2.8184462	1.6788229
13.200526554613058	2.7493868	1.6581275
13.218170396954017	2.6969285	1.6422328
13.235814554064284	2.6713202	1.6344174
13.253459026379034	2.6915224	1.640586
13.271103814333523	2.7065506	1.6451597
13.288748918363058	2.720611	1.6494275
13.306394338903031	2.7051766	1.6447421
13.32404007638889	2.6798108	1.6370127
13.341686131256164	2.6626263	1.6317556
13.359332503940449	2.6183362	1.6181273
13.376979194877402	2.5780847	1.6056415
13.394626204502751	2.584223	1.6075519
13.412273533252307	2.6301975	1.6217884
13.429921181561937	2.655246	1.6294925
13.447569149867581	2.648749	1.6274978
13.465217438605247	2.6882448	1.6395868
13.482866048211022	2.6609185	1.6312321
13.500514979121052	2.7016227	1.6436614
13.518164231771568	2.6817505	1.6376051
13.535813806598844	2.6902747	1.6402057
13.553463704039254	2.663935	1.6321565
13.571113924529229	2.6889012	1.639787
13.588764468505275	2.7152936	1.6478148
13.606415336403956	2.7414258	1.6557251
13.624066528661917	2.780918	1.6676084
13.641718045715882	2.8178024	1.6786311
13.659369888002635	2.8878474	1.6993668
13.67702205595903	2.9521155	1.7181722
13.694674550021993	2.9860778	1.7280271
13.712327370628532	3.024919	1.7392294
13.729980518215713	3.1142633	1.7647276
13.747633993220681	3.1907856	1.786277
13.765287796080647	3.238773	1.7996591
13.7829419272329	3.2344108	1.7984468
13.800596387114801	3.2773697	1.8103508
13.818251176163775	3.319204	1.8218683
13.835906294817324	3.366989	1.8349357
13.853561743513023	3.4016469	1.8443553
13.871217522688525	3.4211307	1.8496299
13.888873632781538	3.4376662	1.8540944
13.906530074229858	3.4648998	1.8614241
13.92418684747135	3.4586785	1.8597523
13.941843952943948	3.4769304	1.8646529
13.959501391085665	3.455996	1.859031
13.977159162334578	3.4053903	1.8453699
13.994817267128846	3.3632505	1.8339167
14.012475705906693	3.2614808	1.8059571
14.030134479106424	3.1874268	1.7853366
14.047793587166414	3.1257	1.767965
14.065453030525108	3.0805414	1.7551471
14.083112809621026	3.0415103	1.7439927
14.100772924892766	2.9408278	1.7148842
14.118433376778997	2.8611789	1.691502
14.136094165718458	2.8182876	1.6787757
14.153755292149969	2.784783	1.6687669
14.171416756512416	2.7221587	1.6498966
14.189078559244768	2.6324878	1.6224943
14.20674070078606	2.542372	1.5944817
14.224403181575408	2.4863057	1.5768024
14.242066002051999	2.4731221	1.5726163
14.259729162655093	2.4864225	1.5768394
14.277392663824022	2.4130733	1.553407
14.295056505998208	2.3705964	1.5396742
14.312720689617128	2.3293161	1.5262097
14.330385215120348	2.38121	1.543117
14.348050082947497	2.3918405	1.5465577
14.3657152935383	2.3719127	1.5401015
14.383380847332528	2.3377273	1.5289629
14.401046744770051	2.3464222	1.5318036
14.418712986290798	2.3459268	1.5316418
14.436379572334793	2.3518806	1.5335842
14.454046503342123	2.3263235	1.525229
14.471713779752946	2.3289387	1.5260861
14.489381402007504	2.3372037	1.5287915
14.507049370546113	2.3535378	1.5341245
14.524717685809168	2.3525605	1.5338058
14.542386348237134	2.3630607	1.537225
14.560055358270553	2.3394516	1.5295266
14.577724716350051	2.3677964	1.5387646
14.595394422916325	2.3931215	1.5469717
14.61306447841015	2.463236	1.56947
14.63073488327237	2.4723058	1.5723567
14.648405637943917	2.5049455	1.5827019
14.6660767428658	2.4585452	1.5679749
14.683748198479094	2.4902	1.5780368
14.701420005224954	2.507122	1.5833894
14.719092163544628	2.5738935	1.6043359
14.73676467387942	2.621036	1.6189615
14.754437536670727	2.697467	1.6423968
14.772110752360014	2.6978645	1.6425177
14.78978432138882	2.6812692	1.6374581
14.807458244198777	2.6808968	1.6373445
14.82513252123159	2.6718583	1.634582
14.842807152929028	2.6855621	1.6387684
14.860482139732962	2.6900773	1.6401455
14.87815748208531	2.6906054	1.6403065
14.8958331804281	2.714978	1.647719
14.91350923520342	2.7016914	1.6436822
14.931185646853438	2.7221348	1.6498893
14.948862415820408	2.6806436	1.6372671
14.966539542546656	2.6648612	1.6324402
14.98421702747459	2.6136253	1.6166711
15.001894871046696	2.6427548	1.6256552
15.019573073705542	2.6454005	1.6264688
15.037251635893766	2.6646101	1.6323633
15.054930558054092	2.7132022	1.6471801
15.072609840629323	2.8059778	1.6751053
15.090289484062351	2.968345	1.7228886
15.107969488796124	3.2661207	1.8072412
15.125649855273691	3.6636493	1.9140662
15.14333058393817	4.1967983	2.0486088
15.161011675232768	5.151215	2.2696288
15.17869312960076	6.5275154	2.5549002
15.196374947485506	8.264336	2.8747756
15.214057129330447	11.280112	3.3585877
15.231739675579114	15.706796	3.96318
15.249422586675102	20.488008	4.526368
15.267105863062092	23.350857	4.8322725
15.284789505183847	23.431917	4.8406525
15.302473513484218	21.218603	4.6063657
15.320157888407127	17.682524	4.2050595
15.337842630396578	13.675328	3.698017
15.355527739896656	10.68218	3.2683606
15.37321321735153	8.449379	2.9067814
15.39089906320545	6.269002	2.5037975
15.408585277902748	4.7627597	2.1823747
15.42627186188783	3.6824954	1.9189829
15.443958815605198	3.1861143	1.784969
15.461646139499424	2.8750944	1.6956103
15.479333834015168	2.731585	1.6527507
15.497021899597165	2.7175362	1.6484951
15.514710336690234	2.6863685	1.6390145
15.53239914573928	2.6646342	1.6323707
15.550088327189297	2.6235745	1.6197451
15.567777881485336	2.575974	1.6049842
15.58546780907256	2.5103176	1.5843982
15.6031581103962	2.4394958	1.5618886
15.620848785901568	2.4168708	1.5546288
15.638539836034063	2.4248478	1.5571923
15.656231261239173	2.4451163	1.5636867
15.673923061962451	2.445142	1.563695
15.691615238649552	2.4107041	1.5526443
15.709307791746202	2.402788	1.5500928
15.727000721698221	2.409268	1.5521816
15.744694028951498	2.4032633	1.5502462
15.76238771395202	2.382742	1.5436133
15.780081777145844	2.348645	1.532529
15.797776218979125	2.3216066	1.5236819
15.815471039898094	2.325201	1.524861
15.833166240349064	2.3264987	1.5252864
15.850861820778437	2.3285363	1.5259542
15.868557781632699	2.3213062	1.5235833
15.886254123358412	2.3400438	1.5297202
15.903950846402232	2.3408046	1.5299689
15.921647951210897	2.3871732	1.545048
15.939345438231225	2.3929973	1.5469315
15.957043307910133	2.383652	1.543908
15.974741560694602	2.3686972	1.5390573
15.992440197031714	2.3598874	1.5361925
16.01013921736862	2.3964083	1.5480337
16.02783862215259	2.391838	1.5465568
16.045538411830933	2.391783	1.5465391
16.06323858685107	2.363473	1.5373591
16.080939147660512	2.3370535	1.5287424
16.09864009470684	2.3445728	1.5311998
16.11634142843774	2.372585	1.5403198
16.134043149300954	2.3895133	1.5458051
16.15174525774433	2.3913686	1.5464051
16.169447754215817	2.3572261	1.5353261
16.18715063916342	2.3922853	1.5467014
16.204853913035244	2.4207582	1.5558786
16.222557576279478	2.4825037	1.5755963
16.240261629344403	22.469538	4.7402043
16.257966072678386	43.010357	6.558228
16.275670906729868	38.077316	6.170682
16.293376131947387	2.482912	1.5757259
16.31108174877957	2.475989	1.5735276
16.328787757675133	2.4981837	1.5805644
16.34649415908287	2.5430686	1.5947002
16.364200953451657	2.6023514	1.6131805
16.38190814123048	2.6110573	1.6158767
16.39961572286839	2.6052618	1.6140823
16.41732369881455	2.6039739	1.6136833
16.43503206951817	2.6638002	1.6321152
16.45274083542859	2.7559502	1.6601055
16.47044999699522	2.8390539	1.6849492
16.488159554667558	2.890655	1.7001927
16.505869508895184	2.918918	1.708484
16.523579860127786	2.9046338	1.7042986
16.541290608815117	2.871414	1.6945246
16.559001755407035	2.8948011	1.7014115
16.57671330035348	2.96196	1.7210346
16.59442524410448	3.0473952	1.745679
16.61213758711015	3.0706608	1.7523301
16.629850329820705	3.118472	1.7659196
16.647563472686436	3.2484708	1.8023515
16.665277016157724	3.3749368	1.8371001
16.682990960685053	3.4056416	1.845438
16.70070530671898	3.4098485	1.8465775
16.718420054710155	3.4453785	1.856173
16.736135205109335	3.4771566	1.8647135
16.753850758367335	3.5362127	1.8804821
16.771566714935087	3.6070695	1.8992287
16.789283075263597	3.7068331	1.9253138
16.80699983980398	3.7630093	1.9398477
16.82471700900741	3.819236	1.9542866
16.84243458332518	3.8639524	1.9656938
16.860152563208665	3.896996	1.974081
16.87787094910932	3.9600656	1.9899913
16.89558974147871	4.0319095	2.0079615
16.913308940768466	4.125706	2.0311835
16.931028547430333	4.1651006	2.0408578
16.94874856191613	4.219713	2.054194
16.966468984677785	4.2787395	2.0685115
16.98418981616729	4.3588004	2.087774
17.00191105683676	4.404127	2.0986013
17.019632707138374	4.442378	2.1076949
17.03735476752442	4.4690223	2.1140063
17.05507723844728	4.500343	2.121401
17.072800120359403	4.4786916	2.116292
17.090523413713353	4.5092473	2.123499
17.108247118961785	4.544765	2.1318455
17.125971236557437	4.5693464	2.137603
17.143695766953133	4.560842	2.1356127
17.161420710601806	4.574958	2.138915
17.179146067956477	4.58464	2.1411772
17.19687183947025	4.567636	2.1372027
17.21459802559634	4.5675774	2.1371891
17.232324626788028	4.563145	2.136152
17.25005164349871	4.59285	2.1430936
17.267779076181863	4.600216	2.1448114
17.285506925291074	4.6053815	2.1460152
17.30323519127999	4.5851607	2.1412988
17.320963874602384	4.5476303	2.1325173
17.33869297571211	4.5095887	2.1235793
17.356422495063114	4.5046716	2.1224213
17.37415243310944	4.523407	2.1268303
17.391882790305218	4.464685	2.1129801
17.40961356710468	4.4469566	2.1087809
17.42734476396215	4.4865665	2.1181517
17.445076381332044	4.529639	2.1282947
17.462808419668868	4.54471	2.1318326
17.48054087942723	4.59307	2.1431448
17.498273761061835	4.8987923	2.2133214
17.51600706502747	5.430377	2.330317
17.533740791779024	6.1512117	2.4801636
17.551474941771485	7.481428	2.73522
17.56920951545993	8.61926	2.9358575
17.586944513299528	10.698194	3.2708094
17.60467993574556	12.178955	3.489836
17.622415783253373	13.597264	3.6874468
17.64015205627843	14.749211	3.84047
17.657888755276293	15.601774	3.949908
17.675625880702604	16.001265	4.000158
17.69336343301311	15.819919	3.977426
17.71110141266366	15.2983885	3.9113154
17.728839820110178	14.505169	3.8085651
17.746578655808705	13.800795	3.714942
17.764317920215372	12.523925	3.5389159
17.7820576137864	11.219203	3.3495078
17.79979773697811	9.312219	3.0515928
17.81753829024692	7.504746	2.739479
17.835279274049356	5.8667574	2.422139
17.85302068884201	4.7985325	2.1905553
17.870762535081607	4.155872	2.0385957
17.888504813224934	3.8875728	1.9716929
17.90624752372891	3.746221	1.9355158
17.923990667050536	3.6071813	1.8992581
17.941734243646895	3.4693089	1.8626081
17.959478253975185	3.4090564	1.8463631
17.9772226984927	3.3733993	1.8366816
17.994967577656833	3.346078	1.8292288
18.01271289192506	3.292971	1.8146545
18.030458641754965	3.2700932	1.80834
18.04820482760425	3.2758253	1.8099241
18.06595144993067	3.2653832	1.8070371
18.083698509192125	3.2217848	1.7949331
18.101446005846576	3.2239947	1.7955486
18.119193940352105	3.207912	1.7910645
18.136942313166887	3.1661904	1.7793792
18.1546911247492	3.1081	1.7629805
18.1724403755574	3.1227221	1.7671225
18.19019006604997	3.1518066	1.7753328
18.207940196685467	3.1285663	1.7687753
18.225690767922575	3.0814776	1.7554138
18.243441780220046	3.066429	1.7511222
18.261193234036764	3.0339124	1.741813
18.278945129831676	3.0099692	1.7349263
18.29669746806386	2.9731116	1.7242713
18.314450249192483	2.983687	1.7273352
18.3322034736768	3.0284512	1.7402446
18.349957141976184	3.0776482	1.7543228
18.3677112545501	3.072951	1.7529835
18.385465811858108	3.0416384	1.7440294
18.403220814359884	3.0320787	1.7412865
18.420976262515172	3.0353775	1.7422335
18.43873215678387	3.0529764	1.7472769
18.456488497625923	3.068461	1.7517023
18.474245285501407	3.1449637	1.7734046
18.492002520870486	3.242457	1.8006823
18.50976020419343	3.3751938	1.83717
18.527518335930615	3.672113	1.9162759
18.545276916542516	4.2123485	2.0524006
18.563035946489688	4.3840737	2.093818
18.580795426232832	4.855107	2.2034307
18.598555356232698	4.7918696	2.189034
18.616315736950185	5.12791	2.264489
18.63407656884626	4.757121	2.1810825
18.65183785238201	4.939598	2.2225206
18.669599588018617	4.68129	2.1636288
18.68736177621737	4.678297	2.1629372
18.705124417439652	4.6895914	2.1655464
18.72288751214696	4.5313554	2.128698
18.740651060800886	4.700818	2.168137
18.758415063863115	4.3966575	2.0968208
18.77617952179546	4.53315	2.1291196
18.793944435059814	4.2421775	2.0596547
18.811709804118184	4.2342076	2.057719
18.829475629432675	4.1926694	2.047601
18.8472419114655	3.9859605	1.996487
18.86500865067897	4.103427	2.0256917
18.88277584753551	3.7712417	1.9419686
18.90054350249763	3.7921689	1.9473492
18.918311616027957	3.4227178	1.8500589
18.936080188589226	3.3121235	1.819924
18.953849220644265	3.0062377	1.7338506
18.971618712656007	2.8321922	1.6829119
18.9893886650875	2.773983	1.6655278
19.007159078401887	7.9709787	2.8232923
19.024929953062408	32.83759	5.730409
19.042701289532435	32.76622	5.7241783
19.060473088275405	25.270617	5.026989
19.07824534975489	2.557035	1.5990732
19.096018074434568	2.5718253	1.6036911
19.113791262778197	2.603216	1.6134485
19.13156491524966	2.6118743	1.6161294
19.149339032312945	2.602691	1.6132858
19.167113614432136	2.5782595	1.605696
19.184888662071433	2.5341003	1.5918858
19.202664175695123	2.5494745	1.5967073
19.220440155767623	2.5704024	1.6032474
19.238216602753447	2.5480785	1.5962702
19.2559935171172	2.5236275	1.5885929
19.27377089932361	2.4516625	1.5657786
19.291548749837514	2.4233015	1.5566957
19.309327069123835	2.4272656	1.5579684
19.32710585764763	2.4500089	1.5652504
19.344885115874032	2.455906	1.5671331
19.362664844268313	2.4827306	1.5756683
19.380445043295822	2.4795914	1.5746719
19.39822571342203	2.476194	1.5735927
19.41600685511252	2.4373214	1.5611923
19.43378846883297	2.4282725	1.5582916
19.451570555049173	2.4311404	1.5592115
19.469353114227037	2.413597	1.5535756
19.48713614683254	2.3810687	1.5430712
19.50491965333182	2.409491	1.5522535
19.52270363419109	2.422997	1.556598
19.540488089876686	2.410246	1.5524967
19.55827302085503	2.3740802	1.5408051
19.576058427592674	2.364281	1.5376219
19.593844310556282	2.3690863	1.5391836
19.611630670212598	2.3666687	1.5383981
19.629417507028506	2.4171212	1.5547093
19.64720482147098	2.4880328	1.5773499
19.6649926140071	2.5369918	1.5927937
19.682780885104084	2.516858	1.5864608
19.70056963522921	2.502682	1.5819867
19.718358864849908	2.4781747	1.574222
19.7361485744337	2.5000298	1.5811483
19.753938764448215	2.5194244	1.5872695
19.771729435361202	2.5412576	1.5941323
19.789520587640506	2.5344436	1.5919936
19.807312221754092	2.5075057	1.5835105
19.825104338170043	2.445783	1.5638999
19.842896937356517	2.415767	1.5542737
19.860690019781824	2.4254174	1.5573752
19.87848358591436	2.4876633	1.5772328
19.896277636222635	2.4737847	1.572827
19.914072171175278	2.444296	1.5634245
19.931867191241015	2.4385004	1.5615698
19.94966269688869	2.4917428	1.5785255
19.967458688587264	2.504611	1.5825963
19.985255166805807	2.4585369	1.5679722
20.00305213201348	2.4180434	1.5550059
20.020849584679578	2.401084	1.5495431
20.038647525273507	2.4425857	1.5628774
20.05644595426477	2.4631314	1.5694367
20.07424487212299	2.4430878	1.563038
20.092044279317903	2.4361424	1.5608146
20.109844176319353	2.4244947	1.557079
20.127644563597304	2.453518	1.566371
20.145445441621817	2.451769	1.5658126
20.16324681086307	2.4288435	1.5584748
20.181048671791373	2.3946333	1.5474603
20.198851024877122	2.4184062	1.5551226
20.216653870590836	2.4466572	1.5641794
20.234457209403146	2.44373	1.5632435
20.252261041784802	2.4412143	1.5624386
20.270065368206662	2.4212644	1.5560412
20.287870189139685	2.3609273	1.536531
20.305675505054968	2.3141143	1.5212213
20.323481316423702	2.3028357	1.5175097
20.341287623717207	2.3112032	1.5202641
20.359094427406884	2.3354754	1.5282263
20.376901727964288	2.3608005	1.5364897
20.39470952586107	2.3545482	1.5344537
20.41251782156899	2.3324382	1.5272322
20.430326615559935	2.3221576	1.5238627
20.448135908305886	2.3139548	1.521169
20.465945700278965	2.3208425	1.5234312
20.483755991951384	2.3210576	1.5235018
20.50156678379548	2.3006454	1.5167879
20.519378076283708	2.3105812	1.5200596
20.537189869888635	2.3029253	1.5175393
20.55500216508294	2.2761824	1.5087023
20.572814962339415	2.2484014	1.499467
20.59062826213098	2.2383387	1.4961078
20.60844206493066	2.2723968	1.5074471
20.626256371211593	2.3177764	1.5224246
20.644071181447032	2.364173	1.5375867
20.66188649611036	2.3560083	1.5349294
20.67970231567506	2.3234382	1.5242828
20.697518640614742	2.327106	1.5254855
20.715335471403122	2.3105576	1.5200518
20.73315280851404	2.3117528	1.520445
20.750970652421447	2.30549	1.518384
20.768789003599412	2.3456318	1.5315455
20.786607862522136	2.349351	1.5327593
20.8044272296639	2.3278062	1.525715
20.82224710549913	2.2888784	1.5129039
20.84006749050237	2.263433	1.504471
20.857888385148268	3.8386352	1.9592435
20.8757097899116	45.947918	6.7784896
20.893531705267254	64.80344	8.050058
20.911354131690224	83.803856	9.154445
20.92917706965566	69.058464	8.3101425
20.94700051963877	50.131428	7.080355
20.96482448211493	29.410656	5.423159
20.982648957559622	4.133811	2.0331776
21.00047394644843	2.2199953	1.4899648
21.01829944925707	2.1713326	1.4735442
21.036125466461375	2.1696067	1.4729584
21.053951998537297	2.1597407	1.4696056
21.071779045960906	2.1730044	1.4741114
21.089606609208378	2.2055535	1.4851106
21.10743468875603	2.217359	1.48908
21.12526328508028	2.1972518	1.482313
21.143092398657675	2.1734347	1.4742573
21.16092202996488	2.191473	1.4803624
21.17875217947867	2.189115	1.4795659
21.19658284767596	2.1542842	1.467748
21.21441403503377	2.159778	1.4696183
21.232245742029225	2.1632824	1.47081
21.2500779691396	2.1498303	1.46623
21.26791071684227	2.140444	1.4630257
21.28574398561475	2.1444588	1.4643971
21.30357777593465	2.1634183	1.4708563
21.321412088279704	2.143939	1.4642196
21.339246923127792	2.1233382	1.4571679
21.357082280956888	2.082159	1.4429688
21.3749181622451	2.071417	1.4392419
21.392754567470647	2.0705056	1.4389251
21.41059149711187	2.0956903	1.44765
21.42842895164726	2.0733213	1.4399033
21.446266931555378	2.0882983	1.4450946
21.464105437314945	2.137182	1.4619104
21.481944469404798	2.1532526	1.4673965
21.49978402830388	2.127061	1.4584447
21.51762411449127	2.0898242	1.4456224
21.53546472844617	2.084891	1.4439152
21.553305870647876	2.0805562	1.4424133
21.571147541575865	2.088284	1.4450896
21.58898974170967	2.059913	1.4352397
21.60683247152899	2.0421262	1.4290298
21.62467573151363	2.0512419	1.4322157
21.642519522143523	2.0655098	1.4371881
21.660363843898722	2.077477	1.4413456
21.6782086972594	2.062419	1.4361124
21.696054082705864	2.0616856	1.435857
21.713900000718535	2.0346043	1.4263955
21.73174645177795	1.9832852	1.4082916
21.749593436364794	1.9368858	1.3917204
21.767440954959845	1.9536486	1.3977298
21.785289008044032	1.9787719	1.4066883
21.803137596098388	2.0165575	1.4200554
21.820986719604086	2.017928	1.4205378
21.838836379042412	2.0069466	1.4166675
21.85668657489478	1.9753486	1.405471
21.87453730764273	1.9638996	1.401392
21.892388577767914	1.9304789	1.3894168
21.91024038575213	1.9440968	1.3943087
21.928092732077285	1.9671332	1.4025452
21.945945617225426	2.018349	1.4206861
21.963799041678694	2.0180142	1.4205682
21.981653005919398	31.306929	5.5952597
21.999507510429943	78.0864	8.836651
22.01736255569286	73.03433	8.546013
22.035218142190818	4.145457	2.0360396
22.05307427040661	1.9753623	1.4054759
22.07093094082315	1.9869703	1.4095993
22.088788153923474	1.9762331	1.4057856
22.106645910190746	1.9449492	1.3946143
22.12450421010827	1.9562992	1.3986777
22.142363054159464	1.9946288	1.4123132
22.16022244282787	2.018873	1.4208705
22.178082376597164	1.9775614	1.4062579
22.195942855951145	1.9383739	1.392255
22.213803881373742	1.9410313	1.393209
22.231665453349002	1.9561715	1.398632
22.24952757236111	1.9564477	1.3987308
22.26739023889438	1.9518701	1.3970934
22.28525345343323	1.982016	1.4078408
22.30311721646225	2.0161803	1.4199226
22.320981528466113	2.0156145	1.4197234
22.33884638992964	1.9675765	1.4027033
22.356711801337788	1.9495173	1.3962511
22.37457776317561	1.9378377	1.3920624
22.392444275928337	1.9185443	1.3851153
22.410311340081282	1.9012269	1.3788499
22.428178956119904	1.8891449	1.3744617
22.446047124529805	1.8854046	1.3731004
22.46391584579669	1.863	1.3649176
22.481785120406414	1.9032393	1.3795794
22.49965494884496	1.9059436	1.3805592
22.51752533159841	1.9036223	1.3797182
22.53539626915302	1.8945441	1.3764244
22.553267761995137	1.8965864	1.377166
22.571139810611264	1.9381449	1.3921727
22.589012415488025	1.9637996	1.4013563
22.60688557711216	1.9561442	1.3986223
22.624759295970566	1.9151353	1.3838841
22.642633572550263	1.9213303	1.3861206
22.660508407338362	1.9124475	1.3829126
22.67838380082217	1.9061232	1.3806242
22.696259753489077	1.9192721	1.385378
22.714136265826614	1.9627783	1.4009919
22.73201333832246	1.9666252	1.4023641
22.74989097146439	1.939526	1.3926686
22.76776916574035	1.8833176	1.3723402
22.785647921638393	1.8243079	1.3506694
22.803527239646712	1.8392241	1.35618
22.82140712025363	1.8724251	1.3683659
22.839287563947593	1.8775854	1.3702501
22.85716857121719	1.847614	1.3592696
22.875050142551135	1.8674333	1.3665407
22.892932278438277	1.9010954	1.3788022
22.910814979367604	1.9331162	1.3903655
22.928698245828222	1.909513	1.3818513
22.946582078309387	1.9173437	1.3846818
22.96446647730047	1.88275	1.3721334
22.98235144329098	1.8803934	1.3712744
23.000236976770562	1.869998	1.3674787
23.018123078229	1.8712904	1.3679512
23.03600974815619	1.8601327	1.3638668
23.053896987042194	1.8932912	1.3759692
23.071784795377173	1.9231555	1.3867788
23.08967317365145	1.9247674	1.3873599
23.10756212235546	1.8946241	1.3764534
23.125451641979787	1.8865992	1.3735353
23.143341733015134	1.891531	1.3753294
23.161232395952357	1.8906689	1.375016
23.179123631282426	1.8963861	1.3770933
23.197015439496468	1.9032634	1.3795881
23.214907821085717	1.8893687	1.3745431
23.23280077654157	1.9057657	1.3804947
23.250694306355538	1.9213735	1.3861362
23.268588411019277	1.920811	1.3859333
23.28648309102458	1.9084432	1.3814641
23.304378346863356	1.9016354	1.3789979
23.322274179027676	1.9327455	1.3902322
23.340170588009723	1.9343121	1.3907955
23.358067574301852	1.9144775	1.3836465
23.37596513839651	1.8895751	1.3746182
23.39386328078629	1.8720556	1.3682308
23.411762001963947	1.8931652	1.3759234
23.429661302422353	1.9172069	1.3846323
23.4475611826545	1.9307119	1.3895006
23.46546164315356	1.9216077	1.3862207
23.48336268441279	1.9115595	1.3825916
23.501264306925638	1.9051894	1.380286
23.51916651118564	1.9122968	1.3828582
23.537069297686497	1.9591104	1.3996823
23.554972666922037	1.9595222	1.3998294
23.57287661938623	1.9584701	1.3994535
23.59078115557318	1.8953848	1.3767297
23.608686275977128	1.909244	1.3817539
23.62659198109246	1.9389725	1.3924699
23.6444982714137	1.9497132	1.3963213
23.66240514743549	1.887384	1.373821
23.68031260965263	1.8314681	1.3533175
23.698220658560068	1.8073457	1.3443756
23.716129294652845	1.8031852	1.3428273
23.7340385184262	1.8344629	1.3544234
23.75194833037546	1.8667299	1.3662832
23.769858730996123	1.8880066	1.3740475
23.78776972078382	1.8842821	1.3726915
23.80568130023431	1.8738807	1.3688977
23.823593469843495	1.8972212	1.3773966
23.841506230107424	1.9428668	1.3938676
23.859419581522275	1.9088788	1.3816218
23.87733352458438	1.8614186	1.3643382
23.89524805979019	1.8697789	1.3673986
23.913163187636318	1.9249614	1.3874298
23.931078908619508	1.956711	1.3988249
23.948995223236633	1.9693455	1.4033337
23.966912131984735	2.004179	1.4156903
23.98482963536096	2.0149279	1.4194815
24.002747733862616	2.0173862	1.4203472
24.020666427987155	2.0323708	1.4256124
24.038585718232156	2.0146105	1.4193698
24.056505605095353	1.9931448	1.4117877
24.074426089074617	2.007704	1.4169347
24.092347170667946	2.0276375	1.4239514
24.110268850373515	2.049188	1.4314985
24.128191128689586	2.0533102	1.4329376
24.146114006114626	1.9909304	1.4110034
24.164037483147187	1.9969327	1.4131287
24.181961560286005	2.0287282	1.4243343
24.199886238029926	2.044769	1.4299542
24.21781151687797	2.05244	1.4326339
24.235737397329274	2.0208926	1.421581
24.253663879883135	2.0585675	1.434771
24.271590965038975	2.0516198	1.4323477
24.289518653296376	2.0286608	1.4243107
24.30744694515505	2.0134614	1.4189649
24.32537584111486	2.0265222	1.4235597
24.34330534167581	2.0177119	1.4204619
24.361235447338046	2.003979	1.4156196
24.379166158601876	2.0029478	1.4152554
24.39709747596772	1.9985694	1.4137076
24.41502939993615	1.9917115	1.41128
24.432961931007917	1.9965459	1.4129919
24.450895069683856	1.9808278	1.4074188
24.468828816465	1.9565101	1.398753
24.4867631718525	1.937831	1.39206
24.504698136347656	1.9163004	1.384305
24.52263371045192	1.8732156	1.3686546
24.540569894666874	1.8521671	1.3609434
24.558506689494266	1.87019	1.367549
24.57644409543597	1.9206496	1.3858751
24.594382112994012	1.9233234	1.3868394
24.61232074267057	1.9002423	1.3784928
24.630259984967953	1.8927835	1.3757846
24.64819984038863	1.8954248	1.3767443
24.66614030943522	1.9364283	1.391556
24.684081392610462	1.9754788	1.4055172
24.702023090417274	1.9938534	1.4120388
24.7199654033587	1.9838339	1.4084864
24.737908331937927	1.9785192	1.4065984
24.755851876658305	1.9866154	1.4094734
24.773796038023324	2.079868	1.4421748
24.79174081653661	2.1079676	1.4518842
24.809686212701962	2.1330836	1.460508
24.827632227023294	2.0986183	1.4486609
24.8455788600047	2.0225842	1.4221759
24.8635261121504	1.9964068	1.4129426
24.88147398396475	1.9845219	1.4087306
24.899422475952303	2.0266237	1.4235953
24.917371588617698	2.068639	1.4382764
24.935321322465768	2.1152275	1.4543822
24.953271678001478	2.238994	1.4963268
24.97122265572994	2.4679167	1.5709604
24.989174256156414	2.79745	1.672558
25.00712647978632	3.1737318	1.7814971
25.02507932712521	3.6999524	1.923526
25.043032798678798	4.1838775	2.0454528
25.060986894952933	4.7584844	2.181395
25.078941616453637	5.356705	2.3144557
25.096896963687055	6.2183723	2.4936664
25.114852937159508	7.3082304	2.703374
25.132809537377444	7.800859	2.793002
25.150766764847468	7.883043	2.8076756
25.168724620076347	7.3954263	2.7194533
25.186683103570985	6.554645	2.560204
25.204642215838426	5.496984	2.3445647
25.222601957385894	4.2023077	2.049953
25.24056232872074	3.2113678	1.792029
25.25852333035048	2.6698048	1.6339537
25.276484962782778	2.318408	1.5226319
25.294447226525435	2.121128	1.4564093
25.312410122086423	1.9972905	1.4132553
25.330373649973843	1.9531496	1.3975513
25.348337810695988	1.9262619	1.3878983
25.366302604761245	1.9129066	1.3830787
25.384268032678207	1.8780339	1.3704138
25.40223409495558	1.8866549	1.3735555
25.420200792102257	1.8679446	1.3667277
25.438168124627246	1.8788648	1.3707169
25.45613609303974	1.9269648	1.3881515
25.474104697849057	1.9258754	1.3877591
25.492073939564698	1.9096614	1.381905
25.510043818696285	1.9024792	1.3793038
25.528014335753614	1.868349	1.3668756
25.54598549124664	1.7879694	1.3371497
25.56395728568544	1.7454726	1.3211633
25.58192971958028	1.8131175	1.3465205
25.59990279344156	1.8638545	1.3652306
25.617876507779833	1.8275285	1.3518611
25.635850863105826	1.8094978	1.3451757
25.653825859930386	1.863571	1.3651267
25.671801498764548	1.8528441	1.3611922
25.68977778011949	1.8587123	1.363346
25.707754704506524	1.837594	1.3555789
25.725732272437153	1.8208138	1.3493754
25.743710484423012	1.803106	1.3427978
25.761689340975888	1.8052461	1.3435944
25.77966884260774	1.8090185	1.3449975
25.797648989830662	1.8232571	1.3502804
25.815629783156922	1.8693775	1.3672518
25.83361122309895	1.8758514	1.3696172
25.85159331016929	1.884286	1.372693
25.869576044880695	1.8383977	1.3558753
25.887559427746034	1.8299562	1.3527588
25.90554345927836	1.8200536	1.3490936
25.92352813999086	1.7902497	1.3380021
25.94151347039689	1.7338651	1.3167632
25.959499451009965	1.7624379	1.3275684
25.97748608234374	1.7575117	1.3257117
25.995473364912062	1.7331294	1.3164837
26.013461299228904	1.7830194	1.3352975
26.03144988580839	1.8920256	1.3755093
26.04943912516483	1.8765548	1.369874
26.067429017812675	1.8476999	1.3593012
26.085419564266537	1.8294721	1.3525798
26.103410765041186	1.8482004	1.3594854
26.12140262065155	1.8125179	1.3462979
26.139395131612723	1.8398331	1.3564045
26.157388298439948	1.8709328	1.3678205
26.17538212164861	1.8320577	1.3535353
26.193376601754295	1.7775664	1.3332541
26.211371739272714	1.780511	1.3343579
26.229367534719746	1.7893667	1.3376721
26.247363988611433	1.7494686	1.3226748
26.26536110146397	1.7410252	1.3194791
26.283358873793727	1.7527876	1.3239288
26.301357306117204	1.7746418	1.3321568
26.319356398951104	1.753021	1.324017
26.33735615281224	1.7709689	1.3307775
26.35535656821762	1.7799516	1.3341483
26.373357645684404	1.831766	1.3534275
26.39135938572991	1.8278478	1.3519793
26.409361788871614	1.8017775	1.342303
26.427364855627165	1.7848805	1.3359942
26.445368586514352	1.8081145	1.3446615
26.46337298205115	1.8283573	1.3521676
26.48137804275568	1.822948	1.350166
26.499383769146217	1.7955589	1.3399847
26.517390161741215	1.7810104	1.334545
26.53539722105928	1.7911929	1.3383546
26.553404947619182	1.7806658	1.3344159
26.571413341939856	1.7724286	1.3313259
26.589422404540397	1.7395762	1.3189299
26.60743213594006	1.7529327	1.3239837
26.62544253665827	1.7647268	1.3284302
26.64345360721459	1.7936391	1.3392681
26.66146534812879	1.7706288	1.3306497
26.679477759920758	1.7996395	1.3415064
26.69749084311057	1.8348142	1.3545531
26.71550459821847	1.8461342	1.3587252
26.733519025764842	1.808713	1.344884
26.751534126270258	1.8015296	1.3422108
26.769549900255434	1.7958515	1.3400939
26.787566348241267	1.7962085	1.340227
26.80558347074881	1.7801254	1.3342134
26.823601268299267	1.7767453	1.3329461
26.841619741414036	1.7682331	1.3297492
26.85963889061465	1.787971	1.3371503
26.877658716422832	1.8127394	1.3463801
26.89567921936045	1.7679309	1.3296356
26.913700399949544	1.7317282	1.3159515
26.93172225871233	1.7544827	1.3245689
26.949744796171174	1.7631966	1.3278542
26.967768012848605	1.7900864	1.337941
26.98579190926733	1.8081738	1.3446835
27.003816485950225	1.77571	1.3325577
27.021841743420318	1.7695112	1.3302298
27.039867682200814	1.7710714	1.330816
27.057894302815072	1.7623528	1.3275363
27.07592160578664	1.7408643	1.3194182
27.0939495916392	1.7730114	1.3315448
27.111978260896635	1.7791969	1.3338654
27.13000761408296	1.7485946	1.3223444
27.148037651722397	1.7490853	1.3225299
27.166068374339304	1.7817111	1.3348075
27.184099782458215	1.7653085	1.3286492
27.20213187660384	1.745085	1.3210167
27.22016465730105	1.7262098	1.313853
27.23819812507487	1.706222	1.3062243
27.256232280450533	1.7471286	1.32179
27.274267123953383	1.7860508	1.3364321
27.292302656108987	1.8046478	1.3433717
27.31033887744306	1.7835337	1.3354901
27.32837578848146	1.7953603	1.3399105
27.34641338975026	1.8241785	1.3506215
27.364451681775673	1.7811854	1.3346106
27.382490665084074	1.8319807	1.3535068
27.400530340202046	1.8798113	1.3710622
27.41857070765629	1.8794721	1.3709384
27.436611767973726	1.8254488	1.3510917
27.454653521681404	1.7812189	1.3346231
27.472695969306564	1.7593503	1.326405
27.490739111376627	1.7651577	1.3285924
27.508782948419153	1.776507	1.3328567
27.526827480961902	1.7576722	1.3257723
27.54487270953279	1.7829362	1.3352664
27.562918634659898	1.7982874	1.3410023
27.580965256871508	1.7574137	1.3256748
27.599012576696026	1.7546778	1.3246425
27.617060594662068	1.7924099	1.3388091
27.63510931129842	1.8024482	1.3425529
27.65315872713401	1.8097385	1.3452653
27.67120884269797	1.8174489	1.348128
27.68925965851958	1.8296722	1.3526537
27.707311175128307	1.8172504	1.3480543
27.725363393053787	1.8095669	1.3452014
27.74341631282583	1.8356967	1.3548789
27.7614699349744	1.8723966	1.3683554
27.77952426002968	2.0831716	1.4433197
27.797579288521973	2.1216803	1.4565989
27.815635020981784	2.537009	1.5927991
27.83369145793979	2.5678618	1.6024549
27.85174859992682	2.4403524	1.5621628
27.869806447473923	2.3192554	1.5229101
27.887865001112267	2.0277998	1.4240084
27.905924261373233	1.8890461	1.3744258
27.92398422878836	1.8394277	1.356255
27.94204490388936	1.8179173	1.3483016
27.96010628720813	1.8095533	1.3451964
27.978168379276728	1.7867744	1.3367028
27.9962311806274	1.7801058	1.3342061
28.014294691792568	1.799874	1.3415939
28.0323589133048	1.8163258	1.3477113
28.050423845696887	1.8549095	1.3619506
28.068489489501758	1.863067	1.3649422
28.086555845252523	1.8479289	1.3593855
28.104622913482487	1.8266613	1.3515403
28.122690694725115	1.85465	1.3618554
28.14075918951405	1.8828243	1.3721604
28.15882839838312	1.9194424	1.3854394
28.176898321866304	1.9399359	1.3928158
28.1949689604978	1.943126	1.3939605
28.213040314811945	1.9076567	1.3811795
28.23111238534327	1.9062078	1.3806548
28.249185172626493	1.917777	1.3848382
28.267258677196473	1.9147075	1.3837296
28.285332899588294	1.8784268	1.3705571
28.303407840337172	1.8633506	1.365046
28.321483499978545	1.858712	1.3633459
28.33955987904799	1.8973975	1.3774605
28.357636978081285	1.9041545	1.3799111
28.37571479761439	1.895383	1.3767291
28.393793338183425	1.8944526	1.3763912
28.41187260032469	1.9072312	1.3810254
28.429952584574686	1.9628565	1.4010198
28.448033291470065	2.0123801	1.4185839
28.46611472154769	1.936501	1.3915823
28.484196875344566	1.8341072	1.3542922
28.502279753397914	1.811826	1.3460408
28.52036335624511	1.8740394	1.3689556
28.538447684423716	1.9420279	1.3935666
28.556532738471482	1.9639908	1.4014245
28.574618518926325	1.9699287	1.4035414
28.59270502632635	1.9281588	1.3885815
28.61079226120985	1.9014792	1.3789413
28.628880224115274	1.9415936	1.3934108
28.646968915581287	1.9785993	1.4066269
28.66505833614671	1.9603306	1.4001181
28.68314848635055	1.9291596	1.3889419
28.701239366732004	1.9913759	1.4111612
28.71933097783044	2.008459	1.4172012
28.737423320185403	1.996605	1.4130127
28.75551639433665	2.0373805	1.4273684
28.773610200824074	2.0750942	1.4405187
28.791704740187793	2.1470845	1.4652933
28.80980001296809	2.162498	1.4705434
28.827896019705413	2.123215	1.4571255
28.845992760940433	2.069748	1.4386618
28.86409023721397	2.1172938	1.4550924
28.88218844906704	2.180224	1.4765581
28.900287397040845	2.2051115	1.4849617
28.918387081676755	2.1906369	1.48008
28.936487503516343	2.2003458	1.4833562
28.954588663101365	2.2832756	1.5110512
28.97269056097374	2.3452232	1.5314121
28.990793197675597	2.3369257	1.5287007
29.00889657374923	2.2865741	1.5121422
29.027000689737125	2.3014517	1.5170536
29.04510554618196	2.3758879	1.5413915
29.06321114362659	2.413138	1.5534278
29.08131748261405	2.4498966	1.5652145
29.099424563687567	2.4701414	1.5716684
29.11753238739057	2.5041158	1.5824398
29.13564095426663	2.512812	1.5851852
29.15375026485954	2.5413015	1.594146
29.171860319713275	2.5685303	1.6026635
29.18997111937199	2.6048155	1.613944
29.20808266438002	2.7002892	1.6432557
29.226194955281898	2.7877717	1.6696621
29.244307992622335	2.851266	1.6885692
29.26242177694624	2.8756278	1.6957676
29.2805363087987	2.857996	1.6905608
29.29865158872498	2.8173354	1.678492
29.316767617270557	2.786091	1.6691588
29.334884394981064	2.8476691	1.6875038
29.353001922402367	2.9573882	1.7197058
29.37112020008047	3.0509849	1.7467068
29.389239228561596	3.1438437	1.7730887
29.407359008392152	3.3040438	1.8177029
29.42547954011872	3.6626673	1.9138097
29.44360082428809	4.2457757	2.060528
29.46172286144722	5.245071	2.290212
29.479845652143283	6.619833	2.5729036
29.497969196923606	8.404404	2.899035
29.516093496335728	10.610628	3.257396
29.5342185509274	13.059905	3.6138492
29.55234436124651	15.15399	3.8928125
29.570470927841175	16.321558	4.0399947
29.588598251259686	16.214209	4.026687
29.60672633205055	15.161717	3.893805
29.624855170762405	13.258718	3.6412523
29.642984767944146	10.826827	3.2904143
29.66111512414481	8.325934	2.8854694
29.67924623991366	6.31413	2.5127933
29.697378115800138	4.9960365	2.2351816
29.71551075235387	4.1513085	2.037476
29.733644150124675	3.7134569	1.9270332
29.751778309662576	3.4727924	1.8635429
29.769913231517766	3.433968	1.8530968
29.78804891624066	3.3729122	1.8365489
29.806185364381818	3.2790182	1.8108059
29.82432257649206	3.2232192	1.7953326
29.842460553122333	3.2687447	1.8079671
29.86059929482382	3.234694	1.7985255
29.878738802147872	3.1687906	1.7801098
29.896879075646048	3.197498	1.788155
29.915020115870114	3.2165349	1.79347
29.933161923371976	3.1664042	1.7794393
29.951304498703777	3.1640086	1.778766
29.969447842417857	3.1334112	1.7701443
29.987591955066733	3.1375964	1.7713262
30.005736837203123	3.1540792	1.7759727
30.023882489379943	3.1248262	1.7677178
30.04202891215028	3.1597626	1.7775722
30.060176106067455	3.1506646	1.7750112
30.078324071684946	3.1681623	1.7799332
30.09647280955646	3.1646736	1.778953
30.114622320235863	3.0965667	1.7597064
30.132772604277257	3.1132846	1.7644502
30.1509236622349	3.0627253	1.7500644
30.16907549466328	2.9994714	1.7318982
30.18722810211705	2.9916706	1.7296447
30.205381485151097	2.991103	1.7294805
30.22353564432045	3.006051	1.7337967
30.241690580180403	2.992253	1.729813
30.25984629328638	2.9816475	1.7267448
30.278002784194037	3.0107787	1.7351595
30.296160053459246	2.966118	1.7222421
30.314318101638033	2.8756773	1.6957822
30.332476929286646	2.847513	1.6874576
30.35063653696153	2.8813987	1.6974683
30.368796925219307	2.895277	1.7015513
30.386958094616844	2.814959	1.677784
30.40512004571115	2.8128674	1.6771605
30.423282779059463	2.8804023	1.6971748
30.441446295219233	2.9178286	1.7081653
30.459610594748067	2.8706362	1.6942952
30.47777567820382	2.7603645	1.6614345
30.495941546144504	2.7384515	1.6548268
30.51410819912835	2.8366497	1.6842356
30.532275637713795	2.8469434	1.6872888
30.55044386245946	2.8006525	1.673515
30.56861287392416	2.7972896	1.67251
30.586782672666956	2.8202684	1.6793655
30.604953259247047	2.7763686	1.6662439
30.623124634223885	2.7114887	1.6466599
30.641296798157075	2.7092903	1.6459922
30.659469751606462	2.6940086	1.6413435
30.677643495132074	2.6305983	1.6219119
30.695818029294152	2.5915365	1.609825
30.713993354653116	2.6198127	1.6185836
30.73216947176962	2.6754422	1.6356779
30.75034638120448	2.6747546	1.6354676
30.768524083518756	2.6969204	1.6422303
30.786702579273673	2.6823044	1.6377742
30.80488186903069	2.7198935	1.64921
30.82306195335144	2.861276	1.6915306
30.841242832797782	3.0493119	1.7462279
30.85942450793176	3.2786222	1.8106966
30.877606979315637	3.5711114	1.8897384
30.895790247511883	3.9249725	1.9811543
30.913974313083134	4.31857	2.078117
30.932159176592283	4.5954957	2.1437106
30.95034483860237	4.5668	2.1370072
30.968531299676698	4.3810616	2.0930986
30.98671856037873	4.0924706	2.0229855
31.00490662127215	3.7291923	1.9311117
31.023095482920848	3.3215704	1.8225176
31.04128514588892	2.9450576	1.716117
31.059475610740662	2.685221	1.6386644
31.07766687804056	2.5296397	1.5904841
31.09585894835335	2.4140084	1.553708
31.11405182224393	2.389292	1.5457335
31.132245500277417	2.3895707	1.5458237
31.15043998301914	2.40343	1.5503
31.168635271034628	2.3586724	1.535797
31.18683136488964	2.3201005	1.5231876
31.20502826515008	2.3321228	1.5271289
31.223225972382135	2.3978252	1.5484912
31.241424487152155	2.4479883	1.5646049
31.259623810026692	2.4551644	1.5668964
31.27782394157253	2.4328349	1.5597547
31.296024882356644	2.3744807	1.540935
31.314226632946237	2.430192	1.5589073
31.332429193908684	2.440193	1.5621117
31.350632565811598	2.415007	1.5540293
31.368836749222787	2.4230695	1.5566212
31.387041744710295	2.485692	1.5766077
31.40524755284232	2.5251725	1.5890791
31.423454174187317	2.51759	1.5866915
31.441661609313922	2.5534918	1.5979649
31.459869858791002	2.4988897	1.5807877
31.478078923187628	2.4324846	1.5596424
31.496288803073064	2.3857732	1.5445949
31.514499499016807	2.3169844	1.5221643
31.532711011588546	2.2787476	1.5095521
31.550923341358178	2.3275468	1.52563
31.56913648889584	2.307416	1.519018
31.587350454771844	2.2940745	1.5146203
31.605565239556732	2.3183544	1.5226144
31.62378084382127	2.2971663	1.5156406
31.641997268136382	2.314552	1.5213652
31.660214513073274	2.302246	1.5173154
31.67843257920331	2.2946804	1.5148202
31.6966514670981	2.2822802	1.5107218
31.71487117732944	2.2530365	1.5010118
31.733091710469346	2.2456162	1.498538
31.751313067090052	2.2815819	1.5104907
31.769535247764008	2.3131516	1.5209049
31.787758253063878	2.3091428	1.5195864
31.805982083562526	2.2432344	1.4977431
31.824206739833024	2.1597302	1.4696021
31.84243222244869	2.1866076	1.4787183
31.860658531983013	2.2586813	1.502891
31.878885669009737	2.231	1.4936532
31.897113634102784	2.205569	1.4851159
31.91534242783632	2.1842394	1.4779172
31.933572050784694	2.2140887	1.4879814
31.951802503522508	2.1880982	1.4792222
31.970033786624548	2.19947	1.4830611
31.988265900665834	2.187895	1.4791535
32.006498846221575	2.2115092	1.4871144
32.02473262386724	2.2177644	1.489216
32.04296723417845	2.252574	1.5008577
32.0612026777311	2.2072225	1.4856724
32.07943895510129	2.1133687	1.453743
32.097676066865304	2.091505	1.4462037
32.115914013599685	2.1034498	1.4503275
32.13415279588115	2.1331618	1.4605348
32.152392414286666	2.1780388	1.475818
32.1706328693934	2.1895423	1.4797102
32.18887416177875	2.160158	1.4697475
32.20711629202032	2.120924	1.4563392
32.225359260695924	2.1198797	1.4559807
32.243603068383614	2.1195009	1.4558506
32.26184771566166	2.1561465	1.4683822
32.28009320310852	2.115511	1.4544796
32.2983395313029	2.0478497	1.431031
32.31658670082372	2.0386934	1.4278282
32.33483471225012	2.1044788	1.4506822
32.35308356616143	2.1394439	1.4626838
32.371333263137245	2.1698573	1.4730436
32.38958380375734	2.1059575	1.4511918
32.407835188601744	2.0939753	1.4470575
32.42608741825067	2.0692744	1.4384973
32.444340493284585	2.07061	1.4389615
32.46259441428416	2.042208	1.4290584
32.48084918183028	2.0405078	1.4284635
32.49910479650405	2.0241537	1.4227276
32.51736125888683	2.0034108	1.415419
32.53561856956014	1.9923632	1.411511
32.5538767291058	2.035586	1.4267397
32.572135738105764	2.0377579	1.4275006
32.59039559714228	2.1164904	1.4548162
32.608656306797776	2.1174912	1.4551603
32.62691786765491	2.0876062	1.4448551
32.645180280296586	1.9873922	1.409749
32.663443545305896	1.8982267	1.3777615
32.68170766326619	1.882938	1.3722019
32.69997263476099	2.0165753	1.4200617
32.7182384603741	2.0996222	1.4490074
32.7365051406895	2.1078773	1.451853
32.75477267629144	2.0037804	1.4155495
32.77304106776434	1.9608349	1.4002981
32.79131031569289	1.9279573	1.388509
32.809580420661966	1.9367976	1.3916888
32.827851383256714	2.0303795	1.4249139
32.84612320406245	2.0544147	1.433323
32.86439588366476	1.9699161	1.403537
32.88266942264945	1.9184235	1.3850716
32.9009438216025	1.9157859	1.3841192
32.9192190811102	1.8942144	1.3763046
32.937495201758985	1.9215864	1.386213
32.95577218413556	1.9975947	1.4133629
32.974050028826866	1.9779793	1.4064065
32.992328736420035	1.8711607	1.3679038
33.010608307502444	1.869431	1.3672714
33.02888874266169	1.880941	1.371474
33.047170042485604	1.8081858	1.344688
33.06545220756225	1.844063	1.3579628
33.083735238479896	1.9462872	1.3950939
33.10201913582707	1.9568061	1.3988588
33.12030390019248	1.9351338	1.3910909
33.138589532165135	1.9380447	1.3921367
33.15687603233419	2.0006647	1.4144485
33.17516340128909	2.1083257	1.4520075
33.19345163961947	2.05497	1.4335166
33.211740747915215	1.9214405	1.3861604
33.23003072676643	1.8337711	1.354168
33.248321576763466	1.8781847	1.3704687
33.266613298496885	1.9115037	1.3825713
33.28490589255747	1.9608349	1.4002981
33.30319935953626	1.9745799	1.4051975
33.32149370002451	1.9681622	1.402912
33.339788914613706	1.9552377	1.3982981
33.358085003895575	1.9463791	1.3951269
33.376381968462034	1.8997126	1.3783005
33.39467980890529	1.8391849	1.3561655
33.41297852581774	1.8685257	1.3669403
33.43127811979204	1.8711315	1.3678931
33.44957859142105	1.9310609	1.3896261
33.467879941297866	2.0110104	1.418101
33.486182170015844	2.0207872	1.421544
33.50448527816853	1.8809249	1.3714682
33.522789266349754	1.9500253	1.3964331
33.541094135153514	2.0492153	1.4315081
33.55939988517411	1.9772689	1.4061539
33.57770651700602	1.7430545	1.3202479
33.59601403124398	1.6625924	1.2894155
33.61432242848296	1.7147142	1.3094709
33.632631709318154	1.8122417	1.3461952
33.650941874344994	1.774512	1.3321081
33.66925292415916	1.8028902	1.3427174
33.68756485935654	1.9156095	1.3840555
33.70587768053328	1.8662708	1.3661152
33.724191388285746	1.8992712	1.3781404
33.74250598321054	1.9948127	1.4123784
33.760821465904506	2.017404	1.4203535
33.77913783696474	1.9802412	1.4072105
33.79745509698852	2.006297	1.4164382
33.815773246573414	1.8760264	1.3696811
33.8340922863172	1.863952	1.3652663
33.852412216817896	1.9074687	1.3811114
33.87073303867377	1.8795764	1.3709764
33.889054752483304	1.8808427	1.3714381
33.907377358845245	1.9447712	1.3945506
33.92570085835853	1.9754899	1.4055212
33.94402525162239	2.0115652	1.4182966
33.96235053923627	1.9145889	1.3836867
33.980676721799824	1.9165294	1.3843877
33.999003799912984	1.9361885	1.3914698
34.01733177417592	1.892351	1.3756275
34.03566064518901	1.8510909	1.360548
34.0539904135529	1.8911717	1.3751988
34.07232107986846	1.9577061	1.3991805
34.090652644736785	1.956953	1.3989114
34.108985108759235	1.8279251	1.3520077
34.12731847253742	1.832464	1.3536854
34.14565273667313	1.8814934	1.3716754
34.16398790176847	1.9420426	1.3935719
34.18232396842574	1.9256248	1.3876688
34.20066093724749	1.9169754	1.3845488
34.21899880883651	1.8742821	1.3690442
34.23733758379583	1.8599694	1.363807
34.25567726272874	2.009657	1.4176236
34.27401784623872	2.0968955	1.4480661
34.29235933492957	2.0197527	1.42118
34.31070172940526	1.7933209	1.3391494
34.32904503027003	1.7859746	1.3364036
34.347389238128386	1.9734358	1.4047903
34.36573435358502	2.0626345	1.4361875
34.38408037724492	1.9559052	1.3985368
34.402427309713296	1.9448346	1.3945732
34.42077515159559	1.9534974	1.3976758
34.43912390349752	1.9470694	1.3953743
34.45747356602499	1.8990974	1.3780774
34.47582413978423	1.8119279	1.3460788
34.49417562538163	1.804739	1.3434057
34.51252802342388	1.8537223	1.3615147
34.53088133451789	1.8681483	1.3668022
34.54923555927084	2.0284274	1.4242287
34.567590698290104	1.975165	1.4054056
34.58594675218336	1.9091955	1.3817364
34.6043037215585	1.9177506	1.3848287
34.62266160702365	1.8750912	1.3693397
34.641020409187234	1.8474749	1.3592185
34.65938012865785	1.8205853	1.3492906
34.677740766044394	1.7767718	1.3329561
34.69610232195598	1.854561	1.3618227
34.714464797002016	1.9829233	1.4081631
34.73282819179208	2.0092053	1.4174644
34.751192506936064	2.005996	1.4163319
34.76955774304408	1.969044	1.4032263
34.7879239007265	1.9874502	1.4097695
34.80629098059391	1.9035733	1.3797004
34.824658983257194	1.850447	1.3603114
34.843027909327446	1.9190996	1.3853157
34.86139775941603	2.0110114	1.4181013
34.879768534134534	1.9286425	1.3887558
34.89814023409483	2.032335	1.4255999
34.91651285990901	2.1355603	1.4613557
34.93488641218944	2.0997598	1.4490548
34.95326089154871	1.9127125	1.3830085
34.97163629859967	1.9060127	1.3805841
34.99001263395542	2.1333513	1.4605997
35.00838989822934	2.1598775	1.4696522
35.02676809203499	2.047312	1.4308431
35.04514721598624	2.157878	1.4689717
35.063527270697215	2.0683749	1.4381846
35.081908256782256	1.8328412	1.3538246
35.10029017485597	1.7913744	1.3384224
35.11867302553321	1.6339946	1.278278
35.137056809429104	1.4909707	1.2210531
35.155441527159006	1.609489	1.2686564
35.173827179338524	1.6537114	1.2859671
35.19221376658354	1.8426039	1.3574255
35.21060128951017	1.9993467	1.4139826
35.2289897487348	1.750404	1.3230283
35.24737914487405	1.6292235	1.2764103
35.26576947854479	1.9010891	1.3787999
35.28416075036418	2.0044208	1.4157757
35.30255296094958	2.0204434	1.4214231
35.32094611091867	2.0537012	1.433074
35.33934020088932	2.0793042	1.4419793
35.35773523147969	1.9780631	1.4064363
35.3761312033082	2.043574	1.4295363
35.394528116993506	2.0506399	1.4320055
35.41292597315452	2.0773606	1.4413052
35.431324772410434	1.9363678	1.3915343
35.449724515380666	1.7732891	1.3316491
35.46812520268491	1.7978488	1.3408389
35.486526834943106	2.121783	1.4566342
35.504929412775454	1.9009187	1.378738
35.52333293680242	1.6777118	1.2952652
35.54173740764471	1.9130697	1.3831376
35.560142825923286	2.479875	1.5747619
35.5785491922594	2.0527668	1.432748
35.59695650727454	1.614903	1.2707883
35.61536477159042	1.7820303	1.3349271
