0.008763373481513119	0.0	0.0
0.026290120649546365	0.0	0.0
0.043816868432600686	0.0046239095	0.06799933
0.06134361724069026	0.19986604	0.4470638
0.07887036748382949	0.24620199	0.49618745
0.0963971195720331	0.21874957	0.4677067
0.11392387391531617	0.16983865	0.41211486
0.1314506309236943	0.17423166	0.41741067
0.1489773910071836	0.18058775	0.42495617
0.16650415457580078	0.21124968	0.45961905
0.18403092203956356	0.16805378	0.40994364
0.20155769380849	0.13307236	0.36479086
0.2190844702925996	0.107820265	0.32835996
0.2366112519019124	0.08722198	0.29533368
0.2541380390464497	0.11473074	0.33871925
0.27166483213623416	0.16116793	0.40145725
0.28919163158128947	0.15054451	0.38800067
0.3067184377916406	0.18503542	0.43015745
0.324245251177314	0.2173798	0.46624005
0.34177207214833777	0.22034328	0.46940738
0.3592989011147415	0.20751642	0.4555397
0.37682573848655654	0.14093952	0.3754191
0.39435258467381573	0.100803316	0.31749538
0.41187944008655414	0.08198666	0.2863331
0.42940630513480854	0.08711842	0.2951583
0.446933180228618	0.077020824	0.27752626
0.4644600657780234	0.053062145	0.23035222
0.48198696219306775	0.06970509	0.26401722
0.49951386988379676	0.096857846	0.31121993
0.5170407892602581	0.12462518	0.35302293
0.5345677207325025	0.11162505	0.33410335
0.5520946647105822	0.107491426	0.32785887
0.5696216216045534	0.09945973	0.31537238
0.5871485918244737	0.17148712	0.41411003
0.6046755757804043	0.19835256	0.4453679
0.6222025738824094	0.2407872	0.49070072
0.6397295865405557	0.20429136	0.451986
0.6572566141649129	0.1810631	0.42551512
0.6747836571655547	0.16746466	0.40922445
0.6923107159525568	0.15394033	0.3923523
0.7098377909359992	0.17502895	0.4183646
0.7273648825259653	0.1802305	0.42453563
0.7448919911325411	0.1648584	0.4060276
0.762419117165817	0.18732817	0.43281424
0.7799462610358868	0.20716347	0.45515212
0.7974734231528482	0.2103751	0.45866665
0.8150006039268024	0.20999667	0.45825395
0.8325278037678551	0.16724418	0.40895498
0.8500550230861152	0.17864846	0.42266825
0.8675822622916969	0.1921903	0.43839514
0.8851095217947171	0.20875148	0.4568933
0.9026368020052984	0.246906	0.49689636
0.9201641033335665	0.28029323	0.5294273
0.9376914261896523	0.31207263	0.55863464
0.9552187709836915	0.299727	0.54747325
0.9727461381258234	0.26399744	0.5138068
0.990273528026193	0.25261924	0.5026124
1.0078009410949496	0.27636817	0.5257073
1.0253283777422473	0.26925868	0.5189014
1.0428558383782454	0.26605803	0.5158081
1.0603833234131086	0.28557703	0.5343941
1.0779108332570058	0.33620858	0.57983494
1.0954383683201119	0.3220625	0.5675055
1.112965929012607	0.3720402	0.609951
1.1304935157446763	0.444454	0.66667384
1.1480211289265108	0.5168367	0.71891356
1.1655487689683062	1.3404328	1.1577706
1.1830764362802655	1.5960263	1.2633394
1.200604131272596	1.9331722	1.3903856
1.2181318543555117	2.1425898	1.4637588
1.235659605939232	2.1674306	1.4722196
1.253187386433982	3.9604003	1.9900755
1.270715196249994	6.5860596	2.5663319
1.2882430357975057	12.086862	3.4766164
1.3057709054867608	16.763006	4.094265
1.3232988057280106	22.25578	4.717603
1.3408267369315112	26.706177	5.167802
1.358354699507526	30.364697	5.510417
1.3758826938663256	34.457333	5.870037
1.3934107204181858	36.628986	6.0521884
1.410938779573391	36.98989	6.0819316
1.4284668717422309	37.412422	6.1165695
1.4459949973350033	36.97472	6.080684
1.4635231567620117	37.104115	6.091315
1.4810513504335687	36.539932	6.044827
1.4985795787599925	35.915833	5.992982
1.5161078421516088	35.186764	5.9318433
1.5336361410187505	34.103527	5.8398223
1.5511644757717598	33.86965	5.8197637
1.5686928468209842	34.528496	5.8760953
1.58622125457678	35.16009	5.9295945
1.6037496994495108	36.643227	6.0533648
1.621278181849548	36.70794	6.0587077
1.6388067021872719	37.38351	6.114206
1.6563352608730693	36.982063	6.081288
1.673863858317336	36.02306	6.001921
1.6913924949304753	35.596626	5.966291
1.7089211711228998	34.32941	5.8591304
1.7264498873050296	33.532322	5.79071
1.7439786438872935	32.74604	5.7224154
1.7615074412801288	31.638227	5.624787
1.779036279893981	31.18719	5.584549
1.796565160139305	29.931753	5.470992
1.814094082426564	29.343664	5.4169793
1.8316230471662298	28.518084	5.3402324
1.849152054768784	27.76376	5.2691326
1.8666811056447168	27.29531	5.224491
1.8842102002045273	26.791878	5.176087
1.901739338858724	26.437449	5.141736
1.9192685220178245	25.818174	5.0811586
1.9367977500923557	24.878893	4.9878745
1.9543270234928547	24.241404	4.923556
1.971856342629867	23.371655	4.834424
1.9893857079139496	22.946959	4.7902985
2.006915119755667	22.46378	4.739597
2.0244445785655945	22.04858	4.6955914
2.0419740847543175	21.524555	4.6394563
2.0595036387324317	21.059975	4.5891147
2.0770332409105414	20.801514	4.560868
2.094562891699263	20.539919	4.532099
2.1120925915092217	19.839214	4.4541235
2.129622340751053	19.25448	4.387993
2.1471521398354043	187.25693	13.684185
2.1646819891729323	443.72217	21.064714
2.182211889174303	440.11536	20.978926
2.1997418402501974	452.56625	21.273605
2.2172718428113023	432.6531	20.800316
2.234801897268317	320.62155	17.905909
2.2523320040319548	17.143518	4.1404734
2.269862163512935	16.735083	4.0908537
2.287392376121992	16.218683	4.0272427
2.304922642269869	15.654242	3.9565442
2.322452962367322	15.279014	3.9088378
2.3399833368251164	15.039751	3.8781118
2.357513766054032	14.765689	3.842615
2.3750442504648586	14.694159	3.833296
2.3925747904683963	14.5666275	3.816625
2.410105386475459	14.542642	3.8134816
2.4276360388968707	14.173806	3.7648115
2.445166748143469	13.942444	3.7339582
2.4626975146261025	13.646899	3.694171
2.4802283387556323	13.438285	3.6658266
2.4977592209429305	13.249466	3.6399815
2.5152901615988825	12.845189	3.5840185
2.5328211611343865	12.746942	3.570286
2.5503522199603523	12.505808	3.5363553
2.5678833384877024	12.25786	3.5011227
2.5854145171273712	12.058295	3.4725056
2.6029457562903064	11.825654	3.438845
2.620477056387469	11.730189	3.4249363
2.6380084178298326	11.631511	3.4105
2.655539841028383	11.400219	3.376421
2.673071326394119	11.270478	3.3571532
2.6906028743380523	11.110365	3.3332214
2.708134485271211	11.010924	3.3182714
2.7256661596046325	10.826715	3.2903974
2.743197897749369	10.665496	3.2658072
2.760729700116486	10.5697775	3.2511194
2.778261567117063	10.259209	3.203
2.795793499162193	10.114614	3.180348
2.8133254966629817	9.870392	3.141718
2.830857560030551	9.7503805	3.12256
2.8483896896760337	9.600425	3.0984552
2.865921886010578	9.349095	3.057629
2.883454149445347	9.222148	3.036799
2.9009864803915177	9.137452	3.022822
2.91851887926028	9.047363	3.0078835
2.9360513464628384	9.038663	3.0064368
2.953583882410413	8.919626	2.9865744
2.9711164875142373	8.788482	2.9645374
2.9886491621855606	8.5856905	2.930135
3.0061819068356455	8.291784	2.879546
3.023714721875769	8.19994	2.8635538
3.041247607717225	8.176095	2.8593872
3.0587805647713213	8.210335	2.8653681
3.0763135934493806	8.219358	2.8669424
3.0938466941627407	8.068745	2.8405535
3.1113798673227544	7.864246	2.8043263
3.1289131133407904	7.682545	2.7717404
3.1464464326282315	7.6138496	2.7593205
3.1639798255964786	7.5669775	2.750814
3.1815132926569443	7.539728	2.7458565
3.1990468342210603	7.381499	2.7168913
3.216580450700272	7.235901	2.689963
3.2341141425060416	7.1390905	2.6719077
3.251647910049847	7.096145	2.6638591
3.2691817537431813	7.073511	2.6596074
3.286715673997555	7.088355	2.6623964
3.3042496712244938	7.1082206	2.6661246
3.32178374583554	7.0400133	2.6533024
3.339317898242251	6.93379	2.633209
3.3568521288562034	6.84776	2.6168225
3.3743864380889876	6.7346964	2.5951293
3.3919208263522127	6.622692	2.5734591
3.4094552940575023	6.488208	2.5471961
3.4269898416164972	6.5373263	2.5568197
3.444524469440858	6.5016956	2.5498424
3.4620591779422587	6.424874	2.5347335
3.479593967532391	6.3540254	2.5207193
3.4971288386229658	6.2795143	2.5058959
3.5146637916257086	6.19056	2.4880836
3.5321988269523628	6.162613	2.482461
3.5497339450146903	6.1013503	2.470091
3.5672691462244708	6.072508	2.4642458
3.5848044309934988	6.0213776	2.4538496
3.60233979973359	5.955917	2.4404747
3.619875252856575	6.0222735	2.4540322
3.6374107907743034	6.0870104	2.4671867
3.6549464138986427	6.159743	2.4818828
3.6724821226414788	6.1113186	2.4721081
3.690017917414714	6.007129	2.4509447
3.7075537986302702	5.9986434	2.4492128
3.7250897667000857	6.1766763	2.485292
3.7426258220361235	6.4428544	2.5382779
3.7601619650503553	6.7503347	2.5981407
3.777698196154779	7.1266217	2.6695733
3.7952345157614067	8.013944	2.830891
3.8127709242822716	8.835889	2.9725223
3.830307422129425	10.930562	3.30614
3.847844009714936	12.138974	3.484103
3.8653806874508954	15.281832	3.9091983
3.882917455749409	14.99813	3.872742
3.900454315022606	15.224743	3.9018896
3.917991265682631	12.443346	3.5275128
3.9355283081416506	10.68631	3.2689922
3.9530654428118495	8.626316	2.9370592
3.970602670105433	7.444687	2.7284954
3.9881399904346244	6.637031	2.5762436
4.005677404211669	6.4654226	2.5427196
4.023214911848827	6.4146786	2.5327215
4.0407525137583855	6.441358	2.5379832
4.058290210352644	6.448125	2.539316
4.075828002043927	6.371205	2.5241246
4.0933658892445814	6.241798	2.498359
4.110903872366966	6.174568	2.4848678
4.128441951823468	6.1475105	2.4794173
4.145980128026488	6.1165495	2.473166
4.163518401388452	6.0791273	2.4655886
4.181056772321807	6.041161	2.4578774
4.1985952412390155	5.9919453	2.447845
4.216133808552567	6.0554814	2.4607887
4.233672474674966	6.2395535	2.4979098
4.251211240018741	6.4547305	2.5406163
4.268750104996445	6.648712	2.5785096
4.286289070020643	7.593088	2.7555559
4.303828135503928	9.213053	3.0353012
4.3213673018589125	29.474117	5.429007
4.3389065694982305	90.67588	9.522388
4.356445938834537	165.91818	12.880923
4.3739854102805085	171.62875	13.100716
4.391524984248844	172.4893	13.133518
4.409064661152262	136.51497	11.683962
4.426604441403504	96.71248	9.83425
4.444144325415337	75.55724	8.692367
4.461684313600543	21.432945	4.629573
4.47922440637193	21.736612	4.662254
4.496764604142329	20.024424	4.474866
4.5143049073245916	18.203918	4.266605
4.531845316331589	16.123001	4.0153456
4.5493858315762195	13.338736	3.6522233
4.566926453471405	11.126231	3.3356006
4.584467182430081	9.160524	3.026636
4.602008018865218	8.124363	2.8503268
4.619548963189798	7.5270905	2.7435544
4.637090015816834	7.0440426	2.6540616
4.654631177159353	6.7475395	2.5976026
4.672172447630417	6.441073	2.537927
4.689713827643102	6.2417254	2.4983447
4.7072553176105085	6.037736	2.4571805
4.724796917945764	5.840522	2.416717
4.742338629062015	5.8032274	2.408989
4.759880451372434	5.6909943	2.3855805
4.777422385290215	5.5646424	2.3589494
4.794964431228581	5.560419	2.3580542
4.812506589600768	5.542408	2.3542318
4.830048860820047	5.4965916	2.344481
4.847591245299709	5.464194	2.3375616
4.8651337434530655	5.4726496	2.3393695
4.882676355693457	5.4809794	2.341149
4.900219082434242	5.464975	2.3377285
4.917761924088813	5.40714	2.3253257
4.935304881070575	5.425159	2.3291972
4.952847953792969	5.5245333	2.3504326
4.970391142669449	5.583673	2.3629797
4.9879344481135055	5.6150546	2.3696105
5.005477870538642	5.563936	2.3587997
5.023021410358394	5.489056	2.3428736
5.040565067986324	5.406824	2.3252578
5.05810884383601	5.336164	2.3100138
5.075652738321066	5.3728495	2.3179407
5.09319675185512	5.400598	2.3239186
5.110740884851836	5.3967695	2.3230948
5.128285137724894	5.3005214	2.3022861
5.145829510888007	5.1762795	2.2751439
5.163374004754908	5.137846	2.2666817
5.1809186197393595	5.1858554	2.2772474
5.198463356255145	5.205511	2.281559
5.216008214716077	5.16419	2.2724855
5.233553195535998	5.1618853	2.2719784
5.251098299128764	5.201333	2.2806432
5.268643525908272	5.240158	2.2891393
5.286188876288432	5.1983266	2.279984
5.3037343506831895	5.2064304	2.2817605
5.32127994950651	5.2198935	2.2847085
5.3388256731723915	5.241243	2.289376
5.356371522094851	5.155301	2.2705288
5.373917496687938	5.2031064	2.2810318
5.391463597365729	5.1733937	2.2745097
5.40900982454232	5.156526	2.2707984
5.426556178631843	5.0885944	2.2557914
5.444102660048449	5.1284266	2.264603
5.4616492692063225	5.1810703	2.2761965
5.479196006519669	5.1519723	2.2697957
5.496742872402727	5.1206403	2.2628832
5.514289867269756	5.0337415	2.2436001
5.531836991535049	5.016771	2.239815
5.549384245612924	5.030596	2.242899
5.566931629917724	5.001839	2.2364793
5.584479144863822	5.033335	2.2435095
5.6020267908656205	5.009363	2.2381606
5.619574568337545	5.042376	2.2455235
5.637122477694054	5.1018667	2.2587311
5.654670519349629	5.1361794	2.266314
5.672218693718784	5.1239996	2.2636254
5.689767001216059	5.0430675	2.2456775
5.707315442256021	5.09833	2.2579482
5.724864017253266	5.122653	2.2633278
5.7424127266224225	5.19067	2.278304
5.75996157077814	5.1024494	2.25886
5.777510550135105	5.128176	2.2645476
5.795059665108022	5.09199	2.2565439
5.812608916111639	5.144288	2.2681024
5.830158303560715	5.2720346	2.296091
5.847707827870055	5.256717	2.2927532
5.86525748945448	5.3688264	2.3170729
5.8828072887288485	5.40761	2.3254268
5.900357226108044	5.5379086	2.353276
5.917907302006979	5.560281	2.3580248
5.9354575168406	6.1354904	2.4769921
5.9530078710238765	6.7419252	2.5965219
5.970558364971812	7.286407	2.6993346
5.988108999099438	7.608575	2.7583644
6.005659773821818	8.086088	2.8436048
6.023210689554039	7.791869	2.791392
6.040761746711227	8.186468	2.8612006
6.058312945708531	7.4946566	2.737637
6.075864286961132	7.1072674	2.6659458
6.093415770884244	6.5274167	2.5548809
6.1109673978931065	6.0196614	2.4534998
6.128519168402993	5.5575047	2.357436
6.146071082829204	5.348062	2.3125877
6.163623141587075	5.1931853	2.278856
6.181175345091969	5.095646	2.2573538
6.198727693759281	5.1091733	2.260348
6.216280188004435	5.148275	2.268981
6.233832828242885	5.15164	2.2697225
6.251385614890126	5.184928	2.2770436
6.268938548361669	5.1120434	2.2609828
6.286491629073067	5.012065	2.238764
6.304044857439898	4.931693	2.2207415
6.321598233877777	4.8316565	2.198103
6.339151758802344	4.7953577	2.1898305
6.356705432629277	4.814136	2.194114
6.37425925577428	4.8211403	2.1957095
6.391813228653095	4.9130545	2.216541
6.409367351681486	4.9794693	2.2314725
6.426921625275259	5.0163536	2.2397218
6.44447604985025	4.9880996	2.2334054
6.46203062582232	5.020746	2.2407022
6.47958535360737	4.975771	2.2306435
6.497140233621328	4.9858	2.2328904
6.514695266280161	4.9658914	2.228428
6.532250451999859	4.9135957	2.2166631
6.549805791196454	4.877638	2.2085376
6.567361284286002	4.849731	2.2022104
6.584916931684597	4.870156	2.206843
6.602472733808367	4.9078903	2.215376
6.6200286910734665	4.9642525	2.2280602
6.637584803896092	4.9837494	2.2324312
6.655141072692462	4.957405	2.2265232
6.672697497878842	4.857071	2.2038763
6.690254079871514	4.7952766	2.189812
6.707810819086808	4.8233037	2.196202
6.725367715941078	4.882716	2.209687
6.742924770850719	4.9618645	2.2275243
6.760481984232151	4.9138913	2.2167299
6.778039356501836	4.925813	2.2194173
6.795596888076266	4.9609275	2.227314
6.813154579371963	4.98406	2.2325008
6.830712430805492	4.9382887	2.2222261
6.84827044279344	4.891131	2.21159
6.865828615752445	4.8484664	2.2019234
6.883386950099159	4.911637	2.2162213
6.900945446250287	4.9726734	2.2299492
6.918504104622553	4.931669	2.2207363
6.936062925632727	4.896872	2.2128878
6.953621909697607	4.9521627	2.2253456
6.971181057234028	4.9919076	2.2342577
6.988740368658859	5.0402136	2.245042
7.006299844389007	5.0690656	2.2514586
7.023859484841407	5.1138434	2.261381
7.041419290433036	5.2005577	2.2804732
7.058979261580902	5.3457255	2.3120825
7.0765393987020495	5.6005383	2.3665457
7.094099702213559	5.945495	2.4383385
7.111660172532549	6.2380486	2.4976087
7.129220810076164	6.5957603	2.5682213
7.146781615261595	7.254924	2.6934965
7.16434258850606	7.6025043	2.757264
7.181903730226821	8.075682	2.8417745
7.1994650408411704	8.128816	2.8511078
7.217026520766437	8.206487	2.8646965
7.234588170419983	8.420221	2.9017618
7.252149990219215	8.386998	2.8960314
7.269711980581568	8.1936	2.8624465
7.2872741419245175	8.06769	2.840368
7.304836474665574	7.707582	2.7762532
7.322398979222286	7.3195467	2.705466
7.339961656012233	7.0503983	2.6552587
7.357524505453039	6.781242	2.6040819
7.375087527962357	6.5883465	2.5667775
7.392650723957886	6.284137	2.506818
7.410214093857353	5.8989935	2.4287844
7.427777638078528	5.705341	2.3885856
7.445341357039213	5.536864	2.353054
7.4629052511572525	5.3776026	2.318966
7.480469320850524	5.218403	2.2843823
7.498033566536948	5.1810884	2.2762005
7.5155979886344735	5.152577	2.269929
7.5331625875610975	5.1515365	2.2696996
7.550727363734844	5.1178823	2.2622738
7.568292317573788	5.1508884	2.269557
7.585857449496025	5.135922	2.2662573
7.603422759919705	5.1006494	2.2584617
7.620988249263007	5.039225	2.2448218
7.638553917944147	4.992285	2.234342
7.656119766381391	5.0378175	2.2445083
7.673685794993023	5.123806	2.2635825
7.691252004197388	5.167982	2.2733197
7.70881839441285	5.2036505	2.281151
7.726384966057826	5.155145	2.2704945
7.743951719550762	5.161141	2.2718143
7.761518655310149	5.1725426	2.2743225
7.779085773754511	5.180081	2.275979
7.796653075302419	5.195292	2.2793183
7.814220560372475	5.238316	2.2887368
7.831788229383323	5.290798	2.3001735
7.8493560827536495	5.2928166	2.3006122
7.866924120902174	5.285857	2.2990992
7.884492344247663	5.2523513	2.291801
7.9020607532089135	5.2505064	2.2913983
7.919629348204771	5.2576823	2.2929637
7.937198129654115	5.272335	2.2961566
7.954767097975865	5.361	2.3153834
7.972336253588986	5.377946	2.3190398
7.989905596912472	5.450911	2.3347187
8.007475128365371	5.4495983	2.3344374
8.025044848366756	5.441349	2.33267
8.042614757335754	5.534662	2.3525863
8.060184855691523	5.6383524	2.3745215
8.07775514385327	5.7865014	2.4055147
8.095325622240228	5.836084	2.415799
8.112896291271687	5.8419137	2.417005
8.130467151366968	5.885332	2.4259703
8.148038202945436	5.94967	2.4391944
8.165609446426497	5.9761095	2.4446082
8.183180882229594	5.9600644	2.4413242
8.200752510774217	5.930061	2.4351716
8.218324332479893	5.9202447	2.4331553
8.235896347766193	5.9036746	2.4297478
8.253468557052724	5.90567	2.4301584
8.27104096075914	5.830126	2.4145653
8.288613559305137	5.909569	2.4309604
8.306186353110448	5.9890995	2.4472637
8.32375934259485	6.100486	2.469916
8.341332528178162	6.1046095	2.4707508
8.358905910280246	6.130782	2.4760416
8.376479489321003	6.1805453	2.4860702
8.394053265720377	6.233143	2.4966264
8.411627239898356	6.3081603	2.511605
8.42920141227497	6.297736	2.509529
8.44677578327029	6.243138	2.4986272
8.464350353304427	6.190032	2.4879775
8.48192512279754	6.1335583	2.476602
8.499500092169827	6.1474743	2.4794102
8.51707526184153	6.1372333	2.477344
8.534650632232934	6.116035	2.4730618
8.552226203764365	6.094913	2.4687877
8.569801976856192	6.097651	2.4693422
8.587377951928834	6.083819	2.4665399
8.60495412940274	6.157967	2.4815252
8.622530509698416	6.1493	2.4797783
8.6401070932364	6.295942	2.5091715
8.657683880437283	6.357473	2.521403
8.675260871721695	6.547591	2.5588262
8.692838067510303	6.7398105	2.5961144
8.710415468223834	6.9026356	2.6272867
8.727993074283043	7.0486927	2.6549375
8.745570886108737	7.049924	2.6551692
8.763148904121765	7.2007046	2.6834128
8.78072712874302	7.229214	2.6887197
8.798305560393441	7.4651194	2.732237
8.815884199494006	7.4963937	2.7379544
8.833463046465745	7.618858	2.760228
8.851042101729728	7.7270513	2.7797575
8.86862136570707	8.050301	2.837305
8.886200838818924	8.19413	2.862539
8.903780521486505	8.269117	2.8756073
8.921360414131055	8.472102	2.9106877
8.938940517173874	8.5934925	2.9314659
8.956520831036297	8.739533	2.9562702
8.97410135613971	9.016897	3.0028148
8.99168209290554	9.182034	3.0301871
9.009263041755265	9.381297	3.0628903
9.026844203110405	9.54077	3.0888135
9.044425577392525	9.687799	3.112523
9.062007165023239	9.86394	3.140691
9.079588966424197	10.109089	3.1794794
9.097170982017108	10.202141	3.194079
9.11475321222372	11.134232	3.3367996
9.132335657465825	12.036814	3.4694111
9.149918318165264	12.150226	3.4857173
9.167501194743924	12.592621	3.5486083
9.18508428762374	12.213469	3.4947774
9.202667597226693	12.1766	3.4894986
9.220251123974803	11.927941	3.4536853
9.237834868290143	11.691141	3.4192312
9.255418830594836	11.532747	3.39599
9.273003011311046	10.963519	3.3111205
9.290587410860985	10.752765	3.279141
9.308172029666911	10.05057	3.1702633
9.32575686815113	9.767373	3.1252797
9.343341926735997	8.555535	2.9249847
9.360927205843916	8.363724	2.8920102
9.378512705897327	8.229903	2.8687809
9.396098427318728	7.9840126	2.8255994
9.413684370530664	7.9096165	2.8124042
9.431270535955722	7.8085074	2.7943707
9.448856924016539	7.722978	2.7790246
9.466443535135806	7.599152	2.756656
9.484030369736251	7.644441	2.7648582
9.501617428240658	7.657175	2.7671602
9.519204711071852	7.665006	2.7685747
9.536792218652714	7.5866203	2.7543821
9.55437995140617	7.6026998	2.7572994
9.571967909755191	7.6393785	2.7639425
9.589556094122802	7.726021	2.779572
9.60714450493207	7.7427273	2.7825756
9.624733142606116	7.7400675	2.7820976
9.642322007568108	7.794759	2.7919095
9.659911100241267	7.8578033	2.8031774
9.677500421048851	7.9025745	2.8111517
9.695089970414175	7.944739	2.8186414
9.712679748760609	7.9148674	2.8133373
9.730269756511557	7.983925	2.825584
9.747859994090492	8.012089	2.8305633
9.765450461920915	8.094769	2.8451307
9.78304116042639	8.134092	2.852033
9.800632090030527	8.1752825	2.859245
9.81822325115699	8.196556	2.8629627
9.835814644229481	8.226064	2.8681116
9.853406269671762	8.297783	2.8805873
9.870998127907646	8.314286	2.8834505
9.888590219360985	8.267228	2.8752787
9.906182544455698	8.197756	2.8631723
9.923775103615734	8.1860075	2.86112
9.941367897265108	8.190117	2.861838
9.958960925827878	8.238353	2.870253
9.97655418972816	8.241235	2.8707552
9.994147689390106	8.221027	2.8672335
10.011741425237934	8.176979	2.8595417
10.029335397695904	8.144419	2.8538427
10.04692960718833	8.134653	2.8521314
10.06452405413958	8.118785	2.849348
10.082118738974064	8.213599	2.8659377
10.099713662116246	8.190413	2.8618898
10.117308823990651	8.170139	2.8583455
10.134904225021844	8.068903	2.8405814
10.152499865634445	8.001628	2.8287148
10.170095746253125	8.029739	2.8336794
10.18769186730261	8.100158	2.8460777
10.205288229207675	8.1432085	2.8536308
10.222884832393145	8.146064	2.854131
10.2404816772839	8.0483465	2.8369608
10.258078764304868	8.054057	2.8379672
10.275676093881035	8.066569	2.8401706
10.293273666437438	8.05814	2.8386862
10.310871482399158	8.096011	2.845349
10.32846954219134	8.07374	2.8414328
10.346067846239173	8.036626	2.8348944
10.363666394967908	8.040336	2.8355486
10.38126518880283	8.043709	2.8361433
10.398864228169298	8.114041	2.8485157
10.416463513492713	8.118483	2.8492951
10.434063045198531	8.063633	2.8396537
10.451662823712262	8.011616	2.8304799
10.469262849459467	8.020631	2.8320718
10.486863122865758	7.9866304	2.8260627
10.504463644356806	8.03596	2.8347769
10.522064414358338	8.028082	2.833387
10.539665433296118	7.992443	2.827091
10.557266701595987	7.903866	2.8113816
10.574868219683818	7.7641973	2.7864308
10.592469987985552	7.6744986	2.7702885
10.610072006927185	7.5461597	2.7470274
10.627674276934751	7.431233	2.7260287
10.64527679843435	7.316386	2.704882
10.662879571852143	7.214978	2.6860712
10.680482597614331	7.0943766	2.663527
10.698085876147173	7.0247116	2.6504173
10.715689407876988	6.88148	2.6232576
10.733293193230146	6.7599397	2.5999885
10.750897232633072	6.6531744	2.5793748
10.76850152651225	6.610478	2.571085
10.786106075294207	6.616545	2.5722647
10.803710879405534	6.575807	2.5643337
10.821315939272877	6.5275726	2.5549114
10.83892125532294	6.4307184	2.535886
10.856526827982472	6.3589683	2.5216994
10.874132657678285	6.26844	2.5036852
10.891738744837243	6.2002835	2.490037
10.909345089886271	6.118754	2.4736116
10.926951693252343	6.0824895	2.4662704
10.944558555362494	6.0575004	2.461199
10.96216567664381	6.0069685	2.4509118
10.979773057523436	5.9667706	2.4426975
10.997380698428573	5.9318132	2.4355314
11.014988599786477	5.855218	2.4197557
11.032596762024461	5.7788024	2.403914
11.050205185569892	5.638377	2.3745267
11.067813870850198	5.59057	2.3644385
11.085422818292859	5.4882317	2.3426976
11.10303202832541	5.4062066	2.325125
11.120641501375454	5.3490767	2.312807
11.138251237870636	5.314567	2.3053346
11.155861238238671	5.300265	2.3022304
11.173471502907317	5.2300725	2.286935
11.191082032304402	5.1311355	2.265201
11.208692826857805	5.021758	2.240928
11.226303886995465	4.9325767	2.2209406
11.243915213145371	4.879645	2.2089918
11.261526805735578	4.8337827	2.1985865
11.279138665194196	4.7839203	2.1872175
11.296750791949393	4.77385	2.184914
11.314363186429393	4.762519	2.1823196
11.331975849062479	4.7042236	2.1689222
11.34958878027699	4.6224723	2.1499937
11.36720198050133	4.549305	2.13291
11.384815450163948	4.5062485	2.1227927
11.402429189693366	4.5097375	2.1236143
11.420043199518153	4.4923196	2.1195092
11.437657480066942	63.45127	7.9656305
11.455272031768422	85.19621	9.23018
11.472886855051353	107.55783	10.371009
11.490501950344528	99.16382	9.958103
11.508117318076819	84.4387	9.189054
11.52573295867715	45.77957	6.7660604
11.543348872574514	4.0735927	2.0183144
11.560965060197946	4.0696034	2.0173259
11.57858152197655	4.0705943	2.0175714
11.59619825833949	4.0304837	2.0076065
11.613815269715985	3.992759	1.998189
11.631432556535323	38.45344	6.201084
11.649050119226837	82.99966	9.1104145
11.666667958219929	93.411446	9.66496
11.68428607394406	107.65463	10.375675
11.701904466828756	82.47859	9.081773
11.719523137303586	65.32052	8.082111
11.737142085798196	4.5869617	2.1417193
11.754761312742286	3.68426	1.9194427
11.772380818565619	3.6138885	1.901023
11.790000603698015	3.57518	1.8908147
11.80762066856935	3.5517707	1.8846142
11.825241013609572	3.520722	1.8763586
11.842861639248683	3.4881165	1.86765
11.860482545916748	3.4702456	1.8628595
11.878103734043883	3.4382432	1.8542501
11.895725204060282	3.406248	1.8456024
11.91334695639619	3.3773248	1.83775
11.930968991481919	3.357706	1.8324045
11.948591309747824	3.3169708	1.8212553
11.966213911624347	3.3034463	1.8175385
11.98383679754198	3.2747743	1.8096337
12.001459967931268	3.2144542	1.79289
12.019083423222835	3.2002802	1.7889327
12.036707163847352	3.2159503	1.7933071
12.05433119023556	3.2777777	1.8104634
12.071955502818259	3.241965	1.8005458
12.089580102026313	3.191941	1.7866004
12.107204988290643	3.111115	1.7638353
12.12483016204224	3.0802763	1.7550715
12.142455623712152	3.0610723	1.7495921
12.16008137373149	3.0477164	1.745771
12.177707412531431	3.0676174	1.7514615
12.19533374054321	3.09762	1.7600057
12.212960358198126	3.0506022	1.7465973
12.230587265927545	3.0252306	1.739319
12.248214464162889	2.990078	1.7291842
12.265841953335649	2.9711194	1.7236935
12.283469733877375	2.9574172	1.7197143
12.301097806219685	2.95415	1.7187641
12.31872617079425	2.9552615	1.7190874
12.336354828032825	2.9387581	1.7142806
12.353983778367205	2.885395	1.6986451
12.371613022229262	2.8201504	1.6793303
12.389242560050928	2.7957888	1.6720612
12.406872392264201	2.8162835	1.6781787
12.424502519301143	2.8309746	1.6825501
12.442132941593874	2.8308601	1.682516
12.459763659574586	2.7915373	1.6707894
12.477394673675532	2.8013387	1.67372
12.49502598432903	2.802463	1.6740558
12.51265759196746	2.7958765	1.6720874
12.530289497023267	2.7836878	1.6684388
12.547921699928967	2.759645	1.6612179
12.565554201117134	2.780239	1.6674049
12.583187001020404	2.771345	1.6647357
12.600820100071486	2.7573833	1.6605371
12.618453498703152	2.8014023	1.6737391
12.636087197348235	2.7950897	1.6718522
12.65372119643964	2.7874153	1.6695554
12.671355496410326	2.7874026	1.6695516
12.68899009769333	2.8202481	1.6793594
12.706625000721749	2.8716257	1.6945871
12.724260205928752	2.9341273	1.7129295
12.741895713747551	2.9314535	1.7121488
12.759531524611454	2.9426165	1.7154056
12.777167638953818	2.9328215	1.7125483
12.794804057208072	2.966339	1.7223064
12.812440779807702	3.031216	1.7410388
12.830077807186271	3.2204106	1.7945503
12.847715139777405	3.2293699	1.7970448
12.865352778014795	3.3948936	1.8425237
12.882990722332197	3.4716794	1.8632443
12.90062897316344	3.5808713	1.8923191
12.918267530942412	3.674914	1.9170065
12.935906396103071	3.524636	1.8774014
12.953545569079449	3.6690316	1.9154717
12.971185050305628	3.4919407	1.8686736
12.988824840215775	3.5415795	1.8819084
13.006464939244115	3.526528	1.8779051
13.024105347824943	3.3858843	1.8400773
13.041746066392617	3.4833634	1.8663771
13.05938709538157	3.3083148	1.8188773
13.077028435226296	3.2938998	1.8149104
13.094670086361363	3.1925576	1.786773
13.112312049221401	3.1147785	1.7648735
13.129954324241112	3.0120237	1.7355182
13.147596911855258	2.8191166	1.6790226
13.165239812498685	2.782857	1.6681898
13.182883026606293	2.7426262	1.6560876
13.200526554613058	2.6962128	1.6420149
13.218170396954017	2.6709073	1.634291
13.235814554064284	2.6733785	1.635047
13.253459026379034	2.7114923	1.6466609
13.271103814333523	2.7083147	1.6456958
13.288748918363058	2.7104397	1.6463413
13.306394338903031	2.6703522	1.6341212
13.32404007638889	2.6333048	1.6227461
13.341686131256164	2.6401527	1.6248547
13.359332503940449	2.6320157	1.6223488
13.376979194877402	2.6464765	1.6267995
13.394626204502751	2.6932697	1.6411184
13.412273533252307	2.6884296	1.6396431
13.429921181561937	2.6995444	1.6430291
13.447569149867581	2.6724749	1.6347706
13.465217438605247	2.6956143	1.6418326
13.482866048211022	2.663006	1.6318719
13.500514979121052	2.655249	1.6294935
13.518164231771568	2.5934038	1.6104048
13.535813806598844	2.5767012	1.6052107
13.553463704039254	2.616805	1.6176542
13.571113924529229	2.6693704	1.6338208
13.588764468505275	2.741512	1.6557512
13.606415336403956	2.7606757	1.6615281
13.624066528661917	2.7696023	1.6642122
13.641718045715882	2.8036053	1.674397
13.659369888002635	2.8306813	1.6824629
13.67702205595903	2.8720548	1.6947138
13.694674550021993	2.9151292	1.7073749
13.712327370628532	2.9602573	1.7205398
13.729980518215713	3.0470178	1.7455709
13.747633993220681	3.1245878	1.7676504
13.765287796080647	3.1937933	1.7871187
13.7829419272329	3.284095	1.8122072
13.800596387114801	3.3399715	1.8275589
13.818251176163775	3.3169093	1.8212384
13.835906294817324	3.3258796	1.8236995
13.853561743513023	3.3498158	1.8302503
13.871217522688525	3.4031572	1.8447648
13.888873632781538	3.414	1.8477013
13.906530074229858	3.4061186	1.8455673
13.92418684747135	3.454456	1.8586167
13.941843952943948	3.4996884	1.8707454
13.959501391085665	3.4343429	1.853198
13.977159162334578	3.3548372	1.8316214
13.994817267128846	3.3032537	1.8174856
14.012475705906693	3.268544	1.8079115
14.030134479106424	3.2429323	1.8008144
14.047793587166414	3.1323745	1.7698516
14.065453030525108	3.0628827	1.7501093
14.083112809621026	2.9996388	1.7319466
14.100772924892766	2.9392052	1.714411
14.118433376778997	2.9312277	1.7120829
14.136094165718458	2.8433402	1.6862206
14.153755292149969	2.7938554	1.671483
14.171416756512416	2.7337375	1.6534017
14.189078559244768	2.6827655	1.637915
14.20674070078606	2.6355402	1.6234347
14.224403181575408	2.5577574	1.5992991
14.242066002051999	2.514108	1.5855938
14.259729162655093	2.4938867	1.5792044
14.277392663824022	2.5052652	1.582803
14.295056505998208	2.4685583	1.5711646
14.312720689617128	2.4170933	1.5547004
14.330385215120348	2.4071572	1.5515016
14.348050082947497	2.4288726	1.5584841
14.3657152935383	2.4185882	1.555181
14.383380847332528	2.3776982	1.5419787
14.401046744770051	2.346364	1.5317845
14.418712986290798	2.3405354	1.5298809
14.436379572334793	2.3550594	1.5346203
14.454046503342123	2.3767118	1.5416588
14.471713779752946	2.3925202	1.5467774
14.489381402007504	2.3818166	1.5433135
14.507049370546113	2.376208	1.5414954
14.524717685809168	2.3900764	1.5459872
14.542386348237134	2.4355104	1.5606122
14.560055358270553	2.4541147	1.5665615
14.577724716350051	2.4776285	1.5740484
14.595394422916325	2.467021	1.5706754
14.61306447841015	2.4894948	1.5778133
14.63073488327237	2.4966657	1.5800841
14.648405637943917	2.5365252	1.5926472
14.6660767428658	2.532695	1.5914444
14.683748198479094	2.5765135	1.6051521
14.701420005224954	2.5770485	1.6053188
14.719092163544628	2.6459887	1.6266495
14.73676467387942	2.6965969	1.6421318
14.754437536670727	2.7166026	1.648212
14.772110752360014	2.7164142	1.6481547
14.78978432138882	2.6545758	1.6292869
14.807458244198777	2.5992007	1.6122037
14.82513252123159	2.545925	1.5955955
14.842807152929028	2.58227	1.6069443
14.860482139732962	2.606367	1.6144247
14.87815748208531	2.6217308	1.6191759
14.8958331804281	2.6297808	1.6216599
14.91350923520342	2.6173432	1.6178205
14.931185646853438	2.65316	1.6288524
14.948862415820408	2.6275802	1.6209812
14.966539542546656	2.666882	1.6330591
14.98421702747459	2.6484463	1.6274048
15.001894871046696	2.6520548	1.6285131
15.019573073705542	2.6707978	1.6342576
15.037251635893766	2.7008276	1.6434195
15.054930558054092	2.7552226	1.6598864
15.072609840629323	2.7460608	1.6571243
15.090289484062351	2.821553	1.6797479
15.107969488796124	2.9402785	1.7147241
15.125649855273691	3.165427	1.7791647
15.14333058393817	3.5670614	1.8886666
15.161011675232768	4.1071067	2.0266
15.17869312960076	4.816709	2.1947002
15.196374947485506	5.4893007	2.3429258
15.214057129330447	6.8378663	2.6149313
15.231739675579114	8.895998	2.982616
15.249422586675102	13.412937	3.6623676
15.267105863062092	17.814867	4.220766
15.284789505183847	24.76516	4.9764605
15.302473513484218	29.261147	5.4093575
15.320157888407127	33.476185	5.7858605
15.337842630396578	32.51114	5.7018538
15.355527739896656	29.795057	5.458485
15.37321321735153	23.098925	4.806134
15.39089906320545	15.754129	3.9691472
15.408585277902748	10.21505	3.196099
15.42627186188783	6.424476	2.534655
15.443958815605198	4.6921883	2.166146
15.461646139499424	3.9290605	1.9821857
15.479333834015168	3.483076	1.8663001
15.497021899597165	3.1762085	1.782192
15.514710336690234	2.928029	1.7111485
15.53239914573928	2.7450755	1.656827
15.550088327189297	2.5922127	1.610035
15.567777881485336	2.5284045	1.5900958
15.58546780907256	2.4960306	1.5798831
15.6031581103962	2.4925244	1.578773
15.620848785901568	2.4922733	1.5786935
15.638539836034063	2.4704442	1.5717647
15.656231261239173	2.4664345	1.5704886
15.673923061962451	2.4565146	1.5673273
15.691615238649552	2.4325314	1.5596575
15.709307791746202	2.4175334	1.5548419
15.727000721698221	2.3933053	1.5470312
15.744694028951498	2.3821373	1.5434175
15.76238771395202	2.3708405	1.5397534
15.780081777145844	2.3970678	1.5482466
15.797776218979125	2.3949168	1.5475519
15.815471039898094	2.4296997	1.5587494
15.833166240349064	2.4187546	1.5552346
15.850861820778437	2.4294415	1.5586666
15.868557781632699	2.4201326	1.5556775
15.886254123358412	2.4257278	1.5574749
15.903950846402232	2.4341397	1.560173
15.921647951210897	2.4157064	1.5542543
15.939345438231225	2.4716318	1.5721424
15.957043307910133	2.5010545	1.5814723
15.974741560694602	2.5412695	1.594136
15.992440197031714	2.5387988	1.5933609
16.01013921736862	2.5295124	1.5904441
16.02783862215259	2.5025299	1.5819386
16.045538411830933	2.5104873	1.5844518
16.06323858685107	2.4763572	1.5736445
16.080939147660512	2.4681976	1.5710498
16.09864009470684	2.3899722	1.5459535
16.11634142843774	2.3808308	1.5429941
16.134043149300954	2.367171	1.5385613
16.15174525774433	2.4191952	1.5553762
16.169447754215817	2.42341	1.5567305
16.18715063916342	2.4095488	1.5522721
16.204853913035244	2.3901558	1.5460129
16.222557576279478	2.4141428	1.5537512
16.240261629344403	22.433222	4.736372
16.257966072678386	42.95408	6.553936
16.275670906729868	38.04866	6.1683598
16.293376131947387	2.4679978	1.5709863
16.31108174877957	2.5001554	1.581188
16.328787757675133	2.5566902	1.5989654
16.34649415908287	2.6026814	1.6132828
16.364200953451657	2.639109	1.6245334
16.38190814123048	2.6191258	1.6183714
16.39961572286839	2.6396053	1.6246862
16.41732369881455	2.655771	1.6296537
16.43503206951817	2.6921713	1.6407838
16.45274083542859	2.7187214	1.6488546
16.47044999699522	2.8085294	1.6758667
16.488159554667558	2.9006472	1.7031287
16.505869508895184	2.9428284	1.7154675
16.523579860127786	2.9847946	1.7276558
16.541290608815117	3.00045	1.7321807
16.559001755407035	3.0932302	1.7587582
16.57671330035348	3.1283805	1.7687229
16.59442524410448	3.1856828	1.7848481
16.61213758711015	3.3328083	1.825598
16.629850329820705	3.4232972	1.8502154
16.647563472686436	3.4950936	1.869517
16.665277016157724	3.4584093	1.8596799
16.682990960685053	3.4907765	1.868362
16.70070530671898	3.4843614	1.8666444
16.718420054710155	3.4827635	1.8662164
16.736135205109335	3.5544336	1.8853205
16.753850758367335	3.626574	1.9043566
16.771566714935087	3.6905591	1.9210829
16.789283075263597	3.7340243	1.9323623
16.80699983980398	3.80896	1.9516557
16.82471700900741	3.8955505	1.973715
16.84243458332518	3.9453433	1.9862888
16.860152563208665	3.9827116	1.9956732
16.87787094910932	4.003267	2.0008166
16.89558974147871	4.028983	2.0072327
16.913308940768466	4.113075	2.0280716
16.931028547430333	4.1839037	2.0454593
16.94874856191613	4.236671	2.0583174
16.966468984677785	4.241748	2.0595503
16.98418981616729	4.2752	2.0676556
17.00191105683676	4.3614492	2.0884082
17.019632707138374	4.4539366	2.1104352
17.03735476752442	4.4957733	2.120324
17.05507723844728	4.5656734	2.1367435
17.072800120359403	4.5962996	2.1438982
17.090523413713353	4.6415057	2.1544154
17.108247118961785	4.6169224	2.1487024
17.125971236557437	4.591845	2.142859
17.143695766953133	4.5868278	2.141688
17.161420710601806	4.5859327	2.141479
17.179146067956477	4.5787125	2.1397927
17.19687183947025	4.5700436	2.1377661
17.21459802559634	4.5877748	2.1419091
17.232324626788028	4.5785522	2.1397552
17.25005164349871	4.5377216	2.1301928
17.267779076181863	4.5563464	2.13456
17.285506925291074	4.5443225	2.1317418
17.30323519127999	4.5992436	2.1445847
17.320963874602384	4.578238	2.1396818
17.33869297571211	4.604777	2.1458743
17.356422495063114	4.5441203	2.1316943
17.37415243310944	4.4922104	2.1194835
17.391882790305218	4.430568	2.1048915
17.40961356710468	4.427989	2.1042788
17.42734476396215	4.489268	2.1187892
17.445076381332044	4.566359	2.136904
17.462808419668868	4.6892166	2.1654599
17.48054087942723	4.7861	2.1877158
17.498273761061835	4.8690352	2.206589
17.51600706502747	5.1792383	2.275794
17.533740791779024	5.7568984	2.3993537
17.551474941771485	6.6576633	2.5802448
17.56920951545993	8.548836	2.9238393
17.586944513299528	9.798867	3.1303144
17.60467993574556	12.629198	3.5537584
17.622415783253373	15.178537	3.8959641
17.64015205627843	17.839758	4.223714
17.657888755276293	20.009827	4.4732347
17.675625880702604	21.397396	4.625732
17.69336343301311	19.91365	4.4624715
17.71110141266366	17.879192	4.2283792
17.728839820110178	15.318888	3.9139352
17.746578655808705	12.272013	3.5031433
17.764317920215372	10.186813	3.1916788
17.7820576137864	8.5245	2.9196746
17.79979773697811	7.1518707	2.6742983
17.81753829024692	5.922972	2.4337158
17.835279274049356	5.1496973	2.2692945
17.85302068884201	4.505202	2.122546
17.870762535081607	4.1357136	2.0336454
17.888504813224934	3.9235096	1.9807851
17.90624752372891	3.7525268	1.9371439
17.923990667050536	3.6175413	1.9019835
17.941734243646895	3.5070012	1.8726989
17.959478253975185	3.494351	1.8693182
17.9772226984927	3.468953	1.8625125
17.994967577656833	3.4322395	1.8526304
18.01271289192506	3.396758	1.8430296
18.030458641754965	3.3826225	1.8391907
18.04820482760425	3.3573258	1.8323007
18.06595144993067	3.303585	1.8175766
18.083698509192125	3.2652388	1.8069972
18.101446005846576	3.2108774	1.7918922
18.119193940352105	3.180663	1.7834414
18.136942313166887	3.1485069	1.7744032
18.1546911247492	3.1468837	1.7739458
18.1724403755574	3.1069243	1.7626469
18.19019006604997	3.0953958	1.7593737
18.207940196685467	3.0749414	1.7535511
18.225690767922575	3.040098	1.7435876
18.243441780220046	3.040134	1.743598
18.261193234036764	3.0245976	1.739137
18.278945129831676	3.0798328	1.7549453
18.29669746806386	3.079504	1.7548516
18.314450249192483	3.037547	1.742856
18.3322034736768	3.03587	1.7423749
18.349957141976184	3.0481808	1.745904
18.3677112545501	3.0734653	1.7531302
18.385465811858108	3.0346553	1.7420262
18.403220814359884	2.9953532	1.7307088
18.420976262515172	3.0187898	1.7374665
18.43873215678387	3.0559285	1.7481214
18.456488497625923	3.1265097	1.7681938
18.474245285501407	3.2186713	1.7940656
18.492002520870486	3.2982473	1.8161077
18.50976020419343	3.3692217	1.835544
18.527518335930615	3.6623344	1.9137226
18.545276916542516	4.2061663	2.050894
18.563035946489688	4.341847	2.08371
18.580795426232832	4.7954497	2.1898515
18.598555356232698	4.6950955	2.166817
18.616315736950185	5.044026	2.2458909
18.63407656884626	4.7265434	2.1740615
18.65183785238201	4.895782	2.2126415
18.669599588018617	4.66477	2.159808
18.68736177621737	4.653864	2.1572816
18.705124417439652	4.6847034	2.1644175
18.72288751214696	4.4711475	2.1145089
18.740651060800886	4.561167	2.1356888
18.758415063863115	4.2878222	2.0707057
18.77617952179546	4.433667	2.1056275
18.793944435059814	4.2019424	2.049864
18.811709804118184	4.191954	2.0474262
18.829475629432675	4.209656	2.0517445
18.8472419114655	4.047255	2.011779
18.86500865067897	4.091358	2.0227106
18.88277584753551	3.7094338	1.925989
18.90054350249763	3.7236636	1.9296796
18.918311616027957	3.4273508	1.8513106
18.936080188589226	3.3321087	1.8254064
18.953849220644265	3.0388973	1.7432433
18.971618712656007	2.8418527	1.6857796
18.9893886650875	2.7822132	1.6679968
19.007159078401887	7.9677815	2.822726
19.024929953062408	32.887203	5.7347364
19.042701289532435	32.83797	5.7304425
19.060473088275405	25.427551	5.042574
19.07824534975489	2.6987023	1.6427728
19.096018074434568	2.6617067	1.6314738
19.113791262778197	2.6519294	1.6284746
19.13156491524966	2.62192	1.6192344
19.149339032312945	2.6281202	1.6211478
19.167113614432136	2.6039166	1.6136656
19.184888662071433	2.5678704	1.6024576
19.202664175695123	2.4961045	1.5799065
19.220440155767623	2.481603	1.5753105
19.238216602753447	2.5279279	1.5899459
19.2559935171172	2.5687833	1.6027424
19.27377089932361	2.5708916	1.6034
19.291548749837514	2.5133262	1.5853473
19.309327069123835	2.4847977	1.5763241
19.32710585764763	2.474913	1.5731856
19.344885115874032	2.4888003	1.5775932
19.362664844268313	2.4795527	1.5746596
19.380445043295822	2.4865317	1.576874
19.39822571342203	2.5132751	1.5853312
19.41600685511252	2.5431147	1.5947146
19.43378846883297	2.5439029	1.5949618
19.451570555049173	2.5433795	1.5947976
19.469353114227037	2.4850128	1.5763923
19.48713614683254	2.4851832	1.5764464
19.50491965333182	2.481571	1.5753002
19.52270363419109	2.4834049	1.5758822
19.540488089876686	2.5074918	1.5835062
19.55827302085503	2.494951	1.5795414
19.576058427592674	2.536107	1.592516
19.593844310556282	2.5451572	1.5953549
19.611630670212598	2.5368643	1.5927536
19.629417507028506	2.5100858	1.5843251
19.64720482147098	2.5162723	1.5862763
19.6649926140071	2.521564	1.5879433
19.682780885104084	2.4755487	1.5733876
19.70056963522921	2.4170067	1.5546726
19.718358864849908	2.4102905	1.552511
19.7361485744337	2.4338236	1.5600717
19.753938764448215	2.483798	1.576007
19.771729435361202	2.481486	1.5752734
19.789520587640506	2.490482	1.5781262
19.807312221754092	2.5006716	1.5813512
19.825104338170043	2.5058186	1.5829778
19.842896937356517	2.4985127	1.5806684
19.860690019781824	2.5097055	1.584205
19.87848358591436	2.507744	1.5835859
19.896277636222635	2.495496	1.579714
19.914072171175278	2.4963655	1.5799891
19.931867191241015	2.505523	1.5828844
19.94966269688869	2.5313883	1.5910337
19.967458688587264	2.5020092	1.581774
19.985255166805807	2.464923	1.5700073
20.00305213201348	2.412239	1.5531385
20.020849584679578	2.4057724	1.5510553
20.038647525273507	2.4238324	1.5568662
20.05644595426477	2.4526186	1.5660838
20.07424487212299	2.4557123	1.5670712
20.092044279317903	2.4625413	1.5692487
20.109844176319353	2.4315245	1.5593346
20.127644563597304	2.3988392	1.5488187
20.145445441621817	2.3867805	1.5449209
20.16324681086307	2.3874214	1.5451282
20.181048671791373	2.349096	1.5326761
20.198851024877122	2.333064	1.5274371
20.216653870590836	2.3444357	1.531155
20.234457209403146	2.3832715	1.5437847
20.252261041784802	2.3940663	1.5472771
20.270065368206662	2.377622	1.5419539
20.287870189139685	2.365051	1.5378722
20.305675505054968	2.3442967	1.5311096
20.323481316423702	2.3656998	1.5380832
20.341287623717207	2.3847866	1.5442754
20.359094427406884	2.3679168	1.5388037
20.376901727964288	2.3151772	1.5215707
20.39470952586107	2.3078709	1.5191678
20.41251782156899	2.3303328	1.5265428
20.430326615559935	2.3436885	1.530911
20.448135908305886	2.3088233	1.5194813
20.465945700278965	2.290814	1.5135435
20.483755991951384	2.2861664	1.5120075
20.50156678379548	2.2720628	1.5073364
20.519378076283708	2.2836802	1.511185
20.537189869888635	2.2882216	1.5126868
20.55500216508294	2.3086479	1.5194235
20.572814962339415	2.2987804	1.516173
20.59062826213098	2.2910967	1.513637
20.60844206493066	2.2911975	1.5136702
20.626256371211593	2.2855675	1.5118093
20.644071181447032	2.307171	1.5189375
20.66188649611036	2.3753197	1.5412072
20.67970231567506	2.418834	1.5552601
20.697518640614742	2.4059665	1.5511178
20.715335471403122	2.348869	1.5326021
20.73315280851404	2.2953362	1.5150367
20.750970652421447	2.2379508	1.4959782
20.768789003599412	2.23587	1.4952825
20.786607862522136	2.2366579	1.495546
20.8044272296639	2.2684274	1.50613
20.82224710549913	2.2860844	1.5119803
20.84006749050237	2.2644486	1.5048085
20.857888385148268	3.7721822	1.9422107
20.8757097899116	45.86524	6.772388
20.893531705267254	64.78182	8.048716
20.911354131690224	83.8734	9.158242
20.92917706965566	69.12652	8.314236
20.94700051963877	50.170853	7.0831385
20.96482448211493	29.403372	5.4224877
20.982648957559622	4.154834	2.038341
21.00047394644843	2.2600849	1.5033579
21.01829944925707	2.2589355	1.5029756
21.036125466461375	2.240584	1.496858
21.053951998537297	2.256214	1.5020698
21.071779045960906	2.258982	1.502991
21.089606609208378	2.250297	1.5000991
21.10743468875603	2.181675	1.4770494
21.12526328508028	2.1360648	1.4615282
21.143092398657675	2.140799	1.4631469
21.16092202996488	2.1489463	1.4659284
21.17875217947867	2.173171	1.474168
21.19658284767596	2.206568	1.4854522
21.21441403503377	2.1991765	1.4829621
21.232245742029225	2.1526215	1.4671814
21.2500779691396	2.1284385	1.4589169
21.26791071684227	2.1354442	1.4613159
21.28574398561475	2.1745245	1.4746269
21.30357777593465	2.1830223	1.4775054
21.321412088279704	2.1670458	1.4720889
21.339246923127792	2.149188	1.4660109
21.357082280956888	2.1700253	1.4731005
21.3749181622451	2.1856794	1.4784044
21.392754567470647	2.1596773	1.469584
21.41059149711187	2.1232126	1.4571247
21.42842895164726	2.0988708	1.448748
21.446266931555378	2.0949316	1.4473878
21.464105437314945	2.0852199	1.4440291
21.481944469404798	2.091707	1.4462734
21.49978402830388	2.1154761	1.4544677
21.51762411449127	2.1294267	1.4592556
21.53546472844617	2.1467361	1.4651744
21.553305870647876	2.1010427	1.4494975
21.571147541575865	2.055562	1.4337231
21.58898974170967	2.0380282	1.4275953
21.60683247152899	2.0637746	1.4365844
21.62467573151363	2.0469477	1.4307158
21.642519522143523	2.0653925	1.4371474
21.660363843898722	2.0834823	1.4434272
21.6782086972594	2.0438316	1.4296263
21.696054082705864	2.0274124	1.4238724
21.713900000718535	2.0276334	1.42395
21.73174645177795	2.0135043	1.41898
21.749593436364794	2.015037	1.41952
21.767440954959845	2.0048594	1.4159306
21.785289008044032	2.006551	1.4165277
21.803137596098388	2.0087135	1.4172909
21.820986719604086	2.0207613	1.4215348
21.838836379042412	2.0221138	1.4220104
21.85668657489478	2.0203888	1.4214039
21.87453730764273	1.9934261	1.4118874
21.892388577767914	1.9811805	1.4075441
21.91024038575213	1.991618	1.411247
21.928092732077285	2.0289896	1.4244261
21.945945617225426	1.9972391	1.4132371
21.963799041678694	1.9601252	1.4000447
21.981653005919398	31.257904	5.590877
21.999507510429943	78.07923	8.836246
22.01736255569286	73.047516	8.546784
22.035218142190818	4.1242332	2.0308208
22.05307427040661	1.9717294	1.4041828
22.07093094082315	1.9969178	1.4131235
22.088788153923474	2.060579	1.4354718
22.106645910190746	2.0573702	1.4343536
22.12450421010827	2.0158706	1.4198135
22.142363054159464	1.9570994	1.3989637
22.16022244282787	1.9185102	1.385103
22.178082376597164	1.9245294	1.3872741
22.195942855951145	1.9387753	1.3923991
22.213803881373742	1.9483382	1.3958288
22.231665453349002	1.9448956	1.3945951
22.24952757236111	1.9389215	1.3924516
22.26739023889438	1.9510349	1.3967946
22.28525345343323	1.9178506	1.3848648
22.30311721646225	1.8795795	1.3709776
22.320981528466113	1.9063082	1.3806912
22.33884638992964	1.9698359	1.4035084
22.356711801337788	1.9662774	1.4022402
22.37457776317561	1.9129051	1.3830781
22.392444275928337	1.8937936	1.3761517
22.410311340081282	1.9285095	1.3887079
22.428178956119904	1.9352568	1.3911351
22.446047124529805	1.9523991	1.3972827
22.46391584579669	1.9590735	1.399669
22.481785120406414	1.9603198	1.4001142
22.49965494884496	1.9331704	1.390385
22.51752533159841	1.891375	1.3752726
22.53539626915302	1.8943707	1.3763614
22.553267761995137	1.93726	1.3918549
22.571139810611264	1.980646	1.4073542
22.589012415488025	1.9906443	1.4109019
22.60688557711216	1.9510005	1.3967822
22.624759295970566	1.9523443	1.3972632
22.642633572550263	1.926473	1.3879744
22.660508407338362	1.9402385	1.3929244
22.67838380082217	1.9247897	1.3873678
22.696259753489077	1.9204056	1.385787
22.714136265826614	1.9198794	1.3855971
22.73201333832246	1.9150246	1.3838441
22.74989097146439	1.9090638	1.3816887
22.76776916574035	1.9725251	1.4044662
22.785647921638393	1.9940176	1.4120969
22.803527239646712	2.0038145	1.4155616
22.82140712025363	1.9008541	1.3787147
22.839287563947593	1.863627	1.3651472
22.85716857121719	1.9107013	1.3822812
22.875050142551135	1.9547818	1.3981351
22.892932278438277	1.9021741	1.3791933
22.910814979367604	1.864766	1.3655643
22.928698245828222	1.8729293	1.3685501
22.946582078309387	1.9014884	1.3789446
22.96446647730047	1.9018315	1.3790691
22.98235144329098	1.9308885	1.3895642
23.000236976770562	1.9616323	1.4005828
23.018123078229	1.9301484	1.3892978
23.03600974815619	1.9057996	1.380507
23.053896987042194	1.870363	1.3676121
23.071784795377173	1.8841392	1.3726395
23.08967317365145	1.9035501	1.3796921
23.10756212235546	1.8829278	1.3721981
23.125451641979787	1.8856795	1.3732004
23.143341733015134	1.8915843	1.3753488
23.161232395952357	1.9002295	1.3784881
23.179123631282426	1.8873594	1.373812
23.197015439496468	1.8849503	1.3729349
23.214907821085717	1.8498621	1.3600963
23.23280077654157	1.8718148	1.3681428
23.250694306355538	1.9219838	1.3863564
23.268588411019277	1.9727391	1.4045423
23.28648309102458	1.9575452	1.399123
23.304378346863356	1.9301126	1.389285
23.322274179027676	1.920125	1.3856858
23.340170588009723	1.9105369	1.3822217
23.358067574301852	1.9078183	1.381238
23.37596513839651	1.9065914	1.3807938
23.39386328078629	1.8965122	1.3771391
23.411762001963947	1.887482	1.3738567
23.429661302422353	1.9095099	1.3818501
23.4475611826545	1.9343036	1.3907925
23.46546164315356	1.9303731	1.3893787
23.48336268441279	1.9321276	1.3900099
23.501264306925638	1.9200242	1.3856493
23.51916651118564	1.8908775	1.3750918
23.537069297686497	1.9025083	1.3793144
23.554972666922037	1.8823894	1.372002
23.57287661938623	1.9118526	1.3826976
23.59078115557318	1.8997153	1.3783016
23.608686275977128	1.8883395	1.3741686
23.62659198109246	1.8812875	1.3716003
23.6444982714137	1.9007775	1.3786869
23.66240514743549	1.8906304	1.3750019
23.68031260965263	1.8878095	1.3739758
23.698220658560068	1.8755292	1.3694996
23.716129294652845	1.8982846	1.3777825
23.7340385184262	1.9089919	1.3816627
23.75194833037546	1.8886374	1.374277
23.769858730996123	1.9187615	1.3851937
23.78776972078382	1.9079605	1.3812895
23.80568130023431	1.8797151	1.371027
23.823593469843495	1.8180684	1.3483577
23.841506230107424	1.8368781	1.3553147
23.859419581522275	1.8531566	1.3613069
23.87733352458438	1.8757423	1.3695774
23.89524805979019	1.884046	1.3726056
23.913163187636318	1.9027691	1.379409
23.931078908619508	1.9201394	1.3856909
23.948995223236633	1.9818621	1.4077863
23.966912131984735	2.0547702	1.433447
23.98482963536096	2.0778382	1.4414709
24.002747733862616	2.0478754	1.4310399
24.020666427987155	2.0280757	1.4241052
24.038585718232156	2.0114472	1.418255
24.056505605095353	1.9709316	1.4038987
24.074426089074617	1.9969659	1.4131404
24.092347170667946	1.9916078	1.4112433
24.110268850373515	2.051888	1.4324412
24.128191128689586	2.0496056	1.4316443
24.146114006114626	2.0725796	1.4396456
24.164037483147187	2.0593414	1.4350406
24.181961560286005	2.0464916	1.4305564
24.199886238029926	2.024143	1.4227238
24.21781151687797	2.0347064	1.4264313
24.235737397329274	2.032419	1.4256294
24.253663879883135	1.9824786	1.4080052
24.271590965038975	1.9566646	1.3988082
24.289518653296376	2.0015135	1.4147485
24.30744694515505	2.036988	1.4272308
24.32537584111486	2.0450199	1.4300419
24.34330534167581	2.056258	1.4339658
24.361235447338046	2.035072	1.4265596
24.379166158601876	2.043236	1.4294181
24.39709747596772	2.058669	1.4348063
24.41502939993615	2.0751915	1.4405525
24.432961931007917	2.0364816	1.4270535
24.450895069683856	2.0536385	1.4330522
24.468828816465	2.0163248	1.4199735
24.4867631718525	1.9774694	1.4062252
24.504698136347656	1.978819	1.406705
24.52263371045192	1.9952749	1.412542
24.540569894666874	1.974293	1.4050953
24.558506689494266	1.9375933	1.3919746
24.57644409543597	1.919919	1.3856114
24.594382112994012	1.9420189	1.3935634
24.61232074267057	1.9664562	1.4023039
24.630259984967953	1.9714149	1.4040709
24.64819984038863	1.9398907	1.3927996
24.66614030943522	1.9676671	1.4027356
24.684081392610462	1.9748448	1.4052917
24.702023090417274	1.9836612	1.4084251
24.7199654033587	2.0064065	1.4164768
24.737908331937927	2.0180056	1.4205652
24.755851876658305	2.0302498	1.4248683
24.773796038023324	2.0288844	1.4243891
24.79174081653661	2.0567236	1.4341282
24.809686212701962	2.0622506	1.4360539
24.827632227023294	2.1029432	1.4501528
24.8455788600047	2.1564326	1.4684798
24.8635261121504	2.1754825	1.4749517
24.88147398396475	2.1687403	1.4726644
24.899422475952303	2.1834242	1.4776415
24.917371588617698	2.1440506	1.4642577
24.935321322465768	2.1491227	1.4659886
24.953271678001478	2.226331	1.4920895
24.97122265572994	2.4538584	1.5664796
24.989174256156414	2.8680654	1.6935364
25.00712647978632	3.5269768	1.8780247
25.02507932712521	4.460291	2.1119401
25.043032798678798	5.8545275	2.4196131
25.060986894952933	7.494365	2.7375839
25.078941616453637	8.930222	2.9883475
25.096896963687055	9.878587	3.1430218
25.114852937159508	10.541864	3.2468238
25.132809537377444	10.399699	3.2248564
25.150766764847468	9.598343	3.0981193
25.168724620076347	8.319735	2.8843951
25.186683103570985	7.1578	2.6754065
25.204642215838426	5.8848095	2.4258626
25.222601957385894	4.7271457	2.1742
25.24056232872074	3.654289	1.9116194
25.25852333035048	2.8765023	1.6960255
25.276484962782778	2.411782	1.5529913
25.294447226525435	2.1783803	1.4759337
25.312410122086423	2.074774	1.4404076
25.330373649973843	2.0489357	1.4314103
25.348337810695988	1.9960291	1.4128089
25.366302604761245	1.9113859	1.3825288
25.384268032678207	1.8543711	1.361753
25.40223409495558	1.8244258	1.3507131
25.420200792102257	1.83155	1.3533477
25.438168124627246	1.8534173	1.3614026
25.45613609303974	1.8774326	1.3701943
25.474104697849057	1.9048367	1.3801582
25.492073939564698	1.913226	1.3831941
25.510043818696285	1.9096098	1.3818864
25.528014335753614	1.8693869	1.3672552
25.54598549124664	1.8511711	1.3605775
25.56395728568544	1.8491501	1.3598346
25.58192971958028	1.8210539	1.3494643
25.59990279344156	1.8515017	1.3606989
25.617876507779833	1.8418297	1.3571403
25.635850863105826	1.8526243	1.3611114
25.653825859930386	1.8543105	1.3617307
25.671801498764548	1.8730824	1.368606
25.68977778011949	1.8832625	1.3723202
25.707754704506524	1.9028132	1.3794249
25.725732272437153	1.8970053	1.3773181
25.743710484423012	1.909707	1.3819215
25.761689340975888	1.9325358	1.3901567
25.77966884260774	1.9154747	1.3840067
25.797648989830662	1.8539144	1.3615853
25.815629783156922	1.8363689	1.3551269
25.83361122309895	1.8442566	1.3580341
25.85159331016929	1.8446125	1.3581651
25.869576044880695	1.8325871	1.3537308
25.887559427746034	1.8377578	1.3556392
25.90554345927836	1.850435	1.360307
25.92352813999086	1.8542601	1.3617122
25.94151347039689	1.8500369	1.3601606
25.959499451009965	1.8769287	1.3700105
25.97748608234374	1.8841639	1.3726485
25.995473364912062	1.8662009	1.3660897
26.013461299228904	1.8360269	1.3550007
26.03144988580839	1.8116891	1.3459901
26.04943912516483	1.846389	1.358819
26.067429017812675	1.8592471	1.3635421
26.085419564266537	1.899918	1.3783752
26.103410765041186	1.8899812	1.3747659
26.12140262065155	1.8798907	1.371091
26.139395131612723	1.8682762	1.3668491
26.157388298439948	1.8264408	1.3514588
26.17538212164861	1.7765177	1.3328607
26.193376601754295	1.8252971	1.3510356
26.211371739272714	1.8582633	1.3631814
26.229367534719746	1.8379347	1.3557045
26.247363988611433	1.8056786	1.3437554
26.26536110146397	1.8615323	1.3643799
26.283358873793727	1.8761846	1.3697388
26.301357306117204	1.855747	1.3622581
26.319356398951104	1.8368725	1.3553127
26.33735615281224	1.8301885	1.3528446
26.35535656821762	1.8039727	1.3431206
26.373357645684404	1.8198392	1.3490142
26.39135938572991	1.8353738	1.3547597
26.409361788871614	1.879737	1.371035
26.427364855627165	1.8968995	1.3772798
26.445368586514352	1.9094232	1.3818188
26.46337298205115	1.913229	1.3831952
26.48137804275568	1.9101195	1.3820708
26.499383769146217	1.9167186	1.384456
26.517390161741215	1.8304222	1.3529309
26.53539722105928	1.7620641	1.3274276
26.553404947619182	1.7822435	1.335007
26.571413341939856	1.7886072	1.3373882
26.589422404540397	1.7890288	1.3375458
26.60743213594006	1.7864146	1.3365682
26.62544253665827	1.7796483	1.3340346
26.64345360721459	1.7939632	1.3393891
26.66146534812879	1.8240676	1.3505805
26.679477759920758	1.8232329	1.3502715
26.69749084311057	1.8322784	1.3536167
26.71550459821847	1.8621687	1.364613
26.733519025764842	1.8126671	1.3463533
26.751534126270258	1.8018996	1.3423486
26.769549900255434	1.7706393	1.3306537
26.787566348241267	1.7693799	1.3301804
26.80558347074881	1.8100034	1.3453636
26.823601268299267	1.8017656	1.3422986
26.841619741414036	1.7952164	1.3398569
26.85963889061465	1.7951052	1.3398154
26.877658716422832	1.8171519	1.3480178
26.89567921936045	1.8387722	1.3560133
26.913700399949544	1.8454248	1.3584641
26.93172225871233	1.8399032	1.3564303
26.949744796171174	1.8331028	1.3539213
26.967768012848605	1.8126183	1.3463352
26.98579190926733	1.8074133	1.3444008
27.003816485950225	1.805247	1.3435948
27.021841743420318	1.8094304	1.3451507
27.039867682200814	1.7888118	1.3374647
27.057894302815072	1.7878709	1.3371129
27.07592160578664	1.7861354	1.3364638
27.0939495916392	1.795203	1.3398519
27.111978260896635	1.7671298	1.3293344
27.13000761408296	1.7832586	1.335387
27.148037651722397	1.8142558	1.3469431
27.166068374339304	1.846241	1.3587645
27.184099782458215	1.839323	1.3562164
27.20213187660384	1.8251985	1.3509991
27.22016465730105	1.8560495	1.3623691
27.23819812507487	1.8412759	1.3569362
27.256232280450533	1.8272859	1.3517714
27.274267123953383	1.8266796	1.3515471
27.292302656108987	1.8146948	1.3471061
27.31033887744306	1.8139191	1.3468181
27.32837578848146	1.8140198	1.3468555
27.34641338975026	1.8539412	1.3615952
27.364451681775673	1.8741688	1.3690028
27.382490665084074	1.8424085	1.3573534
27.400530340202046	1.811946	1.3460854
27.41857070765629	1.7704812	1.3305943
27.436611767973726	1.7845668	1.3358768
27.454653521681404	1.7576936	1.3257804
27.472695969306564	1.7532998	1.3241223
27.490739111376627	1.7527127	1.3239006
27.508782948419153	1.7283415	1.314664
27.526827480961902	1.7284074	1.314689
27.54487270953279	1.7624243	1.3275633
27.562918634659898	1.835524	1.3548151
27.580965256871508	1.8590804	1.363481
27.599012576696026	1.8008225	1.3419473
27.617060594662068	1.7362736	1.3176774
27.63510931129842	1.7527615	1.3239189
27.65315872713401	1.8143886	1.3469925
27.67120884269797	1.8397368	1.356369
27.68925965851958	1.8296176	1.3526336
27.707311175128307	1.8452991	1.3584179
27.725363393053787	1.8091178	1.3450345
27.74341631282583	1.8234028	1.3503343
27.7614699349744	1.9092269	1.3817477
27.77952426002968	2.2127376	1.4875274
27.797579288521973	2.2912807	1.5136977
27.815635020981784	2.712937	1.6470996
27.83369145793979	2.7438233	1.656449
27.85174859992682	2.5799768	1.6062306
27.869806447473923	2.4323506	1.5595995
27.887865001112267	2.1216683	1.4565948
27.905924261373233	1.9649477	1.401766
27.92398422878836	1.909701	1.3819193
27.94204490388936	1.841854	1.3571492
27.96010628720813	1.8292476	1.3524967
27.978168379276728	1.8566004	1.3625712
27.9962311806274	1.8514054	1.3606635
28.014294691792568	1.8521557	1.3609393
28.0323589133048	1.8990505	1.3780605
28.050423845696887	1.8847703	1.3728694
28.068489489501758	1.903541	1.3796887
28.086555845252523	1.8697295	1.3673805
28.104622913482487	1.8199672	1.3490616
28.122690694725115	1.8519886	1.3608779
28.14075918951405	1.8304241	1.3529316
28.15882839838312	1.8118529	1.3460509
28.176898321866304	1.8750092	1.3693098
28.1949689604978	1.9341568	1.3907397
28.213040314811945	1.921741	1.3862687
28.23111238534327	1.9548568	1.3981619
28.249185172626493	1.9765131	1.4058852
28.267258677196473	1.9787269	1.4066722
28.285332899588294	1.9892244	1.4103987
28.303407840337172	1.9692259	1.4032911
28.321483499978545	1.9564377	1.3987272
28.33955987904799	1.9416755	1.3934401
28.357636978081285	2.0017023	1.4148153
28.37571479761439	1.9731913	1.4047033
28.393793338183425	1.9640069	1.4014302
28.41187260032469	1.9749049	1.4053131
28.429952584574686	2.0483634	1.4312105
28.448033291470065	2.0090294	1.4174024
28.46611472154769	1.9688625	1.4031616
28.484196875344566	1.9737881	1.4049157
28.502279753397914	2.0410604	1.4286568
28.52036335624511	2.0586004	1.4347824
28.538447684423716	2.0204914	1.4214399
28.556532738471482	1.9799107	1.407093
28.574618518926325	1.9379563	1.392105
28.59270502632635	1.9699724	1.4035571
28.61079226120985	1.9945327	1.4122792
28.628880224115274	2.0204835	1.4214371
28.646968915581287	2.0195007	1.4210914
28.66505833614671	2.008299	1.4171447
28.68314848635055	1.9904441	1.410831
28.701239366732004	2.0252943	1.4231284
28.71933097783044	2.0597453	1.4351813
28.737423320185403	2.0358355	1.4268271
28.75551639433665	2.0448809	1.4299933
28.773610200824074	2.1361618	1.4615614
28.791704740187793	2.1902971	1.4799652
28.80980001296809	2.1967638	1.4821484
28.827896019705413	2.220248	1.4900496
28.845992760940433	2.2438338	1.4979432
28.86409023721397	2.2590897	1.5030268
28.88218844906704	2.2283344	1.4927607
28.900287397040845	2.2843914	1.5114204
28.918387081676755	2.3010933	1.5169355
28.936487503516343	2.2790132	1.5096401
28.954588663101365	2.23688	1.4956203
28.97269056097374	2.2622344	1.5040727
28.990793197675597	2.2852364	1.5116998
29.00889657374923	2.343235	1.5307629
29.027000689737125	2.351164	1.5333506
29.04510554618196	2.419426	1.5554504
29.06321114362659	2.4711783	1.5719982
29.08131748261405	2.526924	1.5896301
29.099424563687567	2.5319757	1.5912184
29.11753238739057	2.5507445	1.597105
29.13564095426663	2.5993276	1.612243
29.15375026485954	2.6392298	1.6245706
29.171860319713275	2.6867554	1.6391325
29.18997111937199	2.6887882	1.6397525
29.20808266438002	2.7522666	1.6589956
29.226194955281898	2.79734	1.672525
29.244307992622335	2.793029	1.6712358
29.26242177694624	2.7920709	1.6709491
29.2805363087987	2.836358	1.684149
29.29865158872498	2.880543	1.6972163
29.316767617270557	2.8800306	1.6970654
29.334884394981064	2.9422743	1.7153059
29.353001922402367	3.020147	1.737857
29.37112020008047	3.0549943	1.7478542
29.389239228561596	3.1200178	1.7663572
29.407359008392152	3.320726	1.8222859
29.42547954011872	3.632202	1.9058336
29.44360082428809	4.052597	2.0131063
29.46172286144722	4.856299	2.2037013
29.479845652143283	6.481236	2.5458272
29.497969196923606	9.219005	3.0362813
29.516093496335728	13.2096	3.6345015
29.5342185509274	16.821152	4.10136
29.55234436124651	19.881386	4.4588547
29.570470927841175	21.175354	4.601669
29.588598251259686	20.848757	4.566044
29.60672633205055	18.988054	4.3575287
29.624855170762405	15.993384	3.999173
29.642984767944146	12.708109	3.5648434
29.66111512414481	9.486877	3.0800774
29.67924623991366	6.93638	2.6337008
29.697378115800138	5.0788617	2.253633
29.71551075235387	4.163961	2.0405786
29.733644150124675	3.7301254	1.9313532
29.751778309662576	3.541373	1.8818536
29.769913231517766	3.433012	1.8528389
29.78804891624066	3.3650014	1.834394
29.806185364381818	3.3901925	1.8412476
29.82432257649206	3.3679266	1.8351911
29.842460553122333	3.3068855	1.8184844
29.86059929482382	3.2952163	1.815273
29.878738802147872	3.2952156	1.8152729
29.896879075646048	3.2785676	1.8106815
29.915020115870114	3.2562928	1.8045201
29.933161923371976	3.2820039	1.8116301
29.951304498703777	3.294764	1.8151485
29.969447842417857	3.3354578	1.8263236
29.987591955066733	3.343525	1.8285308
30.005736837203123	3.3062727	1.8183159
30.023882489379943	3.2872906	1.8130887
30.04202891215028	3.2239087	1.7955246
30.060176106067455	3.167747	1.7798166
30.078324071684946	3.1095552	1.7633932
30.09647280955646	3.113452	1.7644976
30.114622320235863	3.1263773	1.7681565
30.132772604277257	3.1677969	1.7798306
30.1509236622349	3.1716352	1.7809085
30.16907549466328	3.1223388	1.767014
30.18722810211705	3.0751233	1.753603
30.205381485151097	3.0508873	1.746679
30.22353564432045	3.0187356	1.737451
30.241690580180403	2.9638407	1.7215809
30.25984629328638	3.015451	1.7365054
30.278002784194037	3.0379949	1.7429844
30.296160053459246	3.0225666	1.738553
30.314318101638033	3.00439	1.7333176
30.332476929286646	2.975443	1.7249472
30.35063653696153	2.9625375	1.7212024
30.368796925219307	2.92363	1.7098626
30.386958094616844	2.9158757	1.7075936
30.40512004571115	2.967221	1.7225623
30.423282779059463	2.9957364	1.7308196
30.441446295219233	2.9025238	1.7036794
30.459610594748067	2.8554046	1.6897943
30.47777567820382	2.8997238	1.7028575
30.495941546144504	2.9510818	1.7178713
30.51410819912835	2.900138	1.7029791
30.532275637713795	2.8588657	1.6908181
30.55044386245946	2.841743	1.685747
30.56861287392416	2.790022	1.6703359
30.586782672666956	2.7930458	1.6712408
30.604953259247047	2.7981455	1.6727659
30.623124634223885	2.781777	1.667866
30.641296798157075	2.729299	1.6520591
30.659469751606462	2.7262688	1.6511416
30.677643495132074	2.7830827	1.6682574
30.695818029294152	2.7588215	1.6609701
30.713993354653116	2.7396958	1.6552026
30.73216947176962	2.7918744	1.6708903
30.75034638120448	2.8061619	1.6751603
30.768524083518756	2.833918	1.6834245
30.786702579273673	2.8705544	1.6942711
30.80488186903069	2.9151406	1.7073783
30.82306195335144	3.0755553	1.7537261
30.841242832797782	3.3675506	1.8350887
30.85942450793176	3.6730568	1.916522
30.877606979315637	4.022136	2.0055263
30.895790247511883	4.374745	2.091589
30.913974313083134	4.7209992	2.172786
30.932159176592283	5.1587358	2.271285
30.95034483860237	5.598474	2.3661094
30.968531299676698	5.6777525	2.3828034
30.98671856037873	5.419282	2.3279352
31.00490662127215	4.972574	2.229927
31.023095482920848	4.369842	2.0904167
31.04128514588892	3.7605536	1.9392147
31.059475610740662	3.263717	1.806576
31.07766687804056	2.8775022	1.6963202
31.09585894835335	2.6225286	1.6194223
31.11405182224393	2.5387335	1.5933404
31.132245500277417	2.5309188	1.5908862
31.15043998301914	2.4638917	1.5696789
31.168635271034628	2.458429	1.5679379
31.18683136488964	2.4883459	1.5774492
31.20502826515008	2.4933333	1.5790292
31.223225972382135	2.5133975	1.5853698
31.241424487152155	2.5322902	1.5913172
31.259623810026692	2.4874701	1.5771716
31.27782394157253	2.3967013	1.5481284
31.296024882356644	2.3521426	1.5336696
31.314226632946237	2.3349872	1.5280665
31.332429193908684	2.351885	1.5335857
31.350632565811598	2.4248827	1.5572034
31.368836749222787	2.5246108	1.5889024
31.387041744710295	2.5593998	1.5998124
31.40524755284232	2.600065	1.6124717
31.423454174187317	2.5702775	1.6032085
31.441661609313922	2.50023	1.5812116
31.459869858791002	2.4643693	1.569831
31.478078923187628	2.4878535	1.5772932
31.496288803073064	2.4550617	1.5668637
31.514499499016807	2.4625077	1.569238
31.532711011588546	2.3756332	1.5413089
31.550923341358178	2.2849379	1.5116011
31.56913648889584	2.2024612	1.4840691
31.587350454771844	2.2341316	1.4947011
31.605565239556732	2.3024485	1.5173821
31.62378084382127	2.345531	1.5315126
31.641997268136382	2.312815	1.5207942
31.660214513073274	2.3279107	1.5257492
31.67843257920331	2.3503006	1.533069
31.6966514670981	2.3683002	1.5389283
31.71487117732944	2.3574133	1.535387
31.733091710469346	2.394891	1.5475435
31.751313067090052	2.3983986	1.5486764
31.769535247764008	2.3130379	1.5208675
31.787758253063878	2.2368047	1.4955951
31.805982083562526	2.2228854	1.4909344
31.824206739833024	2.185094	1.4782064
31.84243222244869	2.2103274	1.486717
31.860658531983013	2.1624928	1.4705416
31.878885669009737	2.242714	1.4975693
31.897113634102784	2.2817068	1.510532
31.91534242783632	2.2901273	1.5133166
31.933572050784694	2.311973	1.5205173
31.951802503522508	2.3335624	1.5276002
31.970033786624548	2.2351408	1.4950387
31.988265900665834	2.1705723	1.4732863
32.006498846221575	2.0867183	1.4445478
32.02473262386724	2.1507692	1.4665501
32.04296723417845	2.2526789	1.5008926
32.0612026777311	2.273785	1.5079075
32.07943895510129	2.231456	1.4938059
32.097676066865304	2.1868625	1.4788043
32.115914013599685	2.1936095	1.4810839
32.13415279588115	2.1650987	1.4714274
32.152392414286666	2.1849856	1.4781697
32.1706328693934	2.151042	1.4666431
32.18887416177875	2.1280768	1.4587929
32.20711629202032	2.122256	1.4567965
32.225359260695924	2.1383731	1.4623177
32.243603068383614	2.171533	1.4736123
32.26184771566166	2.2416477	1.4972134
32.28009320310852	2.3167124	1.522075
32.2983395313029	2.2830112	1.5109637
32.31658670082372	2.24424	1.4980788
32.33483471225012	2.1525364	1.4671525
32.35308356616143	2.1600387	1.469707
32.371333263137245	2.1005	1.4493102
32.38958380375734	2.0756707	1.4407188
32.407835188601744	2.0630658	1.4363376
32.42608741825067	2.0408616	1.4285873
32.444340493284585	2.0211751	1.4216805
32.46259441428416	2.001832	1.4148611
32.48084918183028	2.0078464	1.4169849
32.49910479650405	1.9929287	1.4117113
32.51736125888683	1.9401336	1.3928868
32.53561856956014	2.0127594	1.4187175
32.5538767291058	2.1143491	1.4540802
32.572135738105764	2.1028984	1.4501374
32.59039559714228	2.068373	1.4381839
32.608656306797776	2.0910697	1.4460531
32.62691786765491	2.06366	1.4365444
32.645180280296586	2.0725768	1.4396447
32.663443545305896	2.1068227	1.4514898
32.68170766326619	2.2366252	1.4955351
32.69997263476099	2.1827822	1.4774241
32.7182384603741	2.0775414	1.4413679
32.7365051406895	2.0545726	1.433378
32.75477267629144	2.065373	1.4371406
32.77304106776434	2.0984602	1.4486063
32.79131031569289	2.1388428	1.4624783
32.809580420661966	2.0956721	1.4476436
32.827851383256714	2.0590904	1.4349531
32.84612320406245	2.0456047	1.4302464
32.86439588366476	2.0048835	1.4159391
32.88266942264945	1.9865954	1.4094664
32.9009438216025	1.998001	1.4135066
32.9192190811102	1.8887972	1.3743352
32.937495201758985	1.8395706	1.3563077
32.95577218413556	1.9117851	1.3826731
32.974050028826866	2.0154448	1.4196635
32.992328736420035	2.1066802	1.4514407
33.010608307502444	2.0556123	1.4337407
33.02888874266169	2.0020504	1.4149383
33.047170042485604	2.0416598	1.4288666
33.06545220756225	1.9991037	1.4138967
33.083735238479896	1.9723033	1.4043871
33.10201913582707	1.9451879	1.3946999
33.12030390019248	1.9208934	1.385963
33.138589532165135	1.8540634	1.36164
33.15687603233419	1.905507	1.380401
33.17516340128909	2.0890884	1.4453679
33.19345163961947	2.07887	1.4418287
33.211740747915215	1.9747348	1.4052526
33.23003072676643	1.9171195	1.3846009
33.248321576763466	1.8719697	1.3681995
33.266613298496885	1.935347	1.3911675
33.28490589255747	2.0060296	1.4163437
33.30319935953626	2.0299337	1.4247574
33.32149370002451	2.0141785	1.4192176
33.339788914613706	1.9729086	1.4046026
33.358085003895575	1.9066912	1.3808299
33.376381968462034	1.8546344	1.3618497
33.39467980890529	1.8449776	1.3582995
33.41297852581774	1.9164884	1.384373
33.43127811979204	1.9335964	1.3905382
33.44957859142105	1.9693749	1.4033442
33.467879941297866	1.9022326	1.3792145
33.486182170015844	1.8314625	1.3533154
33.50448527816853	1.8652427	1.3657389
33.522789266349754	1.8859653	1.3733045
33.541094135153514	1.8688153	1.3670462
33.55939988517411	1.8037856	1.3430508
33.57770651700602	1.8504515	1.360313
33.59601403124398	1.8845956	1.3728057
33.61432242848296	1.9737893	1.4049162
33.632631709318154	1.924003	1.3870844
33.650941874344994	1.9198196	1.3855755
33.66925292415916	1.9268297	1.3881029
33.68756485935654	1.9685428	1.4030477
33.70587768053328	1.9412829	1.3932992
33.724191388285746	1.996131	1.412845
33.74250598321054	2.0029693	1.4152629
33.760821465904506	1.9307516	1.3895149
33.77913783696474	1.8733243	1.3686944
33.79745509698852	1.9622275	1.4007953
33.815773246573414	2.0132391	1.4188865
33.8340922863172	1.9810421	1.407495
33.852412216817896	1.9193995	1.3854239
33.87073303867377	1.8223035	1.3499272
33.889054752483304	1.7931689	1.3390926
33.907377358845245	1.9185897	1.3851317
33.92570085835853	2.0581868	1.4346381
33.94402525162239	2.009509	1.4175715
33.96235053923627	1.9137429	1.383381
33.980676721799824	1.8875055	1.3738651
33.999003799912984	1.8133786	1.3466175
34.01733177417592	1.7905375	1.3381096
34.03566064518901	1.7947364	1.3396777
34.0539904135529	1.810469	1.3455367
34.07232107986846	1.8527119	1.3611436
34.090652644736785	1.9656739	1.402025
34.108985108759235	1.9447411	1.3945397
34.12731847253742	1.8692338	1.3671993
34.14565273667313	1.8730198	1.3685831
34.16398790176847	1.9670607	1.4025195
34.18232396842574	2.1562269	1.4684097
34.20066093724749	2.1201873	1.4560863
34.21899880883651	2.0314853	1.4253018
34.23733758379583	1.9398304	1.3927779
34.25567726272874	1.9881718	1.4100255
34.27401784623872	1.9726951	1.4045266
34.29235933492957	1.8778162	1.3703344
34.31070172940526	1.8351068	1.3546611
34.32904503027003	1.8825631	1.3720653
34.347389238128386	2.0286903	1.424321
34.36573435358502	2.093222	1.4467971
34.38408037724492	2.0317416	1.4253918
34.402427309713296	1.9812645	1.4075739
34.42077515159559	1.8944623	1.3763947
34.43912390349752	1.8934104	1.3760126
34.45747356602499	2.0014164	1.4147142
34.47582413978423	2.2014332	1.4837227
34.49417562538163	2.1110742	1.4529536
34.51252802342388	2.0561805	1.4339387
34.53088133451789	2.150031	1.4662985
34.54923555927084	2.1452987	1.4646838
34.567590698290104	2.094553	1.447257
34.58594675218336	1.9564029	1.3987148
34.6043037215585	1.9056908	1.3804677
34.62266160702365	1.9243757	1.3872187
34.641020409187234	2.0156755	1.4197448
34.65938012865785	2.0445702	1.4298847
34.677740766044394	1.9378657	1.3920724
34.69610232195598	1.9496083	1.3962837
34.714464797002016	1.980564	1.4073251
34.73282819179208	1.902464	1.3792983
34.751192506936064	2.0019143	1.4148902
34.76955774304408	2.0851476	1.444004
34.7879239007265	1.9852308	1.4089822
34.80629098059391	1.8560474	1.3623683
34.824658983257194	1.9592686	1.3997388
34.843027909327446	2.0075939	1.4168959
34.86139775941603	1.8382884	1.355835
34.879768534134534	1.810079	1.3453918
34.89814023409483	1.9144645	1.3836417
34.91651285990901	1.8572206	1.3627988
34.93488641218944	1.8293177	1.3525227
34.95326089154871	1.7018336	1.3045435
34.97163629859967	1.7177008	1.3106109
34.99001263395542	1.805027	1.3435129
35.00838989822934	1.8980372	1.3776927
35.02676809203499	2.0738237	1.4400777
35.04514721598624	2.0674682	1.4378693
35.063527270697215	1.9005945	1.3786205
35.081908256782256	1.8513447	1.3606412
35.10029017485597	1.8868018	1.3736091
35.11867302553321	1.9426453	1.3937881
35.137056809429104	1.830737	1.3530473
35.155441527159006	1.6645654	1.2901804
35.173827179338524	1.827359	1.3517984
35.19221376658354	1.9249536	1.387427
35.21060128951017	1.8897979	1.3746992
35.2289897487348	1.9098514	1.3819737
35.24737914487405	1.8607582	1.3640962
35.26576947854479	1.8150423	1.3472351
35.28416075036418	2.0055037	1.4161581
35.30255296094958	2.1479306	1.465582
35.32094611091867	2.1270573	1.4584434
35.33934020088932	2.4790378	1.574496
35.35773523147969	2.4674253	1.570804
35.3761312033082	2.2007508	1.4834927
35.394528116993506	2.065836	1.4373016
35.41292597315452	1.8709115	1.3678126
35.431324772410434	2.1399393	1.4628532
35.449724515380666	2.2963529	1.5153722
35.46812520268491	2.050553	1.4319752
35.486526834943106	1.7247328	1.3132908
35.504929412775454	1.7612875	1.3271351
35.52333293680242	1.7162367	1.3100522
35.54173740764471	1.6497297	1.2844181
35.560142825923286	1.3575048	1.1651201
35.5785491922594	1.4455985	1.2023305
35.59695650727454	1.8729666	1.3685638
35.61536477159042	1.9318032	1.3898933
