0.008763373481513119	0.0	0.0
0.026290120649546365	0.2842199	0.5331228
0.043816868432600686	0.3730925	0.61081296
0.06134361724069026	0.2658141	0.5155716
0.07887036748382949	0.199861	0.44705817
0.0963971195720331	0.12658624	0.3557896
0.11392387391531617	0.17573185	0.41920382
0.1314506309236943	0.185287	0.43044975
0.1489773910071836	0.14009348	0.37429062
0.16650415457580078	0.11148614	0.3338954
0.18403092203956356	0.0958895	0.3096603
0.20155769380849	0.12438177	0.352678
0.2190844702925996	0.1590106	0.39876133
0.2366112519019124	0.16438985	0.4054502
0.2541380390464497	0.14911807	0.38615808
0.27166483213623416	0.093731925	0.3061567
0.28919163158128947	0.060155444	0.24526607
0.3067184377916406	0.05883719	0.24256378
0.324245251177314	0.06284288	0.25068483
0.34177207214833777	0.074167274	0.2723367
0.3592989011147415	0.098005675	0.31305858
0.37682573848655654	0.13146813	0.36258534
0.39435258467381573	0.14643873	0.38267314
0.41187944008655414	0.13301533	0.3647127
0.42940630513480854	0.08214503	0.28660953
0.446933180228618	0.07636901	0.27634943
0.4644600657780234	0.119083695	0.34508505
0.48198696219306775	0.16027796	0.4003473
0.49951386988379676	0.18629944	0.4316242
0.5170407892602581	0.20298226	0.45053554
0.5345677207325025	0.1919127	0.4380784
0.5520946647105822	0.16154428	0.4019257
0.5696216216045534	0.15635882	0.39542234
0.5871485918244737	0.18101728	0.42546126
0.6046755757804043	0.17393053	0.4170498
0.6222025738824094	0.18634275	0.43167436
0.6397295865405557	0.16669661	0.40828496
0.6572566141649129	0.1680975	0.40999696
0.6747836571655547	0.1849067	0.4300078
0.6923107159525568	0.1895016	0.4353178
0.7098377909359992	0.18090452	0.42532873
0.7273648825259653	0.1751669	0.41852945
0.7448919911325411	0.17885445	0.42291188
0.762419117165817	0.20166558	0.4490719
0.7799462610358868	0.19226138	0.4384762
0.7974734231528482	0.18353032	0.4284044
0.8150006039268024	0.16745697	0.40921506
0.8325278037678551	0.16729207	0.40901354
0.8500550230861152	0.17376024	0.4168456
0.8675822622916969	0.15653338	0.395643
0.8851095217947171	0.1675138	0.4092845
0.9026368020052984	0.1880411	0.43363705
0.9201641033335665	0.21742974	0.46629363
0.9376914261896523	0.23725398	0.48708725
0.9552187709836915	0.23787858	0.48772797
0.9727461381258234	0.25389102	0.503876
0.990273528026193	0.24342763	0.49338385
1.0078009410949496	0.23669763	0.48651582
1.0253283777422473	0.23253389	0.48221767
1.0428558383782454	0.24663831	0.49662694
1.0603833234131086	0.2942522	0.5424502
1.0779108332570058	0.3537088	0.59473425
1.0954383683201119	0.3357551	0.5794438
1.112965929012607	0.36647007	0.6053677
1.1304935157446763	0.48252273	0.69463855
1.1480211289265108	0.48820952	0.6987199
1.1655487689683062	1.4280174	1.1949968
1.1830764362802655	1.7492478	1.3225913
1.200604131272596	2.114701	1.4542012
1.2181318543555117	2.3529155	1.5339216
1.235659605939232	2.4168878	1.5546343
1.253187386433982	4.14573	2.0361066
1.270715196249994	6.530098	2.5554056
1.2882430357975057	12.103375	3.4789906
1.3057709054867608	16.957191	4.117911
1.3232988057280106	22.844433	4.779585
1.3408267369315112	27.376684	5.232273
1.358354699507526	30.555197	5.5276756
1.3758826938663256	34.5394	5.8770227
1.3934107204181858	37.07003	6.088516
1.410938779573391	37.71497	6.1412516
1.4284668717422309	38.47787	6.2030535
1.4459949973350033	38.212128	6.181596
1.4635231567620117	38.0781	6.1707454
1.4810513504335687	37.54215	6.127165
1.4985795787599925	36.600666	6.0498486
1.5161078421516088	35.91338	5.9927773
1.5336361410187505	34.835266	5.9021406
1.5511644757717598	34.599308	5.8821177
1.5686928468209842	35.72906	5.9773793
1.58622125457678	36.36542	6.030375
1.6037496994495108	37.151505	6.0952034
1.621278181849548	36.968544	6.0801764
1.6388067021872719	37.81165	6.149118
1.6563352608730693	37.727383	6.142262
1.673863858317336	37.31589	6.1086736
1.6913924949304753	36.755615	6.062641
1.7089211711228998	35.281437	5.939818
1.7264498873050296	33.734814	5.808168
1.7439786438872935	32.962723	5.7413173
1.7615074412801288	32.356907	5.688313
1.779036279893981	32.010433	5.6577764
1.796565160139305	30.811071	5.550772
1.814094082426564	30.258215	5.5007467
1.8316230471662298	29.292858	5.4122877
1.849152054768784	28.367708	5.3261347
1.8666811056447168	27.590963	5.25271
1.8842102002045273	26.901289	5.186645
1.901739338858724	26.656588	5.163002
1.9192685220178245	26.276009	5.126013
1.9367977500923557	25.510357	5.050778
1.9543270234928547	25.003168	5.0003166
1.971856342629867	24.412632	4.940914
1.9893857079139496	23.981968	4.8971386
2.006915119755667	23.258633	4.8227205
2.0244445785655945	22.400393	4.7329054
2.0419740847543175	21.811638	4.6702933
2.0595036387324317	21.309277	4.616197
2.0770332409105414	20.982254	4.580639
2.094562891699263	20.66174	4.5455184
2.1120925915092217	20.41272	4.518044
2.129622340751053	20.14417	4.488226
2.1471521398354043	188.1622	13.717223
2.1646819891729323	444.30573	21.07856
2.182211889174303	440.38727	20.985407
2.1997418402501974	452.684	21.276371
2.2172718428113023	432.80997	20.804085
2.234801897268317	320.91434	17.914082
2.2523320040319548	17.249584	4.1532617
2.269862163512935	16.733452	4.0906544
2.287392376121992	16.308083	4.0383267
2.304922642269869	16.346437	4.0430727
2.322452962367322	16.158201	4.0197263
2.3399833368251164	15.772856	3.9715054
2.357513766054032	15.329331	3.915269
2.3750442504648586	14.865811	3.8556209
2.3925747904683963	14.651797	3.8277667
2.410105386475459	14.499134	3.8077729
2.4276360388968707	14.328855	3.7853475
2.445166748143469	14.026597	3.74521
2.4626975146261025	13.586315	3.685962
2.4802283387556323	13.449295	3.6673281
2.4977592209429305	13.28687	3.6451159
2.5152901615988825	13.030701	3.6098063
2.5328211611343865	12.952306	3.5989313
2.5503522199603523	12.836228	3.5827682
2.5678833384877024	12.620182	3.5524895
2.5854145171273712	12.474659	3.5319483
2.6029457562903064	12.1545	3.4863305
2.620477056387469	11.961165	3.4584918
2.6380084178298326	11.81521	3.437326
2.655539841028383	11.662506	3.4150412
2.673071326394119	11.414397	3.37852
2.6906028743380523	11.090475	3.3302364
2.708134485271211	10.93684	3.3070893
2.7256661596046325	10.875456	3.2977955
2.743197897749369	10.777811	3.2829576
2.760729700116486	10.577585	3.25232
2.778261567117063	10.514742	3.2426443
2.795793499162193	10.397071	3.224449
2.8133254966629817	10.056539	3.1712046
2.830857560030551	9.809723	3.1320477
2.8483896896760337	9.680982	3.1114275
2.865921886010578	9.682293	3.1116383
2.883454149445347	9.566304	3.0929441
2.9009864803915177	9.298321	3.0493147
2.91851887926028	9.152637	3.0253325
2.9360513464628384	9.021597	3.0035973
2.953583882410413	9.043207	3.0071926
2.9711164875142373	8.988318	2.9980524
2.9886491621855606	8.903231	2.9838283
3.0061819068356455	8.778764	2.9628978
3.023714721875769	8.698361	2.9492984
3.041247607717225	8.5452585	2.9232273
3.0587805647713213	8.394748	2.8973691
3.0763135934493806	8.280366	2.8775625
3.0938466941627407	8.1227455	2.850043
3.1113798673227544	8.017491	2.8315175
3.1289131133407904	7.963918	2.8220415
3.1464464326282315	7.8808627	2.8072875
3.1639798255964786	7.822618	2.7968943
3.1815132926569443	7.675517	2.7704723
3.1990468342210603	7.6139984	2.7593474
3.216580450700272	7.580906	2.7533445
3.2341141425060416	7.46593	2.7323854
3.251647910049847	7.316248	2.7048564
3.2691817537431813	7.251424	2.6928468
3.286715673997555	7.2537613	2.6932807
3.3042496712244938	7.2451763	2.6916866
3.32178374583554	7.194599	2.682275
3.339317898242251	7.1378837	2.671682
3.3568521288562034	7.0801644	2.660858
3.3743864380889876	6.995561	2.6449122
3.3919208263522127	6.8664804	2.620397
3.4094552940575023	6.7510285	2.5982742
3.4269898416164972	6.573393	2.5638628
3.444524469440858	6.517835	2.5530052
3.4620591779422587	6.4326563	2.5362682
3.479593967532391	6.51097	2.5516603
3.4971288386229658	6.526865	2.554773
3.5146637916257086	6.514782	2.552407
3.5321988269523628	6.43671	2.5370672
3.5497339450146903	6.38823	2.5274947
3.5672691462244708	6.4072576	2.5312562
3.5848044309934988	6.406964	2.531198
3.60233979973359	6.326552	2.5152638
3.619875252856575	6.3141584	2.512799
3.6374107907743034	6.248705	2.499741
3.6549464138986427	6.1708207	2.4841137
3.6724821226414788	6.070314	2.4638007
3.690017917414714	6.0793524	2.4656343
3.7075537986302702	6.239224	2.497844
3.7250897667000857	6.304535	2.5108833
3.7426258220361235	6.520162	2.5534608
3.7601619650503553	6.8319426	2.6137984
3.777698196154779	7.402466	2.7207472
3.7952345157614067	8.384415	2.8955853
3.8127709242822716	9.18919	3.0313678
3.830307422129425	11.443317	3.3827972
3.847844009714936	30.452013	5.5183344
3.8653806874508954	97.953316	9.897137
3.882917455749409	97.014435	9.84959
3.900454315022606	96.69082	9.833149
3.917991265682631	41.217896	6.4201164
3.9355283081416506	10.921925	3.3048334
3.9530654428118495	8.922017	2.9869745
3.970602670105433	7.640934	2.764224
3.9881399904346244	6.779863	2.603817
4.005677404211669	6.6829066	2.585132
4.023214911848827	6.509998	2.5514698
4.0407525137583855	6.5783124	2.5648222
4.058290210352644	6.599438	2.568937
4.075828002043927	6.5442977	2.5581825
4.0933658892445814	6.373105	2.5245008
4.110903872366966	6.2554235	2.5010846
4.128441951823468	6.113993	2.472649
4.145980128026488	6.0907326	2.467941
4.163518401388452	6.152398	2.4804027
4.181056772321807	6.18908	2.4877863
4.1985952412390155	6.1538987	2.4807053
4.216133808552567	6.182802	2.486524
4.233672474674966	6.1590037	2.481734
4.251211240018741	6.47733	2.54506
4.268750104996445	6.6906343	2.586626
4.286289070020643	7.5542316	2.7484963
4.303828135503928	9.061429	3.0102208
4.3213673018589125	29.39619	5.4218254
4.3389065694982305	90.65181	9.521125
4.356445938834537	165.97708	12.883209
4.3739854102805085	171.49045	13.095436
4.391524984248844	172.38452	13.129529
4.409064661152262	136.522	11.684263
4.426604441403504	96.886505	9.843094
4.444144325415337	75.98143	8.716733
4.461684313600543	22.063309	4.69716
4.47922440637193	22.485565	4.7418947
4.496764604142329	20.649975	4.5442243
4.5143049073245916	18.596222	4.3123336
4.531845316331589	16.463345	4.0575047
4.5493858315762195	13.656239	3.6954348
4.566926453471405	11.334329	3.3666494
4.584467182430081	9.2856655	3.047239
4.602008018865218	8.114517	2.8485992
4.619548963189798	7.431349	2.7260501
4.637090015816834	6.953279	2.636907
4.654631177159353	6.6862607	2.5857804
4.672172447630417	6.4525967	2.5401962
4.689713827643102	6.3412213	2.5181782
4.7072553176105085	6.131698	2.4762266
4.724796917945764	5.9459743	2.438437
4.742338629062015	5.847421	2.4181442
4.759880451372434	5.788966	2.406027
4.777422385290215	5.7214327	2.3919516
4.794964431228581	5.669714	2.3811162
4.812506589600768	5.7472696	2.3973463
4.830048860820047	5.783941	2.4049826
4.847591245299709	5.7708817	2.402266
4.8651337434530655	5.6411753	2.3751159
4.882676355693457	5.5931783	2.3649902
4.900219082434242	5.627388	2.3722117
4.917761924088813	5.6245475	2.3716128
4.935304881070575	5.6535406	2.3777175
4.952847953792969	5.574765	2.361094
4.970391142669449	5.50526	2.346329
4.9879344481135055	5.5013757	2.3455012
5.005477870538642	5.415422	2.327106
5.023021410358394	5.483581	2.3417048
5.040565067986324	5.4984646	2.3448806
5.05810884383601	5.5162525	2.3486705
5.075652738321066	5.5522366	2.3563185
5.09319675185512	5.600041	2.3664405
5.110740884851836	5.617395	2.3701043
5.128285137724894	5.5234013	2.3501918
5.145829510888007	5.420874	2.328277
5.163374004754908	5.306732	2.3036346
5.1809186197393595	5.2597117	2.2934062
5.198463356255145	5.2697935	2.295603
5.216008214716077	5.3085213	2.3040228
5.233553195535998	5.3607874	2.3153374
5.251098299128764	5.4282813	2.3298671
5.268643525908272	5.427246	2.3296452
5.286188876288432	5.436756	2.3316853
5.3037343506831895	5.420839	2.3282695
5.32127994950651	5.394113	2.3225229
5.3388256731723915	5.3287296	2.3084042
5.356371522094851	5.2656436	2.294699
5.373917496687938	5.2279773	2.286477
5.391463597365729	5.2295713	2.2868257
5.40900982454232	5.2224965	2.2852783
5.426556178631843	5.211502	2.2828715
5.444102660048449	5.181342	2.276256
5.4616492692063225	5.1541166	2.270268
5.479196006519669	5.112836	2.261158
5.496742872402727	5.0695486	2.2515657
5.514289867269756	5.1357203	2.2662127
5.531836991535049	5.2056737	2.2815945
5.549384245612924	5.276913	2.2971532
5.566931629917724	5.3440304	2.3117158
5.584479144863822	5.348831	2.312754
5.6020267908656205	5.307386	2.3037765
5.619574568337545	5.209131	2.282352
5.637122477694054	5.1106973	2.2606852
5.654670519349629	5.0765405	2.253118
5.672218693718784	5.092972	2.2567613
5.689767001216059	5.1698146	2.2737226
5.707315442256021	5.218896	2.2844903
5.724864017253266	5.194481	2.2791405
5.7424127266224225	5.136513	2.2663877
5.75996157077814	5.131671	2.265319
5.777510550135105	5.228002	2.2864826
5.795059665108022	5.2663217	2.2948468
5.812608916111639	5.355705	2.3142395
5.830158303560715	5.425557	2.3292825
5.847707827870055	5.35348	2.3137589
5.86525748945448	5.3636403	2.3159535
5.8828072887288485	5.4354887	2.3314135
5.900357226108044	5.5426774	2.354289
5.917907302006979	5.639517	2.3747666
5.9354575168406	6.2982583	2.509633
5.9530078710238765	6.962795	2.6387107
5.970558364971812	7.5104575	2.7405214
5.988108999099438	7.7928324	2.7915645
6.005659773821818	8.274382	2.8765225
6.023210689554039	7.995803	2.827685
6.040761746711227	8.450491	2.906973
6.058312945708531	7.8527036	2.8022676
6.075864286961132	7.485567	2.7359765
6.093415770884244	6.7942996	2.6065876
6.1109673978931065	6.211627	2.4923136
6.128519168402993	5.5410757	2.353949
6.146071082829204	5.3867283	2.3209326
6.163623141587075	5.2957797	2.3012562
6.181175345091969	5.1986847	2.2800624
6.198727693759281	5.1272764	2.264349
6.216280188004435	5.1423454	2.267674
6.233832828242885	5.2456	2.2903275
6.251385614890126	5.2665195	2.29489
6.268938548361669	5.259375	2.2933328
6.286491629073067	5.156298	2.2707484
6.304044857439898	5.1370063	2.2664964
6.321598233877777	5.101095	2.2585604
6.339151758802344	5.0308733	2.242961
6.356705432629277	4.9874525	2.2332604
6.37425925577428	4.901039	2.213829
6.391813228653095	4.891574	2.2116902
6.409367351681486	4.929891	2.2203357
6.426921625275259	4.965868	2.2284226
6.44447604985025	5.0456676	2.2462564
6.46203062582232	5.0344415	2.243756
6.47958535360737	5.0541935	2.2481534
6.497140233621328	5.031093	2.2430098
6.514695266280161	5.0606613	2.2495914
6.532250451999859	5.044453	2.245986
6.549805791196454	4.9708233	2.2295344
6.567361284286002	4.9608397	2.2272942
6.584916931684597	4.9640436	2.2280133
6.602472733808367	5.007042	2.237642
6.6200286910734665	4.9671593	2.2287126
6.637584803896092	4.9482574	2.224468
6.655141072692462	4.9853864	2.2327979
6.672697497878842	5.0464745	2.2464359
6.690254079871514	5.03594	2.24409
6.707810819086808	5.020653	2.2406814
6.725367715941078	4.958333	2.2267315
6.742924770850719	4.917248	2.2174869
6.760481984232151	4.8730574	2.2075002
6.778039356501836	4.8766522	2.2083144
6.795596888076266	4.9441953	2.2235546
6.813154579371963	4.9921703	2.2343166
6.830712430805492	4.9979186	2.2356026
6.84827044279344	4.9332504	2.2210922
6.865828615752445	4.8611317	2.2047975
6.883386950099159	4.8561006	2.2036562
6.900945446250287	4.946121	2.2239876
6.918504104622553	4.954993	2.2259812
6.936062925632727	4.9449716	2.2237291
6.953621909697607	4.9882493	2.233439
6.971181057234028	5.0725546	2.2522333
6.988740368658859	5.1022334	2.2588124
7.006299844389007	5.161908	2.2719834
7.023859484841407	5.215469	2.28374
7.041419290433036	5.386062	2.320789
7.058979261580902	5.56672	2.3593898
7.0765393987020495	5.7991138	2.408135
7.094099702213559	6.166148	2.483173
7.111660172532549	6.4367833	2.5370817
7.129220810076164	6.7631936	2.600614
7.146781615261595	7.2638655	2.6951559
7.16434258850606	7.568551	2.7511
7.181903730226821	8.012478	2.830632
7.1994650408411704	8.176852	2.8595195
7.217026520766437	8.312889	2.883208
7.234588170419983	8.555078	2.9249065
7.252149990219215	8.545682	2.9232998
7.269711980581568	8.418373	2.9014432
7.2872741419245175	8.199906	2.8635478
7.304836474665574	7.891642	2.8092067
7.322398979222286	7.51593	2.7415197
7.339961656012233	7.2647123	2.695313
7.357524505453039	6.8966646	2.6261501
7.375087527962357	6.671652	2.5829542
7.392650723957886	6.3803287	2.5259314
7.410214093857353	6.0522814	2.4601386
7.427777638078528	5.810892	2.4105792
7.445341357039213	5.6135235	2.3692875
7.4629052511572525	5.466096	2.3379683
7.480469320850524	5.402793	2.324391
7.498033566536948	5.3584223	2.3148267
7.5155979886344735	5.3142514	2.305266
7.5331625875610975	5.298144	2.3017697
7.550727363734844	5.259063	2.2932646
7.568292317573788	5.2589183	2.2932332
7.585857449496025	5.2364573	2.2883308
7.603422759919705	5.266266	2.2948346
7.620988249263007	5.2842035	2.2987394
7.638553917944147	5.252841	2.2919078
7.656119766381391	5.2765994	2.297085
7.673685794993023	5.2439575	2.289969
7.691252004197388	5.1899366	2.2781432
7.70881839441285	5.2200956	2.2847528
7.726384966057826	5.2307205	2.287077
7.743951719550762	5.257074	2.292831
7.761518655310149	5.21529	2.283701
7.779085773754511	5.142709	2.267754
7.796653075302419	5.2074714	2.2819884
7.814220560372475	5.2171326	2.2841043
7.831788229383323	5.280967	2.2980356
7.8493560827536495	5.2744875	2.2966251
7.866924120902174	5.321774	2.3068972
7.884492344247663	5.2962527	2.301359
7.9020607532089135	5.2874618	2.2994483
7.919629348204771	5.2476606	2.2907772
7.937198129654115	5.318994	2.3062944
7.954767097975865	5.3537083	2.3138082
7.972336253588986	5.407238	2.325347
7.989905596912472	5.355223	2.3141356
8.007475128365371	5.3862495	2.3208294
8.025044848366756	5.4096236	2.3258598
8.042614757335754	5.5966973	2.365734
8.060184855691523	5.736313	2.39506
8.07775514385327	5.901477	2.4292955
8.095325622240228	5.9051228	2.4300458
8.112896291271687	5.864466	2.421666
8.130467151366968	5.904768	2.429973
8.148038202945436	5.90393	2.4298005
8.165609446426497	5.97739	2.44487
8.183180882229594	6.0453663	2.4587326
8.200752510774217	6.0497847	2.459631
8.218324332479893	6.0305815	2.4557242
8.235896347766193	5.9741926	2.4442163
8.253468557052724	6.0142922	2.4524055
8.27104096075914	6.057805	2.4612608
8.288613559305137	6.141864	2.4782784
8.306186353110448	6.203495	2.4906816
8.32375934259485	6.2322426	2.496446
8.341332528178162	6.2104774	2.4920828
8.358905910280246	6.1928835	2.4885504
8.376479489321003	6.23674	2.4973466
8.394053265720377	6.3606095	2.5220249
8.411627239898356	6.3844843	2.5267537
8.42920141227497	6.345291	2.5189862
8.44677578327029	6.289799	2.5079472
8.464350353304427	6.226692	2.4953341
8.48192512279754	6.212351	2.4924588
8.499500092169827	6.149135	2.479745
8.51707526184153	6.1469965	2.4793136
8.534650632232934	6.1906896	2.4881096
8.552226203764365	6.207638	2.4915133
8.569801976856192	6.226481	2.4952917
8.587377951928834	6.2463236	2.4992647
8.60495412940274	6.2904105	2.508069
8.622530509698416	6.320909	2.5141418
8.6401070932364	6.4422207	2.538153
8.657683880437283	6.5378127	2.5569146
8.675260871721695	6.7300754	2.594239
8.692838067510303	6.9002004	2.6268232
8.710415468223834	7.0351677	2.652389
8.727993074283043	7.2142825	2.6859417
8.745570886108737	7.2230024	2.6875644
8.763148904121765	7.3462462	2.710396
8.78072712874302	7.3592296	2.71279
8.798305560393441	7.5884514	2.7547145
8.815884199494006	7.6301985	2.7622814
8.833463046465745	7.796751	2.7922664
8.851042101729728	7.9810724	2.8250792
8.86862136570707	8.289997	2.8792355
8.886200838818924	8.486341	2.9131327
8.903780521486505	8.576986	2.9286492
8.921360414131055	8.626371	2.9370685
8.938940517173874	8.69117	2.948079
8.956520831036297	8.834927	2.9723604
8.97410135613971	9.088092	3.0146463
8.99168209290554	9.23033	3.0381458
9.009263041755265	9.492067	3.08092
9.026844203110405	9.753047	3.1229868
9.044425577392525	9.870411	3.141721
9.062007165023239	9.904159	3.1470873
9.079588966424197	10.227759	3.1980867
9.097170982017108	10.445823	3.2319999
9.11475321222372	11.489251	3.3895798
9.132335657465825	12.432061	3.5259128
9.149918318165264	12.4971	3.5351238
9.167501194743924	12.92434	3.595044
9.18508428762374	12.563814	3.544547
9.202667597226693	12.554559	3.5432413
9.220251123974803	12.22505	3.496434
9.237834868290143	11.86853	3.4450734
9.255418830594836	11.664933	3.4153965
9.273003011311046	11.233893	3.3517
9.290587410860985	11.011639	3.318379
9.308172029666911	10.385571	3.222665
9.32575686815113	10.013086	3.1643462
9.343341926735997	8.726964	2.9541435
9.360927205843916	8.504512	2.9162495
9.378512705897327	8.329488	2.8860853
9.396098427318728	8.164314	2.8573265
9.413684370530664	8.072235	2.841168
9.431270535955722	7.992428	2.827088
9.448856924016539	7.8725224	2.8058016
9.466443535135806	7.750022	2.7838862
9.484030369736251	7.742993	2.7826233
9.501617428240658	7.7607965	2.7858207
9.519204711071852	7.724703	2.779335
9.536792218652714	7.689091	2.772921
9.55437995140617	7.7191873	2.7783425
9.571967909755191	7.7588115	2.7854643
9.589556094122802	7.898609	2.8104465
9.60714450493207	8.0277	2.8333197
9.624733142606116	8.081993	2.8428845
9.642322007568108	8.040157	2.8355172
9.659911100241267	8.008236	2.8298826
9.677500421048851	8.022673	2.8324323
9.695089970414175	8.053066	2.8377924
9.712679748760609	8.0640335	2.8397243
9.730269756511557	8.099453	2.8459537
9.747859994090492	8.171056	2.858506
9.765450461920915	8.254336	2.8730361
9.78304116042639	8.295318	2.8801594
9.800632090030527	8.337673	2.887503
9.81822325115699	8.331061	2.8863578
9.835814644229481	8.342424	2.8883255
9.853406269671762	8.323534	2.8850536
9.870998127907646	8.352871	2.8901334
9.888590219360985	8.2876835	2.8788338
9.906182544455698	8.297462	2.8805315
9.923775103615734	8.293135	2.8797803
9.941367897265108	8.320569	2.8845396
9.958960925827878	8.325853	2.8854554
9.97655418972816	8.356348	2.890735
9.994147689390106	8.36457	2.8921566
10.011741425237934	8.325751	2.8854377
10.029335397695904	8.301719	2.8812704
10.04692960718833	8.326453	2.8855593
10.06452405413958	8.353478	2.8902385
10.082118738974064	8.362742	2.8918407
10.099713662116246	8.395327	2.897469
10.117308823990651	8.444929	2.906016
10.134904225021844	8.382589	2.89527
10.152499865634445	8.379783	2.8947854
10.170095746253125	8.334573	2.886966
10.18769186730261	8.290613	2.8793426
10.205288229207675	8.224537	2.8678453
10.222884832393145	8.206113	2.8646314
10.2404816772839	8.136334	2.852426
10.258078764304868	8.148931	2.854633
10.275676093881035	8.122852	2.850062
10.293273666437438	8.18441	2.8608408
10.310871482399158	8.18042	2.8601434
10.32846954219134	8.206476	2.8646948
10.346067846239173	8.213904	2.8659909
10.363666394967908	8.2161	2.866374
10.38126518880283	8.190621	2.861926
10.398864228169298	8.204886	2.8644173
10.416463513492713	8.175844	2.8593433
10.434063045198531	8.216417	2.8664293
10.451662823712262	8.272506	2.8761964
10.469262849459467	8.272045	2.8761163
10.486863122865758	8.178905	2.8598783
10.504463644356806	8.048237	2.8369415
10.522064414358338	7.9459496	2.818856
10.539665433296118	7.870205	2.8053885
10.557266701595987	7.889285	2.808787
10.574868219683818	7.806453	2.794003
10.592469987985552	7.718142	2.7781544
10.610072006927185	7.6021905	2.757207
10.627674276934751	7.52244	2.7427068
10.64527679843435	7.492953	2.737326
10.662879571852143	7.372904	2.7153091
10.680482597614331	7.219187	2.6868544
10.698085876147173	7.101678	2.6648974
10.715689407876988	6.9607487	2.638323
10.733293193230146	6.8498917	2.6172297
10.750897232633072	6.747448	2.597585
10.76850152651225	6.62673	2.5742435
10.786106075294207	6.4803276	2.5456488
10.803710879405534	6.3739944	2.524677
10.821315939272877	6.3312554	2.5161986
10.83892125532294	6.3554544	2.5210028
10.856526827982472	6.315065	2.5129793
10.874132657678285	6.308229	2.5116189
10.891738744837243	6.273402	2.504676
10.909345089886271	6.222269	2.4944477
10.926951693252343	6.1729827	2.4845488
10.944558555362494	6.128453	2.4755712
10.96216567664381	6.0427294	2.4581964
10.979773057523436	5.95539	2.4403667
10.997380698428573	5.877145	2.4242823
11.014988599786477	5.8130302	2.4110227
11.032596762024461	5.7804666	2.4042602
11.050205185569892	5.675092	2.3822453
11.067813870850198	5.601647	2.3667798
11.085422818292859	5.473553	2.3395627
11.10303202832541	5.436118	2.3315485
11.120641501375454	5.4298954	2.3302135
11.138251237870636	5.3789735	2.3192613
11.155861238238671	5.364881	2.3162212
11.173471502907317	5.25358	2.292069
11.191082032304402	5.1766415	2.2752235
11.208692826857805	5.099746	2.2582617
11.226303886995465	5.063284	2.2501743
11.243915213145371	5.075923	2.252981
11.261526805735578	5.051817	2.2476246
11.279138665194196	5.004999	2.2371855
11.296750791949393	4.8721547	2.207296
11.314363186429393	4.770395	2.1841233
11.331975849062479	4.727662	2.1743188
11.34958878027699	4.7155957	2.1715422
11.36720198050133	4.6974206	2.1673534
11.384815450163948	4.607786	2.1465755
11.402429189693366	4.5720716	2.1382403
11.420043199518153	4.525728	2.1273758
11.437657480066942	63.450146	7.96556
11.455272031768422	85.123695	9.226251
11.472886855051353	107.50397	10.368412
11.490501950344528	99.131836	9.956497
11.508117318076819	84.50935	9.192897
11.52573295867715	45.92786	6.7770095
11.543348872574514	4.2181315	2.053809
11.560965060197946	4.1852055	2.0457776
11.57858152197655	4.083551	2.0207798
11.59619825833949	4.046151	2.0115047
11.613815269715985	4.036043	2.0089905
11.631432556535323	38.578114	6.211128
11.649050119226837	83.108215	9.116371
11.666667958219929	93.49834	9.669454
11.68428607394406	107.73224	10.379415
11.701904466828756	82.54625	9.085497
11.719523137303586	65.41908	8.088206
11.737142085798196	4.639175	2.1538744
11.754761312742286	3.7468407	1.9356757
11.772380818565619	3.6718721	1.9162129
11.790000603698015	3.655632	1.9119707
11.80762066856935	3.6295617	1.9051409
11.825241013609572	3.6068025	1.8991584
11.842861639248683	3.5747643	1.8907048
11.860482545916748	3.5664623	1.888508
11.878103734043883	3.5036602	1.8718066
11.895725204060282	3.4401102	1.8547534
11.91334695639619	3.3771331	1.8376977
11.930968991481919	3.3825831	1.83918
11.948591309747824	3.3812675	1.8388224
11.966213911624347	3.3329449	1.8256354
11.98383679754198	3.270349	1.8084106
12.001459967931268	3.2699015	1.8082869
12.019083423222835	3.2528725	1.8035722
12.036707163847352	3.2358124	1.7988364
12.05433119023556	3.2257288	1.7960314
12.071955502818259	3.271099	1.808618
12.089580102026313	3.2688599	1.8079989
12.107204988290643	3.2343159	1.7984204
12.12483016204224	3.1691906	1.780222
12.142455623712152	3.1685205	1.7800338
12.16008137373149	3.1388192	1.7716713
12.177707412531431	3.1238	1.7674276
12.19533374054321	3.1065192	1.762532
12.212960358198126	3.098669	1.7603037
12.230587265927545	3.0598025	1.7492291
12.248214464162889	3.0505068	1.74657
12.265841953335649	3.035576	1.7422905
12.283469733877375	3.0499485	1.7464101
12.301097806219685	3.0244372	1.7390909
12.31872617079425	3.0014384	1.732466
12.336354828032825	3.008131	1.7343965
12.353983778367205	3.0339112	1.7418126
12.371613022229262	2.990509	1.7293088
12.389242560050928	2.9712496	1.7237313
12.406872392264201	2.9175367	1.7080798
12.424502519301143	2.926708	1.7107624
12.442132941593874	2.9357953	1.7134162
12.459763659574586	2.94215	1.7152697
12.477394673675532	2.8975942	1.7022321
12.49502598432903	2.8391142	1.6849672
12.51265759196746	2.848732	1.6878188
12.530289497023267	2.8679202	1.6934935
12.547921699928967	2.8833137	1.6980323
12.565554201117134	2.8307445	1.6824816
12.583187001020404	2.7922893	1.6710144
12.600820100071486	2.756334	1.6602211
12.618453498703152	2.7514	1.6587344
12.636087197348235	2.7534156	1.6593419
12.65372119643964	2.776292	1.6662209
12.671355496410326	2.789528	1.670188
12.68899009769333	2.8315618	1.6827245
12.706625000721749	2.8678534	1.6934738
12.724260205928752	2.9281917	1.711196
12.741895713747551	2.9416482	1.7151234
12.759531524611454	2.9937983	1.7302595
12.777167638953818	2.980332	1.7263638
12.794804057208072	2.9818	1.726789
12.812440779807702	3.0269303	1.7398076
12.830077807186271	3.1806562	1.7834394
12.847715139777405	3.2347064	1.7985289
12.865352778014795	3.4261665	1.8509907
12.882990722332197	3.564565	1.8880055
12.90062897316344	3.6845045	1.9195063
12.918267530942412	3.8466258	1.9612817
12.935906396103071	3.7627306	1.939776
12.953545569079449	3.9194224	1.9797531
12.971185050305628	3.6841934	1.9194252
12.988824840215775	3.6341848	1.9063538
13.006464939244115	3.5869434	1.8939228
13.024105347824943	3.4078326	1.8460315
13.041746066392617	3.48929	1.8679641
13.05938709538157	3.3115382	1.8197632
13.077028435226296	3.3569233	1.8321909
13.094670086361363	3.3185287	1.8216829
13.112312049221401	3.2427473	1.800763
13.129954324241112	3.1112247	1.7638664
13.147596911855258	2.8924763	1.7007282
13.165239812498685	2.8558125	1.689915
13.182883026606293	2.8093953	1.676125
13.200526554613058	2.7811232	1.66767
13.218170396954017	2.7340603	1.6534994
13.235814554064284	2.724366	1.6505654
13.253459026379034	2.7106	1.64639
13.271103814333523	2.731377	1.6526878
13.288748918363058	2.717321	1.6484299
13.306394338903031	2.7037032	1.6442941
13.32404007638889	2.6405675	1.6249824
13.341686131256164	2.6533623	1.6289145
13.359332503940449	2.6533175	1.6289006
13.376979194877402	2.671783	1.6345589
13.394626204502751	2.7273903	1.6514813
13.412273533252307	2.7828407	1.6681849
13.429921181561937	2.7853947	1.6689502
13.447569149867581	2.746747	1.6573313
13.465217438605247	2.7506263	1.6585013
13.482866048211022	2.7501726	1.6583644
13.500514979121052	2.7764184	1.6662588
13.518164231771568	2.712109	1.6468482
13.535813806598844	2.6740181	1.6352426
13.553463704039254	2.7177546	1.6485614
13.571113924529229	2.7439654	1.6564919
13.588764468505275	2.7457485	1.65703
13.606415336403956	2.7230844	1.6501771
13.624066528661917	2.7075372	1.6454595
13.641718045715882	2.7352443	1.6538574
13.659369888002635	2.7969916	1.6724209
13.67702205595903	2.8802009	1.6971154
13.694674550021993	2.977918	1.7256645
13.712327370628532	3.0567188	1.7483474
13.729980518215713	3.1114411	1.7639278
13.747633993220681	3.1918519	1.7865754
13.765287796080647	3.237467	1.7992963
13.7829419272329	3.295278	1.8152901
13.800596387114801	3.3272486	1.8240747
13.818251176163775	3.3483481	1.8298492
13.835906294817324	3.385288	1.8399152
13.853561743513023	3.4312115	1.852353
13.871217522688525	3.4549282	1.8587437
13.888873632781538	3.4720778	1.8633512
13.906530074229858	3.5254865	1.8776278
13.92418684747135	3.530784	1.879038
13.941843952943948	3.529864	1.8787932
13.959501391085665	3.5064507	1.8725519
13.977159162334578	3.442015	1.8552668
13.994817267128846	3.440552	1.8548725
14.012475705906693	3.3505964	1.8304634
14.030134479106424	3.2711477	1.8086314
14.047793587166414	3.1432066	1.772909
14.065453030525108	3.086578	1.756866
14.083112809621026	3.0029287	1.7328961
14.100772924892766	2.9832628	1.7272124
14.118433376778997	2.9432425	1.7155881
14.136094165718458	2.8916001	1.7004706
14.153755292149969	2.8068337	1.6753608
14.171416756512416	2.704749	1.6446122
14.189078559244768	2.6320467	1.6223583
14.20674070078606	2.5781915	1.6056747
14.224403181575408	2.545549	1.5954777
14.242066002051999	2.5008688	1.5814135
14.259729162655093	2.4557061	1.5670693
14.277392663824022	2.4144206	1.5538406
14.295056505998208	2.4036436	1.5503689
14.312720689617128	2.3983552	1.5486624
14.330385215120348	2.3791974	1.5424647
14.348050082947497	2.380655	1.5429372
14.3657152935383	2.3724046	1.5402611
14.383380847332528	2.368596	1.5390244
14.401046744770051	2.3516552	1.5335108
14.418712986290798	2.374413	1.540913
14.436379572334793	2.4124458	1.553205
14.454046503342123	2.419605	1.555508
14.471713779752946	2.3925915	1.5468004
14.489381402007504	2.3347187	1.5279787
14.507049370546113	2.3193738	1.5229491
14.524717685809168	2.3619847	1.536875
14.542386348237134	2.4145155	1.5538712
14.560055358270553	2.4384527	1.5615546
14.577724716350051	2.4692733	1.5713922
14.595394422916325	2.464269	1.5697991
14.61306447841015	2.44966	1.5651389
14.63073488327237	2.4355555	1.5606266
14.648405637943917	2.4311438	1.5592126
14.6660767428658	2.4346752	1.5603446
14.683748198479094	2.4654336	1.5701699
14.701420005224954	2.5475092	1.5960919
14.719092163544628	2.6360323	1.6235863
14.73676467387942	2.682989	1.6379832
14.754437536670727	2.6869292	1.6391855
14.772110752360014	2.718871	1.6488999
14.78978432138882	2.6995568	1.6430328
14.807458244198777	2.7135181	1.6472759
14.82513252123159	2.6667912	1.6330312
14.842807152929028	2.6767254	1.6360701
14.860482139732962	2.6707845	1.6342535
14.87815748208531	2.6746373	1.6354319
14.8958331804281	2.6755013	1.6356959
14.91350923520342	2.651627	1.6283817
14.931185646853438	2.6611125	1.6312916
14.948862415820408	2.6507788	1.6281213
14.966539542546656	2.6802456	1.6371455
14.98421702747459	2.6574662	1.6301737
15.001894871046696	2.675589	1.6357228
15.019573073705542	2.6602545	1.6310287
15.037251635893766	2.663157	1.6319182
15.054930558054092	2.683318	1.6380836
15.072609840629323	2.728562	1.651836
15.090289484062351	2.8604782	1.6912948
15.107969488796124	3.177499	1.782554
15.125649855273691	3.6045916	1.8985763
15.14333058393817	4.105495	2.0262022
15.161011675232768	5.0270796	2.242115
15.17869312960076	6.3313956	2.5162265
15.196374947485506	8.170791	2.8584595
15.214057129330447	11.255786	3.3549643
15.231739675579114	15.980834	3.9976034
15.249422586675102	21.037058	4.5866175
15.267105863062092	24.249357	4.9243636
15.284789505183847	24.565174	4.9563265
15.302473513484218	22.54751	4.7484217
15.320157888407127	18.919416	4.3496456
15.337842630396578	14.735582	3.8386953
15.355527739896656	11.448517	3.3835657
15.37321321735153	8.898963	2.983113
15.39089906320545	6.5238333	2.5541797
15.408585277902748	4.8442993	2.2009768
15.42627186188783	3.7232833	1.9295812
15.443958815605198	3.212346	1.7923019
15.461646139499424	2.9377658	1.7139912
15.479333834015168	2.7991126	1.6730548
15.497021899597165	2.7201154	1.6492772
15.514710336690234	2.6847022	1.638506
15.53239914573928	2.642783	1.6256639
15.550088327189297	2.5969076	1.6114924
15.567777881485336	2.5654213	1.6016933
15.58546780907256	2.5332458	1.5916173
15.6031581103962	2.5107968	1.5845494
15.620848785901568	2.4758303	1.5734771
15.638539836034063	2.4542813	1.5666146
15.656231261239173	2.4524777	1.5660388
15.673923061962451	2.4029617	1.550149
15.691615238649552	2.4450655	1.5636705
15.709307791746202	2.4592502	1.5681996
15.727000721698221	2.4730403	1.5725904
15.744694028951498	2.431378	1.5592877
15.76238771395202	2.396871	1.5481832
15.780081777145844	2.3644447	1.5376751
15.797776218979125	2.3542776	1.5343655
15.815471039898094	2.3612375	1.5366318
15.833166240349064	2.381222	1.5431209
15.850861820778437	2.4091113	1.5521312
15.868557781632699	2.390266	1.5460485
15.886254123358412	2.4118097	1.5530002
15.903950846402232	2.4036322	1.5503652
15.921647951210897	2.4243364	1.557028
15.939345438231225	2.406213	1.5511973
15.957043307910133	2.4358423	1.5607185
15.974741560694602	2.4466143	1.5641657
15.992440197031714	2.4339008	1.5600964
16.01013921736862	2.3897915	1.5458951
16.02783862215259	2.365911	1.5381519
16.045538411830933	2.3456943	1.531566
16.06323858685107	2.3710103	1.5398085
16.080939147660512	2.389756	1.5458835
16.09864009470684	2.3822944	1.5434684
16.11634142843774	2.3911948	1.5463488
16.134043149300954	2.3962402	1.5479794
16.15174525774433	2.4405718	1.562233
16.169447754215817	2.4514012	1.5656952
16.18715063916342	2.48329	1.5758458
16.204853913035244	2.4938426	1.5791905
16.222557576279478	2.4694211	1.5714391
16.240261629344403	22.439587	4.737044
16.257966072678386	42.960308	6.5544114
16.275670906729868	38.086876	6.1714563
16.293376131947387	2.514224	1.5856305
16.31108174877957	2.503064	1.5821074
16.328787757675133	2.5129652	1.5852334
16.34649415908287	2.5537343	1.5980408
16.364200953451657	2.6385803	1.6243707
16.38190814123048	2.6610644	1.631277
16.39961572286839	2.7025266	1.6439363
16.41732369881455	2.7160792	1.6480532
16.43503206951817	2.7351673	1.6538341
16.45274083542859	2.7372608	1.654467
16.47044999699522	2.75947	1.6611652
16.488159554667558	2.8387864	1.6848699
16.505869508895184	2.8983088	1.702442
16.523579860127786	2.9401987	1.7147007
16.541290608815117	2.948416	1.7170953
16.559001755407035	3.0100174	1.7349402
16.57671330035348	3.06638	1.7511082
16.59442524410448	3.1512437	1.7751743
16.61213758711015	3.2364979	1.799027
16.629850329820705	3.2664459	1.8073312
16.647563472686436	3.3423657	1.8282138
16.665277016157724	3.3687077	1.8354039
16.682990960685053	3.4199965	1.8493233
16.70070530671898	3.497226	1.8700871
16.718420054710155	3.542909	1.8822616
16.736135205109335	3.6010532	1.8976442
16.753850758367335	3.599702	1.8972881
16.771566714935087	3.6628344	1.9138533
16.789283075263597	3.7209704	1.9289817
16.80699983980398	3.8069367	1.9511373
16.82471700900741	3.8766744	1.9689273
16.84243458332518	3.9086952	1.9770421
16.860152563208665	3.9721234	1.9930186
16.87787094910932	4.0377154	2.0094068
16.89558974147871	4.1112943	2.0276327
16.913308940768466	4.211592	2.0522165
16.931028547430333	4.271183	2.066684
16.94874856191613	4.333154	2.081623
16.966468984677785	4.3649654	2.08925
16.98418981616729	4.371176	2.0907357
17.00191105683676	4.377683	2.0922914
17.019632707138374	4.424773	2.1035144
17.03735476752442	4.5003347	2.1213992
17.05507723844728	4.5702453	2.137813
17.072800120359403	4.6558223	2.1577353
17.090523413713353	4.691895	2.1660783
17.108247118961785	4.712476	2.1708238
17.125971236557437	4.6796365	2.1632466
17.143695766953133	4.6746063	2.1620839
17.161420710601806	4.6627955	2.1593506
17.179146067956477	4.6402216	2.1541173
17.19687183947025	4.6689873	2.160784
17.21459802559634	4.701236	2.1682334
17.232324626788028	4.773626	2.1848629
17.25005164349871	4.750596	2.1795862
17.267779076181863	4.7166657	2.1717887
17.285506925291074	4.651414	2.1567137
17.30323519127999	4.637891	2.1535764
17.320963874602384	4.5988812	2.1445003
17.33869297571211	4.570352	2.1378381
17.356422495063114	4.5485525	2.1327336
17.37415243310944	4.5234904	2.12685
17.391882790305218	4.505428	2.1225994
17.40961356710468	4.4699445	2.1142244
17.42734476396215	4.537956	2.1302478
17.445076381332044	4.5821958	2.1406064
17.462808419668868	4.668026	2.1605616
17.48054087942723	4.7937503	2.1894634
17.498273761061835	5.100203	2.258363
17.51600706502747	5.6055126	2.3675964
17.533740791779024	6.28357	2.506705
17.551474941771485	7.686659	2.7724824
17.56920951545993	8.740138	2.9563725
17.586944513299528	10.868308	3.2967117
17.60467993574556	12.495224	3.5348585
17.622415783253373	14.264012	3.7767727
17.64015205627843	15.764422	3.9704435
17.657888755276293	16.897411	4.1106462
17.675625880702604	17.368664	4.167573
17.69336343301311	17.201786	4.1475034
17.71110141266366	16.365986	4.04549
17.728839820110178	15.351178	3.918058
17.746578655808705	14.3633995	3.7899077
17.764317920215372	12.820754	3.5806081
17.7820576137864	11.387426	3.374526
17.79979773697811	9.403557	3.066522
17.81753829024692	7.546675	2.7471213
17.835279274049356	5.876458	2.4241407
17.85302068884201	4.8399696	2.1999931
17.870762535081607	4.1548095	2.038335
17.888504813224934	3.8792918	1.9695917
17.90624752372891	3.6976857	1.9229368
17.923990667050536	3.649938	1.9104811
17.941734243646895	3.5487707	1.8838181
17.959478253975185	3.5480092	1.883616
17.9772226984927	3.5171306	1.8754015
17.994967577656833	3.4805083	1.865612
18.01271289192506	3.413101	1.847458
18.030458641754965	3.3664944	1.834801
18.04820482760425	3.3463304	1.8292978
18.06595144993067	3.3472238	1.8295419
18.083698509192125	3.3146558	1.8206196
18.101446005846576	3.2640963	1.806681
18.119193940352105	3.2087774	1.791306
18.136942313166887	3.1874967	1.7853562
18.1546911247492	3.1723745	1.7811161
18.1724403755574	3.177699	1.7826102
18.19019006604997	3.17965	1.7831573
18.207940196685467	3.175315	1.7819413
18.225690767922575	3.141642	1.7724679
18.243441780220046	3.1451373	1.7734535
18.261193234036764	3.1075103	1.7628132
18.278945129831676	3.1074214	1.7627879
18.29669746806386	3.0669544	1.7512722
18.314450249192483	3.0557463	1.7480693
18.3322034736768	3.0499904	1.7464222
18.349957141976184	3.046646	1.7454644
18.3677112545501	3.0150874	1.7364007
18.385465811858108	3.0198767	1.7377793
18.403220814359884	3.0576458	1.7486125
18.420976262515172	3.1171494	1.765545
18.43873215678387	3.163884	1.778731
18.456488497625923	3.1946266	1.7873518
18.474245285501407	3.2784452	1.8106477
18.492002520870486	3.3235025	1.8230476
18.50976020419343	3.3742764	1.8369204
18.527518335930615	3.6541348	1.9115791
18.545276916542516	4.276855	2.0680559
18.563035946489688	4.432077	2.10525
18.580795426232832	4.920565	2.2182348
18.598555356232698	4.82185	2.195871
18.616315736950185	5.1223373	2.2632582
18.63407656884626	4.7247806	2.173656
18.65183785238201	4.9284353	2.220008
18.669599588018617	4.7253075	2.1737773
18.68736177621737	4.719457	2.1724312
18.705124417439652	4.688794	2.1653624
18.72288751214696	4.4746428	2.1153352
18.740651060800886	4.591616	2.1428056
18.758415063863115	4.267504	2.0657938
18.77617952179546	4.4451675	2.1083567
18.793944435059814	4.2431793	2.059898
18.811709804118184	4.2768617	2.0680575
18.829475629432675	4.2507386	2.061732
18.8472419114655	4.0168247	2.0042017
18.86500865067897	4.0793405	2.0197377
18.88277584753551	3.7769654	1.9434416
18.90054350249763	3.805092	1.9506645
18.918311616027957	3.4902096	1.8682103
18.936080188589226	3.3430092	1.8283898
18.953849220644265	3.017171	1.7370006
18.971618712656007	2.8680465	1.6935308
18.9893886650875	2.8706834	1.6943091
19.007159078401887	8.0493555	2.8371387
19.024929953062408	32.907127	5.7364736
19.042701289532435	32.868984	5.7331476
19.060473088275405	25.40753	5.0405884
19.07824534975489	2.6812027	1.6374378
19.096018074434568	2.6413429	1.6252209
19.113791262778197	2.6402154	1.624874
19.13156491524966	2.6244645	1.6200199
19.149339032312945	2.5998974	1.6124197
19.167113614432136	2.6202934	1.618732
19.184888662071433	2.634234	1.6230323
19.202664175695123	2.6228004	1.6195062
19.220440155767623	2.5599797	1.5999937
19.238216602753447	2.537228	1.5928679
19.2559935171172	2.5519156	1.5974716
19.27377089932361	2.5619066	1.6005957
19.291548749837514	2.5090406	1.5839951
19.309327069123835	2.5031557	1.5821364
19.32710585764763	2.4946904	1.579459
19.344885115874032	2.5094066	1.5841106
19.362664844268313	2.4740536	1.5729125
19.380445043295822	2.441271	1.5624567
19.39822571342203	2.4537063	1.566431
19.41600685511252	2.4959722	1.5798646
19.43378846883297	2.488349	1.5774502
19.451570555049173	2.4486122	1.5648042
19.469353114227037	2.445737	1.5638852
19.48713614683254	2.4562607	1.5672462
19.50491965333182	2.446062	1.5639892
19.52270363419109	2.4568315	1.5674284
19.540488089876686	2.4791028	1.5745167
19.55827302085503	2.4723334	1.5723655
19.576058427592674	2.478241	1.574243
19.593844310556282	2.478765	1.5744094
19.611630670212598	2.4887638	1.5775816
19.629417507028506	2.492033	1.5786175
19.64720482147098	2.4958816	1.5798359
19.6649926140071	2.5252862	1.5891149
19.682780885104084	2.5349014	1.5921373
19.70056963522921	2.526383	1.5894599
19.718358864849908	2.5037827	1.5823346
19.7361485744337	2.4766881	1.5737497
19.753938764448215	2.4749253	1.5731895
19.771729435361202	2.4917789	1.578537
19.789520587640506	2.5163698	1.5863069
19.807312221754092	2.5280428	1.589982
19.825104338170043	2.5494766	1.596708
19.842896937356517	2.540228	1.5938092
19.860690019781824	2.5326517	1.5914307
19.87848358591436	2.5254087	1.5891534
19.896277636222635	2.5200229	1.587458
19.914072171175278	2.4883182	1.5774404
19.931867191241015	2.4773679	1.5739657
19.94966269688869	2.5004437	1.5812792
19.967458688587264	2.4867792	1.5769525
19.985255166805807	2.4754894	1.5733688
20.00305213201348	2.4685237	1.5711536
20.020849584679578	2.4570441	1.5674962
20.038647525273507	2.4485114	1.564772
20.05644595426477	2.4236195	1.5567979
20.07424487212299	2.4379797	1.5614032
20.092044279317903	2.4371705	1.561144
20.109844176319353	2.4803095	1.5748998
20.127644563597304	2.4732459	1.5726557
20.145445441621817	2.4543781	1.5666455
20.16324681086307	2.4447691	1.5635757
20.181048671791373	2.469773	1.5715512
20.198851024877122	2.4518034	1.5658236
20.216653870590836	2.407599	1.551644
20.234457209403146	2.378779	1.5423291
20.252261041784802	2.3576136	1.5354522
20.270065368206662	2.3476346	1.5321993
20.287870189139685	2.3606944	1.5364552
20.305675505054968	2.3740323	1.5407895
20.323481316423702	2.37548	1.5412592
20.341287623717207	2.375222	1.5411755
20.359094427406884	2.3684983	1.5389926
20.376901727964288	2.3646817	1.5377522
20.39470952586107	2.344121	1.5310522
20.41251782156899	2.3393764	1.529502
20.430326615559935	2.325486	1.5249544
20.448135908305886	2.3623364	1.5369895
20.465945700278965	2.3538225	1.5342172
20.483755991951384	2.372581	1.5403185
20.50156678379548	2.3466434	1.5318758
20.519378076283708	2.4008114	1.5494552
20.537189869888635	2.385614	1.5445433
20.55500216508294	2.3862827	1.5447598
20.572814962339415	2.329233	1.5261824
20.59062826213098	2.315227	1.521587
20.60844206493066	2.3221934	1.5238745
20.626256371211593	2.3619688	1.5368698
20.644071181447032	2.3634067	1.5373375
20.66188649611036	2.3813312	1.5431563
20.67970231567506	2.3958583	1.547856
20.697518640614742	2.3871553	1.5450422
20.715335471403122	2.327924	1.5257536
20.73315280851404	2.2800014	1.5099673
20.750970652421447	2.2616198	1.5038682
20.768789003599412	2.2481642	1.499388
20.786607862522136	2.2749262	1.5082859
20.8044272296639	2.3013186	1.5170097
20.82224710549913	2.3084962	1.5193737
20.84006749050237	2.2903452	1.5133886
20.857888385148268	3.8437757	1.960555
20.8757097899116	45.94392	6.7781944
20.893531705267254	64.80817	8.050352
20.911354131690224	83.81636	9.155128
20.92917706965566	69.11227	8.313378
20.94700051963877	50.182404	7.083954
20.96482448211493	29.415583	5.4236135
20.982648957559622	4.1189947	2.0295308
21.00047394644843	2.2357605	1.4952459
21.01829944925707	2.2506676	1.5002226
21.036125466461375	2.1800678	1.4765053
21.053951998537297	2.1619337	1.4703516
21.071779045960906	2.1648026	1.4713268
21.089606609208378	2.213972	1.4879422
21.10743468875603	2.2144883	1.4881157
21.12526328508028	2.2164888	1.4887877
21.143092398657675	2.2224114	1.4907755
21.16092202996488	2.2392087	1.4963986
21.17875217947867	2.2367058	1.4955621
21.19658284767596	2.2649114	1.5049622
21.21441403503377	2.2495027	1.4998342
21.232245742029225	2.2472956	1.4990983
21.2500779691396	2.2299862	1.4933138
21.26791071684227	2.2306485	1.4935355
21.28574398561475	2.2229187	1.4909456
21.30357777593465	2.207003	1.4855986
21.321412088279704	2.1652524	1.4714797
21.339246923127792	2.1670356	1.4720855
21.357082280956888	2.1971395	1.4822751
21.3749181622451	2.1907055	1.4801033
21.392754567470647	2.166726	1.4719803
21.41059149711187	2.1056206	1.4510757
21.42842895164726	2.0827312	1.4431671
21.446266931555378	2.1005871	1.4493402
21.464105437314945	2.1197448	1.4559343
21.481944469404798	2.096698	1.4479979
21.49978402830388	2.0896082	1.4455477
21.51762411449127	2.1201408	1.4560703
21.53546472844617	2.1060402	1.4512203
21.553305870647876	2.1045694	1.4507134
21.571147541575865	2.0995307	1.4489757
21.58898974170967	2.117701	1.4552323
21.60683247152899	2.0959222	1.4477301
21.62467573151363	2.0787737	1.4417953
21.642519522143523	2.0588443	1.4348674
21.660363843898722	2.06476	1.4369273
21.6782086972594	2.052639	1.4327034
21.696054082705864	2.0538955	1.4331418
21.713900000718535	2.0545087	1.4333557
21.73174645177795	2.0811336	1.4426135
21.749593436364794	2.0747585	1.4404023
21.767440954959845	2.0736763	1.4400265
21.785289008044032	2.0559366	1.4338537
21.803137596098388	2.0543826	1.4333117
21.820986719604086	2.0210621	1.4216406
21.838836379042412	2.0101318	1.4177911
21.85668657489478	1.9605135	1.4001833
21.87453730764273	1.9802234	1.4072042
21.892388577767914	1.9894114	1.410465
21.91024038575213	2.0069587	1.4166718
21.928092732077285	1.9985864	1.4137137
21.945945617225426	2.0108266	1.4180362
21.963799041678694	2.0442624	1.429777
21.981653005919398	31.36471	5.6004205
21.999507510429943	78.16236	8.840948
22.01736255569286	73.0833	8.548877
22.035218142190818	4.151098	2.0374243
22.05307427040661	1.9869592	1.4095954
22.07093094082315	2.0029051	1.4152403
22.088788153923474	2.0200498	1.4212846
22.106645910190746	2.0104356	1.4178983
22.12450421010827	2.0095615	1.41759
22.142363054159464	1.9934424	1.4118932
22.16022244282787	2.0062714	1.416429
22.178082376597164	1.9805611	1.4073241
22.195942855951145	1.9706537	1.4037998
22.213803881373742	1.992427	1.4115336
22.231665453349002	2.026373	1.4235072
22.24952757236111	2.0603993	1.4354091
22.26739023889438	2.0440357	1.4296978
22.28525345343323	2.022531	1.4221572
22.30311721646225	1.9626377	1.4009417
22.320981528466113	1.9301114	1.3892845
22.33884638992964	1.9436393	1.3941447
22.356711801337788	1.9618443	1.4006585
22.37457776317561	1.9425647	1.3937593
22.392444275928337	1.9230788	1.3867512
22.410311340081282	1.9616313	1.4005824
22.428178956119904	1.9672948	1.4026029
22.446047124529805	1.9654732	1.4019533
22.46391584579669	1.9546512	1.3980885
22.481785120406414	1.9219452	1.3863424
22.49965494884496	1.934782	1.3909644
22.51752533159841	1.9463333	1.3951105
22.53539626915302	1.9703306	1.4036846
22.553267761995137	1.9581534	1.3993404
22.571139810611264	1.9334289	1.3904779
22.589012415488025	1.922496	1.386541
22.60688557711216	1.9057173	1.3804772
22.624759295970566	1.9438522	1.394221
22.642633572550263	1.9721776	1.4043424
22.660508407338362	1.975953	1.4056859
22.67838380082217	1.9487786	1.3959866
22.696259753489077	1.9362541	1.3914934
22.714136265826614	1.9301558	1.3893005
22.73201333832246	1.9250937	1.3874774
22.74989097146439	1.8956327	1.3768198
22.76776916574035	1.9201347	1.3856893
22.785647921638393	1.9227724	1.3866407
22.803527239646712	1.9057397	1.3804853
22.82140712025363	1.894146	1.3762797
22.839287563947593	1.889808	1.3747029
22.85716857121719	1.9219869	1.3863574
22.875050142551135	1.9558022	1.3985
22.892932278438277	1.9307843	1.3895266
22.910814979367604	1.8938195	1.3761611
22.928698245828222	1.8599112	1.3637856
22.946582078309387	1.8812115	1.3715726
22.96446647730047	1.886032	1.3733288
22.98235144329098	1.9005383	1.3786001
23.000236976770562	1.8795278	1.3709587
23.018123078229	1.9028108	1.3794241
23.03600974815619	1.9502699	1.3965206
23.053896987042194	1.9616886	1.4006029
23.071784795377173	1.9620792	1.4007424
23.08967317365145	1.9619777	1.4007062
23.10756212235546	1.9500707	1.3964493
23.125451641979787	1.9274088	1.3883115
23.143341733015134	1.9144433	1.3836341
23.161232395952357	1.9187167	1.3851775
23.179123631282426	1.935362	1.3911729
23.197015439496468	1.937994	1.3921186
23.214907821085717	1.9521843	1.397206
23.23280077654157	1.9540503	1.3978735
23.250694306355538	1.9632103	1.401146
23.268588411019277	1.97304	1.4046494
23.28648309102458	1.9934843	1.411908
23.304378346863356	1.9543746	1.3979895
23.322274179027676	1.9374125	1.3919097
23.340170588009723	1.8783661	1.370535
23.358067574301852	1.8775784	1.3702476
23.37596513839651	1.859675	1.3636991
23.39386328078629	1.8951532	1.3766456
23.411762001963947	1.927372	1.3882983
23.429661302422353	1.9316926	1.3898535
23.4475611826545	1.9327945	1.3902497
23.46546164315356	1.912013	1.3827556
23.48336268441279	1.9473448	1.395473
23.501264306925638	1.9553094	1.3983238
23.51916651118564	1.9568162	1.3988625
23.537069297686497	1.9406543	1.3930737
23.554972666922037	1.9098552	1.3819752
23.57287661938623	1.9202429	1.3857282
23.59078115557318	1.9242684	1.38718
23.608686275977128	1.9127841	1.3830343
23.62659198109246	1.8869907	1.3736777
23.6444982714137	1.9086543	1.3815405
23.66240514743549	1.9206504	1.3858753
23.68031260965263	1.9262763	1.3879036
23.698220658560068	1.9120001	1.3827509
23.716129294652845	1.9035403	1.3796885
23.7340385184262	1.864216	1.365363
23.75194833037546	1.8350128	1.3546264
23.769858730996123	1.8428292	1.3575084
23.78776972078382	1.8364228	1.3551468
23.80568130023431	1.8493598	1.3599117
23.823593469843495	1.8973312	1.3774365
23.841506230107424	1.9447502	1.394543
23.859419581522275	1.9664209	1.4022913
23.87733352458438	1.9777672	1.4063312
23.89524805979019	1.953609	1.3977157
23.913163187636318	1.9207637	1.3859162
23.931078908619508	1.8829406	1.3722029
23.948995223236633	1.9108832	1.382347
23.966912131984735	1.9814104	1.4076258
23.98482963536096	2.0333145	1.4259434
24.002747733862616	2.0213952	1.4217578
24.020666427987155	2.0062182	1.4164103
24.038585718232156	2.0190454	1.4209311
24.056505605095353	2.029211	1.4245038
24.074426089074617	2.1109886	1.4529241
24.092347170667946	2.1064508	1.4513617
24.110268850373515	2.071369	1.4392251
24.128191128689586	2.063691	1.4365553
24.146114006114626	2.0619192	1.4359385
24.164037483147187	2.024753	1.4229382
24.181961560286005	2.0021565	1.4149758
24.199886238029926	2.0272648	1.4238205
24.21781151687797	2.0862534	1.4443868
24.235737397329274	2.0836272	1.4434775
24.253663879883135	2.0688038	1.4383336
24.271590965038975	2.0630684	1.4363385
24.289518653296376	2.0381317	1.4276315
24.30744694515505	2.0394654	1.4280986
24.32537584111486	2.0404546	1.4284449
24.34330534167581	2.0420694	1.4290099
24.361235447338046	2.0404682	1.4284496
24.379166158601876	2.0128274	1.4187415
24.39709747596772	1.9957273	1.4127021
24.41502939993615	1.9384471	1.3922813
24.432961931007917	1.92391	1.3870509
24.450895069683856	1.9585031	1.3994653
24.468828816465	2.0243194	1.4227858
24.4867631718525	2.0484216	1.4312308
24.504698136347656	1.998357	1.4136326
24.52263371045192	1.9556041	1.3984292
24.540569894666874	1.9367405	1.3916682
24.558506689494266	1.9433926	1.3940562
24.57644409543597	1.9589634	1.3996297
24.594382112994012	1.9487534	1.3959776
24.61232074267057	1.963397	1.4012127
24.630259984967953	1.9624156	1.4008625
24.64819984038863	1.9745449	1.405185
24.66614030943522	1.9243482	1.3872088
24.684081392610462	1.8963326	1.3770739
24.702023090417274	1.9046125	1.380077
24.7199654033587	1.974088	1.4050224
24.737908331937927	2.019742	1.4211763
24.755851876658305	2.0155892	1.4197145
24.773796038023324	1.9972485	1.4132404
24.79174081653661	2.0372531	1.4273238
24.809686212701962	2.1324856	1.4603033
24.827632227023294	2.1853993	1.4783096
24.8455788600047	2.162169	1.4704316
24.8635261121504	2.1037304	1.4504242
24.88147398396475	2.0888453	1.4452838
24.899422475952303	2.1139739	1.4539511
24.917371588617698	2.121138	1.4564128
24.935321322465768	2.1253312	1.4578515
24.953271678001478	2.2581096	1.5027008
24.97122265572994	2.458232	1.567875
24.989174256156414	2.7987952	1.67296
25.00712647978632	3.2105527	1.7918016
25.02507932712521	3.8036935	1.950306
25.043032798678798	4.359283	2.0878897
25.060986894952933	5.009687	2.238233
25.078941616453637	5.6990833	2.3872752
25.096896963687055	6.599504	2.56895
25.114852937159508	7.7514052	2.7841346
25.132809537377444	8.24452	2.8713272
25.150766764847468	8.212015	2.8656614
25.168724620076347	7.621195	2.760651
25.186683103570985	6.6355896	2.5759637
25.204642215838426	5.523512	2.3502152
25.222601957385894	4.2349687	2.057904
25.24056232872074	3.2922878	1.8144662
25.25852333035048	2.686102	1.6389332
25.276484962782778	2.3264887	1.5252832
25.294447226525435	2.10324	1.4502552
25.312410122086423	2.0198276	1.4212064
25.330373649973843	1.9429435	1.393895
25.348337810695988	1.9170946	1.3845918
25.366302604761245	1.8956525	1.376827
25.384268032678207	1.8791332	1.3708148
25.40223409495558	1.8417242	1.3571013
25.420200792102257	1.8369151	1.3553284
25.438168124627246	1.879831	1.3710693
25.45613609303974	1.9200411	1.3856555
25.474104697849057	1.920654	1.3858767
25.492073939564698	1.9120644	1.3827742
25.510043818696285	1.9300953	1.3892787
25.528014335753614	1.9582899	1.3993891
25.54598549124664	1.9731702	1.4046957
25.56395728568544	1.9477571	1.3956207
25.58192971958028	1.9058613	1.3805293
25.59990279344156	1.8936931	1.3761152
25.617876507779833	1.8857557	1.3732282
25.635850863105826	1.8562547	1.3624444
25.653825859930386	1.823708	1.3504473
25.671801498764548	1.830726	1.3530432
25.68977778011949	1.8801451	1.3711839
25.707754704506524	1.9270127	1.3881688
25.725732272437153	1.9553536	1.3983396
25.743710484423012	1.9143591	1.3836037
25.761689340975888	1.9170446	1.3845738
25.77966884260774	1.8942264	1.376309
25.797648989830662	1.8645511	1.3654857
25.815629783156922	1.8189574	1.3486873
25.83361122309895	1.8084381	1.3447818
25.85159331016929	1.8623396	1.3646756
25.869576044880695	1.8451419	1.35836
25.887559427746034	1.85201	1.3608857
25.90554345927836	1.847592	1.3592615
25.92352813999086	1.8280191	1.3520426
25.94151347039689	1.8355246	1.3548154
25.959499451009965	1.8346412	1.3544893
25.97748608234374	1.8305653	1.3529838
25.995473364912062	1.82777	1.3519504
26.013461299228904	1.8426607	1.3574464
26.03144988580839	1.8679172	1.3667177
26.04943912516483	1.9355805	1.3912514
26.067429017812675	1.8969967	1.377315
26.085419564266537	1.8372724	1.3554602
26.103410765041186	1.7696805	1.3302934
26.12140262065155	1.75153	1.3234538
26.139395131612723	1.7824715	1.3350923
26.157388298439948	1.8306291	1.3530074
26.17538212164861	1.8572716	1.3628175
26.193376601754295	1.8554527	1.36215
26.211371739272714	1.8293693	1.3525418
26.229367534719746	1.8151777	1.3472853
26.247363988611433	1.7727622	1.3314512
26.26536110146397	1.7838428	1.3356057
26.283358873793727	1.8062469	1.3439668
26.301357306117204	1.8635379	1.3651146
26.319356398951104	1.8551825	1.3620509
26.33735615281224	1.8585654	1.3632921
26.35535656821762	1.8120489	1.3461237
26.373357645684404	1.783227	1.3353752
26.39135938572991	1.7641202	1.3282019
26.409361788871614	1.7983369	1.3410208
26.427364855627165	1.8328137	1.3538145
26.445368586514352	1.8652239	1.365732
26.46337298205115	1.8629718	1.3649073
26.48137804275568	1.8453691	1.3584436
26.499383769146217	1.7804375	1.3343303
26.517390161741215	1.7865905	1.336634
26.53539722105928	1.7781627	1.3334777
26.553404947619182	1.7408204	1.3194015
26.571413341939856	1.7447352	1.3208842
26.589422404540397	1.8113147	1.345851
26.60743213594006	1.8479086	1.359378
26.62544253665827	1.8075776	1.3444618
26.64345360721459	1.7610704	1.3270533
26.66146534812879	1.7887784	1.3374522
26.679477759920758	1.8056796	1.3437557
26.69749084311057	1.7931155	1.3390726
26.71550459821847	1.7721536	1.3312227
26.733519025764842	1.801001	1.3420137
26.751534126270258	1.7937832	1.339322
26.769549900255434	1.7685219	1.3298578
26.787566348241267	1.7373616	1.3180901
26.80558347074881	1.7269098	1.3141193
26.823601268299267	1.7644004	1.3283073
26.841619741414036	1.7636153	1.3280118
26.85963889061465	1.8123187	1.3462238
26.877658716422832	1.8198597	1.3490218
26.89567921936045	1.7842486	1.3357577
26.913700399949544	1.7774495	1.3332102
26.93172225871233	1.8223364	1.3499395
26.949744796171174	1.8196113	1.3489296
26.967768012848605	1.8153557	1.3473513
26.98579190926733	1.8031433	1.3428117
27.003816485950225	1.7784891	1.3336
27.021841743420318	1.7816949	1.3348014
27.039867682200814	1.7912877	1.33839
27.057894302815072	1.8068944	1.3442078
27.07592160578664	1.8098928	1.3453226
27.0939495916392	1.812813	1.3464074
27.111978260896635	1.8606104	1.3640419
27.13000761408296	1.831523	1.3533376
27.148037651722397	1.8317974	1.3534391
27.166068374339304	1.786146	1.3364677
27.184099782458215	1.769438	1.3302022
27.20213187660384	1.7712615	1.3308874
27.22016465730105	1.8290433	1.3524213
27.23819812507487	1.8506329	1.3603797
27.256232280450533	1.848877	1.3597342
27.274267123953383	1.7977266	1.3407933
27.292302656108987	1.7711072	1.3308295
27.31033887744306	1.8044697	1.3433055
27.32837578848146	1.7999341	1.3416163
27.34641338975026	1.7673335	1.3294109
27.364451681775673	1.7894051	1.3376864
27.382490665084074	1.8042079	1.3432081
27.400530340202046	1.7854459	1.3362058
27.41857070765629	1.8306372	1.3530104
27.436611767973726	1.8612049	1.3642598
27.454653521681404	1.8469273	1.359017
27.472695969306564	1.8433547	1.357702
27.490739111376627	1.8278147	1.351967
27.508782948419153	1.7883416	1.3372889
27.526827480961902	1.8281116	1.3520768
27.54487270953279	1.8315634	1.3533527
27.562918634659898	1.8060917	1.3439091
27.580965256871508	1.8459151	1.3586446
27.599012576696026	1.8323117	1.3536291
27.617060594662068	1.790045	1.3379257
27.63510931129842	1.7680141	1.3296669
27.65315872713401	1.7755054	1.3324809
27.67120884269797	1.8287522	1.3523136
27.68925965851958	1.8640071	1.3652865
27.707311175128307	1.8658572	1.3659638
27.725363393053787	1.8745675	1.3691485
27.74341631282583	1.8587066	1.363344
27.7614699349744	1.8320695	1.3535396
27.77952426002968	2.0529962	1.4328281
27.797579288521973	2.1680264	1.472422
27.815635020981784	2.5459304	1.5955971
27.83369145793979	2.5246594	1.5889177
27.85174859992682	2.4760714	1.5735537
27.869806447473923	2.3512852	1.5333902
27.887865001112267	2.0293236	1.4245433
27.905924261373233	1.98408	1.4085737
27.92398422878836	1.976654	1.4059353
27.94204490388936	1.9368826	1.3917193
27.96010628720813	1.9226568	1.386599
27.978168379276728	1.8865315	1.3735106
27.9962311806274	1.8138393	1.3467885
28.014294691792568	1.8375163	1.3555502
28.0323589133048	1.882761	1.3721374
28.050423845696887	1.876259	1.369766
28.068489489501758	1.8476903	1.3592978
28.086555845252523	1.829376	1.3525443
28.104622913482487	1.8655975	1.3658688
28.122690694725115	1.8823067	1.3719718
28.14075918951405	1.9185653	1.3851229
28.15882839838312	1.9286364	1.3887535
28.176898321866304	1.8856848	1.3732024
28.1949689604978	1.9077113	1.3811992
28.213040314811945	1.8895158	1.3745966
28.23111238534327	1.8749136	1.3692749
28.249185172626493	1.8584737	1.3632585
28.267258677196473	1.8919716	1.3754896
28.285332899588294	1.8995875	1.3782552
28.303407840337172	1.9384395	1.3922786
28.321483499978545	1.9442431	1.3943611
28.33955987904799	1.9722979	1.4043852
28.357636978081285	1.9610748	1.4003838
28.37571479761439	1.9445641	1.3944763
28.393793338183425	1.9328682	1.3902763
28.41187260032469	1.9479425	1.3956871
28.429952584574686	2.0006008	1.414426
28.448033291470065	2.002294	1.4150244
28.46611472154769	1.9896307	1.4105427
28.484196875344566	1.9621502	1.4007677
28.502279753397914	1.9658904	1.4021021
28.52036335624511	1.99519	1.412512
28.538447684423716	1.9856592	1.4091343
28.556532738471482	1.977747	1.4063239
28.574618518926325	2.0169055	1.420178
28.59270502632635	2.0208578	1.4215688
28.61079226120985	1.9942076	1.4121642
28.628880224115274	1.9632492	1.40116
28.646968915581287	1.9661384	1.4021906
28.66505833614671	2.0246422	1.4228992
28.68314848635055	2.0121663	1.4185084
28.701239366732004	2.003053	1.4152925
28.71933097783044	2.02642	1.4235238
28.737423320185403	2.008425	1.4171891
28.75551639433665	2.030143	1.4248309
28.773610200824074	2.0926118	1.4465863
28.791704740187793	2.160162	1.469749
28.80980001296809	2.1737232	1.4743552
28.827896019705413	2.1381774	1.4622508
28.845992760940433	2.142611	1.4637661
28.86409023721397	2.1381233	1.4622322
28.88218844906704	2.1349852	1.4611589
28.900287397040845	2.1167653	1.4549108
28.918387081676755	2.2077343	1.4858446
28.936487503516343	2.2524784	1.5008259
28.954588663101365	2.246341	1.4987799
28.97269056097374	2.2486575	1.4995524
28.990793197675597	2.2480881	1.4993626
29.00889657374923	2.2799828	1.5099612
29.027000689737125	2.3063877	1.5186796
29.04510554618196	2.3379257	1.5290277
29.06321114362659	2.384661	1.5442348
29.08131748261405	2.4300666	1.5588671
29.099424563687567	2.4571416	1.5675273
29.11753238739057	2.4678926	1.5709528
29.13564095426663	2.4968042	1.580128
29.15375026485954	2.4933522	1.5790352
29.171860319713275	2.579432	1.606061
29.18997111937199	2.6845715	1.6384662
29.20808266438002	2.7613025	1.6617167
29.226194955281898	2.746891	1.6573747
29.244307992622335	2.8003805	1.6734338
29.26242177694624	2.8738008	1.6952288
29.2805363087987	2.8958962	1.7017334
29.29865158872498	2.8944466	1.7013073
29.316767617270557	2.9397993	1.7145844
29.334884394981064	3.016678	1.7368587
29.353001922402367	3.0314984	1.7411199
29.37112020008047	3.0496593	1.7463274
29.389239228561596	3.1710553	1.7807457
29.407359008392152	3.3921688	1.8417841
29.42547954011872	3.7187395	1.9284034
29.44360082428809	4.336023	2.0823119
29.46172286144722	5.3646336	2.3161678
29.479845652143283	6.8909974	2.625071
29.497969196923606	8.955895	2.9926403
29.516093496335728	11.404373	3.377036
29.5342185509274	14.170404	3.7643597
29.55234436124651	16.535646	4.066405
29.570470927841175	18.030085	4.246185
29.588598251259686	17.736048	4.2114186
29.60672633205055	16.343916	4.042761
29.624855170762405	14.168627	3.7641237
29.642984767944146	11.505125	3.3919206
29.66111512414481	8.840125	2.973235
29.67924623991366	6.576183	2.5644069
29.697378115800138	5.0798883	2.2538607
29.71551075235387	4.1336017	2.033126
29.733644150124675	3.727782	1.9307464
29.751778309662576	3.5827122	1.8928053
29.769913231517766	3.4991431	1.8705996
29.78804891624066	3.4400814	1.8547456
29.806185364381818	3.4175267	1.8486553
29.82432257649206	3.37225	1.8363687
29.842460553122333	3.3123388	1.8199832
29.86059929482382	3.2983654	1.8161403
29.878738802147872	3.3086812	1.8189781
29.896879075646048	3.2733505	1.8092403
29.915020115870114	3.2686229	1.8079333
29.933161923371976	3.2999554	1.8165779
29.951304498703777	3.3233523	1.8230064
29.969447842417857	3.3027468	1.8173461
29.987591955066733	3.2407372	1.8002048
30.005736837203123	3.2195175	1.7943014
30.023882489379943	3.2240252	1.7955571
30.04202891215028	3.2735484	1.8092949
30.060176106067455	3.2429192	1.8008107
30.078324071684946	3.1443274	1.7732252
30.09647280955646	3.0718012	1.7526555
30.114622320235863	3.0832949	1.7559314
30.132772604277257	3.0858335	1.756654
30.1509236622349	3.0967665	1.7597632
30.16907549466328	3.1285877	1.7687814
30.18722810211705	3.1900504	1.7860712
30.205381485151097	3.1723702	1.7811148
30.22353564432045	3.085464	1.7565489
30.241690580180403	3.0667415	1.7512114
30.25984629328638	3.0338156	1.7417852
30.278002784194037	3.0376391	1.7428824
30.296160053459246	3.0380147	1.7429901
30.314318101638033	3.0353928	1.7422378
30.332476929286646	2.996224	1.7309604
30.35063653696153	2.9756963	1.7250206
30.368796925219307	2.995904	1.730868
30.386958094616844	2.8745298	1.6954439
30.40512004571115	2.7584233	1.6608502
30.423282779059463	2.8329227	1.6831288
30.441446295219233	2.8339458	1.6834327
30.459610594748067	2.7824566	1.6680697
30.47777567820382	2.8522625	1.6888642
30.495941546144504	2.8609655	1.6914389
30.51410819912835	2.8067973	1.67535
30.532275637713795	2.7838342	1.6684827
30.55044386245946	2.7818244	1.6678802
30.56861287392416	2.7309778	1.652567
30.586782672666956	2.721436	1.6496775
30.604953259247047	2.7217696	1.6497786
30.623124634223885	2.6651049	1.6325148
30.641296798157075	2.6609948	1.6312556
30.659469751606462	2.7498431	1.6582651
30.677643495132074	2.7866604	1.6693293
30.695818029294152	2.7152426	1.6477994
30.713993354653116	2.7065852	1.6451702
30.73216947176962	2.7483594	1.6578177
30.75034638120448	2.7090247	1.6459115
30.768524083518756	2.7590814	1.6610483
30.786702579273673	2.7334254	1.6533074
30.80488186903069	2.7251642	1.6508071
30.82306195335144	2.86267	1.6919427
30.841242832797782	3.0995688	1.7605592
30.85942450793176	3.3440068	1.8286625
30.877606979315637	3.7220378	1.9292583
30.895790247511883	4.140604	2.0348475
30.913974313083134	4.42788	2.1042528
30.932159176592283	4.6952806	2.1668596
30.95034483860237	4.8894196	2.211203
30.968531299676698	4.7989016	2.1906395
30.98671856037873	4.4243913	2.1034236
31.00490662127215	3.927111	1.981694
31.023095482920848	3.5433137	1.8823692
31.04128514588892	3.1869452	1.7852017
31.059475610740662	2.8561754	1.6900223
31.07766687804056	2.6279645	1.6210998
31.09585894835335	2.575533	1.6048467
31.11405182224393	2.6146042	1.6169738
31.132245500277417	2.569127	1.6028497
31.15043998301914	2.4986773	1.5807205
31.168635271034628	2.4815373	1.5752896
31.18683136488964	2.4667923	1.5706025
31.20502826515008	2.45918	1.5681773
31.223225972382135	2.445212	1.5637174
31.241424487152155	2.4263656	1.5576795
31.259623810026692	2.4121482	1.5531092
31.27782394157253	2.453244	1.5662835
31.296024882356644	2.402367	1.5499572
31.314226632946237	2.358659	1.5357926
31.332429193908684	2.304146	1.5179414
31.350632565811598	2.338273	1.5291413
31.368836749222787	2.425409	1.5573725
31.387041744710295	2.4871755	1.5770781
31.40524755284232	2.5910726	1.6096809
31.423454174187317	2.6096427	1.6154388
31.441661609313922	2.6076388	1.6148186
31.459869858791002	2.5527568	1.5977349
31.478078923187628	2.519111	1.5871707
31.496288803073064	2.4537709	1.5664517
31.514499499016807	2.4234679	1.5567491
31.532711011588546	2.436396	1.5608958
31.550923341358178	2.4118803	1.553023
31.56913648889584	2.3077166	1.519117
31.587350454771844	2.2786121	1.5095073
31.605565239556732	2.2889986	1.5129437
31.62378084382127	2.3009198	1.5168782
31.641997268136382	2.282095	1.5106604
31.660214513073274	2.266628	1.5055325
31.67843257920331	2.2599652	1.5033181
31.6966514670981	2.2964084	1.5153905
31.71487117732944	2.285815	1.5118912
31.733091710469346	2.2871294	1.5123259
31.751313067090052	2.3343096	1.5278448
31.769535247764008	2.3905356	1.5461357
31.787758253063878	2.350691	1.5331963
31.805982083562526	2.2826545	1.5108457
31.824206739833024	2.2350872	1.4950207
31.84243222244869	2.240806	1.4969323
31.860658531983013	2.3125613	1.5207108
31.878885669009737	2.294657	1.5148125
31.897113634102784	2.2826347	1.5108391
31.91534242783632	2.2393217	1.4964364
31.933572050784694	2.22024	1.490047
31.951802503522508	2.1912613	1.4802909
31.970033786624548	2.16419	1.4711187
31.988265900665834	2.1117656	1.4531915
32.006498846221575	2.1300218	1.4594594
32.02473262386724	2.1893523	1.479646
32.04296723417845	2.241729	1.4972404
32.0612026777311	2.2525995	1.5008663
32.07943895510129	2.2729237	1.5076219
32.097676066865304	2.2131054	1.487651
32.115914013599685	2.2023313	1.4840254
32.13415279588115	2.2062657	1.4853504
32.152392414286666	2.185861	1.4784658
32.1706328693934	2.1979966	1.4825642
32.18887416177875	2.1899536	1.4798492
32.20711629202032	2.0773883	1.4413148
32.225359260695924	2.0997396	1.4490478
32.243603068383614	2.1294694	1.4592701
32.26184771566166	2.1196473	1.4559008
32.28009320310852	2.2755628	1.5084969
32.2983395313029	2.3026137	1.5174366
32.31658670082372	2.1940124	1.4812199
32.33483471225012	2.130101	1.4594865
32.35308356616143	2.1863465	1.47863
32.371333263137245	2.1384418	1.4623412
32.38958380375734	2.1453516	1.4647019
32.407835188601744	2.1529799	1.4673036
32.42608741825067	2.0944753	1.4472302
32.444340493284585	2.0850265	1.4439621
32.46259441428416	2.1269543	1.4584081
32.48084918183028	2.1237338	1.4573036
32.49910479650405	2.089174	1.4453975
32.51736125888683	2.0874906	1.444815
32.53561856956014	2.0775862	1.4413835
32.5538767291058	2.0782547	1.4416153
32.572135738105764	2.0990462	1.4488086
32.59039559714228	2.0817869	1.4428399
32.608656306797776	2.1027484	1.4500856
32.62691786765491	2.0652316	1.4370914
32.645180280296586	2.0362523	1.4269731
32.663443545305896	1.9946253	1.412312
32.68170766326619	2.006941	1.4166654
32.69997263476099	1.9112698	1.3824868
32.7182384603741	1.823857	1.3505025
32.7365051406895	1.853436	1.3614095
32.75477267629144	1.9238269	1.3870208
32.77304106776434	1.9507145	1.3966798
32.79131031569289	1.9731337	1.4046828
32.809580420661966	1.9624308	1.4008679
32.827851383256714	2.0281568	1.4241337
32.84612320406245	2.0652733	1.4371059
32.86439588366476	2.0934198	1.4468656
32.88266942264945	2.079644	1.4420971
32.9009438216025	2.0333185	1.4259448
32.9192190811102	2.0146115	1.41937
32.937495201758985	2.1097245	1.452489
32.95577218413556	2.051575	1.432332
32.974050028826866	1.9293802	1.3890213
32.992328736420035	1.9791338	1.406817
33.010608307502444	1.9944506	1.4122502
33.02888874266169	2.0055642	1.4161794
33.047170042485604	2.0061302	1.4163792
33.06545220756225	2.0078146	1.4169737
33.083735238479896	1.9511732	1.396844
33.10201913582707	1.8935635	1.3760681
33.12030390019248	1.8165262	1.3477857
33.138589532165135	1.8471613	1.3591031
33.15687603233419	1.9245226	1.3872716
33.17516340128909	1.9032041	1.3795667
33.19345163961947	1.8725115	1.3683975
33.211740747915215	1.832339	1.3536392
33.23003072676643	1.8771065	1.3700753
33.248321576763466	1.8995315	1.3782349
33.266613298496885	1.9618187	1.4006494
33.28490589255747	1.9628692	1.4010243
33.30319935953626	1.9668416	1.4024413
33.32149370002451	1.9597794	1.3999212
33.339788914613706	1.9851159	1.4089414
33.358085003895575	2.01972	1.4211686
33.376381968462034	1.9849172	1.4088709
33.39467980890529	1.9803591	1.4072523
33.41297852581774	2.0225341	1.4221582
33.43127811979204	1.995074	1.4124709
33.44957859142105	1.9483876	1.3958466
33.467879941297866	2.024716	1.4229251
33.486182170015844	1.9716997	1.4041723
33.50448527816853	1.8898402	1.3747146
33.522789266349754	1.8919121	1.375468
33.541094135153514	1.9522607	1.3972332
33.55939988517411	2.1146345	1.4541783
33.57770651700602	2.0655298	1.4371952
33.59601403124398	1.896007	1.3769556
33.61432242848296	1.8719268	1.3681837
33.632631709318154	1.9078888	1.3812635
33.650941874344994	1.9278004	1.3884525
33.66925292415916	1.911359	1.382519
33.68756485935654	1.9432487	1.3940046
33.70587768053328	1.9372883	1.391865
33.724191388285746	1.9110318	1.3824008
33.74250598321054	1.8603632	1.3639513
33.760821465904506	1.9264967	1.387983
33.77913783696474	1.9706835	1.4038104
33.79745509698852	2.0062275	1.4164135
33.815773246573414	1.9722755	1.4043772
33.8340922863172	1.9076127	1.3811635
33.852412216817896	1.9972194	1.4132302
33.87073303867377	1.9713842	1.4040599
33.889054752483304	1.8938848	1.3761848
33.907377358845245	1.8740345	1.3689538
33.92570085835853	1.9634722	1.4012395
33.94402525162239	1.9946939	1.4123363
33.96235053923627	1.9887629	1.410235
33.980676721799824	2.0567527	1.4341383
33.999003799912984	2.0308385	1.4250749
34.01733177417592	1.9523778	1.3972751
34.03566064518901	1.7934868	1.3392112
34.0539904135529	1.7893976	1.3376837
34.07232107986846	1.9072058	1.3810163
34.090652644736785	1.9128038	1.3830415
34.108985108759235	1.8658025	1.3659438
34.12731847253742	1.8746543	1.3691802
34.14565273667313	1.9992939	1.4139639
34.16398790176847	2.1580825	1.4690413
34.18232396842574	2.0656035	1.4372208
34.20066093724749	1.9803165	1.4072372
34.21899880883651	1.8885623	1.3742497
34.23733758379583	1.8734972	1.3687576
34.25567726272874	1.9902785	1.4107723
34.27401784623872	1.9943249	1.4122057
34.29235933492957	1.9656438	1.4020141
34.31070172940526	2.0017006	1.4148147
34.32904503027003	1.9693062	1.4033197
34.347389238128386	1.9290893	1.3889166
34.36573435358502	1.845607	1.3585312
34.38408037724492	1.9331026	1.3903606
34.402427309713296	1.8843539	1.3727177
34.42077515159559	1.8701689	1.3675412
34.43912390349752	1.84796	1.3593969
34.45747356602499	1.883093	1.3722583
34.47582413978423	1.973085	1.4046655
34.49417562538163	1.9259428	1.3877834
34.51252802342388	1.8783866	1.3705424
34.53088133451789	1.9172652	1.3846534
34.54923555927084	1.9762756	1.4058007
34.567590698290104	2.0673442	1.4378262
34.58594675218336	2.0699031	1.4387158
34.6043037215585	1.9697571	1.4034803
34.62266160702365	1.9708238	1.4038603
34.641020409187234	1.9531724	1.3975594
34.65938012865785	1.9759986	1.4057022
34.677740766044394	2.0932665	1.4468125
34.69610232195598	2.1515634	1.4668208
34.714464797002016	2.213467	1.4877725
34.73282819179208	2.0286567	1.4243093
34.751192506936064	1.9955103	1.4126253
34.76955774304408	1.9600602	1.4000216
34.7879239007265	2.011729	1.4183543
34.80629098059391	1.9500643	1.3964471
34.824658983257194	2.009638	1.4176171
34.843027909327446	2.1240518	1.4574127
34.86139775941603	2.0813608	1.4426922
34.879768534134534	1.9718555	1.4042277
34.89814023409483	1.9166492	1.384431
34.91651285990901	1.7729264	1.3315128
34.93488641218944	1.8411176	1.3568779
34.95326089154871	2.0271852	1.4237926
34.97163629859967	2.081421	1.442713
34.99001263395542	2.0685236	1.4382364
35.00838989822934	2.0308032	1.4250625
35.02676809203499	1.9366986	1.3916532
35.04514721598624	1.9471388	1.3953991
35.063527270697215	1.8953414	1.376714
35.081908256782256	1.9153447	1.3839598
35.10029017485597	1.8920323	1.3755116
35.11867302553321	1.9891553	1.4103742
35.137056809429104	2.133236	1.4605602
35.155441527159006	2.0915587	1.4462222
35.173827179338524	2.0504646	1.4319444
35.19221376658354	2.1374817	1.4620129
35.21060128951017	2.035688	1.4267753
35.2289897487348	1.7925091	1.3388462
35.24737914487405	1.8576111	1.3629421
35.26576947854479	1.9448819	1.3945903
35.28416075036418	2.0274553	1.4238874
35.30255296094958	1.9545139	1.3980393
35.32094611091867	1.7925248	1.338852
35.33934020088932	1.7636199	1.3280135
35.35773523147969	1.7235696	1.3128479
35.3761312033082	1.7621304	1.3274525
35.394528116993506	1.8039801	1.3431233
35.41292597315452	2.0287895	1.4243559
35.431324772410434	2.1733413	1.4742256
35.449724515380666	2.287005	1.5122846
35.46812520268491	2.3398035	1.5296416
35.486526834943106	2.352577	1.5338112
35.504929412775454	1.9936064	1.4119513
35.52333293680242	1.531067	1.237363
35.54173740764471	1.6509402	1.2848892
35.560142825923286	2.1849542	1.4781591
35.5785491922594	2.544695	1.59521
35.59695650727454	2.6868734	1.6391685
35.61536477159042	2.896048	1.7017779
